m,0.276364673,113.503,0.019
m,0.276364673,111.16,0.019
m,0.276226245,111.372,0.0191
m,0.276226245,111.298,0.0191
m,0.276222319,113.959,0.0192
m,0.276233564,113.341,0.0193
m,0.276099378,110.842,0.0193
m,0.276095522,113.148,0.0194
m,0.276110925,109.867,0.0194
m,0.276107106,112.756,0.0195
m,0.275957676,111.918,0.0195
m,0.2759694,113.29,0.0196
m,0.275965651,110.043,0.0197
m,0.27739992,111.428,0
m,0.27598129,111.106,0.0197
m,0.275965651,111.106,0.0197
m,0.275812496,111.326,0.0198
m,0.275828143,110.638,0.0198
m,0.277266818,111.573,0
m,0.275824465,109.295,0.0199
m,0.276304427,114.299,0.0199
m,0.276304427,118.602,0.0199
m,0.276308098,111.936,0.0198
m,0.276311806,111.402,0.0197
m,0.276178423,115.507,0.0197
m,0.275863572,116.211,0.0197
m,0.275218451,111.437,0.0197
m,0.273770406,106.976,0.0196
m,0.271819905,106.161,0.0196
m,0.266854063,109.059,0.0197
m,0.266857939,111.705,0.0196
m,0.260895478,111.312,0.0195
m,0.257652284,108.107,0.0196
m,0.25445214,118.809,0.0197
m,0.251294368,110.274,0.0197
m,0.244815406,110.493,0.0196
m,0.241653815,105.963,0.0196
m,0.238697618,102.147,0.0196
m,0.235948559,114.473,0.0196
m,0.233237318,105.65,0.0197
m,0.230715225,109.736,0.0197
m,0.225652693,108.021,0.0197
m,0.223439663,110.472,0.0196
m,0.221251498,102.077,0.0195
m,0.219001247,111.609,0.0194
m,0.216617516,109.768,0.0195
m,0.211679894,106.654,0.0195
m,0.211679894,111.162,0.0195
m,0.207356025,109.432,0.0195
m,0.205686369,107.8,0.0196
m,0.203842683,114.539,0.0196
m,0.202342908,115.126,0.0193
m,0.199360285,111.937,0.0192
m,0.198015917,112.114,0.0191
m,0.196671228,109.331,0.0191
m,0.195601481,113.353,0.0193
m,0.194480733,105.716,0.0194
m,0.193576432,104.268,0.0195
m,0.193069971,113.09,0.0194
m,0.192396257,97.245,0.0194
m,0.192401791,98.252,0.0193
m,0.19148497,92.93,0.0193
m,0.191213045,93.408,0.0193
m,0.19078825,92.996,0.0194
m,0.190569284,94.718,0.0194
m,0.190285631,92.871,0.0198
m,0.189763732,93.768,0.0199
m,0.189628889,93.075,0.0199
m,0.189454529,96.838,0.0199
m,0.189372331,98.702,0.02
m,0.189610965,115.143,0.0202
m,0.189708083,97.164,0.0203
m,0.190723724,93.152,0.0205
m,0.190713869,94.07,0.0207
m,0.193172733,96.85,0.0209
m,0.194791474,96.314,0.021
m,0.196691985,96.823,0.0211
m,0.198839509,96.491,0.0211
m,0.203097625,94.24,0.0211
m,0.20543048,93.317,0.0211
m,0.20799269,96.312,0.0209
m,0.210041317,96.665,0.0209
m,0.211875878,98.169,0.0211
m,0.214862712,96.674,0.0213
m,0.216140879,92.833,0.0216
m,0.222478056,93.581,0
m,0.222397387,93.436,0.0217
m,0.225389327,113.104,0.0215
m,0.225396954,100.522,0.0213
m,0.228015729,96.838,0.0213
m,0.229218171,102.877,0.0214
m,0.230489799,92.941,0.0215
m,0.232386493,95.386,0.0216
m,0.236951989,99.178,0.0218
m,0.239013055,106.409,0.0217
m,0.240163159,102.281,0.0217
m,0.240568066,103.902,0.0217
m,0.240967636,93.391,0.0217
m,0.241030066,93.082,0.0215
m,0.241318811,97.142,0.0215
m,0.242106516,97.762,0.0215
m,0.242099581,93.866,0.0217
m,0.242178867,95.957,0.022
m,0.242211726,97.466,0.0223
m,0.241986755,96.505,0.0223
m,0.242113723,100.425,0.0222
m,0.242339229,97.32,0.0221
m,0.24274084,96.999,0.0221
m,0.243277234,92.832,0.022
m,0.244040603,93.837,0.022
m,0.244725348,95.704,0.0221
m,0.245202282,95.704,0.0222
m,0.245331076,95.707,0.0222
m,0.245510161,94.57,0.0221
m,0.245513398,95.915,0.022
m,0.245689303,95.888,0.022
m,0.245868466,95.886,0.0219
m,0.245868466,95.912,0.0219
m,0.245915404,96.085,0.0219
m,0.245689303,95.89,0.022
m,0.24568607,95.888,0.0221
m,0.245679724,95.552,0.0223
m,0.245899452,95.895,0.0224
m,0.245896384,95.707,0.0225
m,0.24642109,94.378,0.0226
m,0.246594064,95.899,0.0227
m,0.246813944,95.552,0.0228
m,0.246986997,96.071,0.0229
m,0.246984145,96.634,0.023
m,0.247201413,95.713,0.0232
m,0.247198684,95.892,0.0233
m,0.24702005,95.714,0.0234
m,0.247240326,96.638,0.0235
m,0.247284762,96.634,0.0236
m,0.247505157,94.97,0.0237
m,0.247728171,95.147,0.0237
m,0.249679555,95.357,0
m,0.247998473,95.888,0.0237
m,0.248174251,96.64,0.0237
m,0.248221589,96.954,0.0237
m,0.24831649,96.443,0.0237
m,0.248313975,94.943,0.0238
m,0.248456967,97.425,0.0238
m,0.124704893,104.612,0.0165
m,0.129294654,110.308,0.0165
m,0.133822243,114.937,0.0162
m,0.16414189,112.628,0.0165
m,0.166574731,112.235,0.0167
m,0.173416725,114.16,0.017
m,0.178379992,103.655,0.0171
m,0.202861913,117.03,0.0177
m,0.204272029,115.266,0.018
m,0.206074491,105.862,0.0181
m,0.208550708,104.341,0.0181
m,0.211666445,106.383,0.0179
m,0.220498398,107.61,0.0184
m,0.222163289,104.721,0.0186
m,0.224179464,104.343,0.0186
m,0.226420823,105.152,0.0188
m,0.231752604,115.796,0.019
m,0.252066525,117.682,0.0189
m,0.253514444,112.056,0.0189
m,0.25350577,109.412,0.0191
m,0.256065704,116.058,0.019
m,0.257046766,108.881,0.0186
m,0.25719466,110.612,0.0185
m,0.257279912,113.605,0.0186
m,0.257577481,107.478,0.0185
m,0.257443479,122.931,0.0184
m,0.250359987,113.587,0.0178
m,0.250374779,115.252,0.0175
m,0.25033478,112.39,0.0173
m,0.250284891,115.133,0.0173
m,0.250289983,114.206,0.0172
m,0.248914616,109.137,0.017
m,0.248450471,108.713,0.0168
m,0.248069546,109.702,0.0168
m,0.247509746,113.124,0.0167
m,0.138379272,108.733,0.0161
m,0.149405549,121.145,0.0161
m,0.154533259,104.176,0.0162
m,0.158666617,104.133,0.0162
m,0.161720699,115.356,0.0162
m,0.184067988,105.616,0.0171
m,0.189424706,113.956,0.0171
m,0.194247204,116.36,0.0174
m,0.200601672,110.394,0.0174
m,0.200595417,109.266,0.0175
m,0.214423361,117.483,0.0181
m,0.217521417,112.059,0.0185
m,0.21825258,103.756,0.0184
m,0.21825258,109.92,0.0184
m,0.235020409,107.626,0.0189
m,0.238369919,111.19,0.0189
m,0.241686035,116.27,0.019
m,0.24503336,110.76,0.0189
m,0.248054028,126.889,0.0189
m,0.256805102,119.478,0.0188
m,0.257078348,111.898,0.0187
m,0.257226273,113.976,0.0186
m,0.257140881,110.43,0.0185
m,0.25719466,112.732,0.0185
m,0.256265743,113.724,0.0183
m,0.256270326,114.385,0.0182
m,0.252746881,113.979,0.0181
m,0.25121149,111.871,0.018
m,0.250245326,126.967,0.0171
m,0.250394868,108.49,0.017
m,0.250255712,111.711,0.0169
m,0.249534657,120.244,0.017
m,0.248914616,108.784,0.017
m,0.246860974,115.14,0.0166
m,0.246631631,106.876,0.0165
m,0.245987803,110.708,0.0164
m,0.245195977,105.908,0.0162
m,0.244161988,113.933,0.016
m,0.241990061,111.071,0.0158
m,0.240483765,133.164,0.0155
m,0.236954559,111.068,0.0154
m,0.23696074,108.915,0.0153
m,0.232615156,109.221,0.0153
m,0.222584798,112.074,0.0148
m,0.219464792,100.34,0.0148
m,0.219471739,114.455,0.0147
m,0.216959886,110.981,0.0146
m,0.215824001,108.771,0.0145
m,0.208689599,110.983,0.014
m,0.207975385,102.896,0.0139
m,0.207166165,112.418,0.0138
m,0.20599606,115.048,0.014
m,0.20419828,109.623,0.0147
m,0.204794871,112.567,0.0149
m,0.205077431,111.948,0.015
m,0.205571695,106.173,0.0148
m,0.206341583,115.128,0.0152
m,0.215237765,106.369,0.0158
m,0.216904764,105.889,0.0158
m,0.218653782,105.728,0.0158
m,0.220298962,103.972,0.0159
m,0.224503076,114.569,0.016
m,0.24059121,101.836,0.0157
m,0.245809679,100.459,0.0156
m,0.245821473,103.713,0.0154
m,0.251147734,102.347,0.0153
m,0.274951799,89.925,0.0148
m,0.277736497,101.682,0.0146
m,0.280386548,103.706,0.0146
m,0.283273353,98.914,0.0144
m,0.289204522,96.494,0.0143
m,0.305523848,97.191,0.0143
m,0.309087825,97.198,0.0143
m,0.316130778,94.723,0.0143
m,0.320027737,96.978,0.0144
m,0.324144572,91.339,0.0144
m,0.230371828,106.548,0.0151
m,0.228271765,105.049,0.0153
m,0.22629484,104.294,0.0151
m,0.224330193,111.658,0.0149
m,0.214579218,110.358,0.0145
m,0.213473082,114.314,0.0141
m,0.21144995,119.102,0.014
m,0.210517585,108.786,0.0141
m,0.209441665,124.949,0.0143
m,0.205827205,114.576,0.0141
m,0.205819506,117.938,0.0142
m,0.20519082,110.424,0.0142
m,0.204628148,106.863,0.014
m,0.204210193,112.521,0.0143
m,0.207197251,112.229,0.0157
m,0.209080911,117.71,0.0157
m,0.210231279,109.52,0.0158
m,0.21343531,107.016,0.0157
m,0.226996398,107.685,0.0161
m,0.229414134,112.998,0.016
m,0.232376163,113.061,0.016
m,0.235129971,105.306,0.016
m,0.238000832,106.429,0.0159
m,0.254269612,102.642,0.0152
m,0.257626874,97.732,0.0151
m,0.261236313,101.146,0.015
m,0.268444027,103.331,0.015
m,0.27185507,95.917,0.0149
m,0.292241103,100.023,0.0143
m,0.29224649,105.921,0.0142
m,0.29882575,94.561,0.0142
m,0.302157991,100.546,0.0142
m,0.328503334,95.276,0.0145
m,0.333044211,105.442,0.0145
m,0.337466194,94.534,0.0146
m,0.345929927,94.884,0.0147
m,0.349780945,102.343,0.0148
m,0.349780945,95.252,0.0148
m,0.35795244,97.975,0.0149
m,0.361869732,97.641,0.015
m,0.369819668,96.409,0.015
m,0.395992081,108.991,0.0146
m,0.404591095,99.738,0.0145
m,0.408605753,104.881,0.0144
m,0.412580859,96.225,0.0143
m,0.416741696,107.623,0.0142
m,0.443669213,104.307,0.0142
m,0.448769472,103.798,0.0143
m,0.453608094,97.325,0.0144
m,0.458568766,98.284,0.0144
m,0.463142258,100.597,0.0144
m,0.501001484,102.774,0.0139
m,0.505835382,103.406,0.0138
m,0.505835382,103.711,0.0138
m,0.514748227,102.021,0.0138
m,0.54606993,107.282,0.0142
m,0.550968728,109.319,0.0142
m,0.560477546,102.258,0.0141
m,0.56468162,115.927,0.014
m,0.568966487,103.368,0.014
m,0.597293347,101.619,0.0139
m,0.602412737,96.953,0.0139
m,0.607539062,103.471,0.0138
m,0.612666907,99.106,0.0138
m,0.622228066,111.21,0.0138
m,0.653742526,105.453,0.0132
m,0.658196823,99.111,0.0132
m,0.662736834,96.956,0.0132
m,0.667197126,96.962,0.0132
m,0.699007902,96.623,0.013
m,0.709352939,97.672,0.013
m,0.71449056,95.109,0.0129
m,0.71449056,97.833,0.0129
m,0.724815543,98.867,0.0129
m,0.369823734,91.339,0.0149
m,0.378301481,100.988,0.0149
m,0.382774302,96.425,0.0148
m,0.387138604,99.503,0.0148
m,0.391528592,94.912,0.0147
m,0.420804278,99.101,0.014
m,0.424927528,86.876,0.014
m,0.433782024,104.228,0.0141
m,0.433778373,102.616,0.0142
m,0.472192642,105.071,0.0144
m,0.476669734,96.414,0.0143
m,0.48135179,98.415,0.0143
m,0.486210959,101.78,0.0143
m,0.491394653,99.6,0.0139
m,0.51913657,100.596,0.0137
m,0.527617843,102.034,0.0138
m,0.527614787,108.396,0.0139
m,0.536370987,97.96,0.014
m,0.541180591,101.61,0.0141
m,0.573112232,102.557,0.0138
m,0.577573919,104.139,0.0139
m,0.586992943,102.487,0.0138
m,0.592178357,96.78,0.0139
m,0.622230673,100.7,0.0137
m,0.63125815,104.95,0.0136
m,0.635862732,100.18,0.0134
m,0.640387764,103.894,0.0133
m,0.644913914,99.5,0.0133
m,0.676126012,99.741,0.0132
m,0.680592027,96.635,0.0133
m,0.685063136,94.745,0.0133
m,0.689705467,94.927,0.0133
m,0.694269119,98.71,0.0132
m,0.730024426,105.106,0.0129
m,0.734846455,100.319,0.0129
m,0.73943085,100.326,0.013
m,0.748851822,95.883,0.0129
m,0.753122582,96.273,0.0128
m,0.757633207,97.984,0.0127
m,0.762473857,100.785,0.0125
m,0.767314511,102.679,0.0124
m,0.772247977,105.614,0.0122
m,0.808218485,96.456,0.0121
m,0.808220699,100.512,0.012
m,0.81590874,101.775,0.012
m,0.819873608,109.766,0.012
m,0.850230051,99.847,0.0117
m,0.859646446,99.952,0.0116
m,0.864339796,100.69,0.0115
m,0.86912577,94.058,0.0114
m,0.874300045,94.557,0.0112
m,0.916167106,98.359,0.0102
m,0.921203368,96.145,0.0101
m,0.926147584,102.581,0.01
m,0.935655041,98.627,0.0098
m,0.940456859,98.021,0.0097
m,0.975023605,96.883,0.0098
m,0.975021546,96.312,0.0099
m,0.985256561,98.757,0.0099
m,0.990256921,102.897,0.0099
m,1.017086953,99.177,0.0101
m,1.019567536,99.537,0.0101
m,1.022476462,83.817,0.0102
m,1.030348105,98.037,0.0103
m,1.034593576,95.539,0.0104
m,1.061039107,98.362,0.0106
m,1.065241469,97.721,0.0108
m,1.069113292,100.352,0.0108
m,1.072548612,98.764,0.0111
m,1.075179498,95.179,0.011
s,1.080628923,95.731,0.0112
s,1.080531977,95.739,0.0112
s,1.080291902,96.116,0.0113
s,1.080053557,95.565,0.0113
m,0.781821793,101.603,0.0121
m,0.786579451,102.031,0.0121
m,0.786579451,96.436,0.0121
m,0.795861749,99.001,0.0121
m,0.800058813,96.823,0.0121
m,0.824170224,99.378,0.0119
m,0.828704335,97.82,0.0119
m,0.837450098,101.079,0.0118
m,0.841568438,101.185,0.0118
m,0.8457785,103.393,0.0118
m,0.879381296,94.074,0.0111
m,0.884651586,97.987,0.0108
m,0.894895105,102.006,0.0106
m,0.910893578,108.82,0.0103
m,0.944876516,101.21,0.0096
m,0.949444219,95.009,0.0094
m,0.954246973,95.749,0.0094
m,0.959383037,96.521,0.0094
m,0.964465908,97.392,0.0096
m,0.995020239,98.894,0.0099
m,0.999689773,99.302,0.0099
m,1.008124237,95.182,0.01
m,1.011745755,97.717,0.0101
m,1.014606811,98.744,0.0101
m,1.034591695,98.027,0.0105
m,1.043466842,95.007,0.0106
m,1.052442034,85.314,0.0106
m,1.056788464,98.193,0.0106
m,1.07972348,95.193,0.011
m,1.081066441,95.559,0.0109
m,1.081400013,95.744,0.011
s,1.081202583,95.755,0.0112
s,1.080867275,95.744,0.0112
s,1.079954898,95.94,0.0114
s,1.079854565,95.567,0.0116
s,1.079757658,95.735,0.0116
s,1.079662459,95.744,0.0115
s,1.079422402,95.375,0.0116
s,1.079565575,95.733,0.0115
s,1.079565575,95.735,0.0115
s,1.079563875,95.558,0.0116
s,1.079563875,95.412,0.0116
s,1.079323823,95.412,0.0117
s,1.079128404,95.397,0.0118
s,1.078985239,95.287,0.0119
s,1.07888837,95.471,0.0119
s,1.078985239,95.677,0.0119
s,1.078985239,95.677,0.0119
s,1.079221923,95.862,0.012
s,1.079220268,96.068,0.0121
s,1.079218622,95.28,0.0122
s,1.079456981,95.469,0.0122
s,1.079886466,95.483,0.0119
s,1.079886466,95.487,0.0119
s,1.079983304,95.462,0.0119
s,1.079983304,94.911,0.0119
s,1.079983304,95.1,0.0119
s,1.080134086,95.098,0.0118
s,1.080232666,94.915,0.0117
s,1.080092917,95.471,0.0116
s,1.080092917,95.08,0.0116
s,1.080092917,95.476,0.0116
s,1.08010501,96.044,0.0109
s,1.080106774,95.684,0.0108
s,1.080106774,95.662,0.0108
s,1.080106774,96.6,0.0108
s,1.080305979,95.248,0.0105
s,1.080166384,96.555,0.0104
s,1.080166384,95.643,0.0104
s,1.080263347,95.451,0.0104
s,1.080263347,95.632,0.0104
s,1.080360309,96.188,0.0104
s,1.080358508,96.003,0.0105
s,1.080356716,95.424,0.0106
s,1.080356716,95.612,0.0106
s,1.080354934,96.014,0.0107
s,1.0794653,95.59,0.0117
s,1.079366758,95.23,0.0118
s,1.07922526,95.212,0.0118
s,1.079128404,95.212,0.0118
s,1.078985239,95.085,0.0119
s,1.078985239,95.091,0.0119
s,1.078983574,95.671,0.012
s,1.079221923,95.293,0.012
s,1.079221923,95.846,0.012
s,1.079600119,96.62,0.0121
s,1.079600119,95.661,0.0121
s,1.079600119,96.055,0.0121
s,1.079743277,95.285,0.012
s,1.079743277,96.039,0.012
s,1.079983304,95.296,0.0119
s,1.080080149,95.3,0.0119
s,1.080134086,95.485,0.0118
s,1.080134086,95.471,0.0118
s,1.080094617,95.855,0.0115
s,1.080098044,95.855,0.0113
s,1.080099772,95.483,0.0112
s,1.080101509,95.465,0.0111
s,1.080103255,95.861,0.011
s,1.080108548,95.873,0.0107
s,1.080110331,96.737,0.0106
s,1.080207253,96.197,0.0106
s,1.080207253,95.818,0.0106
s,1.080304187,95.632,0.0106
s,1.080263347,95.62,0.0104
s,1.080360309,95.818,0.0104
s,1.080360309,95.643,0.0104
s,1.080360309,96.003,0.0104
s,1.080354934,95.996,0.0107
s,1.08035316,96.377,0.0108
s,1.08035316,96.386,0.0108
s,1.080256197,95.63,0.0108
s,1.08035316,96.213,0.0108
s,1.080351396,96.188,0.0109
s,1.080349641,96.373,0.011
s,1.080349641,95.825,0.011
s,1.080444884,95.641,0.0111
s,1.080434606,95.638,0.0117
s,1.080432925,96.021,0.0118
s,1.080291575,96.218,0.0118
s,1.080291575,97.119,0.0118
s,1.080192901,95.636,0.0119
s,1.079850972,95.232,0.0123
s,1.079752371,95.23,0.0124
s,1.079750754,95.25,0.0125
s,1.079652183,95.634,0.0126
s,1.079650585,95.63,0.0127
s,1.078972128,95.634,0.0132
s,1.078970584,95.257,0.0133
s,1.078873655,95.638,0.0133
s,1.078873655,95.996,0.0133
s,1.0786783,95.232,0.0134
s,1.078679835,95.25,0.0133
s,1.078679835,95.442,0.0133
s,1.078441475,96.206,0.0133
s,1.078441475,95.45,0.0133
s,1.078298487,95.242,0.0134
s,1.078298487,95.448,0.0134
s,1.078298487,95.432,0.0134
s,1.078298487,95.436,0.0134
s,1.078298487,94.697,0.0134
s,1.078298487,95.824,0.0134
s,1.078298487,96.213,0.0134
s,1.078155514,95.824,0.0135
s,1.078155514,95.457,0.0135
s,1.078253975,94.503,0.0134
s,1.078349391,94.855,0.0135
s,1.078207985,95.253,0.0135
s,1.078206468,95.837,0.0136
s,1.078108004,95.441,0.0137
s,1.080443148,95.45,0.0112
s,1.080441421,96.391,0.0113
s,1.080439703,95.621,0.0114
s,1.080437995,95.233,0.0115
s,1.080436296,95.068,0.0116
s,1.080191239,95.996,0.012
s,1.080189585,95.041,0.0121
s,1.080048232,94.874,0.0121
s,1.079947958,95.253,0.0123
s,1.079410641,95.441,0.0128
s,1.079312109,95.834,0.0129
s,1.079310538,95.632,0.013
s,1.079308976,95.442,0.0131
s,1.079070622,95.612,0.0131
s,1.078775204,95.818,0.0134
s,1.078775204,95.441,0.0134
s,1.078775204,95.424,0.0134
s,1.078676774,95.823,0.0135
s,1.0786783,95.63,0.0134
s,1.078441475,96.195,0.0133
s,1.078536849,95.618,0.0134
s,1.07843994,95.443,0.0134
s,1.07843994,95.447,0.0134
s,1.078298487,94.861,0.0134
s,1.078203117,95.251,0.0133
s,1.078203117,95.057,0.0133
s,1.078344583,95.065,0.0133
s,1.078201581,94.305,0.0134
s,1.078155514,95.436,0.0135
s,1.078155514,95.82,0.0135
s,1.078252449,95.648,0.0135
s,1.078253975,95.627,0.0134
s,1.078253975,95.454,0.0134
s,1.078108004,94.881,0.0137
s,1.07796362,95.454,0.0139
s,1.077962139,95.63,0.014
s,1.077863707,95.436,0.0141
s,1.077862245,95.815,0.0142
s,1.077862245,94.673,0.0142
s,1.077860792,95.24,0.0143
s,1.077860792,95.842,0.0143
s,1.077860792,96.392,0.0143
s,1.078046716,95.33,0.0143
m,1.078046716,95.346,0.0143
m,1.077952728,95.337,0.0141
m,1.077952728,95.147,0.0141
m,1.078001751,95.644,0.0138
m,1.07800325,94.359,0.0137
m,1.078622976,94.178,0.0136
m,1.079434922,94.553,0.0136
m,1.080823524,103.412,0.0134
m,1.099229593,94.888,0.0133
m,1.099229593,99.016,0.0133
m,1.107167851,100.558,0.0133
m,1.111142832,98.477,0.0133
m,1.115400205,98.224,0.0133
m,1.144854985,98.468,0.0129
m,1.149116184,103.683,0.0129
m,1.157023247,98.755,0.0129
m,1.164933682,99.727,0.0128
m,1.194489915,97.107,0.0124
m,1.199194178,98.345,0.0123
m,1.203797,102.969,0.0124
m,1.212868036,98.334,0.0124
m,1.21713766,100.941,0.0123
m,1.241489638,101.596,0.012
m,1.248361442,98.764,0.0122
m,1.25168022,98.617,0.0122
m,1.254661249,94.895,0.0122
m,1.257782056,96.234,0.0121
m,1.280769849,94.122,0.0116
m,1.289520513,98.16,0.0115
m,1.294371856,95.438,0.0115
m,1.299222146,94.876,0.0116
s,1.077860792,96.013,0.0143
s,1.077905278,95.434,0.0143
s,1.077905278,95.441,0.0143
s,1.077905278,95.647,0.0143
s,1.077905278,95.439,0.0143
m,1.078095663,94.623,0.014
m,1.077998781,95.469,0.014
m,1.078000262,94.369,0.0139
m,1.078000262,95.084,0.0139
m,1.078000262,95.655,0.0139
m,1.083119581,98.875,0.0133
m,1.086369219,94.017,0.0132
m,1.08938065,98.213,0.0131
m,1.092583304,97.607,0.0132
m,1.119661008,103.242,0.0131
m,1.127996067,103.377,0.013
m,1.132117935,97.437,0.0128
m,1.13627833,96.029,0.0129
m,1.140636488,86.544,0.0129
m,1.168818993,96.592,0.0128
m,1.172707785,98.617,0.0126
m,1.176833897,99.591,0.0125
m,1.181297524,96.776,0.0124
m,1.189787735,95.668,0.0124
m,1.221268844,102.71,0.0122
m,1.225637224,100.076,0.0122
m,1.229671224,97.11,0.012
m,1.233564091,102.965,0.012
m,1.260763514,95.084,0.0121
m,1.264121368,103.221,0.0121
m,1.26815728,103.541,0.012
m,1.272396739,99.498,0.0117
m,1.28077128,95.666,0.0115
m,1.304276922,97.874,0.0115
m,1.314524114,96.187,0.0114
m,1.319919527,96.906,0.0113
m,1.325315664,96.178,0.0112
m,1.330712522,104.713,0.0111
m,1.336074366,97.857,0.011
m,1.341059778,98.431,0.0111
m,1.350900922,101.381,0.0111
m,1.355617779,103.687,0.0112
m,1.355619159,106.688,0.0111
m,1.387923741,104.663,0.011
m,1.39225375,99.691,0.0109
m,1.39658636,105.517,0.0108
m,1.401023231,105.98,0.0108
m,1.405495617,105.279,0.0107
m,1.436320824,104.793,0.011
m,1.440072041,105.495,0.0109
m,1.440070729,110.284,0.011
m,1.447104092,103.837,0.011
m,1.472414477,103.053,0.0116
m,1.475693805,111.827,0.0117
m,1.478845692,105.693,0.0118
m,1.485742597,106.497,0.0119
m,1.48922615,113.514,0.012
m,1.510990088,104.934,0.0119
m,1.514724994,104.864,0.0119
m,1.518119128,113.291,0.012
m,1.521647381,109.856,0.012
m,1.528607217,106.526,0.0121
m,1.554241011,105.754,0.0122
m,1.557688238,104.691,0.0122
m,1.561610679,101.867,0.0123
m,1.565493954,115.188,0.0124
m,1.58126343,105.796,0.0123
s,1.58115183,106.156,0.0123
s,1.58115183,106.278,0.0123
s,1.581150726,106.244,0.0124
s,1.581274594,106.302,0.0124
s,1.581047079,106.435,0.0128
s,1.581046007,106.616,0.0129
s,1.580933367,106.394,0.013
s,1.580820743,106.699,0.0131
s,1.580820743,106.304,0.0131
m,1.365264851,98.182,0.0111
m,1.36975087,99.915,0.0111
m,1.374442993,99.336,0.0111
m,1.37890096,106.161,0.011
m,1.413595763,117.915,0.0108
m,1.417596965,104.724,0.0109
m,1.421469231,116.979,0.0108
m,1.425238816,103.751,0.0108
m,1.429007989,106.164,0.011
m,1.450623712,108.847,0.0111
m,1.454146137,110.931,0.0112
m,1.457750943,103.192,0.0112
m,1.465180478,104.84,0.0114
m,1.468795625,106.579,0.0115
m,1.49271567,103.638,0.012
m,1.496209914,109.304,0.012
m,1.499946852,105.715,0.0119
m,1.507389457,101.387,0.0119
m,1.528607217,106.363,0.0121
m,1.535912717,104.364,0.0121
m,1.5396982,97.999,0.0122
m,1.54347085,99.203,0.0123
m,1.547249613,107.466,0.0123
m,1.57274183,113.868,0.0124
m,1.575978074,117.743,0.0124
m,1.578192025,105.058,0.0123
m,1.579726605,105.405,0.0123
m,1.580705495,105.471,0.0123
s,1.581161911,106.341,0.0125
s,1.58116082,106.311,0.0126
s,1.581159735,106.363,0.0127
s,1.581159735,106.462,0.0127
s,1.58081969,106.352,0.0132
s,1.580708129,106.315,0.0132
s,1.580708129,106.296,0.0132
s,1.580707081,106.121,0.0133
s,1.580707081,106.23,0.0133
s,1.580707081,106.473,0.0133
s,1.580707081,105.952,0.0133
s,1.580831005,105.932,0.0133
s,1.580831005,106.346,0.0133
s,1.580958101,106.077,0.013
s,1.580958101,105.756,0.013
s,1.580958101,105.963,0.013
s,1.580958101,105.813,0.013
s,1.580958101,105.854,0.013
s,1.580943598,106.123,0.0132
s,1.580930207,105.961,0.0133
s,1.580930207,106.337,0.0133
s,1.580929166,106.226,0.0134
s,1.580916853,107.141,0.0134
s,1.580563693,106.673,0.014
s,1.580563693,106.744,0.014
s,1.580562696,106.383,0.0141
s,1.580327232,106.162,0.0141
s,1.580212695,106.762,0.0144
s,1.580211723,106.856,0.0145
s,1.580211723,106.829,0.0145
s,1.580210758,106.969,0.0146
s,1.580223091,107.053,0.0146
s,1.5802326,106.743,0.0149
s,1.58023166,107.018,0.015
s,1.58023166,106.979,0.015
s,1.580230726,106.894,0.0151
s,1.580353737,106.415,0.0152
s,1.58024037,106.5,0.0154
s,1.58024037,107.173,0.0154
s,1.58024037,107.178,0.0154
s,1.580115511,106.67,0.0155
s,1.58021289,107.034,0.0157
s,1.58021289,106.74,0.0157
s,1.580324457,106.855,0.0157
s,1.580324457,106.97,0.0157
s,1.580436031,106.4,0.0157
s,1.580832052,106.114,0.0132
s,1.580833105,106.022,0.0131
s,1.580957042,106.133,0.0131
s,1.580958101,106.103,0.013
s,1.580846561,105.946,0.013
s,1.580958101,106.186,0.013
s,1.580945712,106.831,0.013
s,1.580944652,105.45,0.0131
s,1.580943598,106.844,0.0132
s,1.580915819,106.907,0.0135
s,1.580790917,106.656,0.0136
s,1.58067729,107.073,0.0138
s,1.580676281,106.558,0.0139
s,1.580675278,105.981,0.014
s,1.580326241,106.601,0.0142
s,1.580326241,106.27,0.0142
s,1.580214657,108.683,0.0142
s,1.580213673,105.669,0.0143
s,1.580213673,107.013,0.0143
s,1.580222132,106.507,0.0147
s,1.580221179,106.671,0.0148
s,1.580221179,106.599,0.0148
s,1.5802326,107.047,0.0149
s,1.580353737,106.132,0.0152
s,1.580352816,104.446,0.0153
s,1.580352816,107.176,0.0153
s,1.580241284,106.862,0.0153
s,1.58024037,107.183,0.0154
s,1.580115511,106.53,0.0155
s,1.580114609,106.783,0.0156
s,1.580114609,106.519,0.0156
s,1.580225257,106.691,0.0157
s,1.580225257,106.726,0.0157
s,1.580547609,106.722,0.0157
s,1.580422836,106.853,0.0158
s,1.580534435,106.53,0.0158
s,1.580646926,106.309,0.0157
s,1.580523073,106.55,0.0157
s,1.580523073,106.461,0.0157
s,1.580523073,106.387,0.0157
s,1.580635583,106.215,0.0156
s,1.580635583,106.468,0.0156
s,1.580411463,106.822,0.0157
s,1.580298972,106.942,0.0158
s,1.580187374,106.82,0.0158
s,1.580187374,106.579,0.0158
s,1.580196173,107.015,0.0162
s,1.580196173,107.147,0.0162
s,1.580195316,107.337,0.0163
s,1.580194464,106.841,0.0164
s,1.580194464,106.603,0.0164
s,1.58041595,106.928,0.0166
s,1.580527549,106.772,0.0166
s,1.580639151,107.017,0.0166
s,1.580515298,106.669,0.0166
s,1.580626913,107.118,0.0166
s,1.580480446,106.114,0.0164
s,1.580480446,106.394,0.0164
s,1.580480446,105.784,0.0164
s,1.580356669,104.807,0.0164
s,1.5808267,106.037,0.0165
s,1.5808267,106.559,0.0165
s,1.58071504,107.667,0.0165
s,1.580715884,105.36,0.0164
s,1.580839679,105.933,0.0164
s,1.580975674,107.045,0.0164
s,1.580975674,106.669,0.0164
s,1.581098666,106.603,0.0165
s,1.581098666,106.237,0.0165
s,1.581098666,106.239,0.0165
s,1.581368494,106.592,0.0168
s,1.581368494,106.392,0.0168
s,1.581368494,106.046,0.0168
s,1.581368494,106.674,0.0168
s,1.580635583,106.439,0.0156
s,1.580635583,105.926,0.0156
s,1.580523969,106.659,0.0156
s,1.580523969,106.542,0.0156
s,1.580523073,106.963,0.0157
s,1.580186491,106.59,0.0159
s,1.580074903,106.857,0.0159
s,1.580074026,106.724,0.016
s,1.580197908,106.696,0.016
s,1.580197037,106.905,0.0161
s,1.58030605,106.588,0.0164
s,1.58030605,107.799,0.0164
s,1.580417634,108.348,0.0164
s,1.580416789,105.946,0.0165
s,1.580627751,107.079,0.0165
s,1.580615553,106.362,0.0165
s,1.580615553,106.951,0.0165
s,1.580492589,106.835,0.0164
s,1.580604233,106.577,0.0164
s,1.58046834,105.709,0.0164
s,1.580592109,105.922,0.0164
s,1.580591264,106.553,0.0165
s,1.580591264,106.676,0.0165
s,1.58071504,106.371,0.0165
s,1.580839679,105.691,0.0164
s,1.580839679,106.73,0.0164
s,1.580963484,106.752,0.0164
s,1.580963484,106.619,0.0164
s,1.581221678,106.392,0.0166
s,1.581110074,106.119,0.0166
s,1.581233114,105.953,0.0167
s,1.581233114,105.883,0.0167
s,1.58135617,106.312,0.0168
s,1.581256113,106.267,0.0169
s,1.581256113,106.306,0.0169
s,1.581144554,106.129,0.0169
s,1.581145373,106.366,0.0168
s,1.581145373,106.293,0.0168
s,1.581145373,106.41,0.0168
s,1.580909888,106.352,0.0168
s,1.580910714,106.585,0.0167
s,1.580911546,106.367,0.0166
s,1.580911546,106.378,0.0166
s,1.580542368,106.471,0.0163
s,1.580418485,106.537,0.0163
s,1.580419343,106.302,0.0162
s,1.580419343,106.554,0.0162
s,1.580295478,106.234,0.0162
s,1.58030605,106.789,0.0164
m,1.58030605,106.778,0.0164
m,1.580416789,106.262,0.0165
m,1.580528388,107.527,0.0165
m,1.588636237,121.138,0.0165
m,1.590989159,106.191,0.0165
m,1.593681598,111.09,0.0165
m,1.599517575,103.969,0.0165
m,1.602550441,110.801,0.0165
m,1.617887971,103.943,0.0162
m,1.624005409,111.667,0.0162
m,1.62707834,102.834,0.016
m,1.630035709,102.873,0.016
m,1.632999508,104.372,0.016
m,1.655072595,109.988,0.0162
m,1.657859846,114.082,0.0161
m,1.660650847,123.391,0.0162
m,1.663447341,110.829,0.0163
m,1.688416,110.116,0.0161
m,1.691626536,105.807,0.0162
m,1.691626536,123.198,0.0162
m,1.697945167,110.885,0.0163
m,1.701289744,114.752,0.0163
m,1.721560431,104.36,0.0161
m,1.72485136,105.657,0.016
m,1.731301841,115.174,0.0161
m,1.734482166,108.691,0.016
m,1.737655881,112.161,0.0161
s,1.580676909,106.376,0.0165
s,1.580552994,106.205,0.0165
s,1.580553839,106.184,0.0164
s,1.580541517,106.474,0.0164
s,1.58018388,106.304,0.0162
s,1.58018388,106.182,0.0162
s,1.58018388,106.3,0.0162
s,1.580183022,106.525,0.0163
s,1.580182171,106.254,0.0164
m,1.580528388,116.2,0.0165
m,1.580751596,101.932,0.0165
m,1.582215131,110.229,0.0165
m,1.584138292,115.476,0.0165
m,1.586274418,109.124,0.0165
m,1.605702391,103.296,0.0164
m,1.608739106,106.274,0.0162
m,1.614835977,123.017,0.0161
m,1.617887971,112.349,0.0162
m,1.638593332,100.937,0.016
m,1.64122743,107.572,0.016
m,1.643866791,102.242,0.0161
m,1.646746797,102.821,0.0161
m,1.65229159,111.526,0.0162
m,1.669060621,111.155,0.0163
m,1.67211095,104.074,0.0163
m,1.675170188,126.959,0.0163
m,1.678588364,111.522,0.0162
m,1.681895868,111.243,0.0162
m,1.707772976,105.528,0.0163
m,1.707772976,123.308,0.0163
m,1.714770821,100.831,0.0162
m,1.718277122,105.883,0.0162
m,1.740714596,112.299,0.0161
m,1.74377747,117.083,0.0162
m,1.746967392,118.35,0.0162
m,1.750173774,107.606,0.0164
m,1.753495371,120.631,0.0165
m,1.756714242,128.451,0.0166
m,1.763523205,119.627,0.0166
m,1.766760594,109.324,0.0166
m,1.77000308,108.089,0.0167
m,1.793483674,108.264,0.0168
m,1.799905273,115.771,0.0169
m,1.803184617,103.226,0.017
m,1.806345249,111.445,0.017
m,1.809386044,107.63,0.017
m,1.831800557,107.617,0.0169
m,1.835276226,106.469,0.0169
m,1.838782713,105.824,0.0167
m,1.842395397,105.768,0.0167
m,1.849386744,113.411,0.0166
m,1.873332253,116.777,0.0165
m,1.881022458,105.583,0.0164
m,1.884953452,115.494,0.0164
m,1.888762943,123.103,0.0164
m,1.916132282,116.713,0.016
m,1.91985793,114.873,0.016
m,1.923589352,110.965,0.0159
m,1.931032678,107.766,0.0158
m,1.931034128,128.56,0.0156
m,1.95273177,120.155,0.0154
m,1.95933713,126.283,0.0155
m,1.96246865,113.414,0.0156
m,1.965604532,108.112,0.0156
m,1.968744035,116.276,0.0156
m,1.995248898,118.637,0.0156
m,1.998901376,116.221,0.0156
m,2.00268774,117.963,0.0157
m,2.006478599,112.542,0.0157
m,2.035460178,111.925,0.0154
m,2.042265897,118.567,0.0154
m,2.042265897,130.629,0.0154
m,2.046706295,137.458,0.0154
m,2.047542268,132.666,0.0154
m,1.773252121,109.399,0.0167
m,1.776646042,121.032,0.0167
m,1.783666534,109.552,0.0167
m,1.787062966,114.284,0.0167
m,1.790447274,108.349,0.0167
m,1.812430968,118.786,0.017
m,1.818679875,114.173,0.0169
m,1.825094144,121.129,0.0168
m,1.828432829,117.287,0.0169
m,1.852739242,109.128,0.0165
m,1.859383414,109.61,0.0163
m,1.862648901,112.818,0.0163
m,1.866044978,107.071,0.0164
m,1.869672711,117.533,0.0164
m,1.892833788,119.187,0.0163
m,1.896686423,113.429,0.0161
m,1.904730077,122.449,0.016
m,1.908568198,115.937,0.016
m,1.912283508,110.78,0.016
m,1.938177803,109.951,0.0155
m,1.941933729,120.719,0.0154
m,1.945658471,113.809,0.0154
m,1.949258674,116.548,0.0153
m,1.972239675,108.982,0.0156
m,1.975999361,110.852,0.0156
m,1.97967122,112.587,0.0156
m,1.983569473,118.878,0.0156
m,1.991116945,119.649,0.0156
m,2.01447291,133.827,0.0156
m,2.018626747,113.557,0.0156
m,2.022874313,114.001,0.0155
m,2.027124397,120.841,0.0155
m,2.031246751,117.312,0.0154
s,2.047762367,134.011,0.0154
s,2.047630353,133.738,0.0154
s,2.047542549,134.647,0.0154
s,2.047410552,133.963,0.0154
s,2.047366002,136.326,0.0155
s,2.047234013,136.162,0.0155
s,2.047321485,133.25,0.0156
s,2.047277687,133.119,0.0156
s,2.047233225,130.651,0.0157
s,2.047055716,131.342,0.0161
s,2.04709972,128.763,0.0162
s,2.047099065,130.118,0.0163
s,2.047186734,128.413,0.0164
s,2.047009334,133.013,0.0167
s,2.046789084,137.205,0.0167
s,2.046788452,133.038,0.0168
s,2.046656547,132.05,0.0168
s,2.046656547,129.592,0.0168
s,2.04660993,131.614,0.0171
s,2.0463897,136.69,0.0171
s,2.046389089,138.957,0.0172
s,2.046302014,134.494,0.017
s,2.046300785,134.192,0.0172
s,2.045905629,131.589,0.0171
s,2.045906246,131.451,0.017
s,2.045906246,134.033,0.017
s,2.045906246,131.544,0.017
s,2.045686015,134.021,0.017
s,2.045686015,138.063,0.017
s,2.045686637,150.617,0.0169
s,2.045686637,135.783,0.0169
s,2.045686637,134.425,0.0169
s,2.045729025,133.734,0.0171
s,2.045729642,137.463,0.017
s,2.045861572,133.419,0.017
s,2.045861572,130.503,0.017
s,2.045861572,130.007,0.017
s,2.045949247,132.835,0.0171
s,2.045949247,136.811,0.0171
s,2.045949247,129.923,0.0171
s,2.045860955,133.673,0.0171
s,2.047100583,129.65,0.0158
s,2.047056846,129.964,0.0158
s,2.047100717,128.034,0.0159
s,2.046968109,129.298,0.016
s,2.047056381,131.81,0.016
s,2.047186088,130.005,0.0165
s,2.047185447,131.293,0.0166
s,2.04727378,131.291,0.0166
s,2.047141239,130.61,0.0167
s,2.047009334,132.949,0.0167
s,2.046567582,134.872,0.0169
s,2.046566961,131.658,0.017
s,2.046610547,137.275,0.017
s,2.046610547,136.355,0.017
s,2.046300785,137.703,0.0172
s,2.046168859,135.027,0.0172
s,2.046036936,135.346,0.0172
s,2.046036936,133.667,0.0172
s,2.045905017,136.022,0.0172
s,2.045906246,136.724,0.017
s,2.045817937,139.641,0.017
s,2.045817937,136.31,0.017
s,2.045686015,137.412,0.017
s,2.045686015,145.382,0.017
s,2.045686015,134.991,0.017
s,2.045817937,132.541,0.017
s,2.045817937,132.878,0.017
s,2.045729642,130.359,0.017
s,2.045861572,130.97,0.017
s,2.045861572,128.341,0.017
s,2.045861572,131.3,0.017
s,2.045860955,130.929,0.0171
s,2.045949247,130.213,0.0171
s,2.045861572,139.528,0.017
s,2.045773297,132.154,0.017
s,2.045773297,140.224,0.017
s,2.045773297,138.841,0.017
s,2.045905237,139.482,0.017
s,2.045816981,144.384,0.017
s,2.045816981,141.493,0.017
s,2.045816981,135.971,0.017
s,2.045728737,136.921,0.017
s,2.045728737,144.462,0.017
s,2.045510432,132.842,0.0167
s,2.045510432,139.465,0.0167
s,2.045510432,137.719,0.0167
s,2.045422209,138.564,0.0167
s,2.045422846,136.865,0.0166
s,2.045554809,137.503,0.0166
s,2.045554809,139.207,0.0166
s,2.045686773,141.523,0.0166
s,2.045555451,137.443,0.0165
s,2.045775625,138.102,0.0165
s,2.045775625,135.708,0.0165
s,2.045775625,146.322,0.0165
s,2.045775625,137.43,0.0165
s,2.045774983,135.62,0.0166
s,2.045774983,143.238,0.0166
s,2.045774983,133.421,0.0166
s,2.045863208,137.181,0.0166
s,2.045863849,138.731,0.0165
s,2.045863849,134.83,0.0165
s,2.045733193,128.438,0.0163
s,2.045513007,130.642,0.0163
s,2.045513007,129.225,0.0163
s,2.045513007,128.016,0.0163
s,2.04525042,132.941,0.0161
s,2.045118472,134.825,0.0161
s,2.045119139,136.183,0.016
s,2.045119139,134.09,0.016
s,2.04511981,132.417,0.0159
m,2.045162853,113.139,0.016
m,2.04529481,119.221,0.016
m,2.045601827,117.211,0.0161
m,2.047845039,114.29,0.0162
m,2.050397831,134.432,0.0162
s,2.045729359,144.591,0.0169
s,2.045597407,136.974,0.0169
s,2.045598034,138.97,0.0168
s,2.045598666,136.075,0.0167
s,2.045422846,137.648,0.0166
s,2.045554809,142.252,0.0166
s,2.045554809,141.584,0.0166
s,2.045554809,135.47,0.0166
s,2.045554809,140.301,0.0166
s,2.045643665,136.376,0.0165
s,2.045643665,137.201,0.0165
s,2.045643665,136.863,0.0165
s,2.045643665,136.557,0.0165
s,2.045643665,138.243,0.0165
s,2.045774983,148.569,0.0166
s,2.045774983,144.779,0.0166
s,2.045774983,134.996,0.0166
s,2.045774983,139.306,0.0166
s,2.045864496,138.528,0.0164
s,2.045732542,138.734,0.0164
s,2.045732542,138.383,0.0164
s,2.045733193,131.68,0.0163
s,2.045733193,130.916,0.0163
s,2.045513007,132.629,0.0163
s,2.045513664,137.85,0.0162
s,2.045381709,132.363,0.0162
s,2.045381709,134.948,0.0162
s,2.045338667,135.436,0.0161
m,2.04511981,145.285,0.0159
m,2.045119139,140.885,0.016
m,2.045119139,126.423,0.016
m,2.045030899,124.737,0.016
m,2.053435418,118.176,0.0163
m,2.056651642,128.285,0.0163
m,2.060221098,120.415,0.0164
m,2.063967131,116.574,0.0165
m,2.070979701,113.937,0.0165
m,2.074377988,116.588,0.0165
m,2.074377988,119.902,0.0165
m,2.081616359,114.552,0.0166
m,2.085237488,114.142,0.0166
m,2.111365959,108.616,0.0166
m,2.115129326,107.512,0.0165
m,2.122562964,109.423,0.0165
m,2.126632739,104.663,0.0165
m,2.131055017,105.947,0.0165
m,2.154026379,109.278,0.0165
m,2.162966296,107.705,0.0164
m,2.167345612,107.701,0.0164
m,2.171944646,112.117,0.0162
m,2.176325449,111.69,0.0161
m,2.211838668,130.967,0.0157
m,2.216306121,119.626,0.0157
m,2.220773875,121.364,0.0157
m,2.225375788,122.118,0.0157
m,2.257347643,113.538,0.0153
m,2.261818406,114.638,0.0152
m,2.266372056,124.184,0.0152
m,2.276099439,118.155,0.0152
m,2.281138475,113.843,0.0153
m,2.306575441,110.362,0.0155
m,2.316926699,124.878,0.0154
m,2.316926699,114.907,0.0154
m,2.327599207,114.419,0.0153
m,2.332775415,116.125,0.0153
m,2.367526286,116.844,0.0156
m,2.372218622,112.623,0.0156
m,2.376560004,132.436,0.0156
m,2.380820158,120.103,0.0155
m,2.412672787,118.701,0.0158
m,2.417987022,114.359,0.0159
m,2.429237862,116.61,0.0159
m,2.434822951,109.823,0.0159
m,2.440273547,107.982,0.0159
m,2.08885969,120.26,0.0166
m,2.09239653,112.385,0.0166
m,2.099912175,110.56,0.0166
m,2.103624922,125.125,0.0166
m,2.107384839,108.911,0.0167
m,2.13552605,107.204,0.0165
m,2.140216507,107.798,0.0165
m,2.14490786,105.298,0.0165
m,2.154026379,108.357,0.0165
m,2.185037786,121.801,0.0161
m,2.189371003,118.749,0.0159
m,2.193619701,113.229,0.0158
m,2.198170049,119.387,0.0158
m,2.202770288,117.309,0.0158
m,2.230196228,121.662,0.0156
m,2.234749112,124.877,0.0155
m,2.243771287,120.51,0.0154
m,2.243771287,121.422,0.0154
m,2.252877796,119.946,0.0153
m,2.286229438,143.071,0.0153
m,2.291269554,112.082,0.0153
m,2.296309246,129.637,0.0154
m,2.301483338,123.645,0.0155
m,2.337951847,115.364,0.0153
m,2.342776666,130.482,0.0154
m,2.347601732,125.097,0.0155
m,2.35760495,112.729,0.0155
m,2.362699658,127.414,0.0156
m,2.389234848,112.896,0.0155
m,2.389234848,115.088,0.0155
m,2.398054089,122.068,0.0155
m,2.40288245,119.538,0.0155
m,2.407710447,114.199,0.0156
m,2.445589584,107.538,0.0159
m,2.450771004,105.433,0.0159
m,2.456222332,106.703,0.0159
m,2.46685597,103.598,0.0159
m,2.46685597,102.834,0.0159
m,2.477491033,101.056,0.0158
m,2.482673651,104.887,0.0158
m,2.487991423,102.92,0.0158
m,2.493309411,103.858,0.0158
m,2.526467539,99.61,0.0156
m,2.527575167,100.002,0.0155
s,2.527360056,100.077,0.0154
s,2.527360056,99.685,0.0154
s,2.526818911,100.072,0.0155
s,2.526683218,99.984,0.0156
s,2.526548077,99.901,0.0156
s,2.526548077,99.903,0.0156
s,2.526412939,100.017,0.0156
s,2.526007529,99.922,0.0156
s,2.52579129,99.917,0.0157
s,2.52579129,99.94,0.0157
s,2.52579129,99.922,0.0157
s,2.525656154,99.92,0.0157
s,2.525386439,99.94,0.0156
s,2.525386439,99.929,0.0156
s,2.525386991,99.939,0.0155
s,2.525386991,99.939,0.0155
s,2.525333553,99.843,0.0153
s,2.525333553,99.843,0.0153
s,2.525414706,99.745,0.0152
s,2.525414706,99.911,0.0152
s,2.525415274,99.628,0.0151
s,2.525362487,100.023,0.0148
s,2.525497599,100.014,0.0148
s,2.525497599,100.032,0.0148
s,2.525578791,100.021,0.0147
s,2.525578791,100.012,0.0147
s,2.526039249,99.648,0.0146
s,2.526039249,99.743,0.0146
s,2.526039249,100.028,0.0146
s,2.526173784,100.106,0.0147
m,2.504270361,102.536,0.0158
m,2.509859769,100.973,0.0157
m,2.515259417,100,0.0157
m,2.520227703,99.465,0.0157
m,2.524063146,99.881,0.0157
s,2.527224904,99.988,0.0154
s,2.52708976,99.903,0.0154
s,2.527089204,99.984,0.0155
s,2.526954056,99.888,0.0155
s,2.526818911,100,0.0155
s,2.526277801,99.931,0.0156
s,2.526142667,99.935,0.0156
s,2.526142667,99.922,0.0156
s,2.526007529,99.835,0.0156
s,2.525656154,99.937,0.0157
s,2.525656703,99.942,0.0156
s,2.525521571,99.924,0.0156
s,2.525521571,99.917,0.0156
s,2.525521571,99.935,0.0156
s,2.525386991,99.92,0.0155
s,2.525386991,99.917,0.0155
s,2.525251859,99.913,0.0155
s,2.525252415,99.843,0.0154
s,2.525332992,99.915,0.0154
s,2.525495871,99.917,0.0151
s,2.525496443,100.133,0.015
s,2.525361907,100.035,0.0149
s,2.525361907,99.841,0.0149
s,2.525714492,100.012,0.0146
s,2.52563389,100.021,0.0146
s,2.525769009,100.015,0.0146
s,2.525904127,100.03,0.0146
s,2.525904127,100.13,0.0146
s,2.526173784,100.023,0.0147
s,2.526173784,99.826,0.0147
s,2.526173784,99.729,0.0147
s,2.526174371,100.01,0.0146
s,2.526174371,100.014,0.0146
s,2.526254958,99.736,0.0146
s,2.526119841,99.745,0.0146
s,2.526254958,100.165,0.0146
s,2.526254958,100.196,0.0146
s,2.52625555,99.801,0.0145
s,2.52625555,99.796,0.0145
s,2.52625555,100.169,0.0145
s,2.526256146,100.165,0.0144
s,2.526256146,99.99,0.0144
s,2.526256745,100.165,0.0143
s,2.525961669,100.176,0.0141
s,2.525961669,100.082,0.0141
s,2.52596228,99.998,0.014
s,2.525962896,99.887,0.0139
s,2.525802385,99.898,0.0138
s,2.525802385,99.979,0.0138
s,2.525802385,99.994,0.0138
s,2.525803008,99.979,0.0137
s,2.525803008,99.902,0.0137
s,2.525534001,99.898,0.0135
s,2.525534637,99.887,0.0134
s,2.525534637,99.99,0.0134
s,2.525400145,99.898,0.0133
s,2.525400145,99.898,0.0133
s,2.524915482,99.906,0.0131
s,2.524781005,99.911,0.013
s,2.524781005,99.906,0.013
s,2.524781661,99.907,0.0129
s,2.524513401,99.82,0.0126
s,2.524514072,99.643,0.0125
s,2.524649873,99.829,0.0124
s,2.524650552,99.907,0.0123
s,2.524596009,99.825,0.0123
s,2.524596693,99.832,0.0122
s,2.524677291,99.825,0.0122
s,2.524677291,99.823,0.0122
s,2.524677291,99.909,0.0122
s,2.524677978,99.838,0.0121
s,2.52625555,99.787,0.0145
s,2.52625555,100.273,0.0145
s,2.52625555,100.069,0.0145
s,2.52625555,100.089,0.0145
s,2.526256745,99.998,0.0143
s,2.526041037,99.988,0.0143
s,2.52604164,99.983,0.0142
s,2.52604164,100.078,0.0142
s,2.526042248,100.087,0.0141
s,2.525963515,99.893,0.0138
s,2.526098641,100.078,0.0138
s,2.526098641,100.001,0.0138
s,2.526018075,99.998,0.0138
s,2.525937519,99.972,0.0138
s,2.525803636,99.972,0.0136
s,2.525668501,99.978,0.0136
s,2.525669132,99.976,0.0135
s,2.525669132,99.978,0.0135
s,2.525400145,99.972,0.0133
s,2.525185099,99.998,0.0132
s,2.525185099,99.988,0.0132
s,2.525049967,99.981,0.0132
s,2.524915482,99.92,0.0131
s,2.524565965,99.816,0.0129
s,2.524566625,99.834,0.0128
s,2.524567288,99.836,0.0127
s,2.524567288,99.918,0.0127
s,2.524513401,99.831,0.0126
s,2.524596693,99.823,0.0122
s,2.524596693,99.834,0.0122
s,2.524596693,99.832,0.0122
s,2.524596693,99.825,0.0122
s,2.524758588,99.915,0.0121
s,2.524759279,99.911,0.012
s,2.524759279,99.906,0.012
s,2.524759279,99.913,0.012
s,2.524894387,99.906,0.012
s,2.524894387,99.92,0.012
s,2.524894387,99.918,0.012
s,2.524895082,99.917,0.0119
s,2.524895082,99.913,0.0119
s,2.524950296,99.838,0.0118
s,2.525004131,99.827,0.0119
s,2.525004131,99.927,0.0119
s,2.525138564,99.832,0.012
s,2.525138564,99.827,0.012
s,2.525382162,99.829,0.0121
s,2.525382162,99.74,0.0121
s,2.525381475,100.027,0.0122
s,2.525381475,99.818,0.0122
s,2.525381475,99.636,0.0122
m,2.526622314,101.578,0.0124
m,2.528431015,100.414,0.0124
m,2.530510014,100.003,0.0124
m,2.532589024,100.202,0.0124
m,2.55324198,103.138,0.0128
m,2.556834589,104.546,0.0127
m,2.560642852,104.502,0.0126
m,2.564585744,106.624,0.0126
m,2.572471777,108.733,0.0126
m,2.593725802,123.04,0.0127
m,2.602801027,117.483,0.0126
m,2.607445453,115.148,0.0127
m,2.612146592,115.701,0.0126
m,2.616711858,108.392,0.0126
m,2.648074223,115.98,0.0126
m,2.6524251,110.581,0.0126
m,2.660935944,118.309,0.0126
m,2.665151697,122.324,0.0126
m,2.694031931,125.61,0.0129
m,2.694032547,114.091,0.0128
m,2.702894917,109.706,0.0129
m,2.707190922,110.253,0.0129
m,2.711486987,112.813,0.0129
s,2.524895082,99.927,0.0119
s,2.52481448,99.818,0.0119
s,2.52481518,99.913,0.0118
s,2.524950296,99.913,0.0118
s,2.524950296,99.834,0.0118
s,2.525273688,99.911,0.012
s,2.525328262,99.831,0.012
s,2.525328262,99.821,0.012
s,2.525463397,99.823,0.012
m,2.525380791,99.711,0.0123
m,2.525380791,99.735,0.0123
m,2.525245652,100.679,0.0123
m,2.525245652,100.411,0.0123
m,2.525380791,101.511,0.0123
m,2.534883026,99.062,0.0125
m,2.537447356,99.814,0.0126
m,2.543413513,98.806,0.0127
m,2.546384105,100.124,0.0127
m,2.546383447,102.752,0.0128
m,2.576495126,111.025,0.0126
m,2.580708217,116.933,0.0127
m,2.585002241,125.277,0.0127
m,2.589216862,118.24,0.0126
m,2.621221766,111.672,0.0126
m,2.630432612,113.423,0.0126
m,2.630432612,117.408,0.0126
m,2.639348751,111.3,0.0126
m,2.643643731,111.511,0.0126
m,2.669232058,110.717,0.0126
m,2.673391423,114.708,0.0127
m,2.677471942,117.976,0.0127
m,2.681631418,112.936,0.0128
m,2.685712097,113.328,0.0128
m,2.715783106,111.367,0.0129
m,2.724160634,113.465,0.0129
m,2.728592596,116.221,0.0129
m,2.733238875,112.185,0.013
m,2.737670968,113.93,0.013
m,2.742023421,110.607,0.0131
m,2.746319403,115.769,0.0132
m,2.754562241,118.94,0.0132
m,2.758722676,116.669,0.0133
m,2.790258859,123.444,0.0135
m,2.79477067,126.138,0.0135
m,2.799475301,125.44,0.0135
m,2.804123008,120,0.0135
m,2.838557128,122.9,0.0141
m,2.843126706,110.934,0.0141
m,2.847695832,110.484,0.0142
m,2.852617008,119.412,0.014
m,2.862380069,113.152,0.0138
m,2.890717973,113.833,0.0135
m,2.895910799,111.801,0.0135
m,2.900967705,114.187,0.0135
m,2.905946524,115.4,0.0135
m,2.9110031,112.98,0.0136
m,2.944730215,122.059,0.014
m,2.949165042,122.744,0.0141
m,2.953598916,114.024,0.0144
m,2.962955764,120.36,0.0145
m,2.995795327,110.494,0.0147
m,3.000640637,117.26,0.0146
m,3.005563158,112.885,0.0146
m,3.010271421,111.896,0.0147
m,3.018638428,117.303,0.0148
m,3.027882374,115.705,0.015
s,3.027668641,115.798,0.015
s,3.0275323,115.164,0.015
s,3.027396434,115.255,0.0149
s,3.027396434,115.74,0.0149
s,3.02683359,115.547,0.0147
s,3.026969934,115.19,0.0147
s,3.026970417,115.692,0.0146
s,3.026970417,115.821,0.0146
m,2.758722676,115.46,0.0133
m,2.767587802,110.952,0.0133
m,2.772020474,120.059,0.0133
m,2.776667324,125.423,0.0134
m,2.781178452,117.912,0.0135
m,2.809041284,117.587,0.0137
m,2.818958471,117.084,0.0138
m,2.824092067,113.184,0.0139
m,2.829068399,112.222,0.014
m,2.829067858,110.45,0.0141
m,2.866814676,116.457,0.0137
m,2.871385318,114.13,0.0136
m,2.876033313,113.113,0.0137
m,2.885524718,110.279,0.0136
m,2.916059772,121.826,0.0137
m,2.920844912,118.134,0.0137
m,2.925766194,116.586,0.0137
m,2.935316299,121.554,0.0138
m,2.94015933,120.989,0.0139
m,2.967741032,115.923,0.0146
m,2.972312867,112.779,0.0146
m,2.976748579,112.545,0.0146
m,2.985892119,113.017,0.0147
m,2.99087295,113.185,0.0147
m,3.01863795,111.328,0.0149
m,3.024496458,112.276,0.0149
m,3.026364202,115.127,0.015
m,3.027609696,115.117,0.015
s,3.027260094,115.507,0.0149
s,3.027182701,115.171,0.0149
s,3.027046361,115.639,0.0149
s,3.026969454,115.439,0.0148
s,3.02683311,115.836,0.0148
s,3.026970904,115.483,0.0145
s,3.026970904,115.061,0.0145
s,3.026893524,115.634,0.0145
s,3.026893524,115.828,0.0145
s,3.026893524,115.108,0.0145
s,3.026970904,115.789,0.0145
s,3.026970904,115.736,0.0145
s,3.026971394,116.118,0.0144
s,3.027107738,115.628,0.0144
s,3.026971394,115.804,0.0144
s,3.02683456,115.668,0.0145
s,3.02683456,115.14,0.0145
s,3.02691195,115.31,0.0145
s,3.02691195,115.197,0.0145
s,3.026775125,115.692,0.0146
s,3.026775612,115.802,0.0145
s,3.026698218,114.614,0.0145
s,3.026697732,115.088,0.0146
s,3.026561877,115.5,0.0145
s,3.026639764,114.889,0.0144
s,3.026640257,114.774,0.0143
s,3.026640754,115.129,0.0142
s,3.02671816,114.638,0.0142
s,3.02671866,115.306,0.0141
s,3.027010838,115.222,0.0139
s,3.027010838,115.48,0.0139
s,3.027010838,115.526,0.0139
s,3.026951945,116.162,0.0139
s,3.026951945,115.692,0.0139
s,3.027029897,116.134,0.0138
s,3.027166218,115.38,0.0138
s,3.027166218,116.43,0.0138
s,3.027166218,115.586,0.0138
s,3.027419316,115.678,0.014
s,3.027555648,115.71,0.014
s,3.027555648,115.733,0.014
s,3.027555648,115.551,0.014
s,3.027614075,115.433,0.0141
s,3.027885756,115.376,0.0143
s,3.027808366,115.351,0.0143
s,3.027808366,115.204,0.0143
s,3.027672024,115.804,0.0143
s,3.027672024,116.212,0.0143
s,3.026971394,115.42,0.0144
s,3.026971394,115.249,0.0144
s,3.026971394,115.171,0.0144
s,3.026971394,115.312,0.0144
s,3.026775125,115.575,0.0146
s,3.026775612,117.038,0.0145
s,3.026775125,113.861,0.0146
s,3.026775612,116.245,0.0145
s,3.026775612,115.518,0.0145
s,3.026775612,116.805,0.0145
s,3.026639274,115.933,0.0145
s,3.026639274,115.744,0.0145
s,3.026639764,114.935,0.0144
s,3.026639764,116.987,0.0144
s,3.026796077,113.965,0.0141
s,3.026796077,117.162,0.0141
s,3.02679658,116.708,0.014
s,3.02679658,116.096,0.014
s,3.026951945,116.03,0.0139
s,3.027029387,116.076,0.0139
s,3.027029897,116.769,0.0138
s,3.027029897,115.279,0.0138
s,3.027029897,115.898,0.0138
s,3.027225101,115.812,0.0138
s,3.027224592,115.571,0.0139
s,3.027360917,115.883,0.0139
s,3.02736041,115.553,0.014
s,3.027419822,115.653,0.0139
s,3.027614075,115.683,0.0141
s,3.027614075,115.527,0.0141
s,3.027749914,115.522,0.0142
s,3.027886253,115.512,0.0142
s,3.027671531,115.735,0.0144
s,3.027457804,115.045,0.0144
s,3.027457314,115.659,0.0145
s,3.027320971,115.27,0.0145
s,3.027320485,115.144,0.0146
s,3.027320485,120.801,0.0146
s,3.027320001,116.061,0.0147
s,3.027242622,115.738,0.0147
s,3.027106278,115.562,0.0147
s,3.026695818,115.591,0.015
s,3.026773211,115.611,0.015
s,3.026636873,115.354,0.015
s,3.026500538,114.645,0.015
s,3.026364202,113.495,0.015
s,3.026091069,115.331,0.0151
s,3.026091069,115.284,0.0151
s,3.026032162,115.724,0.0151
s,3.026031695,114.466,0.0152
s,3.026031695,115.193,0.0152
s,3.025972343,114.71,0.0153
s,3.025971883,113.581,0.0154
s,3.025971883,114.362,0.0154
s,3.025971426,115.497,0.0155
s,3.026243169,114.73,0.0157
s,3.026379045,115.727,0.0158
s,3.026379045,115.175,0.0158
s,3.026378601,115.652,0.0159
s,3.026514049,115.118,0.0161
s,3.026649944,115.972,0.0162
s,3.026649944,114.178,0.0162
s,3.026649514,114.608,0.0163
s,3.026513185,115.067,0.0163
s,3.026512758,114.797,0.0164
s,3.026453442,115.558,0.0165
s,3.026453442,114.89,0.0165
s,3.026317546,115.264,0.0164
s,3.026317546,114.858,0.0164
s,3.02653217,115.118,0.0162
s,3.026609624,115.062,0.0162
s,3.026609624,115.076,0.0162
s,3.026746373,115.226,0.0161
s,3.026746373,115.24,0.0161
s,3.026969934,115.402,0.0147
s,3.026969934,118.158,0.0147
s,3.026969454,114.756,0.0148
s,3.02683311,113.398,0.0148
s,3.026832633,116.755,0.0149
s,3.026364202,115.777,0.015
s,3.026227869,115.65,0.015
s,3.026227399,115.45,0.0151
s,3.026091069,116.751,0.0151
s,3.025895369,115.505,0.0152
s,3.025972807,116.677,0.0152
s,3.025972807,116.061,0.0152
s,3.025972807,115.59,0.0152
s,3.025972343,114.362,0.0153
s,3.025971426,114.298,0.0155
s,3.026107749,114.03,0.0155
s,3.026107749,115.729,0.0155
s,3.026107296,115.065,0.0156
s,3.026243169,114.284,0.0157
s,3.026514049,114.176,0.0161
s,3.026650378,115.005,0.0161
s,3.026649944,114.417,0.0162
s,3.026649944,114.82,0.0162
s,3.026512758,114.813,0.0164
s,3.026590189,114.626,0.0164
s,3.026589765,114.956,0.0165
s,3.026589765,114.901,0.0165
s,3.026453442,115.255,0.0165
s,3.026317546,115.173,0.0164
s,3.026317546,115.162,0.0164
s,3.026317973,115.144,0.0163
s,3.026531739,115.012,0.0163
s,3.02653217,115.083,0.0162
s,3.026746373,115.14,0.0161
s,3.026746373,115.222,0.0161
m,3.026746373,114.539,0.0161
m,3.02674681,115.276,0.016
m,3.026747251,116.046,0.0159
m,3.026747695,116.609,0.0158
m,3.02702033,115.41,0.0158
m,3.028342785,112.462,0.0159
m,3.030561053,110.756,0.0159
m,3.052239372,116.166,0.016
m,3.060336337,116.871,0.0159
m,3.064209726,112.155,0.0159
m,3.068296817,117.021,0.0159
m,3.098230286,116.004,0.0161
m,3.102667437,117.902,0.0162
m,3.107301088,117.829,0.0162
m,3.116646156,122.402,0.0161
m,3.116645736,112.325,0.0162
m,3.149760232,115.019,0.0163
m,3.154744576,133.874,0.0164
m,3.159592834,113.805,0.0164
m,3.164577835,116.665,0.0164
m,3.169289669,120.871,0.0164
m,3.204023428,134.553,0.0165
m,3.213950496,132.599,0.0166
m,3.213950496,124.08,0.0166
m,3.223512402,121.124,0.0166
m,3.254920489,121.524,0.0143
m,3.259890842,122.076,0.0143
m,3.264920295,123.702,0.0147
m,3.270025568,129.075,0.0153
m,3.279769418,122.771,0.0157
m,3.303775705,139.534,0.0166
m,3.308413489,119.819,0.0167
m,3.318039849,123.554,0.0167
m,3.323301927,126.538,0.0167
m,3.32868638,128.583,0.0168
m,3.365341923,126.21,0.0169
m,3.370543721,125.985,0.0169
m,3.375807276,139.114,0.0169
m,3.385711132,123.57,0.0169
m,3.033538402,113.521,0.0159
m,3.036729091,112.865,0.016
m,3.040115981,115.65,0.0159
m,3.043852148,116.768,0.016
m,3.052239372,120.868,0.016
m,3.072383975,115.344,0.0159
m,3.080908482,112.576,0.0159
m,3.085131845,119.001,0.016
m,3.089355723,115.674,0.016
m,3.093793192,119.409,0.016
m,3.126068104,123.844,0.0161
m,3.130779206,113.409,0.0161
m,3.135626127,111.228,0.0163
m,3.140337409,120.182,0.0163
m,3.178970588,118.967,0.0164
m,3.184093211,110.475,0.0163
m,3.189231331,117.408,0.0164
m,3.19423318,140.254,0.0164
m,3.199097945,121.395,0.0165
m,3.22795161,123.671,0.0166
m,3.232559636,119.993,0.0165
m,3.237034642,117.838,0.0155
m,3.245280979,118.64,0.0146
m,3.25007119,120.83,0.0143
m,3.284405622,133.76,0.016
m,3.284404827,134.89,0.0162
m,3.294014368,128.341,0.0163
m,3.298925657,129.243,0.0164
m,3.334085867,119.804,0.0168
m,3.339287134,129.826,0.0168
m,3.344412903,130.056,0.0168
m,3.354664841,129.408,0.0168
m,3.360003155,124.302,0.0169
m,3.385710773,122.601,0.017
m,3.395052966,119.467,0.0171
m,3.399768731,125.159,0.0171
m,3.404621009,125.105,0.0173
m,3.409398916,118.286,0.0173
m,3.418618363,116.368,0.0174
m,3.423259099,124.043,0.0175
m,3.427975335,140.35,0.0175
m,3.432616614,122.2,0.0175
m,3.43719578,118.458,0.0175
m,3.462288483,124.403,0.0175
m,3.466793224,121.324,0.0175
m,3.475940287,122.885,0.0175
m,3.475940287,126.774,0.0175
m,3.484538489,131.023,0.0175
m,3.514965981,128.657,0.0175
m,3.51933407,126.371,0.0176
m,3.523702559,124.036,0.0176
m,3.528208527,126.499,0.0176
m,3.560143572,129.605,0.0175
m,3.563454162,125.302,0.0176
m,3.566363542,122.875,0.0176
s,3.566289402,123.889,0.0176
s,3.566151881,123.443,0.0176
s,3.565516612,123.427,0.0177
s,3.565516612,123.463,0.0177
s,3.565442496,123.468,0.0177
s,3.565442496,123.296,0.0177
s,3.565442496,123.25,0.0177
s,3.565505918,123.209,0.0177
s,3.565505918,123.338,0.0177
s,3.565505918,123.72,0.0177
s,3.565569358,123.153,0.0177
s,3.565981971,123.522,0.0177
s,3.56611983,123.387,0.0176
s,3.56611983,123.523,0.0176
s,3.56611983,123.393,0.0176
s,3.56611983,123.52,0.0176
s,3.565993258,123.637,0.0175
s,3.565993258,123.688,0.0175
s,3.565993258,123.645,0.0175
s,3.565993258,123.545,0.0175
m,3.441562803,117.503,0.0175
m,3.450159832,123.611,0.0175
m,3.454177345,122.126,0.0176
m,3.45827015,126.667,0.0176
m,3.488906349,132.1,0.0175
m,3.492924955,126.933,0.0175
m,3.497155298,123.09,0.0176
m,3.506166575,122.258,0.0175
m,3.510597636,137.262,0.0175
m,3.537644381,137.925,0.0176
m,3.542499828,126.66,0.0176
m,3.542499828,120.823,0.0176
m,3.551787381,123.513,0.0176
m,3.556282754,130.058,0.0176
s,3.566077751,123.085,0.0176
s,3.56593991,123.865,0.0177
s,3.56572826,123.68,0.0177
s,3.565654138,123.331,0.0177
s,3.565230856,123.211,0.0177
s,3.565230856,123.816,0.0177
s,3.565231175,123.468,0.0176
s,3.565368706,123.695,0.0176
s,3.565368706,123.311,0.0176
s,3.56570658,123.704,0.0178
s,3.56570658,123.935,0.0178
s,3.565844118,124.031,0.0178
s,3.565844434,123.417,0.0177
s,3.565981971,123.593,0.0177
s,3.566193912,123.508,0.0176
s,3.566056375,123.523,0.0176
s,3.566056375,123.71,0.0176
s,3.566056375,123.863,0.0176
s,3.566056375,123.831,0.0176
s,3.565993582,123.387,0.0174
s,3.565993582,123.467,0.0174
s,3.565993582,123.621,0.0174
s,3.565993582,123.756,0.0174
s,3.565993582,123.601,0.0174
s,3.565993582,123.679,0.0174
s,3.565993258,123.391,0.0175
s,3.565993258,123.538,0.0175
s,3.565993258,123.544,0.0175
s,3.566067362,123.792,0.0175
s,3.566003948,123.92,0.0175
s,3.566003948,123.801,0.0175
s,3.566077751,124.022,0.0176
s,3.566077751,124.192,0.0176
s,3.566151563,124.289,0.0177
s,3.566785609,123.756,0.018
s,3.566859766,123.772,0.018
s,3.566859459,124.136,0.0181
s,3.566859459,124.063,0.0181
s,3.566731879,123.715,0.0184
s,3.566731879,124.05,0.0184
s,3.566731583,123.887,0.0185
s,3.566594079,123.944,0.0185
s,3.566594079,124.041,0.0185
s,3.566318205,123.911,0.0188
s,3.566318205,123.948,0.0188
s,3.566317921,123.696,0.0189
s,3.56618042,123.745,0.0189
s,3.56618042,123.652,0.0189
s,3.565894263,123.686,0.019
s,3.565894263,123.869,0.019
s,3.565894263,123.694,0.019
s,3.565894263,123.576,0.019
s,3.565619257,125.358,0.019
s,3.565619257,124.88,0.019
s,3.565481476,123.685,0.0191
s,3.565481476,123.647,0.0191
s,3.565343975,124.009,0.0191
s,3.565354878,123.853,0.0191
s,3.565354602,124.746,0.0192
s,3.565354602,123.769,0.0192
s,3.565291052,123.769,0.0193
s,3.565291052,123.907,0.0193
s,3.565929833,123.911,0.0175
s,3.565929833,123.385,0.0175
s,3.565929833,123.888,0.0175
s,3.565929833,124.356,0.0175
s,3.566288768,123.617,0.0178
s,3.566362908,123.512,0.0178
s,3.566574253,123.602,0.0179
s,3.566574253,123.986,0.0179
s,3.566648095,123.587,0.018
s,3.566933621,123.95,0.0181
s,3.566933317,124.223,0.0182
s,3.566933015,123.988,0.0183
s,3.566869681,123.92,0.0183
s,3.566869681,123.841,0.0183
s,3.566456285,123.601,0.0186
s,3.566456285,123.668,0.0186
s,3.566455995,123.909,0.0187
s,3.566318493,124.074,0.0187
s,3.56618042,123.703,0.0189
s,3.566106231,124.091,0.0189
s,3.566106231,123.581,0.0189
s,3.566105949,123.82,0.019
s,3.565968447,123.656,0.019
s,3.56575676,123.751,0.019
s,3.56575676,123.648,0.019
s,3.56575676,123.758,0.019
s,3.56575676,123.696,0.019
s,3.565619257,124.222,0.019
s,3.565343975,123.841,0.0191
s,3.565418168,124.078,0.0191
s,3.565418168,124.347,0.0191
s,3.565280672,123.869,0.0191
s,3.565291052,123.975,0.0193
s,3.565365277,123.936,0.0193
s,3.565365006,123.947,0.0194
s,3.565365006,123.791,0.0194
s,3.565365006,124.257,0.0194
s,3.565364738,123.921,0.0195
s,3.565364473,124.156,0.0196
s,3.565364473,124.368,0.0196
s,3.565364211,123.984,0.0197
s,3.565078538,123.975,0.0196
s,3.565004326,123.986,0.0196
s,3.565004591,124.128,0.0195
s,3.564867097,124.205,0.0195
s,3.56479289,124.373,0.0195
s,3.564793158,124.095,0.0194
s,3.564581731,124.388,0.0193
s,3.564581731,124.04,0.0193
s,3.564581731,123.865,0.0193
s,3.564444234,123.707,0.0193
s,3.564444508,124.337,0.0192
s,3.56430701,124.984,0.0192
s,3.564518712,123.621,0.0192
s,3.564518712,123.682,0.0192
s,3.564381496,123.859,0.0191
s,3.564244002,123.944,0.0191
s,3.564244002,124.141,0.0191
m,3.564244002,124.052,0.0191
m,3.564244002,124.633,0.0191
m,3.568613049,129.446,0.0192
m,3.572009051,129.334,0.0192
m,3.575891539,130.042,0.0193
m,3.579986016,126.918,0.0193
m,3.584218057,129.904,0.0193
m,3.617535463,128.444,0.0196
m,3.625661544,131.014,0.0196
m,3.629830374,127.137,0.0196
m,3.634210739,127.148,0.0196
m,3.663805459,129.486,0.0197
m,3.668249625,134.542,0.0197
m,3.67255594,125.944,0.0198
m,3.681729657,125.959,0.0198
m,3.681729657,132.711,0.0198
s,3.565364211,124.363,0.0197
s,3.565364211,124.065,0.0197
s,3.565364211,124.07,0.0197
s,3.565289986,124.174,0.0197
s,3.565289986,124.023,0.0197
s,3.56479289,124.15,0.0195
s,3.564793158,124.689,0.0194
s,3.564793158,124.128,0.0194
s,3.564793158,124.589,0.0194
s,3.564444234,123.301,0.0193
s,3.564444234,123.112,0.0193
s,3.564444234,124.2,0.0193
s,3.564306737,124.657,0.0193
s,3.564444234,123.224,0.0193
s,3.564518712,123.621,0.0192
s,3.564518712,123.219,0.0192
s,3.564381219,123.423,0.0192
s,3.564381219,124.049,0.0192
s,3.564381219,123.701,0.0192
m,3.564244002,130.382,0.0191
m,3.564244002,127.044,0.0191
m,3.564244002,139.815,0.0191
m,3.565979064,136.199,0.0191
m,3.59268203,128.935,0.0194
m,3.601220507,131.142,0.0194
m,3.605315224,138.343,0.0194
m,3.609547283,122.435,0.0195
m,3.613504503,132.195,0.0195
m,3.638517179,126.153,0.0196
m,3.642823638,124.693,0.0196
m,3.651372892,140.932,0.0196
m,3.65540417,131.53,0.0196
m,3.659572811,129.399,0.0197
m,3.691252236,129.428,0.0199
m,3.696119375,128.65,0.0199
m,3.700775082,126.171,0.0199
m,3.705578383,131.363,0.0199
m,3.715175026,123.851,0.0199
m,3.719978325,126.774,0.0199
m,3.724781625,124.989,0.0199
m,3.729373489,128.722,0.0199
m,3.734039161,132.19,0.0199
m,3.766847143,125.964,0.0198
m,3.771650749,129.09,0.0197
m,3.776390431,123.553,0.0197
m,3.785869892,127.119,0.0197
m,3.818700147,141.047,0.0196
m,3.828105868,134.588,0.0197
m,3.832845924,126.987,0.0197
m,3.837374375,136.329,0.0197
m,3.841839443,129.64,0.0197
m,3.867572443,123.723,0.0197
m,3.872175325,128.878,0.0197
m,3.876640776,129.017,0.0197
m,3.881169469,125.882,0.0197
m,3.890862187,122.771,0.0197
m,3.918544551,127.296,0.0196
m,3.927127138,130.96,0.0196
m,3.931868173,133.884,0.0195
m,3.936397131,128.229,0.0195
m,3.969945059,132.735,0.0194
m,3.978104413,128.254,0.0195
m,3.978104413,140.282,0.0195
m,3.986962752,128.321,0.0195
m,3.991566407,139.491,0.0196
m,4.018978253,129.182,0.0197
m,4.023794253,135.261,0.0198
m,4.028885094,128.35,0.0198
m,4.03390115,129.134,0.0198
m,4.038854778,134.064,0.0198
m,4.07043629,124.441,0.0199
m,4.079220955,131.474,0.0199
m,4.083475878,126.834,0.02
m,4.087656074,126.059,0.02
m,3.738631023,129.487,0.0199
m,3.747962398,127.489,0.0199
m,3.752628341,128.618,0.0198
m,3.752628341,125.973,0.0198
m,3.762107508,134.795,0.0198
m,3.790609673,129.333,0.0197
m,3.795487305,126.895,0.0196
m,3.800153158,135.367,0.0196
m,3.804893016,143.109,0.0196
m,3.809495348,127.317,0.0196
m,3.84630433,133.348,0.0198
m,3.85055784,132.66,0.0198
m,3.859064955,124.759,0.0198
m,3.86318131,125.373,0.0197
m,3.890862187,126.06,0.0197
m,3.900555073,125.62,0.0197
m,3.905158238,121.801,0.0197
m,3.909761681,131.539,0.0196
m,3.914153105,123.896,0.0196
m,3.940863199,133.99,0.0195
m,3.945117424,135.045,0.0195
m,3.95362597,136.13,0.0195
m,3.961997514,125.834,0.0194
m,3.966039956,134.635,0.0194
m,3.996170331,141.131,0.0196
m,4.00091161,128.483,0.0196
m,4.005515381,138.395,0.0197
m,4.014586196,139.738,0.0197
m,4.04352127,129.163,0.0199
m,4.047988326,121.47,0.0199
m,4.056984938,127.708,0.0199
m,4.061376996,133.08,0.02
m,4.06590653,125.812,0.02
m,4.091699059,132.933,0.02
m,4.095530071,121.797,0.0199
m,4.098936689,119.262,0.0198
m,4.103590795,125.167,0.0198
m,4.104564055,121.75,0.0198
m,4.104564055,122.281,0.0198
s,4.104838498,122.192,0.0198
s,4.104626316,121.926,0.0198
s,4.104626316,121.749,0.0198
s,4.104626316,121.04,0.0198
s,4.104538705,120.915,0.0198
s,4.104538705,121.092,0.0198
s,4.104463559,120.827,0.0199
s,4.104463559,121.608,0.0199
s,4.104463559,121.167,0.0199
s,4.104176265,121.19,0.02
s,4.104101353,122.562,0.02
s,4.103964111,121.477,0.02
s,4.103964111,121.409,0.02
s,4.103477905,121.407,0.0198
s,4.103477905,121.492,0.0198
s,4.103477905,122.591,0.0198
s,4.103477905,122.038,0.0198
s,4.103477905,119.409,0.0198
s,4.103265972,119.896,0.0197
s,4.103340882,121.682,0.0197
s,4.103203643,121.732,0.0197
s,4.103066404,122.023,0.0197
s,4.103141328,119.349,0.0197
s,4.102941576,121.43,0.0198
s,4.102941576,119.465,0.0198
s,4.102941576,120.95,0.0198
s,4.102941576,119.995,0.0198
s,4.102879074,120.427,0.0199
s,4.102879074,120.951,0.0199
s,4.102878862,121.163,0.02
s,4.102741634,120.955,0.02
s,4.102666686,120.995,0.02
s,4.102454097,121.356,0.0202
s,4.102454097,120.827,0.0202
s,4.102454097,120.874,0.0202
s,4.102316661,120.95,0.0203
s,4.102316661,121.318,0.0203
s,4.104551361,120.867,0.0198
s,4.104613642,120.778,0.0198
s,4.104613642,121.177,0.0198
s,4.104613642,121.011,0.0198
s,4.104388635,121.68,0.0199
s,4.104388422,121.976,0.02
s,4.104388422,119.717,0.02
s,4.104313505,119.144,0.02
s,4.104313505,120.492,0.02
s,4.103827083,121.141,0.0199
s,4.103827083,120.899,0.0199
s,4.103827083,121.326,0.0199
s,4.103690059,122.834,0.0198
s,4.103477905,121.546,0.0198
s,4.103402997,118.37,0.0198
s,4.103403215,122.715,0.0197
s,4.103403215,123.213,0.0197
s,4.103265972,122.262,0.0197
s,4.103004092,121.87,0.0197
s,4.103003875,120.689,0.0198
s,4.103003875,121.298,0.0198
s,4.102866641,121.15,0.0198
s,4.102941576,120.848,0.0198
s,4.103016518,122.081,0.0198
s,4.103016518,120.742,0.0198
s,4.103091467,121.669,0.0198
s,4.102954241,120.583,0.0198
s,4.102954026,121.727,0.0199
s,4.102529246,121.32,0.0201
s,4.102529246,121.016,0.0201
s,4.102529246,121.548,0.0201
s,4.102529246,121.147,0.0201
s,4.102241723,121.671,0.0203
s,4.102241723,120.974,0.0203
s,4.102241723,121.408,0.0203
s,4.10224152,120.685,0.0204
s,4.10216659,120.523,0.0204
s,4.10216659,121.403,0.0204
s,4.10216659,121.192,0.0204
s,4.10216659,121.819,0.0204
s,4.102029355,121.685,0.0204
s,4.102104087,120.93,0.0205
s,4.102104087,120.728,0.0205
s,4.102104087,121.079,0.0205
s,4.102104087,121.313,0.0205
s,4.102241121,121.204,0.0206
s,4.102241121,121.092,0.0206
s,4.102241121,120.892,0.0206
s,4.102378354,121.035,0.0206
s,4.102378354,120.959,0.0206
s,4.102378354,121.035,0.0206
s,4.102316661,121.282,0.0203
s,4.102316661,120.918,0.0203
s,4.102316866,121.392,0.0202
s,4.102391811,121.768,0.0202
s,4.102679577,121.506,0.0199
s,4.102679792,121.246,0.0198
s,4.102679792,121.226,0.0198
s,4.102679792,121.055,0.0198
s,4.102754973,121.264,0.0197
s,4.102905143,121.255,0.0196
s,4.102905143,121.363,0.0196
s,4.102905143,121.343,0.0196
s,4.102905143,121.376,0.0196
s,4.102980127,121.922,0.0196
s,4.103192551,121.609,0.0195
s,4.103192551,121.698,0.0195
s,4.103192551,121.531,0.0195
s,4.103192551,121.463,0.0195
s,4.103329763,121.402,0.0195
s,4.103329763,121.402,0.0195
s,4.103329763,121.469,0.0195
s,4.103329988,121.301,0.0194
s,4.103329988,121.565,0.0194
s,4.102029355,120.409,0.0204
s,4.102029154,120.75,0.0205
s,4.102029154,120.981,0.0205
s,4.102104087,121.37,0.0205
s,4.102104087,120.883,0.0205
s,4.102241121,121.035,0.0206
s,4.102241121,121.063,0.0206
s,4.102241121,121.085,0.0206
s,4.102241121,121.166,0.0206
s,4.102378553,120.985,0.0205
s,4.102378553,120.941,0.0205
s,4.102241319,120.996,0.0205
s,4.102316458,121.076,0.0204
s,4.102316458,121.37,0.0204
s,4.102529038,120.764,0.0202
s,4.102529246,121.096,0.0201
s,4.102529456,121.502,0.02
s,4.102604407,121.163,0.02
s,4.10260462,121.327,0.0199
s,4.102754973,121.058,0.0197
s,4.102829943,121.39,0.0197
s,4.102829943,121.34,0.0197
s,4.102830163,121.314,0.0196
s,4.102980127,121.407,0.0196
s,4.102980127,121.578,0.0196
s,4.102980127,121.604,0.0196
s,4.10298035,121.336,0.0195
s,4.103192551,121.282,0.0195
s,4.103329763,121.61,0.0195
s,4.103329763,121.643,0.0195
s,4.103329763,121.516,0.0195
s,4.103329763,121.41,0.0195
s,4.103329763,121.48,0.0195
s,4.103467201,121.337,0.0194
s,4.103467428,121.403,0.0193
s,4.103542421,121.488,0.0193
s,4.103542421,121.177,0.0193
s,4.103542651,121.346,0.0192
s,4.103542883,121.33,0.0191
s,4.103542883,121.193,0.0191
s,4.103543118,121.354,0.019
s,4.103543118,121.449,0.019
s,4.103406382,121.623,0.0188
s,4.103406382,121.444,0.0188
s,4.103331388,121.193,0.0188
m,4.103331388,121.316,0.0188
m,4.105565341,133.855,0.0187
m,4.108435479,126.063,0.0188
m,4.115972833,119.677,0.0188
m,4.12474496,127.739,0.0188
m,4.12474496,127.478,0.0188
m,4.152932781,122.529,0.0188
m,4.157661807,125.425,0.0188
m,4.167194925,121.682,0.0188
m,4.167194925,122.488,0.0188
m,4.177289733,121.177,0.0188
m,4.212352299,130.016,0.0188
m,4.216869065,122.727,0.0188
m,4.221460667,127.801,0.0189
m,4.226189684,125.939,0.0189
m,4.259442911,121.485,0.0189
m,4.264246979,119.282,0.0189
m,4.273355575,120.615,0.0189
m,4.277735161,119.779,0.0189
m,4.281977555,119.643,0.0189
m,4.306122132,121.88,0.0189
m,4.309877901,121.532,0.0189
m,4.313633672,125.816,0.0189
m,4.317389442,120.35,0.0189
m,4.324688531,120.579,0.019
m,4.345413651,121.044,0.0191
m,4.351253112,121.51,0.0191
m,4.353274612,119.588,0.0191
m,4.354659465,122.3,0.0191
s,4.103406142,121.22,0.0189
s,4.103406142,121.356,0.0189
s,4.103406142,121.211,0.0189
s,4.103406382,121.406,0.0188
s,4.103406382,121.402,0.0188
m,4.103331388,121.448,0.0188
m,4.103331388,122.075,0.0188
m,4.10333163,123.932,0.0187
m,4.10333163,128.098,0.0187
m,4.103893253,133.214,0.0187
m,4.134003716,120.41,0.0188
m,4.13867063,122.248,0.0188
m,4.143399658,123.617,0.0188
m,4.148203755,122.884,0.0188
m,4.182368189,120.838,0.0188
m,4.187521724,118.894,0.0188
m,4.192737359,118.677,0.0188
m,4.202681779,121.36,0.0189
m,4.207623283,124.045,0.0188
m,4.230781514,125.929,0.0189
m,4.239965174,119.98,0.0189
m,4.239965174,120.613,0.0189
m,4.249498262,123.442,0.0189
m,4.254576709,123.115,0.0189
m,4.286219948,121.12,0.0189
m,4.29443035,125.114,0.0189
m,4.298398355,119.611,0.0189
m,4.30229132,120.072,0.0189
m,4.324688531,121.88,0.019
m,4.331713451,122.114,0.019
m,4.335332023,120.657,0.019
m,4.338738372,118.709,0.019
m,4.342007302,122.704,0.0191
m,4.354659465,120.238,0.0191
m,4.35605714,120.53,0.0191
m,4.356194342,120.959,0.0191
m,4.356194342,121.28,0.0191
m,4.356057357,121.237,0.019
m,4.355982343,121.369,0.019
m,4.355982343,121.248,0.019
m,4.355982343,121.194,0.019
m,4.355982563,120.967,0.0189
m,4.355982563,121.054,0.0189
m,4.355845582,120.148,0.0188
m,4.355845806,120.874,0.0187
m,4.355846032,121.456,0.0186
m,4.355846032,121.947,0.0186
m,4.355709058,121.808,0.0185
m,4.355647109,120.689,0.0184
m,4.355647109,120.519,0.0184
m,4.355647109,120.441,0.0184
m,4.355647109,120.059,0.0184
m,4.35926591,122.912,0.0183
m,4.35926591,124.604,0.0183
m,4.365529802,121.232,0.0183
m,4.369148137,121.224,0.0184
m,4.373116127,118.493,0.0184
m,4.397920992,121.237,0.0184
m,4.402637262,121.842,0.0184
m,4.407353355,123.547,0.0185
m,4.416449363,123.163,0.0185
m,4.421240707,127.575,0.0185
m,4.454943116,128.85,0.0186
m,4.459310372,130.846,0.0187
m,4.463677907,125.315,0.0187
m,4.467833471,134.513,0.0187
m,4.500295627,123.678,0.019
m,4.504514947,124.682,0.019
m,4.508098673,128.456,0.0191
m,4.513205943,128.858,0.0191
m,4.514242325,126.268,0.0191
s,4.514030116,126.336,0.0193
s,4.513892683,126.198,0.0193
s,4.513892483,126.288,0.0194
s,4.513892483,126.178,0.0194
s,4.513892483,126.196,0.0194
m,4.35584536,121.185,0.0189
m,4.35584536,121.152,0.0189
m,4.355845582,121.092,0.0188
m,4.355845582,120.62,0.0188
m,4.355709058,121.168,0.0185
m,4.355784308,120.746,0.0184
m,4.355784308,121.217,0.0184
m,4.355647109,121.658,0.0184
m,4.355647109,121.362,0.0184
m,4.35550991,121.188,0.0184
m,4.355510144,121.968,0.0183
m,4.355510144,123.487,0.0183
m,4.355647342,121.945,0.0183
m,4.355996765,121.168,0.0183
m,4.377084116,118.833,0.0184
m,4.385007232,118.744,0.0184
m,4.389037395,121.613,0.0184
m,4.393341973,120.073,0.0184
m,4.421240707,123.65,0.0185
m,4.43116008,124.474,0.0186
m,4.436088758,128.828,0.0186
m,4.4457217,127.49,0.0186
m,4.4457217,128.65,0.0186
m,4.471988902,131.926,0.0188
m,4.480013826,128.876,0.0188
m,4.483957806,134.275,0.0188
m,4.491708539,131.592,0.0189
m,4.496002139,125.678,0.0189
m,4.514379756,125.832,0.0191
s,4.514242325,125.991,0.0191
s,4.514167752,126.098,0.0192
s,4.514167752,126.315,0.0192
s,4.513754853,126.023,0.0195
s,4.513754853,125.994,0.0195
s,4.513754657,126.109,0.0196
s,4.513617226,126.196,0.0196
s,4.513617226,125.998,0.0196
s,4.513754657,126.202,0.0196
s,4.513617226,126.014,0.0196
s,4.513617032,125.961,0.0197
s,4.513617032,125.767,0.0197
s,4.513416556,125.815,0.0197
s,4.513416556,125.569,0.0197
s,4.513342174,123.144,0.0197
s,4.513342174,126.065,0.0197
s,4.513341982,126.07,0.0198
s,4.513341982,126.335,0.0198
s,4.513341982,125.979,0.0198
s,4.513341982,126.311,0.0198
s,4.513341982,126.092,0.0198
s,4.513204365,126.474,0.0199
s,4.51320381,126.337,0.0202
s,4.513066382,126.187,0.0202
s,4.513066201,126.227,0.0203
s,4.512991823,126.292,0.0203
s,4.51291727,126.373,0.0204
s,4.512779839,126.422,0.0204
s,4.512779839,125.998,0.0204
s,4.512705471,126.209,0.0204
s,4.512705471,126.552,0.0204
s,4.512843083,126.02,0.0203
s,4.512980517,126.06,0.0203
s,4.512980517,127.975,0.0203
s,4.512980517,125.778,0.0203
s,4.513192314,124.262,0.0203
s,4.513329393,124.461,0.0205
s,4.513466827,124.742,0.0205
s,4.513466827,125.336,0.0205
s,4.513466827,124.156,0.0205
s,4.513678626,127.264,0.0205
s,4.513678626,125.216,0.0205
s,4.513816058,125.291,0.0205
s,4.513741698,125.759,0.0205
s,4.513604263,124.36,0.0205
s,4.513617032,125.713,0.0197
s,4.513617032,125.847,0.0197
s,4.513479603,126.018,0.0197
s,4.513479603,126.148,0.0197
s,4.513479603,125.614,0.0197
s,4.513341982,126.18,0.0198
s,4.513341982,125.992,0.0198
s,4.513341982,126.611,0.0198
s,4.513341982,126.123,0.0198
s,4.513204365,126.411,0.0199
s,4.513204178,126.429,0.02
s,4.513204178,126.28,0.02
s,4.513203993,126.289,0.0201
s,4.513203993,126.035,0.0201
s,4.512991645,126.001,0.0204
s,4.512991645,126.26,0.0204
s,4.512991645,126.179,0.0204
s,4.51291727,126.602,0.0204
s,4.51291727,126.72,0.0204
s,4.512705471,126.357,0.0204
s,4.512842905,125.646,0.0204
s,4.512842905,126.026,0.0204
s,4.512842905,125.912,0.0204
s,4.513192136,126.655,0.0204
s,4.513329569,129.372,0.0204
s,4.513329569,126.826,0.0204
s,4.513329393,127.022,0.0205
s,4.513329393,125.001,0.0205
s,4.513541191,124.104,0.0205
s,4.513678626,124.968,0.0205
s,4.513678626,127.213,0.0205
s,4.513678626,125.452,0.0205
s,4.513678626,126.881,0.0205
s,4.513604089,125.935,0.0206
s,4.513604089,125.26,0.0206
s,4.513678452,125.604,0.0206
s,4.513678452,125.616,0.0206
s,4.513541017,125.802,0.0206
s,4.513541017,125.53,0.0206
s,4.513540845,125.949,0.0207
s,4.513540845,124.921,0.0207
s,4.513540845,125.793,0.0207
s,4.513614878,125.411,0.0209
s,4.513614878,125.213,0.0209
s,4.513614713,125.621,0.021
s,4.513477284,125.505,0.021
s,4.513402589,125.63,0.0212
s,4.513402589,125.492,0.0212
s,4.513402589,125.501,0.0212
s,4.513402431,125.525,0.0213
s,4.513402431,125.48,0.0213
s,4.513327753,125.26,0.0215
s,4.513327601,125.315,0.0216
s,4.513327601,125.458,0.0216
s,4.513327601,125.596,0.0216
s,4.513253093,125.812,0.0217
s,4.513602322,125.433,0.0217
s,4.513602322,125.745,0.0217
s,4.513602322,125.731,0.0217
s,4.513602322,125.928,0.0217
s,4.513751201,125.706,0.0216
s,4.513751201,125.5,0.0216
s,4.513825576,125.82,0.0216
s,4.513825576,125.642,0.0216
s,4.513825576,125.846,0.0216
s,4.513963157,125.644,0.0215
s,4.513825728,125.837,0.0215
s,4.513825728,125.621,0.0215
s,4.513963157,125.633,0.0215
s,4.513963157,125.245,0.0215
s,4.513888784,125.58,0.0215
s,4.513888784,126.473,0.0215
s,4.513888784,127.482,0.0215
s,4.513888938,125.19,0.0214
s,4.513540845,125.642,0.0207
s,4.513615046,125.582,0.0208
s,4.513615046,125.585,0.0208
s,4.513614878,125.748,0.0209
s,4.513614878,125.621,0.0209
s,4.513477284,126.164,0.021
s,4.513477121,125.567,0.0211
s,4.513477121,125.642,0.0211
s,4.51340275,125.563,0.0211
s,4.51340275,125.612,0.0211
s,4.513328063,125.618,0.0213
s,4.513327907,125.68,0.0214
s,4.513327907,125.536,0.0214
s,4.513327753,125.399,0.0215
s,4.513253093,125.909,0.0217
s,4.513390528,125.864,0.0217
s,4.513390528,125.706,0.0217
s,4.513464886,125.388,0.0217
s,4.513464886,125.35,0.0217
s,4.513676685,126.061,0.0217
s,4.513676685,125.75,0.0217
s,4.513676685,125.78,0.0217
s,4.513751051,126.222,0.0217
s,4.513751201,126.026,0.0216
s,4.513825576,125.688,0.0216
s,4.513825728,125.608,0.0215
s,4.513825728,125.522,0.0215
s,4.513963157,125.38,0.0215
s,4.513963157,126.183,0.0215
s,4.513963157,126.423,0.0215
s,4.513963157,125.738,0.0215
s,4.513888784,127.009,0.0215
s,4.513888784,126.596,0.0215
s,4.513751507,128.88,0.0214
s,4.513677296,129.375,0.0213
s,4.513614231,127.425,0.0213
s,4.513614231,126.289,0.0213
s,4.513614231,125.661,0.0213
s,4.513476802,126.77,0.0213
s,4.51347696,126.962,0.0212
m,4.513339532,124.526,0.0212
m,4.513339532,123.939,0.0212
m,4.513339532,125.094,0.0212
m,4.51728479,122.223,0.0211
m,4.51998177,121.752,0.0211
m,4.522753136,121.019,0.0211
m,4.525799451,138.986,0.0211
m,4.5293325,126.457,0.0211
m,4.555419133,125.836,0.0213
m,4.558942277,124.562,0.0213
m,4.566549805,127.698,0.0213
m,4.570422441,124.74,0.0214
m,4.598637817,125.086,0.0215
m,4.598637817,117.526,0.0215
m,4.606725706,124.209,0.0216
m,4.610664432,127.267,0.0216
m,4.614676971,123.107,0.0216
m,4.637342678,123.544,0.0216
m,4.641072207,123.836,0.0217
m,4.644664357,131.128,0.0217
m,4.651987362,118.717,0.0217
m,4.655994006,125.228,0.0217
m,4.686905857,119.062,0.0219
m,4.691191425,119.116,0.0219
m,4.695615459,119.756,0.0219
m,4.700112565,119.621,0.0219
m,4.729300366,133.769,0.022
m,4.733451782,126.093,0.0221
m,4.73760372,122.674,0.0221
m,4.742170697,127.495,0.0221
m,4.751239876,130.626,0.0221
m,4.771253035,134.893,0.0223
m,4.777903757,137.861,0.0223
m,4.780814335,129.388,0.0223
m,4.78081446,128.801,0.0222
m,4.786010749,138.91,0.0223
m,4.513339692,128.65,0.0211
m,4.513339692,122.283,0.0211
m,4.513477121,134.874,0.0211
m,4.515000177,126.604,0.0211
m,4.53687433,130.963,0.0212
m,4.540682599,121.16,0.0212
m,4.540682599,119.194,0.0212
m,4.548151144,122.589,0.0212
m,4.551822221,122.309,0.0212
m,4.574432991,126.85,0.0214
m,4.578232248,123.324,0.0214
m,4.582243054,132.676,0.0215
m,4.586116571,117.715,0.0215
m,4.594414718,125.107,0.0215
m,4.61854267,118.043,0.0216
m,4.626146424,127.866,0.0216
m,4.629948651,121.878,0.0216
m,4.633677756,123.042,0.0216
m,4.655993865,117.879,0.0218
m,4.664568005,119.55,0.0218
m,4.668924529,124.816,0.0218
m,4.673419336,124.349,0.0218
m,4.677776418,124.71,0.0219
m,4.704399417,120.054,0.0219
m,4.708548615,122.053,0.0219
m,4.716710075,119.269,0.0219
m,4.72099857,124.861,0.0219
m,4.720998437,124.524,0.022
m,4.75560367,138.649,0.0221
m,4.759757456,141.257,0.0222
m,4.763773451,131.622,0.0222
m,4.767651351,141.615,0.0223
m,4.788158174,133.447,0.0223
m,4.789890506,136.002,0.0223
m,4.791345964,135.781,0.0224
m,4.793078397,134.614,0.0224
m,4.793632039,135.814,0.0224
m,4.793908865,135.974,0.0224
m,4.793908987,135.781,0.0223
m,4.79383745,134.661,0.0223
m,4.793698913,135.402,0.0224
m,4.793211783,134.954,0.0227
m,4.793211783,134.902,0.0227
m,4.793211669,135.01,0.0228
m,4.793211669,135.344,0.0228
m,4.793073142,135.018,0.0229
m,4.792791341,135.001,0.0232
m,4.792791341,135.646,0.0232
m,4.792719715,134.841,0.0233
m,4.792719614,134.877,0.0234
m,4.792719614,134.674,0.0234
m,4.792576295,134.363,0.0237
m,4.792576202,137.547,0.0238
m,4.792504697,136.529,0.0238
m,4.792504606,135.414,0.0239
m,4.792084581,140.928,0.0241
m,4.791946153,130.715,0.0241
m,4.79222301,138.221,0.0241
m,4.792222926,136.58,0.0242
m,4.793124996,136.318,0.0242
m,4.792914765,133.432,0.0246
m,4.792914691,138.452,0.0247
m,4.793053123,136.251,0.0247
m,4.793955136,132.541,0.0248
m,4.796103124,136.066,0.0249
m,4.822659278,141.4,0.0247
m,4.827096541,133.377,0.0246
m,4.836317119,138.114,0.0244
m,4.841033164,138.673,0.0241
m,4.871976444,134.92,0.0244
m,4.871976444,143.235,0.0244
m,4.879887279,134.173,0.0244
m,4.883913776,138.718,0.0244
m,4.887731393,133.585,0.0244
m,4.793698913,134.605,0.0224
m,4.793560378,135.054,0.0225
m,4.79335043,134.912,0.0225
m,4.793350313,134.527,0.0226
m,4.793350313,134.891,0.0226
m,4.7930015,134.948,0.023
m,4.7930015,135.315,0.023
m,4.793001393,135.207,0.0231
m,4.792862976,134.79,0.0231
m,4.792719515,135.356,0.0235
m,4.792647901,137.522,0.0236
m,4.792647901,135.223,0.0236
m,4.792647806,135.276,0.0237
m,4.792647806,140.005,0.0237
m,4.79229468,135.092,0.0239
m,4.792294592,134.88,0.024
m,4.792294592,136.107,0.024
m,4.792156165,135.216,0.024
m,4.792084667,134.695,0.024
m,4.793124996,137.706,0.0242
m,4.793124834,137.323,0.0244
m,4.793124834,137.35,0.0244
m,4.792914841,136.078,0.0245
m,4.802967534,129.528,0.025
m,4.806849048,143.857,0.025
m,4.806849048,131.717,0.025
m,4.814474562,132.475,0.0249
m,4.818499562,146.753,0.0247
m,4.845820286,125.502,0.0242
m,4.850536951,132.485,0.0243
m,4.855115452,131.123,0.0244
m,4.85962656,128.61,0.0244
m,4.863719199,134.59,0.0244
m,4.89148103,136.344,0.0243
m,4.898773578,133.424,0.0243
m,4.902385021,137.405,0.0243
m,4.905718999,137.009,0.0243
m,4.909192028,129.413,0.0243
m,4.912526395,126.353,0.0243
m,4.915722066,124.892,0.0243
m,4.919056724,126.988,0.0244
m,4.925378969,125.898,0.0243
m,4.945602521,127.258,0.0242
m,4.953109574,131.606,0.0242
m,4.956863482,138.001,0.0242
m,4.960617647,127.641,0.0242
m,4.988224531,132.446,0.0242
m,4.992188968,130.092,0.0243
m,4.996223121,131.214,0.0242
m,5.000048855,128.904,0.0242
m,5.004014163,128.37,0.0239
m,5.025928879,128.137,0.0238
m,5.027390165,128.649,0.0238
s,5.027807824,128.376,0.0238
s,5.027807824,128.263,0.0238
s,5.027807741,128.709,0.0239
s,5.027737322,128.274,0.0243
s,5.027737249,128.253,0.0244
s,5.027737249,128.11,0.0244
s,5.027598031,128.274,0.0244
s,5.02738858,128.474,0.0246
s,5.027249365,128.639,0.0246
s,5.027249365,128.664,0.0246
s,5.027110151,128.605,0.0246
s,5.026970939,128.657,0.0246
s,5.026970807,128.669,0.0248
s,5.02703988,128.584,0.0249
s,5.026900732,128.925,0.0248
s,5.026900669,128.634,0.0249
s,5.026900669,128.048,0.0249
s,5.026621472,127.849,0.0247
s,5.026482268,127.978,0.0247
s,5.026482335,128.23,0.0246
s,5.026412366,127.894,0.0245
m,4.925378969,126.158,0.0243
m,4.931771892,123.653,0.0243
m,4.935038535,126.634,0.0243
m,4.938513379,127.581,0.0242
m,4.941988352,127.584,0.0242
m,4.964580751,137.607,0.0242
m,4.9683354,128.132,0.0242
m,4.972438006,129.665,0.0242
m,4.976471208,127.502,0.0243
m,4.980296034,129.314,0.0243
m,5.011596603,141.243,0.0239
m,5.015492228,128.328,0.0239
m,5.019527166,131.492,0.0239
m,5.023145602,128.615,0.0238
s,5.027807661,128.064,0.024
s,5.027807582,127.912,0.0241
s,5.027876692,128.047,0.0241
s,5.027876615,127.808,0.0242
s,5.027737397,128.159,0.0242
s,5.027667079,128.209,0.0245
s,5.027667079,128.514,0.0245
s,5.027527794,128.302,0.0246
s,5.027527794,128.105,0.0246
s,5.02738858,128.217,0.0246
s,5.026970872,128.476,0.0247
s,5.026970872,128.708,0.0247
s,5.026970807,128.26,0.0248
s,5.026970807,128.466,0.0248
s,5.026761523,128.062,0.0248
s,5.02676146,128.419,0.0249
s,5.026691459,128.084,0.0248
s,5.026552253,128.182,0.0248
s,5.026552253,127.855,0.0248
s,5.026412366,127.725,0.0245
s,5.026481536,128.264,0.0245
s,5.026411586,127.854,0.0244
s,5.02648077,127.967,0.0244
s,5.02648077,128.028,0.0244
s,5.026341576,128.033,0.0244
s,5.02641084,127.887,0.0243
s,5.02641084,128.097,0.0243
s,5.026410914,127.662,0.0242
s,5.026410914,127.706,0.0242
s,5.026410991,128.079,0.0241
s,5.026410991,127.33,0.0241
s,5.026271723,127.825,0.0242
s,5.026271723,128.511,0.0242
s,5.026271723,128.433,0.0242
s,5.026411659,128.191,0.0243
s,5.026411659,127.988,0.0243
s,5.026411586,127.779,0.0244
s,5.026411586,127.962,0.0244
s,5.025994072,128.071,0.0243
s,5.025994072,128.098,0.0243
s,5.025854877,128.447,0.0243
s,5.025785691,128.122,0.0243
s,5.025646495,127.864,0.0243
s,5.025438044,128.789,0.0244
s,5.025438044,128.388,0.0244
s,5.025368033,127.201,0.0244
s,5.025367962,126.742,0.0245
s,5.025507156,128.415,0.0245
s,5.025437085,127.886,0.0246
s,5.025367091,127.83,0.0246
s,5.025367091,127.656,0.0246
s,5.025367091,128.907,0.0246
s,5.025227835,128.351,0.0247
s,5.025227902,127.943,0.0246
s,5.025158701,128.302,0.0246
s,5.02515877,128.163,0.0245
s,5.02515877,128.192,0.0245
s,5.025437225,128.441,0.0244
s,5.025506422,127.693,0.0244
s,5.025506422,128.464,0.0244
s,5.025506422,129.161,0.0244
s,5.025506422,126.348,0.0244
s,5.0262718,127.517,0.0241
s,5.026480189,127.855,0.0241
s,5.026480189,127.983,0.0241
s,5.026480189,128.367,0.0241
s,5.02620253,128.391,0.0242
s,5.026341723,128.031,0.0242
s,5.026341723,127.49,0.0242
s,5.026272538,128.236,0.0242
s,5.026411734,126.647,0.0242
s,5.026411586,127.352,0.0244
s,5.02627239,127.668,0.0244
s,5.02627239,127.081,0.0244
s,5.026133194,127.517,0.0244
s,5.026133194,127.508,0.0244
s,5.025646495,128.634,0.0243
s,5.0255073,128.323,0.0243
s,5.0255073,128.021,0.0243
s,5.025507227,128.057,0.0244
s,5.025507087,128.194,0.0246
s,5.025367893,127.955,0.0246
s,5.025437085,128.059,0.0246
s,5.025437085,128.365,0.0246
s,5.025437085,128.565,0.0246
s,5.025367024,127.979,0.0247
s,5.025227835,127.856,0.0247
s,5.025227835,128.15,0.0247
s,5.025227835,127.709,0.0247
s,5.025227835,128.177,0.0247
s,5.025297961,128.464,0.0245
s,5.025297961,128.306,0.0245
s,5.025437225,128.461,0.0244
s,5.025437225,128.415,0.0244
s,5.025506495,128.192,0.0243
s,5.025575697,128.304,0.0243
s,5.025575697,127.935,0.0243
s,5.02543651,128.348,0.0243
s,5.025644983,128.394,0.0242
s,5.025644908,128.316,0.0243
s,5.025644983,127.826,0.0242
s,5.025644908,128.256,0.0243
s,5.025714122,128.702,0.0243
s,5.025574792,128.658,0.0245
s,5.025644016,128.684,0.0245
s,5.025644016,128.746,0.0245
s,5.025783198,128.44,0.0245
s,5.025783129,128.522,0.0246
s,5.025991677,128.453,0.0244
s,5.025991677,128.457,0.0244
s,5.025991677,128.412,0.0244
s,5.02599175,128.625,0.0243
s,5.026130932,128.572,0.0243
s,5.026061132,128.988,0.0241
s,5.026061211,128.723,0.024
s,5.025922032,128.718,0.024
s,5.025922113,128.693,0.0239
s,5.025921504,128.235,0.0238
s,5.026129845,128.611,0.0239
s,5.026129845,128.042,0.0239
s,5.026129764,128.358,0.024
s,5.026129764,128.358,0.024
s,5.026338112,129.092,0.0241
m,5.026477286,129.343,0.0241
m,5.026477209,129.048,0.0242
m,5.026685638,128.025,0.0242
m,5.026685563,126.509,0.0243
m,5.030303258,124.972,0.0246
m,5.032807852,123.972,0.0246
m,5.034408161,125.651,0.0246
m,5.034408094,126.899,0.0247
m,5.055836575,126.159,0.0251
m,5.058620247,127.009,0.0252
m,5.061612327,131.382,0.0252
m,5.064674773,130.602,0.0252
m,5.067806191,142.825,0.0254
s,5.025714122,128.528,0.0243
s,5.025574936,128.42,0.0243
s,5.025574863,128.149,0.0244
s,5.025574863,128.01,0.0244
s,5.025574863,128.303,0.0244
s,5.025783129,128.307,0.0246
s,5.025922381,128.604,0.0245
s,5.025922381,128.171,0.0245
s,5.025991677,128.561,0.0244
s,5.026130932,128.646,0.0243
s,5.026131007,128.769,0.0242
s,5.026200235,128.444,0.0242
s,5.026061056,129.005,0.0242
s,5.026061132,128.971,0.0241
s,5.025852176,128.679,0.0239
s,5.025852176,128.725,0.0239
s,5.025852176,128.848,0.0239
s,5.025852176,128.421,0.0239
s,5.025921504,128.585,0.0238
s,5.026129764,128.409,0.024
s,5.026338191,128.389,0.024
s,5.026338191,128.196,0.024
s,5.026338112,128.425,0.0241
m,5.027589852,126.636,0.0243
m,5.028146548,124.271,0.0243
m,5.028564077,126.537,0.0243
m,5.028842362,127.499,0.0244
m,5.02939901,127.737,0.0245
m,5.03872151,131.05,0.0248
m,5.04143463,130.993,0.0249
m,5.044356136,127.934,0.025
m,5.047208623,126.778,0.025
m,5.053052949,129.218,0.0251
m,5.074834833,138.73,0.0254
m,5.078384517,134.66,0.0254
m,5.078384467,133.919,0.0255
m,5.085344916,139.134,0.0255
m,5.088755666,134.338,0.0255
m,5.091958386,135.401,0.0256
m,5.095161307,132.589,0.0256
m,5.101567561,134.436,0.0257
m,5.104700215,134.644,0.0257
m,5.130535099,134.509,0.0256
m,5.133879078,140.283,0.0256
m,5.137431064,136.384,0.0256
m,5.140775407,135.393,0.0255
m,5.165997778,135.014,0.0251
m,5.169551046,131.934,0.0251
m,5.176797518,138.679,0.0251
m,5.180630308,147.107,0.0251
m,5.180630363,133.062,0.025
m,5.206279738,142.073,0.0246
m,5.209694837,141.648,0.0246
m,5.213110044,133.364,0.0246
m,5.216457612,133.862,0.0246
m,5.219873056,129.22,0.0246
m,5.246785735,125.271,0.0249
m,5.250621437,127.465,0.0248
m,5.254524695,131.185,0.0248
m,5.258428056,139.27,0.0248
m,5.29767416,144.455,0.0249
m,5.301718444,136.89,0.0249
m,5.305762896,126.023,0.0248
m,5.309740285,137.453,0.0248
m,5.313924743,125.561,0.0249
m,5.340488437,122.944,0.0251
m,5.344807585,125.094,0.0252
m,5.349059964,126.647,0.0251
m,5.357631681,130.239,0.0252
m,5.357631681,128.386,0.0252
m,5.392327949,134.677,0.0254
m,5.396367655,136.599,0.0256
m,5.400407394,143.967,0.0258
m,5.404307213,135.191,0.0259
m,5.107764284,133.866,0.0258
m,5.110689142,130.936,0.0258
m,5.113474681,129.915,0.0259
m,5.119880189,125.725,0.026
m,5.123431681,139.422,0.0259
m,5.144398818,141.212,0.0255
m,5.151714573,127.152,0.0254
m,5.155406802,136.426,0.0254
m,5.158959714,145.277,0.0253
m,5.162444583,134.424,0.0252
m,5.188156839,138.943,0.025
m,5.191850507,137.468,0.025
m,5.195544372,130.836,0.0249
m,5.199238381,133.098,0.0248
m,5.223500208,127.929,0.0247
m,5.231169877,124.364,0.0247
m,5.235072485,125.949,0.0248
m,5.235072427,131.584,0.0249
m,5.242950302,125.665,0.0248
m,5.266302471,141.769,0.0248
m,5.27020611,127.557,0.0248
m,5.281498176,122.782,0.0249
m,5.285402194,130.061,0.0249
m,5.289446179,132.332,0.0248
m,5.318249207,125.421,0.025
m,5.327172596,130.383,0.025
m,5.331704392,127.319,0.025
m,5.336096342,122.524,0.0251
m,5.366757195,130.509,0.0252
m,5.371216627,132.316,0.0252
m,5.375536112,132.129,0.0253
m,5.379855686,137.795,0.0253
m,5.388148217,132.533,0.0254
m,5.412600223,133.867,0.026
m,5.416780117,134.522,0.0261
m,5.420820017,136.11,0.0263
m,5.424926573,130.51,0.0266
m,5.428966611,135.501,0.0264
m,5.437113262,135.311,0.0265
m,5.441153316,137.494,0.0265
m,5.441153316,129.494,0.0265
m,5.448953429,128.246,0.0266
m,5.452786947,140.357,0.0266
m,5.475760781,131.095,0.0267
m,5.479520914,135.147,0.0268
m,5.48328106,138.872,0.0269
m,5.486901185,136.94,0.0269
m,5.490727868,146.483,0.0269
m,5.507803188,137.819,0.0267
s,5.507309373,135.63,0.0267
s,5.50716931,135.258,0.0267
s,5.507029231,134.768,0.0268
s,5.506808444,135.001,0.0269
s,5.506874925,137.434,0.0269
s,5.506734872,136.495,0.0269
s,5.506801359,134.71,0.0269
s,5.506941412,135.355,0.0269
s,5.507015009,138.475,0.0267
s,5.507015009,136.596,0.0267
s,5.507015009,135.644,0.0267
s,5.507155064,135.896,0.0267
s,5.507155064,136.818,0.0267
s,5.507228643,136.09,0.0267
s,5.507302233,135.423,0.0267
s,5.507302233,135.262,0.0267
s,5.507235768,135.712,0.0267
s,5.507309391,136.208,0.0266
s,5.507309391,135.945,0.0266
s,5.50724296,135.371,0.0265
s,5.50724296,135.255,0.0265
s,5.50724296,135.438,0.0265
s,5.506829958,134.101,0.0264
s,5.506829958,134.491,0.0264
s,5.506623451,136.924,0.0264
s,5.506623451,134.863,0.0264
s,5.506623451,135.527,0.0264
m,5.456687069,140.557,0.0266
m,5.460587187,134.821,0.0267
m,5.464553887,132.688,0.0267
m,5.472000627,131.36,0.0268
m,5.494421558,133.21,0.0269
m,5.498181763,134.883,0.0269
m,5.505149095,132.525,0.0269
m,5.507449408,134.622,0.0269
m,5.50794324,133.506,0.0268
s,5.506955617,135.184,0.0269
s,5.506955617,134.294,0.0269
s,5.506882026,134.978,0.0269
s,5.506948499,133.623,0.0269
s,5.506808444,134.476,0.0269
s,5.506874939,134.845,0.0268
s,5.506874939,134.33,0.0268
s,5.507014993,135.961,0.0268
s,5.507014993,138.038,0.0268
s,5.507155049,133.141,0.0268
s,5.50729512,136.275,0.0267
s,5.50729512,133.913,0.0267
s,5.507228643,135.666,0.0267
s,5.507228643,135.891,0.0267
s,5.507235768,135.889,0.0267
s,5.507235768,135.46,0.0267
s,5.507235768,135.881,0.0267
s,5.507309373,136.357,0.0267
s,5.507309373,135.408,0.0267
s,5.507102915,135.959,0.0264
s,5.507036467,135.129,0.0264
s,5.507036446,134.983,0.0265
s,5.506896381,134.615,0.0265
s,5.506623451,135.3,0.0264
s,5.506483382,135.69,0.0264
s,5.506416968,136.085,0.0263
s,5.506416945,135.02,0.0264
s,5.506350537,135.688,0.0263
s,5.506350537,136.182,0.0263
s,5.506210466,135.268,0.0263
s,5.506210491,135.555,0.0262
s,5.506210491,135.275,0.0262
s,5.506210577,135.892,0.0259
s,5.50635068,136.838,0.0258
s,5.506284255,136.208,0.0258
s,5.506350714,137.114,0.0257
s,5.506350714,136.874,0.0257
s,5.506557288,135.531,0.0255
s,5.506557288,136.741,0.0255
s,5.506623763,135.114,0.0254
s,5.506623763,135.968,0.0254
s,5.50683027,135.486,0.0254
s,5.50675669,136.112,0.0253
s,5.506756733,135.496,0.0252
s,5.506823184,134.823,0.0252
s,5.506823184,134.868,0.0252
s,5.506823229,134.808,0.0251
s,5.506823229,136.255,0.0251
s,5.506756778,134.733,0.0251
s,5.506756778,135.31,0.0251
s,5.506690331,139.087,0.0251
s,5.506763961,137.865,0.0251
s,5.506763961,137.079,0.0251
s,5.506763961,134.265,0.0251
s,5.506763961,136.091,0.0251
s,5.506623892,132.889,0.0251
s,5.506837554,132.802,0.0252
s,5.506837599,133.76,0.0251
s,5.50697767,133.105,0.0251
s,5.506977626,133.771,0.0252
s,5.507324243,135.816,0.0251
s,5.507464361,134.385,0.025
s,5.507464361,134.298,0.025
s,5.507464361,134.019,0.025
s,5.507604433,134.595,0.025
s,5.506210518,136.407,0.0261
s,5.506210518,135.735,0.0261
s,5.506210546,135.911,0.026
s,5.506210577,135.198,0.0259
s,5.506210577,135.404,0.0259
s,5.50635075,135.586,0.0256
s,5.50635075,136.436,0.0256
s,5.50635075,135.711,0.0256
s,5.506557288,136.386,0.0255
s,5.506830311,135.206,0.0253
s,5.506830311,135.465,0.0253
s,5.506830311,135.502,0.0253
s,5.50675669,135.096,0.0253
s,5.50675669,134.85,0.0253
s,5.506823184,134.746,0.0252
s,5.506823229,135.663,0.0251
s,5.506823229,135.317,0.0251
s,5.506823229,135.488,0.0251
s,5.506823229,134.606,0.0251
s,5.506690286,137.582,0.0252
s,5.506690331,135.324,0.0251
s,5.506623892,136.375,0.0251
s,5.506763961,135.506,0.0251
s,5.506623892,135.782,0.0251
s,5.506763961,135.036,0.0251
s,5.506697482,132.854,0.0252
s,5.506697482,134.221,0.0252
s,5.506697482,132.121,0.0252
s,5.50697767,136.654,0.0251
s,5.507117743,134.619,0.0251
s,5.507117743,133.023,0.0251
s,5.507117743,134.761,0.0251
s,5.507257816,134.012,0.0251
s,5.507604433,134.411,0.025
s,5.507604433,135.746,0.025
s,5.507604433,134.878,0.025
s,5.507604433,134.548,0.025
s,5.507604433,134.099,0.025
s,5.507604387,134.203,0.0251
s,5.507810886,134.241,0.0251
s,5.507810841,134.301,0.0252
s,5.507810841,135.328,0.0252
s,5.507810757,134.101,0.0254
s,5.507810757,134.712,0.0254
s,5.507670685,134.867,0.0254
s,5.507670646,133.551,0.0255
s,5.50718393,134.575,0.0257
s,5.507183896,135.794,0.0258
s,5.507183896,135.635,0.0258
s,5.507250329,135.935,0.0258
s,5.507250329,135.775,0.0258
s,5.50711026,135.68,0.0258
s,5.50711026,135.235,0.0258
m,5.507176701,135.209,0.0258
m,5.507176669,134.086,0.0259
m,5.507176669,133.025,0.0259
m,5.521650269,129.039,0.026
m,5.525617029,150.639,0.0261
m,5.529790314,131.004,0.0261
m,5.533897178,132.828,0.0261
m,5.56529977,133.042,0.026
m,5.569546795,129.801,0.026
m,5.573653734,134.328,0.026
m,5.582081503,131.537,0.026
m,5.586262258,148.896,0.026
m,5.610705377,133.788,0.0261
m,5.614812382,145.513,0.0262
m,5.618779268,133.408,0.0263
m,5.622886286,146.348,0.0264
m,5.626919427,129.543,0.0265
m,5.655949103,136.726,0.0266
m,5.660196316,140.596,0.0267
m,5.668764767,141.406,0.0267
m,5.67315217,136.934,0.0268
s,5.507810841,134.52,0.0252
s,5.507810798,134.207,0.0253
s,5.507810798,134.907,0.0253
s,5.507810757,134.471,0.0254
s,5.507810757,134.097,0.0254
s,5.507530575,134.65,0.0255
s,5.507530538,135.065,0.0256
s,5.507390468,134.416,0.0256
s,5.507324001,134.48,0.0257
s,5.507324001,134.795,0.0257
s,5.507250329,135.933,0.0258
s,5.50711026,135.563,0.0258
s,5.50711026,135.563,0.0258
s,5.50711026,135.105,0.0258
m,5.507176669,128.487,0.0259
m,5.507523246,136.069,0.0259
m,5.5086366,133.048,0.0259
m,5.514063309,136.311,0.0259
m,5.514063309,145.641,0.0259
m,5.537864,136.648,0.026
m,5.541970903,136.879,0.0259
m,5.549631631,137.417,0.0259
m,5.557152328,137.513,0.0259
m,5.561259242,136.096,0.0259
m,5.590509345,154.2,0.026
m,5.594550065,138.099,0.0259
m,5.602557638,136.879,0.026
m,5.60666465,132.457,0.026
m,5.63499337,144.273,0.0266
m,5.63499337,133.456,0.0266
m,5.643553991,135.943,0.0265
m,5.647801186,135.783,0.0265
m,5.651908254,132.851,0.0265
m,5.677539614,133.458,0.0267
m,5.681720753,130.401,0.0267
m,5.685968045,130.527,0.0268
m,5.69035551,131.622,0.0269
m,5.699270667,131.913,0.027
m,5.699270667,124.128,0.027
m,5.708045723,126.927,0.027
m,5.712293089,128.69,0.0271
m,5.716680641,131.409,0.0273
m,5.721002151,137.544,0.0273
m,5.747880565,135.895,0.0274
m,5.756721922,136.068,0.0275
m,5.761109614,131.146,0.0276
m,5.77028921,143.002,0.0279
m,5.774808916,139.354,0.0281
m,5.805176681,141.542,0.0281
m,5.809564473,146.427,0.0281
m,5.814018215,135.178,0.0282
m,5.818265797,134.772,0.0282
m,5.847100388,133.47,0.0287
m,5.851141946,138.377,0.0287
m,5.85524937,129.054,0.0287
m,5.859290983,131.504,0.0288
m,5.867374221,127.011,0.0288
m,5.887012854,130.955,0.0288
m,5.890980071,130.264,0.0288
m,5.898989045,128.554,0.0289
m,5.902890513,132.064,0.0289
m,5.906932304,131.629,0.029
m,5.933120816,129.625,0.0293
m,5.941897148,144.42,0.0293
m,5.946145065,136.697,0.0294
m,5.950804984,136.131,0.0296
m,5.983937513,130.972,0.0299
m,5.989018282,138.787,0.0299
m,5.994099009,132.757,0.0298
m,6.003783056,133.821,0.0298
m,6.003783013,140.65,0.0297
m,6.029906757,134.17,0.0291
m,6.030393328,134.465,0.0291
s,6.030253025,134.88,0.0292
s,6.030178262,137.062,0.0292
s,6.029897631,135.943,0.0293
m,5.730057739,136.646,0.0273
m,5.73444537,133.453,0.0273
m,5.739039236,135.708,0.0273
m,5.743426887,132.512,0.0274
m,5.779543027,134.148,0.0282
m,5.783864751,140.399,0.0282
m,5.788252478,142.725,0.0282
m,5.796747539,140.508,0.0282
m,5.800929122,142.839,0.0281
m,5.822307299,131.371,0.0285
m,5.830587966,130.076,0.0286
m,5.830587966,134.785,0.0286
m,5.83894298,137.338,0.0287
m,5.842984484,132.485,0.0287
m,5.871415871,127.379,0.0288
m,5.871415871,131.549,0.0288
m,5.879284483,129.312,0.0288
m,5.883111428,128.466,0.0288
m,5.911039826,132.945,0.029
m,5.915287667,127.348,0.0291
m,5.919601247,126.945,0.0292
m,5.924129642,130.844,0.0292
m,5.933120782,129.98,0.0292
m,5.955333482,133.847,0.0296
m,5.964306925,133.896,0.0297
m,5.969107112,131.147,0.0298
m,5.973981945,134.007,0.0299
m,5.978856746,131.866,0.0299
m,6.012699913,132.218,0.0297
m,6.017153816,141.922,0.0297
m,6.021336128,132.518,0.0295
m,6.025378109,131.893,0.0292
s,6.029757374,136.178,0.0295
s,6.029617083,135.923,0.0296
s,6.029476793,135.391,0.0297
s,6.029476836,135.469,0.0298
s,6.029336506,135.19,0.0298
s,6.029261806,135.152,0.0299
s,6.029121479,135.183,0.0299
s,6.029121525,135.247,0.03
s,6.028981197,135.033,0.03
s,6.028073598,134.492,0.0299
s,6.027933318,133.963,0.03
s,6.027792946,134.832,0.0299
s,6.027792946,135.402,0.0299
s,6.027652622,135.413,0.0299
s,6.027512344,134.836,0.03
s,6.027512298,134.878,0.0299
s,6.027512344,135.183,0.03
s,6.027512298,134.907,0.0299
s,6.027512298,135.298,0.0299
s,6.027587023,135.504,0.0299
s,6.027727349,136.221,0.0299
s,6.027661759,135.919,0.0299
s,6.027661714,136.11,0.0298
s,6.0277365,135.378,0.0299
s,6.0277365,135.7,0.0299
s,6.027670875,135.151,0.0298
s,6.027670875,135.446,0.0298
s,6.027605256,135.373,0.0297
s,6.027614415,134.836,0.0296
s,6.027754753,135.218,0.0296
s,6.027754753,135,0.0296
s,6.027754753,134.39,0.0296
s,6.027689236,134.308,0.0297
s,6.027904408,134.615,0.0298
s,6.027838864,134.885,0.0298
s,6.027838864,135.026,0.0298
s,6.027979207,134.666,0.0298
s,6.027838821,134.543,0.0297
s,6.027904365,135.231,0.0297
s,6.027904365,134.909,0.0297
s,6.027904323,133.825,0.0296
s,6.027904323,133.605,0.0296
s,6.028700544,135.364,0.03
s,6.028560217,134.821,0.03
s,6.028419892,134.832,0.03
s,6.028279567,134.273,0.03
s,6.028139242,134.036,0.03
s,6.027718225,134.282,0.0299
s,6.027652668,134.54,0.03
s,6.027652668,135.293,0.03
s,6.027512298,135.477,0.0299
s,6.027512298,135.409,0.0299
s,6.027512298,134.792,0.0299
s,6.027512298,134.876,0.0299
s,6.027587023,134.763,0.0299
s,6.027587023,135.174,0.0299
s,6.027661759,135.176,0.0299
s,6.027802086,135.453,0.0299
s,6.027802041,135.769,0.0298
s,6.027802041,135.098,0.0298
s,6.0277365,136.108,0.0299
s,6.02768002,135.007,0.0297
s,6.02768002,134.551,0.0297
s,6.02768002,135.129,0.0297
s,6.027679979,135.051,0.0296
s,6.027689236,134.619,0.0297
s,6.027829619,134.102,0.0298
s,6.027829619,133.984,0.0298
s,6.027764067,134.013,0.0298
s,6.027764067,134.166,0.0298
s,6.027979207,135.101,0.0298
s,6.027979207,134.527,0.0298
s,6.027979207,134.469,0.0298
s,6.027838864,134.093,0.0298
s,6.027838864,134.774,0.0298
s,6.027763983,133.531,0.0296
s,6.027763983,134.346,0.0296
s,6.027829534,134.869,0.0296
s,6.027754753,134.922,0.0296
s,6.027754713,135.444,0.0295
s,6.027754713,134.19,0.0295
s,6.027820274,134.956,0.0295
s,6.027820274,134.222,0.0295
s,6.027820274,134.252,0.0295
s,6.027885842,134.303,0.0295
s,6.028026138,134.035,0.0294
s,6.028026138,134.015,0.0294
s,6.028026138,133.785,0.0294
s,6.02823208,135.14,0.0295
s,6.02823208,135.092,0.0295
s,6.02823208,134.659,0.0295
s,6.02823208,133.763,0.0295
s,6.02823208,134.851,0.0295
s,6.028297656,134.656,0.0295
s,6.028363275,134.75,0.0296
s,6.028363275,133.982,0.0296
s,6.028363317,134.574,0.0297
s,6.028428901,135.51,0.0297
s,6.028569364,134.958,0.03
s,6.028569364,134.52,0.03
s,6.028635,134.632,0.0301
s,6.02863505,134.512,0.0302
s,6.028700693,134.11,0.0303
s,6.028766346,134.277,0.0304
s,6.028766346,133.734,0.0304
s,6.02890667,134.765,0.0304
s,6.028906724,134.842,0.0305
s,6.02904705,134.681,0.0305
s,6.02904705,134.931,0.0305
s,6.02904705,134.916,0.0305
s,6.02904705,135.298,0.0305
s,6.029046995,134.663,0.0304
s,6.028906617,134.882,0.0303
s,6.028766292,134.427,0.0303
s,6.028766292,134.973,0.0303
s,6.028625967,135.132,0.0303
s,6.027820274,133.576,0.0295
s,6.027820274,134.091,0.0295
s,6.027820236,134.179,0.0294
s,6.027885804,134.494,0.0294
s,6.027885804,134.403,0.0294
s,6.028026138,134.215,0.0294
s,6.028166473,134.086,0.0294
s,6.028166473,134.472,0.0294
s,6.028166473,135.293,0.0294
s,6.02823208,135.595,0.0295
s,6.028297656,135.14,0.0295
s,6.028297656,134.989,0.0295
s,6.028297656,134.578,0.0295
s,6.028297656,134.427,0.0295
s,6.028569273,134.867,0.0298
s,6.028569318,134.552,0.0299
s,6.028569318,134.827,0.0299
s,6.028569364,134.639,0.03
s,6.028569364,135.322,0.03
s,6.028700642,134.752,0.0302
s,6.028700693,135.227,0.0303
s,6.028700693,134.75,0.0303
s,6.028700693,134.058,0.0303
s,6.028700693,134.474,0.0303
s,6.028906724,134.328,0.0305
s,6.028906724,134.128,0.0305
s,6.02904705,135.1,0.0305
s,6.02904705,134.659,0.0305
s,6.029046995,135.526,0.0304
s,6.029046995,134.767,0.0304
s,6.029046995,134.432,0.0304
s,6.029046942,134.359,0.0303
s,6.028906617,134.195,0.0303
s,6.02862602,135.04,0.0304
s,6.028691625,134.449,0.0304
s,6.028691625,133.562,0.0304
s,6.028551302,133.812,0.0304
s,6.028551302,134.181,0.0304
s,6.028616912,134.148,0.0304
s,6.028616912,134.049,0.0304
s,6.028616912,134.829,0.0304
s,6.028616859,134.831,0.0303
s,6.028616859,135.932,0.0303
m,6.028682375,139.772,0.0301
m,6.028747994,131.121,0.0301
m,6.029515257,131.61,0.0302
m,6.029515308,135.493,0.0303
m,6.032575086,134.59,0.0303
m,6.055752173,133.327,0.0305
m,6.059579222,134.869,0.0306
m,6.063621275,140.921,0.0306
m,6.067588658,136.35,0.0307
m,6.095837358,130.968,0.0307
m,6.100076233,131.588,0.0308
m,6.104183892,131.243,0.0308
m,6.108357127,128.287,0.0308
m,6.117049838,133.4,0.0308
m,6.143268412,134.856,0.031
m,6.148068608,137.888,0.0311
m,6.15272841,127.312,0.0311
m,6.161636188,127.368,0.0311
m,6.166155656,126.596,0.0311
m,6.197726338,129.858,0.0311
m,6.201965149,136.365,0.0311
m,6.206204032,132.019,0.0312
m,6.210723501,138.569,0.0312
m,6.244147695,126.336,0.0313
m,6.24818067,128.543,0.0314
m,6.252213504,126.421,0.0313
m,6.260625577,123.623,0.0313
m,6.265004748,127.542,0.0313
m,6.291954491,125.131,0.0313
m,6.301742889,125.549,0.0313
m,6.301742889,128.668,0.0313
m,6.311746221,122.1,0.0313
m,6.316818042,124.297,0.0313
s,6.028682425,136.92,0.0302
s,6.028682425,134.761,0.0302
m,6.028682425,133.772,0.0302
m,6.028682375,134.922,0.0301
m,6.035634862,132.055,0.0303
m,6.039115594,142.729,0.0303
m,6.04245606,129.287,0.0304
m,6.045656155,132.162,0.0304
m,6.048996569,137.99,0.0304
m,6.071555984,145.118,0.0307
m,6.07920998,135.544,0.0307
m,6.07920998,132.922,0.0307
m,6.08735055,132.866,0.0307
m,6.091589368,130.283,0.0307
m,6.125330729,131.464,0.0308
m,6.129569538,130.797,0.0308
m,6.133948742,139.949,0.0309
m,6.138468279,135.264,0.031
m,6.166155591,129.649,0.031
m,6.175409608,135.572,0.031
m,6.180134981,136.913,0.031
m,6.184654446,137.749,0.031
m,6.189173977,133.863,0.0311
m,6.214962324,125.567,0.0312
m,6.219201083,131.309,0.0311
m,6.227332495,126.059,0.0311
m,6.23552961,125.288,0.0312
m,6.239768461,125.105,0.0312
m,6.269449505,126.808,0.0312
m,6.273828682,126.935,0.0312
m,6.278479498,128.984,0.0312
m,6.282924431,126.808,0.0313
m,6.321955624,126.029,0.0313
m,6.321955624,121.219,0.0313
m,6.33175302,123.514,0.0313
m,6.336618843,120.973,0.0313
m,6.341410104,121.933,0.0312
m,6.346135669,123.107,0.0312
m,6.35488543,122.208,0.0311
m,6.359330497,121.353,0.0311
m,6.363569439,120.061,0.031
m,6.388517054,123.804,0.0311
m,6.396788969,122.297,0.031
m,6.401027945,123.296,0.0309
m,6.405060766,123.764,0.0307
m,6.409159448,124.984,0.0305
m,6.430420621,127.923,0.0305
m,6.439179238,132.966,0.0305
m,6.443484157,124.887,0.0304
m,6.447789094,131.404,0.0303
m,6.452094051,127.728,0.0302
m,6.480151336,131.947,0.0303
m,6.488967805,127.141,0.0303
m,6.493413173,127.374,0.0303
m,6.493413173,129.794,0.0303
m,6.525842646,136.793,0.0303
m,6.529735402,135.225,0.0302
m,6.53362816,128.936,0.0301
m,6.537380797,128.076,0.0301
m,6.545026254,130.352,0.0301
m,6.563038586,129.357,0.0302
m,6.565892114,128.414,0.0302
m,6.568539338,130.399,0.0301
m,6.571334749,133.878,0.0299
m,6.57154094,133.928,0.0298
s,6.57056774,133.114,0.0298
s,6.57042756,133.184,0.0298
s,6.570427609,133.249,0.0299
s,6.57036155,133.103,0.0299
s,6.569866946,135.587,0.03
s,6.569726768,137.583,0.03
s,6.569726821,133.851,0.0301
s,6.569726821,135.53,0.0301
s,6.569726875,135.495,0.0302
m,6.367734016,124.481,0.031
m,6.371767026,123.803,0.0311
m,6.375865865,122.456,0.0312
m,6.37989881,122.607,0.0312
m,6.388517122,122.584,0.0312
m,6.413258256,123.703,0.0305
m,6.417497313,124.418,0.0305
m,6.425975436,125.503,0.0305
m,6.430420621,125.59,0.0305
m,6.4603577,132.004,0.0301
m,6.464316332,129.56,0.03
m,6.468274976,136.414,0.0299
m,6.472233682,135.229,0.0299
m,6.476126486,134.981,0.03
m,6.501883365,131.521,0.0303
m,6.505982424,131.936,0.0304
m,6.510007281,132.344,0.0304
m,6.514032111,134.657,0.0303
m,6.521883774,136.361,0.0303
m,6.54870487,130.471,0.0302
m,6.552457524,131.552,0.0302
m,6.556144081,127.983,0.0302
m,6.559830694,127.943,0.0303
s,6.5713347,133.661,0.0298
s,6.571194471,132.994,0.0297
s,6.571054291,133.161,0.0297
s,6.570707872,133.041,0.0297
s,6.57056774,133.43,0.0298
s,6.570147251,132.949,0.0299
s,6.570147251,133.486,0.0299
s,6.570007073,133.821,0.0299
s,6.570007073,133.49,0.0299
s,6.569866946,134.497,0.03
s,6.569586697,133.172,0.0302
s,6.56972693,133.945,0.0303
s,6.569586753,133.939,0.0303
s,6.569586809,133.712,0.0304
s,6.569446633,133.518,0.0304
s,6.569512764,133.847,0.0305
s,6.569512764,133.752,0.0305
s,6.569372589,133.439,0.0305
s,6.569372589,133.434,0.0305
s,6.569314499,136.144,0.0304
s,6.569314442,133.01,0.0303
s,6.569248381,134.34,0.0303
s,6.569388562,134.777,0.0303
s,6.569338714,133.462,0.0303
s,6.569338714,133.732,0.0303
s,6.569338714,132.56,0.0303
s,6.569338714,134.195,0.0303
s,6.569338714,134.004,0.0303
s,6.569891402,132.869,0.0304
s,6.569891402,132.743,0.0304
s,6.570097627,132.939,0.0304
s,6.570163727,132.938,0.0305
s,6.570229833,132.735,0.0306
s,6.570708679,132.409,0.0311
s,6.57077474,132.813,0.0311
s,6.57077474,133.011,0.0311
s,6.570840875,132.573,0.0312
s,6.57076684,133.606,0.0313
s,6.570692743,133.555,0.0313
s,6.570692743,133.299,0.0313
s,6.570692743,133.672,0.0313
s,6.570552568,133.514,0.0313
s,6.570478552,132.974,0.0314
s,6.570338454,133.299,0.0315
s,6.570338454,132.947,0.0315
s,6.570338454,132.735,0.0315
s,6.570338454,132.91,0.0315
s,6.570132123,133.11,0.0314
s,6.56999195,133.425,0.0314
s,6.56999195,133.342,0.0314
s,6.56999195,133.377,0.0314
s,6.569306515,133.848,0.0305
s,6.569380622,134.005,0.0305
s,6.569380564,133.516,0.0304
s,6.569380564,134.218,0.0304
s,6.569314499,134.588,0.0304
s,6.569322508,134.731,0.0303
s,6.569396643,134.999,0.0303
s,6.569330599,138.653,0.0303
s,6.569470785,135.731,0.0303
s,6.569404747,135.83,0.0303
s,6.569544992,133.407,0.0304
s,6.569544992,133.657,0.0304
s,6.56968518,133.27,0.0304
s,6.569825369,133.43,0.0304
s,6.570436127,132.823,0.0307
s,6.570436127,132.579,0.0307
s,6.570502243,132.043,0.0308
s,6.570642425,132.001,0.0308
s,6.570708612,132.477,0.031
s,6.570700698,132.653,0.0312
s,6.570766769,132.406,0.0312
s,6.570766769,132.721,0.0312
s,6.570766769,132.992,0.0312
s,6.57076684,132.897,0.0313
s,6.570552568,133.646,0.0313
s,6.570412395,133.88,0.0313
s,6.570412467,133.452,0.0314
s,6.570478552,133.31,0.0314
s,6.570338454,133.012,0.0315
s,6.570132197,133.324,0.0315
s,6.570132123,133.192,0.0314
s,6.570132123,133.2,0.0314
s,6.570132123,133.331,0.0314
s,6.56999195,133.096,0.0314
s,6.56999195,133.231,0.0314
s,6.56999195,133.358,0.0314
s,6.569851778,133.488,0.0314
s,6.569851778,133.12,0.0314
s,6.569851778,133.841,0.0314
s,6.569711607,133.711,0.0314
s,6.5697777,133.817,0.0314
s,6.569777627,133.837,0.0313
s,6.569637458,133.527,0.0313
s,6.569357121,132.687,0.0313
s,6.569357193,133.017,0.0314
s,6.569217025,132.945,0.0314
s,6.569217025,133.121,0.0314
s,6.569217025,132.922,0.0314
s,6.56887059,132.753,0.0314
s,6.56887059,133.737,0.0314
s,6.568730423,133.147,0.0314
s,6.568730423,133.048,0.0314
s,6.568664253,133.571,0.0313
s,6.568730351,132.933,0.0313
s,6.568730351,134.683,0.0313
s,6.568730351,135.958,0.0313
s,6.568730351,134.707,0.0313
s,6.568870518,135.283,0.0313
s,6.568870518,135.581,0.0313
s,6.568870518,135.247,0.0313
s,6.568870518,135.665,0.0313
s,6.568730351,135.803,0.0313
s,6.568936548,134.116,0.0312
s,6.569076646,134.086,0.0311
s,6.569076646,134.049,0.0311
s,6.56914275,134.3,0.0311
s,6.569497082,136.741,0.031
s,6.569497016,134.168,0.0309
s,6.569637185,132.955,0.0309
s,6.569637185,134.822,0.0309
s,6.569637185,133.579,0.0309
s,6.569851433,133.281,0.0309
s,6.569991671,133.613,0.031
m,6.57006576,133.8,0.031
m,6.57006576,133.923,0.031
m,6.570065694,127.146,0.0309
s,6.569703556,133.458,0.0313
s,6.569703628,133.47,0.0314
s,6.569497362,132.813,0.0314
s,6.569357121,132.775,0.0313
s,6.569217025,132.563,0.0314
s,6.569217025,133.181,0.0314
s,6.569217025,132.85,0.0314
s,6.569010758,133.763,0.0314
s,6.569010758,133.694,0.0314
s,6.568730423,133.422,0.0314
s,6.568730423,134.105,0.0314
s,6.568730351,133.365,0.0313
s,6.568730351,133.717,0.0313
s,6.568730351,135.446,0.0313
s,6.568730351,133.251,0.0313
s,6.568730351,132.96,0.0313
s,6.568870518,133.582,0.0313
s,6.568870518,134.186,0.0313
s,6.568730281,135.86,0.0312
s,6.568730281,134.835,0.0312
s,6.568730281,134.712,0.0312
s,6.568870448,134.643,0.0312
s,6.568870448,134.348,0.0312
s,6.56914275,133.899,0.0311
s,6.56914275,134.572,0.0311
s,6.569282849,134.747,0.031
s,6.569423015,134.866,0.031
s,6.569423015,136.829,0.031
s,6.569777354,133.766,0.0309
s,6.569777354,134.075,0.0309
s,6.569777354,134.23,0.0309
s,6.569916998,133.516,0.03
m,6.570205933,128.236,0.031
m,6.57048635,126.334,0.0311
m,6.572993456,126.76,0.0311
m,6.57584699,125.51,0.0311
m,6.579393441,130.623,0.0312
m,6.583146142,129.959,0.0313
m,6.587039021,128.89,0.0314
m,6.594736301,129.668,0
m,6.59864344,137.466,0.0315
m,6.625078871,126.533,0.0313
m,6.628757698,131.34,0.0314
m,6.632304021,127.798,0.0313
m,6.63959539,127.402,0.0313
m,6.63959539,133.332,0.0313
m,6.660593572,130.416,0.0314
m,6.66747231,128.34,0.0314
m,6.670944797,132.05,0.0314
m,6.674829935,131.613,0.0313
m,6.678995426,129.721,0.0313
m,6.709975811,130.623,0.0313
m,6.71407513,131.576,0.0313
m,6.718174455,135.911,0.0313
m,6.726373124,143.158,0.0313
m,6.753048607,135.279,0.0315
m,6.756727749,132.73,0.0315
m,6.756727749,135.353,0.0315
m,6.764019707,138.41,0.0315
m,6.767632584,139.41,0.0316
m,6.788889539,149.123,0.0319
m,6.792642445,144.734,0.0319
m,6.796668371,138.384,0.032
m,6.800834299,133.923,0.032
m,6.805000167,135.911,0.0319
m,6.832517275,134.67,0.0322
m,6.836270317,133.286,0.0323
m,6.843289614,130.303,0.0323
m,6.846695992,134.433,0.0323
m,6.867267771,133.455,0.0328
m,6.873867014,134.503,0.0328
m,6.877133374,130.721,0.0328
m,6.880466378,141.572,0.0329
m,6.884219278,131.202,0.0328
m,6.60259439,132.023,0.0315
m,6.60647936,130.864,0.0316
m,6.614109032,129.231,0.0315
m,6.617787732,128.965,0.0315
m,6.621466378,129.014,0.0314
m,6.646614325,126.112,0.0314
m,6.650300857,129.396,0.0314
m,6.653707121,130.928,0.0314
m,6.65718731,137.696,0.0314
m,6.683647481,143.329,0.0312
m,6.692885524,130.442,0.0312
m,6.697331388,134.98,0.0313
m,6.697331388,143.792,0.0313
m,6.705810208,131.421,0.0313
m,6.73026612,132.159,0.0314
m,6.73422537,133.647,0.0314
m,6.73818463,136.904,0.0314
m,6.741937541,143.516,0.0315
m,6.745756727,141.605,0.0315
m,6.771245467,138.209,0.0317
m,6.774784689,136.115,0.0318
m,6.781663788,136.02,0.0318
m,6.7852767,138.704,0.0319
m,6.809232691,131.962,0.032
m,6.813265734,131.679,0.032
m,6.821258249,131.273,0.032
m,6.825011283,136.133,0.0321
m,6.828904281,130.087,0.0321
m,6.850168881,130.068,0.0323
m,6.85357535,133.237,0.0324
m,6.857121859,133.213,0.0325
m,6.860594943,128.361,0.0327
m,6.867267677,131.784,0.0327
m,6.888112397,134.353,0.0329
m,6.891865396,134.711,0.0329
m,6.899298045,137.529,0.033
m,6.902911039,132.843,0.033
m,6.906524037,127.41,0.033
m,6.910203627,134.619,0.033
m,6.913676628,133.001,0.033
m,6.917083037,135.767,0.033
m,6.920069419,148.206,0.033
m,6.943334224,135.739,0.0331
m,6.946460771,130.814,0.0332
m,6.952713676,133.352,0.0332
m,6.952713777,134.381,0.0333
m,6.980998728,129.45,0.0334
m,6.984958507,135.609,0.0334
m,6.989125083,130.564,0.0335
m,6.993364727,129.8,0.0334
m,6.997531331,127.815,0.0335
m,7.020810402,129.68,0.0337
m,7.024563543,131.213,0.0337
m,7.028176834,135.192,0.0338
m,7.031856897,129.429,0.0339
m,7.03859677,139.47,0.034
m,7.060696029,151.255,0.0341
m,7.064729095,124.153,0.0341
m,7.072722089,134.556,0.0341
m,7.076821966,137.261,0.0341
s,7.089274183,134.727,0.0341
s,7.089134239,134.034,0.0341
s,7.089134126,135.888,0.034
s,7.089274071,134.776,0.034
s,7.089273959,133.586,0.0339
s,7.089340442,134.845,0.0336
s,7.089273634,135.745,0.0336
s,7.089273528,135.276,0.0335
s,7.089340337,134.11,0.0335
s,7.089340232,133.72,0.0334
s,7.089479871,133.944,0.0331
s,7.089479871,133.926,0.0331
s,7.089479772,134.138,0.033
s,7.089479871,134.616,0.0331
m,6.926875367,142.209,0.0329
m,6.930208403,134.649,0.0329
m,6.933474822,139.909,0.0329
m,6.936667878,134.816,0.0329
m,6.940001044,149.289,0.033
m,6.959246674,129.082,0.0333
m,6.962999758,127.566,0.0333
m,6.966612862,135.119,0.0333
m,6.970159287,144.719,0.0333
m,6.977385506,144.174,0.0333
m,7.001631119,127.875,0.0335
m,7.009484147,132.911,0.0336
m,7.009484147,130.781,0.0336
m,7.017057264,136.166,0.0337
m,7.042070023,130.594,0.034
m,7.045476499,128.443,0.034
m,7.045476612,132.327,0.0341
m,7.052703044,132.938,0.0341
m,7.056596164,130.544,0.0341
m,7.080648165,132.11,0.034
m,7.084054648,130.514,0.034
m,7.086834661,134.238,0.0341
m,7.088434524,135.585,0.0341
m,7.089340992,133.106,0.0341
s,7.089273959,133.545,0.0339
s,7.089273849,134.791,0.0338
s,7.089340658,134.852,0.0338
s,7.089340549,134.55,0.0337
s,7.089340232,134.42,0.0334
s,7.089480073,134.711,0.0333
s,7.089480073,134.295,0.0333
s,7.089479971,134.413,0.0332
s,7.089479971,134.478,0.0332
s,7.089479772,134.038,0.033
s,7.089479772,134.036,0.033
s,7.089479871,133.97,0.0331
s,7.089479871,134.291,0.0331
s,7.089479871,134.01,0.0331
s,7.089479871,134.372,0.0331
s,7.089479772,134.378,0.033
s,7.089479772,134.561,0.033
s,7.089479772,134.321,0.033
s,7.089479871,134.865,0.0331
s,7.089133174,135.13,0.0331
s,7.088993132,134.883,0.033
s,7.088926424,134.812,0.0331
s,7.088926325,136.324,0.033
s,7.088926325,134.012,0.033
s,7.088652974,133.42,0.0332
s,7.088513027,134.234,0.0332
s,7.088513027,133.862,0.0332
s,7.088513027,133.943,0.0332
s,7.088166643,134.982,0.0335
s,7.088166749,134.876,0.0336
s,7.088233549,134.771,0.0336
s,7.088233549,134.525,0.0336
s,7.08802691,134.848,0.0337
s,7.088094154,134.729,0.0341
s,7.088094268,133.687,0.0342
s,7.087954438,135.075,0.0343
s,7.088021362,134.647,0.0344
s,7.087881537,134.581,0.0345
s,7.087468902,134.691,0.0352
s,7.087469032,134.243,0.0353
s,7.08740236,134.366,0.0354
s,7.087402493,134.223,0.0355
s,7.087196714,134.507,0.0362
s,7.087056911,134.256,0.0363
s,7.087057056,135.176,0.0364
s,7.087057203,134.475,0.0365
s,7.087057203,134.103,0.0365
s,7.086917857,134.335,0.0369
s,7.086984659,134.118,0.0369
s,7.086984659,134.395,0.0369
s,7.086984813,134.486,0.037
s,7.086845023,134.237,0.0371
s,7.089339928,134.129,0.0331
s,7.089273119,133.881,0.0331
s,7.089133174,134.23,0.0331
s,7.089133174,134.76,0.0331
s,7.088859621,133.901,0.0331
s,7.088859621,133.92,0.0331
s,7.088859621,133.768,0.0331
s,7.088719675,133.568,0.0331
s,7.088719675,133.521,0.0331
s,7.088513027,134.112,0.0332
s,7.088306383,134.15,0.0333
s,7.088306383,134.36,0.0333
s,7.088306383,134.277,0.0333
s,7.088306486,134.125,0.0334
s,7.088027018,134.523,0.0338
s,7.088027128,134.753,0.0339
s,7.088027128,135.128,0.0339
s,7.088094041,133.586,0.034
s,7.087881657,135.058,0.0346
s,7.087675026,136.65,0.0347
s,7.087675148,137.313,0.0348
s,7.087608466,133.413,0.0349
s,7.087608592,134.165,0.035
s,7.087402627,134.17,0.0356
s,7.087262816,134.05,0.0357
s,7.087262953,134.083,0.0358
s,7.087263231,133.784,0.036
s,7.087196572,133.873,0.0361
s,7.087124152,134.258,0.0366
s,7.087124301,134.825,0.0367
s,7.087057651,134.64,0.0368
s,7.087057651,134.802,0.0368
s,7.08691183,134.298,0.0371
s,7.086911986,134.03,0.0372
s,7.087052089,134.349,0.0373
s,7.087052248,134.665,0.0374
s,7.087052409,135.703,0.0375
s,7.087119381,136.374,0.0376
s,7.087119545,136.699,0.0377
s,7.08711971,133.218,0.0378
s,7.087119876,134.418,0.0379
s,7.087120384,134.636,0.0382
s,7.087187199,134.301,0.0382
s,7.087187199,134.762,0.0382
s,7.087260499,134.563,0.0383
s,7.087260499,134.76,0.0383
s,7.087254539,134.991,0.0385
s,7.087254539,135.476,0.0385
s,7.087254715,135.354,0.0386
s,7.087187896,135.252,0.0386
s,7.087187896,134.951,0.0386
s,7.087248252,134.94,0.0385
s,7.087248428,135.176,0.0386
s,7.087108492,134.503,0.0386
s,7.08710867,133.604,0.0387
s,7.087315439,136.615,0.0387
s,7.087175504,133.817,0.0387
s,7.087175504,134.934,0.0387
s,7.087175504,135.02,0.0387
s,7.087175683,135.536,0.0388
s,7.087175504,134.991,0.0387
s,7.087175504,135.074,0.0387
s,7.087175504,135.201,0.0387
s,7.087175504,135.198,0.0387
s,7.08710867,134.814,0.0387
s,7.087248428,134.819,0.0386
s,7.087181424,135.009,0.0385
s,7.087181424,135.382,0.0385
s,7.087181424,135.547,0.0385
m,7.088087706,136.844,0.0384
m,7.088087706,138.091,0.0384
m,7.093087948,131.762,0.0385
m,7.096701211,138.971,0.0385
m,7.100174544,138.508,0.0385
s,7.087120044,134.521,0.038
s,7.087120213,134.527,0.0381
s,7.087120213,134.411,0.0381
s,7.086980271,135.203,0.0381
s,7.086980271,134.823,0.0381
s,7.087260673,134.801,0.0384
s,7.087327486,134.839,0.0384
s,7.087327661,134.952,0.0385
s,7.087327661,134.821,0.0385
s,7.087254715,136.227,0.0386
s,7.087114599,136.927,0.0385
s,7.087114599,135.018,0.0385
s,7.087181424,135.642,0.0385
s,7.087248252,134.658,0.0385
s,7.087108492,133.814,0.0386
s,7.087175326,134.368,0.0386
s,7.087175326,134.996,0.0386
s,7.087315439,135.309,0.0387
s,7.087315439,136.113,0.0387
s,7.087175683,135.13,0.0388
s,7.087175504,135.518,0.0387
s,7.087175504,135.685,0.0387
s,7.087175504,135.587,0.0387
s,7.08710867,134.293,0.0387
s,7.08710867,134.596,0.0387
s,7.087108492,134.736,0.0386
s,7.087248428,135.219,0.0386
s,7.087248428,134.636,0.0386
s,7.087181424,135.879,0.0385
m,7.087114599,136.742,0.0385
m,7.087114599,137.987,0.0385
m,7.086974659,136.541,0.0385
m,7.087254364,153.095,0.0384
m,7.103787992,131.753,0.0386
m,7.107887911,132.284,0.0386
m,7.116434307,140.359,0.0385
m,7.120601114,136.639,0.0385
m,7.124907342,135.009,0.0382
m,7.129286965,130.936,0.0381
m,7.133733311,132.753,0.0379
m,7.138039755,136.825,0.0377
m,7.142279477,133.484,0.0376
m,7.173758736,135.029,0.0372
m,7.178205493,133.69,0.0372
m,7.187098876,130.603,0.0371
m,7.19182545,136.964,0.0371
m,7.219345463,136.049,0.037
m,7.228245017,132.767,0.037
m,7.232624851,131.883,0.037
m,7.23693165,137.668,0.0369
m,7.241238614,134.03,0.0369
m,7.266459919,140.285,0.0369
m,7.270973879,131.239,0.0369
m,7.279588158,132.112,0.037
m,7.279588158,129.037,0.037
m,7.287922474,132.064,0.0369
m,7.31599678,130.297,0.0366
m,7.320024414,127.229,0.0367
m,7.320024414,131.949,0.0367
m,7.328292127,130.925,0.0368
m,7.356904992,138.241,0.0369
m,7.360798254,134.09,0.0369
m,7.364618919,136.71,0.0369
m,7.368506974,134.103,0.037
m,7.372187861,132.373,0.037
m,7.393999635,145.227,0.0373
m,7.398167284,137.904,0.0373
m,7.401988394,134.952,0.0375
m,7.409630175,134.554,0.0376
m,7.413311222,145.521,0.0376
m,7.437204891,125.096,0.0377
m,7.445261045,135.15,0.0377
m,7.449288994,128.325,0.0376
m,7.453317127,126.94,0.0376
m,7.146379452,128.924,0.0376
m,7.155132979,131.673,0.0376
m,7.159859364,128.37,0.0375
m,7.164585913,129.342,0.0375
m,7.169312304,131.124,0.0374
m,7.19182545,130.085,0.0371
m,7.200925744,130.5,0.037
m,7.205512291,132.91,0.0369
m,7.210238882,139.194,0.0369
m,7.214758755,134.295,0.037
m,7.245405714,131.736,0.0369
m,7.253745627,137.313,0.0368
m,7.25784588,134.39,0.0369
m,7.262013023,134.749,0.0369
m,7.292022488,133.147,0.0368
m,7.296055562,130.925,0.0368
m,7.300155582,131.558,0.0367
m,7.304255609,128.949,0.0366
m,7.312036432,136.535,0.0366
m,7.332666489,128.562,0.0368
m,7.336833736,134.694,0.0367
m,7.341001151,133.149,0.0367
m,7.349196359,130.207,0.0368
m,7.35315681,141.318,0.0368
m,7.37934263,134.147,0.037
m,7.37934263,141.43,0.037
m,7.3863578,140.425,0.0371
m,7.390038914,140.275,0.0372
m,7.416992284,133.199,0.0376
m,7.416992446,133.761,0.0377
m,7.424701508,128.933,0.0377
m,7.428869124,135.779,0.0376
m,7.433037079,132.298,0.0377
m,7.457485033,127.436,0.0376
m,7.461720221,131.214,0.0375
m,7.465888328,143.419,0.0376
m,7.469916551,131.46,0.0376
m,7.477968428,136.681,0.0377
m,7.477968428,130.534,0.0377
m,7.486299788,135.972,0.0377
m,7.490603066,140.555,0.0378
m,7.494978595,132.617,0.0379
m,7.499214278,143.667,0.0379
m,7.522407053,141.08,0.0376
m,7.527967768,136.699,0.0376
m,7.529774778,143.525,0.0376
m,7.530675894,146.873,0.0375
m,7.53081558,146.274,0.0375
s,7.530324144,137.069,0.0373
s,7.53018446,140.563,0.0373
s,7.530184304,146.053,0.0372
s,7.530044467,143.098,0.0371
s,7.52962542,144.013,0.0371
s,7.529485586,141.242,0.037
s,7.529485586,142.351,0.037
s,7.529485586,147.273,0.037
s,7.529345905,147.13,0.037
s,7.529138291,144.571,0.0368
s,7.529138142,138.027,0.0367
s,7.529137994,143.323,0.0366
s,7.529137994,145.326,0.0366
s,7.529137848,144.031,0.0365
s,7.529416925,144.273,0.0363
s,7.529416783,143.052,0.0362
s,7.529484412,143.187,0.0362
s,7.529484271,142.163,0.0361
s,7.529411811,140.921,0.0358
s,7.529411811,147.582,0.0358
s,7.529411675,137.951,0.0357
s,7.529479314,138.982,0.0357
s,7.529479314,143.915,0.0357
s,7.529821794,146.272,0.0356
s,7.529749773,144.826,0.0356
s,7.529749773,145.724,0.0356
s,7.529749773,144.645,0.0356
s,7.529817431,146.323,0.0356
m,7.507406347,137.379,0.0379
m,7.511362751,132.813,0.0379
m,7.515319208,143.108,0.0379
m,7.519000817,135.427,0.0379
s,7.530675894,147.141,0.0375
s,7.530536208,141.081,0.0375
s,7.530603668,138.181,0.0374
s,7.530463984,145.389,0.0374
s,7.5303243,138.984,0.0374
s,7.529904784,145.292,0.0371
s,7.529765102,140.501,0.0371
s,7.529765102,143.64,0.0371
s,7.52962542,143.647,0.0371
s,7.52962542,144.082,0.0371
s,7.529345753,145.996,0.0369
s,7.529345753,147.271,0.0369
s,7.529138291,141.441,0.0368
s,7.529138291,144.764,0.0368
s,7.52927753,143.278,0.0365
s,7.52927753,141.996,0.0365
s,7.529277385,142.442,0.0364
s,7.529417068,143.34,0.0364
s,7.529416925,143.961,0.0363
s,7.529484131,142.605,0.036
s,7.52934445,143.963,0.036
s,7.529344312,142.139,0.0359
s,7.529344312,142.073,0.0359
s,7.529344312,141.618,0.0359
s,7.5296865,142.336,0.0356
s,7.529754144,143.474,0.0356
s,7.529754144,144.099,0.0356
s,7.529821794,147.854,0.0356
s,7.529817431,146.03,0.0356
s,7.529817431,146.571,0.0356
s,7.529885093,146.546,0.0356
s,7.529885093,145.225,0.0356
s,7.529745422,144.208,0.0356
s,7.529745289,143.481,0.0355
s,7.529885093,143.288,0.0356
s,7.529885093,143.579,0.0356
s,7.529885093,143.747,0.0356
s,7.529957104,143.421,0.0356
s,7.529957238,142.453,0.0357
s,7.529957238,143.771,0.0357
s,7.529957238,144.803,0.0357
s,7.529957238,143.581,0.0357
s,7.529822063,144.146,0.0358
s,7.5298222,144.195,0.0359
s,7.529614874,144.522,0.0359
s,7.529615012,143.429,0.036
s,7.529547506,142.576,0.0361
s,7.529340326,142.612,0.0362
s,7.529340326,140.798,0.0362
s,7.529340326,142.682,0.0362
s,7.529200648,144.629,0.0362
s,7.529272406,144.255,0.036
s,7.529272545,144.043,0.0361
s,7.529204909,144.573,0.0361
s,7.52934459,143.858,0.0361
s,7.52934459,145.205,0.0361
s,7.529137277,144.791,0.0361
s,7.529137138,145.438,0.036
s,7.529137138,143.565,0.036
s,7.529209193,137.516,0.036
s,7.529209193,142.707,0.036
s,7.528929966,143.747,0.0361
s,7.528930107,144.001,0.0362
s,7.528862482,142.775,0.0362
s,7.528862624,142.682,0.0363
s,7.529007048,142.75,0.0365
s,7.529007048,141.945,0.0365
s,7.529079126,142.619,0.0365
s,7.529079126,143.468,0.0365
s,7.529079126,142.507,0.0365
s,7.529885093,143.743,0.0356
s,7.529885093,144.828,0.0356
s,7.529817299,142.694,0.0355
s,7.529885093,143.026,0.0356
s,7.529817431,142.868,0.0356
s,7.529957238,143.627,0.0357
s,7.52988958,144.11,0.0357
s,7.529889716,142.819,0.0358
s,7.529889716,142.896,0.0358
s,7.529547506,142.417,0.0361
s,7.529547506,143.326,0.0361
s,7.529479864,144.553,0.0361
s,7.529340185,144.478,0.0361
s,7.529340326,142.138,0.0362
s,7.529200507,144.976,0.0361
s,7.529200507,144.706,0.0361
s,7.529200507,144.582,0.0361
s,7.529200368,143.829,0.036
s,7.529272406,144.064,0.036
s,7.529204909,145.635,0.0361
s,7.529137277,144.752,0.0361
s,7.529137277,144.987,0.0361
s,7.529137277,145.068,0.0361
s,7.529137138,146.345,0.036
s,7.529137277,146.039,0.0361
s,7.529137277,146.59,0.0361
s,7.529137277,141.843,0.0361
s,7.528929966,144.232,0.0361
s,7.528862624,144.546,0.0363
s,7.528934832,142.97,0.0364
s,7.528934832,142.116,0.0364
s,7.528934832,141.237,0.0364
s,7.529006903,141.441,0.0364
s,7.529078981,142.73,0.0364
s,7.529078981,142.979,0.0364
s,7.529078981,143.361,0.0364
s,7.529078981,143.686,0.0364
s,7.529078981,142.879,0.0364
s,7.529078838,143.191,0.0363
s,7.529078838,143.297,0.0363
s,7.529078838,142.827,0.0363
s,7.529078838,142.884,0.0363
s,7.529146164,140.668,0.0361
s,7.529146164,141.15,0.0361
s,7.529146164,141.012,0.0361
s,7.529146164,140.176,0.0361
s,7.52942554,140.76,0.0361
s,7.529493152,141.662,0.0361
s,7.529493152,141.699,0.0361
s,7.529493152,141.958,0.0361
s,7.529632839,142,0.0361
s,7.52977281,141.971,0.0363
s,7.529912641,142.595,0.0364
s,7.529912641,142.942,0.0364
m,7.529912641,143.045,0.0364
m,7.529912641,141.686,0.0364
m,7.538727721,146.891,0.0368
m,7.542265544,136.025,0.0369
m,7.549620614,135.757,0.037
m,7.549620614,142.018,0.037
m,7.578569086,154.084,0.0374
m,7.582251105,137.231,0.0374
m,7.585929167,139.751,0.0374
m,7.589539615,138.494,0.0375
m,7.593289558,154.706,0.0375
m,7.617450234,133.551,0.0376
m,7.621547748,146.186,0.0377
m,7.625505734,133.48,0.0378
m,7.629671491,143.86,0.038
m,7.638417726,145.238,0.038
m,7.664597447,137.558,0.0382
m,7.668903037,133.924,0.0382
m,7.677027702,128.001,0.0382
m,7.681125785,134.881,0.0382
s,7.529078695,141.851,0.0362
s,7.529078695,142.047,0.0362
s,7.529146164,142.051,0.0361
s,7.529146164,142.013,0.0361
s,7.529146164,141.363,0.0361
s,7.529146164,141.265,0.0361
s,7.529146164,141.223,0.0361
s,7.529146164,141.124,0.0361
s,7.529285852,141.774,0.0361
s,7.529285852,141.631,0.0361
s,7.52963298,142.383,0.0362
s,7.52963298,142.296,0.0362
s,7.52963298,142.959,0.0362
s,7.52977281,142.884,0.0363
m,7.529912786,139.672,0.0365
m,7.53019231,130.374,0.0366
m,7.530886281,130.713,0.0366
m,7.532413916,135.581,0.0366
m,7.535189984,138.294,0.0367
m,7.556975823,138.844,0.037
m,7.560585945,132.9,0.0371
m,7.564195957,142.759,0.0371
m,7.56780632,142.062,0.0373
m,7.571348636,136.956,0.0373
m,7.597107402,142.828,0.0375
m,7.605229959,141.666,0.0375
m,7.605230118,133.573,0.0376
m,7.613284993,136.654,0.0376
m,7.64307025,135.361,0.0381
m,7.647514913,135.739,0.038
m,7.651888329,143.748,0.038
m,7.656193746,134.248,0.038
m,7.660499389,133.148,0.0381
m,7.68522391,139.751,0.0382
m,7.689390285,135.009,0.0382
m,7.693346148,132.635,0.0383
m,7.697233724,130.479,0.0383
m,7.7051517,134.822,0.0384
m,7.709113742,144.884,0.0385
m,7.709114086,138.25,0.0387
m,7.716548276,141.072,0.0387
m,7.720228415,134.406,0.0387
m,7.723840465,134.435,0.0388
m,7.744610352,132.81,0.0389
m,7.748014822,135.439,0.039
m,7.751419677,129.781,0.0393
m,7.754684596,129.132,0.0393
m,7.762116974,132.347,0.0393
m,7.787125625,138.442,0.0395
m,7.795045524,137.724,0.0395
m,7.798866356,133.282,0.0396
m,7.802826614,137.459,0.0397
m,7.828461287,128.156,0.0402
m,7.832005486,127.643,0.0401
m,7.835410565,136.782,0.0401
m,7.838954995,136.225,0.0401
m,7.842360118,143.076,0.0401
m,7.86501176,131.041,0.0401
m,7.86869407,136.058,0.0401
m,7.872584587,134.106,0.0401
m,7.876335911,133.304,0.0401
m,7.880018444,132.915,0.0401
m,7.905244798,134.674,0.0401
m,7.908719525,138.021,0.0401
m,7.911986055,150.17,0.0401
m,7.919422433,143.626,0.0401
m,7.948337212,140.325,0.0405
m,7.952159958,133.041,0.0405
m,7.952159958,139.803,0.0405
m,7.959805612,139.889,0.0405
m,7.963697895,141.371,0.0406
m,7.988166786,140.617,0.0407
m,7.991990664,136.371,0.0407
m,7.995744482,138.228,0.0406
m,7.99970696,142.604,0.0406
m,8.007632048,142.767,0.0406
m,7.727381274,132.55,0.0388
m,7.734397617,138.239,0.0389
m,7.737801662,137.918,0.0388
m,7.741274474,133.301,0.0389
m,7.762116974,136.454,0.0393
m,7.770452217,147.391,0.0394
m,7.774759249,138.811,0.0394
m,7.778997822,132.091,0.0394
m,7.783026356,141.806,0.0395
m,7.806647745,138.536,0.0399
m,7.810537379,134.411,0.04
m,7.814150451,132.938,0.0401
m,7.817692686,135.875,0.0401
m,7.821305662,134.395,0.0401
m,7.845765455,140.808,0.0402
m,7.853199886,137.035,0.0401
m,7.857160624,136.05,0.0401
m,7.857160815,131.582,0.0402
m,7.883632135,135.345,0.0401
m,7.891067821,145.029,0.0401
m,7.894681633,136.176,0.0401
m,7.894681633,133.236,0.0401
m,7.901770118,134.147,0.0401
m,7.923662881,143.501,0.0403
m,7.927972221,137.093,0.0404
m,7.9321424,136.764,0.0405
m,7.936312451,155.103,0.0405
m,7.940274261,142.62,0.0405
m,7.967659849,147.443,0.0405
m,7.971969787,142.133,0.0406
m,7.980311311,146.527,0.0407
m,7.984273856,145.619,0.0408
m,8.011594462,146.305,0.0405
m,8.015765586,136.792,0.0405
m,8.019936967,137.113,0.0406
m,8.0241774,143.881,0.0405
m,8.028140417,132.55,0.0406
m,8.032242389,132.904,0.0406
m,8.039542934,138.007,0.0406
m,8.042393387,138.754,0.0405
m,8.044479122,139.597,0.0405
s,8.045591403,138.1,0.0406
s,8.045591403,138.265,0.0406
s,8.045521755,138.201,0.0406
s,8.04538286,138.544,0.0407
s,8.045243769,138.33,0.0407
s,8.045104696,138.678,0.0408
s,8.044965807,139.056,0.0409
s,8.044965807,139.111,0.0409
s,8.044965807,139.226,0.0409
s,8.044896183,139.242,0.0409
s,8.044687682,138.807,0.041
s,8.044687682,138.401,0.041
s,8.044687682,138.387,0.041
s,8.044687882,139.426,0.0411
s,8.044618817,139.494,0.0413
s,8.044618817,138.955,0.0413
s,8.044619022,137.964,0.0414
s,8.044619227,138.182,0.0415
s,8.044619434,138.474,0.0416
s,8.044341834,138.021,0.0418
s,8.044341834,138.555,0.0418
s,8.044133286,138.294,0.0418
s,8.04399441,138.765,0.0419
s,8.04399441,138.305,0.0419
s,8.043577107,138.394,0.0418
s,8.043577107,138.687,0.0418
s,8.043507652,138.916,0.0418
s,8.043507652,138.336,0.0418
s,8.043506823,138.942,0.0414
s,8.043506619,138.498,0.0413
s,8.043367326,138.842,0.0412
s,8.043436781,139.242,0.0412
s,8.043436379,138.763,0.041
m,8.045730523,139.523,0.0405
m,8.04607815,139.363,0.0405
s,8.045939054,139.165,0.0405
s,8.045730302,138.254,0.0405
s,8.045591403,137.946,0.0406
s,8.04531322,138.525,0.0407
s,8.045174131,138.674,0.0407
s,8.045035042,138.516,0.0407
s,8.045035239,138.609,0.0408
s,8.044757098,139.067,0.0409
s,8.044757098,139.049,0.0409
s,8.044618212,138.094,0.041
s,8.044618212,141.019,0.041
s,8.044687682,139.375,0.041
s,8.044687882,139.515,0.0411
s,8.044687882,139.783,0.0411
s,8.044688084,138.906,0.0412
s,8.044688084,139.365,0.0412
s,8.044618614,138.474,0.0412
s,8.044549967,139.103,0.0416
s,8.044550175,138.422,0.0417
s,8.044550175,138.105,0.0417
s,8.044480713,137.982,0.0417
s,8.04399441,138.538,0.0419
s,8.04392495,137.908,0.0419
s,8.043785652,137.86,0.0418
s,8.043785652,138.19,0.0418
s,8.043577107,137.84,0.0418
s,8.043507443,138.652,0.0417
s,8.043507443,139.158,0.0417
s,8.043507235,139.111,0.0416
s,8.043507028,138.718,0.0415
s,8.043507028,138.678,0.0415
s,8.04343618,138.387,0.0409
s,8.043505638,137.975,0.0409
s,8.04350544,138.423,0.0408
s,8.043574706,138.283,0.0407
s,8.04343523,138.038,0.0405
s,8.043504312,137.69,0.0403
s,8.043365037,137.452,0.0402
s,8.04343432,137.367,0.0401
s,8.043434132,137.534,0.04
s,8.043641011,138.254,0.0392
s,8.043640834,138.062,0.0391
s,8.043571079,137.847,0.039
s,8.043571079,137.866,0.039
s,8.043570491,137.778,0.0387
s,8.043639999,138.538,0.0387
s,8.043639999,138.286,0.0387
s,8.043709341,137.889,0.0386
s,8.043848412,137.744,0.0386
s,8.043918098,138.125,0.0387
s,8.044057167,137.92,0.0387
s,8.044057339,137.942,0.0388
s,8.044126857,137.907,0.0388
s,8.044126857,138.234,0.0388
s,8.044196378,138.261,0.0388
s,8.044196551,138.509,0.0389
s,8.043987962,138.454,0.0389
s,8.044057484,138.509,0.0389
s,8.043849068,138.308,0.039
s,8.043849068,137.948,0.039
s,8.043849068,138.325,0.039
s,8.043849068,138.347,0.039
s,8.043987962,138.712,0.0389
s,8.043918269,138.281,0.0388
s,8.043918098,138.239,0.0387
s,8.044057167,138.564,0.0387
s,8.044057167,138.039,0.0387
s,8.044196066,138.212,0.0386
s,8.044334631,137.671,0.0383
s,8.044334466,138.647,0.0382
s,8.044334301,138.078,0.0381
s,8.044334301,139.38,0.0381
s,8.043503236,136.764,0.0398
s,8.043433451,138.617,0.0397
s,8.043502569,136.456,0.0395
s,8.043502389,137.882,0.0394
s,8.043641189,137.534,0.0393
s,8.043570731,138.085,0.0388
s,8.043640232,137.893,0.0388
s,8.043709736,137.922,0.0388
s,8.043709736,138.147,0.0388
s,8.043570491,138.009,0.0387
s,8.043917927,138.027,0.0386
s,8.043917927,138.163,0.0386
s,8.043918098,137.895,0.0387
s,8.043918098,137.787,0.0387
s,8.044126857,138.192,0.0388
s,8.044126857,138.73,0.0388
s,8.04412703,138.414,0.0389
s,8.044126857,138.52,0.0388
s,8.044126857,138.522,0.0388
s,8.044057484,138.154,0.0389
s,8.044057484,138.149,0.0389
s,8.044057484,138.56,0.0389
s,8.043987962,138.374,0.0389
s,8.043987962,138.376,0.0389
s,8.043848894,139.239,0.0389
s,8.043779373,138.509,0.0389
s,8.043918443,138.436,0.0389
s,8.043918269,137.963,0.0388
s,8.044196066,138.212,0.0386
s,8.044195897,138.378,0.0385
s,8.044195728,138.401,0.0384
s,8.044195728,138.565,0.0384
s,8.044195561,137.733,0.0383
s,8.044334138,138.143,0.038
s,8.044333976,139.942,0.0379
s,8.044194906,136.538,0.0379
s,8.044194745,139.194,0.0378
s,8.044194428,138.46,0.0376
s,8.044263787,138.554,0.0375
s,8.044263631,139.043,0.0374
s,8.044263631,139.261,0.0374
s,8.044263477,139.512,0.0373
s,8.044124255,138.927,0.0372
s,8.043984717,139.05,0.0369
s,8.043845653,138.959,0.0369
s,8.043845653,139.243,0.0369
s,8.043706588,139.575,0.0369
s,8.043567525,138.943,0.0369
s,8.043289398,139.059,0.0369
s,8.043289398,139.019,0.0369
s,8.043150335,138.985,0.0369
s,8.043150335,139.103,0.0369
m,8.04398472,141.653,0.0369
m,8.04593164,134.577,0.0369
m,8.052328729,143.053,0.0369
m,8.055805323,139.43,0.0368
m,8.05962979,141.857,0.0368
m,8.085706522,138.412,0.0369
m,8.089461791,136.936,0.037
m,8.093286631,140.211,0.037
m,8.097111671,147.541,0.0371
m,8.101214464,140.702,0.037
m,8.131605915,138.621,0.0372
m,8.135778986,145.036,0.0372
m,8.144333374,141.734,0.0372
m,8.144333223,137.832,0.0371
m,8.178138213,150.958,0.0376
m,8.182382189,138.203,0.0378
m,8.191076318,142.817,0.0377
m,8.195459082,134.385,0.0377
m,8.199910949,141.254,0.0378
m,8.226068224,134.676,0.038
m,8.230659288,140.109,0.0381
m,8.239911337,135.813,0.0381
m,8.244642678,132.891,0.0381
m,8.249374603,137.607,0.0384
s,8.044193776,140.002,0.0372
s,8.044193624,138.374,0.0371
s,8.044054407,138.789,0.037
s,8.044054257,140.208,0.0369
s,8.043428461,138.977,0.0369
s,8.043428461,138.678,0.0369
s,8.043428461,139.218,0.0369
s,8.043289398,139.162,0.0369
s,8.043289398,138.948,0.0369
m,8.043150335,139.107,0.0369
m,8.043011272,139.043,0.0369
m,8.043011272,141.804,0.0369
m,8.043011272,129.691,0.0369
m,8.043289398,147.575,0.0369
m,8.063245514,156.563,0.0367
m,8.067070074,145.04,0.0367
m,8.074441032,133.631,0.0367
m,8.077987543,139.166,0.0368
m,8.105595907,139.399,0.037
m,8.114567241,133.157,0.037
m,8.119018252,134.926,0.0371
m,8.123260387,137.382,0.0371
m,8.123260539,135.631,0.0372
m,8.15323584,142.769,0.0373
m,8.157548111,136.805,0.0373
m,8.161860586,143.263,0.0374
m,8.166034173,138.337,0.0375
m,8.170207821,142.645,0.0376
m,8.204294008,139.72,0.0379
m,8.208606924,140.066,0.0379
m,8.217302992,139.265,0.0379
m,8.221754944,139.516,0.0379
m,8.254175097,138.849,0.0386
m,8.258907023,131.811,0.0388
m,8.267674829,137.546,0.0389
m,8.271850023,133.356,0.0391
m,8.276163918,131.534,0.0392
m,8.280339049,144.434,0.0393
m,8.284443932,135.484,0.0394
m,8.288548671,142.896,0.0394
m,8.297314773,133.154,0.0391
m,8.323479353,136.864,0.0393
m,8.327584443,138.998,0.0393
m,8.336213321,133.542,0.0394
m,8.340805243,140.989,0.0394
m,8.340805601,146.598,0.0396
m,8.371282476,153.788,0.0394
m,8.375596866,140.14,0.0392
m,8.380120946,138.228,0.0392
m,8.384783801,132.606,0.0392
m,8.389378614,142.873,0.0392
m,8.418610663,135.46,0.0391
m,8.422577888,139.638,0.0391
m,8.427031873,137.574,0.0391
m,8.431417794,146.296,0.039
m,8.461001124,151.388,0.0389
m,8.464968764,154.964,0.0389
m,8.468726796,134.2,0.0388
m,8.47583072,137.678,0.0389
m,8.479244081,138.359,0.0389
m,8.499086687,135.368,0.0387
m,8.507232406,136.815,0.0387
m,8.507232406,139.904,0.0387
m,8.515239728,145.358,0.0387
m,8.519136934,145.464,0.0387
m,8.544754951,138.737,0.0385
m,8.547817264,135.461,0.0384
m,8.551995226,135.287,0.0383
m,8.552481944,134.199,0.0383
s,8.551927796,134.293,0.0383
s,8.551789259,133.723,0.0383
s,8.551579614,134.112,0.0383
s,8.551579451,134.534,0.0382
s,8.551440914,135.407,0.0382
m,8.297314599,134.282,0.039
m,8.305735415,146.017,0.039
m,8.310049516,145.677,0.039
m,8.314711789,137.894,0.0391
m,8.319164935,143.753,0.0392
m,8.350128464,138.533,0.0397
m,8.354581371,139.333,0.0395
m,8.358825429,143.209,0.0395
m,8.363139854,134.041,0.0394
m,8.393832449,141.645,0.0393
m,8.402533323,143.478,0.0394
m,8.406709563,139.308,0.0393
m,8.406709387,141.043,0.0392
m,8.41464365,143.021,0.0392
m,8.440187154,142.892,0.0389
m,8.444364178,146.183,0.039
m,8.448818374,147.571,0.039
m,8.448818202,136.178,0.0389
m,8.456962707,136.717,0.0389
m,8.482934724,135.708,0.0389
m,8.48676368,133.961,0.0387
m,8.490802549,136.577,0.0387
m,8.494980072,138.698,0.0387
m,8.522966618,144.497,0.0387
m,8.526725309,142.558,0.0387
m,8.534104201,143.557,0.0387
m,8.53772441,137.182,0.0387
m,8.541344648,147.052,0.0387
m,8.552481944,134.645,0.0383
m,8.552481944,134.442,0.0383
s,8.552205033,134.281,0.0384
s,8.552066332,134.263,0.0383
s,8.552066332,134.236,0.0383
s,8.551440914,134.631,0.0382
s,8.551302378,134.345,0.0382
s,8.551163842,135.049,0.0382
s,8.551163842,135.055,0.0382
s,8.551163842,135.254,0.0382
s,8.551025306,135.075,0.0382
s,8.551025306,135.046,0.0382
s,8.550886609,135.181,0.0381
s,8.550886609,134.828,0.0381
s,8.550609379,135.691,0.038
s,8.55060954,135.484,0.0381
s,8.55060954,135.341,0.0381
s,8.550471169,135.343,0.0382
s,8.550190571,135.196,0.0383
s,8.550190736,135.078,0.0384
s,8.550190736,135.116,0.0384
s,8.550119794,135.076,0.0385
s,8.550119961,134.915,0.0386
s,8.550049536,135.263,0.039
s,8.550049709,134.915,0.0391
s,8.550049709,134.782,0.0391
s,8.550049883,134.929,0.0392
s,8.550259525,134.878,0.0392
s,8.550469876,134.737,0.0396
s,8.550469876,134.922,0.0396
s,8.550469876,134.634,0.0396
s,8.550679702,135.008,0.0397
s,8.551028064,134.843,0.0398
s,8.551237713,134.632,0.0398
s,8.551237713,135.012,0.0398
s,8.551447362,134.865,0.0398
s,8.551447362,134.729,0.0398
s,8.551933897,135.1,0.0397
s,8.551933897,134.973,0.0397
s,8.552005015,135.229,0.0397
s,8.552005015,135.035,0.0397
s,8.552214669,135.104,0.0397
s,8.552214489,135.959,0.0396
s,8.552214489,136.033,0.0396
s,8.55221431,135.014,0.0395
s,8.552075779,135.32,0.0395
s,8.550886609,134.827,0.0381
s,8.550748074,135.004,0.0381
s,8.550748074,134.703,0.0381
s,8.550609379,134.922,0.038
s,8.550609379,135.203,0.038
s,8.550471169,135.712,0.0382
s,8.550400054,135.359,0.0382
s,8.550261684,135.462,0.0383
s,8.550261684,135.016,0.0383
s,8.550261684,135.031,0.0383
s,8.550119961,134.803,0.0386
s,8.550120129,135.194,0.0387
s,8.550120299,135.15,0.0388
s,8.550120469,135.058,0.0389
s,8.5502597,134.735,0.0393
s,8.5502597,134.413,0.0393
s,8.550398414,134.632,0.0394
s,8.550398414,134.869,0.0394
s,8.550398591,134.616,0.0395
s,8.550679702,134.939,0.0397
s,8.550679702,135.129,0.0397
s,8.550818419,135.052,0.0398
s,8.551028064,135.153,0.0398
s,8.551028064,134.672,0.0398
s,8.551657012,135.269,0.0398
s,8.551657012,134.92,0.0398
s,8.551795545,135.086,0.0398
s,8.551795545,135.327,0.0398
s,8.552214669,134.968,0.0397
s,8.552214669,135.091,0.0397
s,8.552214669,134.879,0.0397
s,8.552214669,135.256,0.0397
s,8.552214669,135.427,0.0397
s,8.552075601,134.526,0.0394
s,8.551936893,135.151,0.0393
s,8.551936893,134.887,0.0393
s,8.551798187,134.3,0.0392
s,8.551798013,134.807,0.0391
s,8.55179784,134.52,0.039
s,8.551659138,135.28,0.0389
s,8.551588012,135.021,0.0389
s,8.551449311,134.562,0.0388
s,8.551520437,134.946,0.0388
s,8.551381402,134.687,0.0385
s,8.551310109,134.322,0.0384
s,8.551310109,134.28,0.0384
s,8.551310109,134.729,0.0384
s,8.551309945,134.668,0.0383
s,8.551238986,134.123,0.0384
s,8.551377518,135.125,0.0384
s,8.551377518,135.092,0.0384
s,8.551377518,133.972,0.0384
s,8.551793282,134.388,0.0385
s,8.551793116,134.637,0.0384
s,8.551793116,134.514,0.0384
s,8.551793116,134.258,0.0384
s,8.551931649,133.877,0.0384
s,8.552137441,133.563,0.0383
s,8.552137441,134.508,0.0383
s,8.552137441,134.171,0.0383
s,8.552137441,135.388,0.0383
s,8.552137278,134.004,0.0382
s,8.552066168,134.582,0.0382
s,8.552066168,133.931,0.0382
s,8.552066006,134.207,0.0381
s,8.552066006,134.507,0.0381
s,8.551927309,134.395,0.038
s,8.551927309,134.551,0.038
s,8.551788771,134.536,0.038
s,8.551788611,134.854,0.0379
s,8.551788611,134.598,0.0379
s,8.551511381,134.482,0.0378
s,8.551511381,134.441,0.0378
s,8.551372847,134.584,0.0378
s,8.551372689,134.486,0.0377
s,8.551372689,134.638,0.0377
s,8.551520437,134.48,0.0388
s,8.55138157,134.691,0.0386
s,8.55138157,134.777,0.0386
s,8.551381402,134.743,0.0385
s,8.551238821,134.817,0.0383
s,8.551238821,134.953,0.0383
s,8.551238821,134.582,0.0383
s,8.551238986,135.005,0.0384
s,8.551238986,134.704,0.0384
s,8.551377518,134.878,0.0384
s,8.551377518,134.606,0.0384
s,8.55151605,133.816,0.0384
s,8.55151605,133.654,0.0384
s,8.551654748,134.008,0.0385
s,8.551931649,134.914,0.0384
s,8.552070019,134.184,0.0383
s,8.551998906,134.681,0.0383
s,8.551998906,133.542,0.0383
s,8.552137278,133.73,0.0382
s,8.552137278,135.14,0.0382
s,8.552137278,135.261,0.0382
s,8.552137278,134.496,0.0382
s,8.552137278,134.232,0.0382
s,8.552066006,134.333,0.0381
s,8.55192747,134.467,0.0381
s,8.55192747,134.637,0.0381
s,8.551927309,134.584,0.038
s,8.551927309,134.727,0.038
s,8.551649917,134.319,0.0378
s,8.551649917,134.44,0.0378
s,8.551649917,134.257,0.0378
s,8.551511381,134.538,0.0378
s,8.551234155,134.648,0.0377
s,8.551234155,134.35,0.0377
s,8.551234155,134.475,0.0377
s,8.551234155,134.813,0.0377
s,8.55109562,134.892,0.0377
s,8.55109562,134.925,0.0377
m,8.55109562,134.562,0.0377
m,8.551028204,137.696,0.0377
m,8.551028204,135.358,0.0377
m,8.563982602,142.553,0.0378
m,8.56746461,138.24,0.0378
m,8.570808463,145.291,0.038
m,8.577562953,154.673,0.038
m,8.580906761,146.071,0.0381
m,8.601939705,151.226,0.0386
m,8.605560572,149.37,0.0386
m,8.609181635,141.837,0.0387
m,8.612735577,145.229,0.0388
m,8.61621825,137.375,0.0389
m,8.643388596,136.916,0.0396
m,8.647429937,139.056,0.0398
m,8.655512075,136.923,0.0398
m,8.659553414,135.482,0.0399
m,8.683874843,137.952,0.0408
m,8.692306594,139.308,0.0409
m,8.696553614,137.839,0.041
m,8.700662489,143.862,0.0412
m,8.704771196,136.565,0.0413
m,8.733819088,144.788,0.0417
m,8.738071481,137.595,0.0418
m,8.742462071,140.897,0.0418
m,8.746781388,148.378,0.042
m,8.750962229,133.452,0.0421
m,8.763914881,139.807,0.0425
m,8.764052976,139.229,0.0424
m,8.764052976,140.002,0.0424
m,8.763914461,138.707,0.0423
m,8.763289454,139.589,0.0423
m,8.763289245,138.094,0.0422
m,8.763361034,137.584,0.0422
m,8.763289245,138.696,0.0422
m,8.763289245,137.83,0.0422
m,8.551166737,138.387,0.0377
m,8.551653454,139.366,0.0377
m,8.55430041,144.468,0.0377
m,8.55430041,143.747,0.0377
m,8.560638994,141.151,0.0377
m,8.584598673,143.585,0.0381
m,8.588081065,138.08,0.0382
m,8.591563329,137.974,0.0382
m,8.595045956,140.811,0.0384
m,8.61991093,138.642,0.0391
m,8.623741943,144.524,0.0392
m,8.631403922,137.542,0.0393
m,8.635306457,138.537,0.0394
m,8.639347497,146.372,0.0395
m,8.663452016,137.555,0.0401
m,8.663452201,140.059,0.0402
m,8.671253516,141.398,0.0403
m,8.675228175,130.728,0.0404
m,8.679479903,143.9,0.0406
m,8.709089921,138.361,0.0414
m,8.71751729,143.391,0.0415
m,8.721487571,146.75,0.0415
m,8.729638462,139.771,0.0416
m,8.758068364,153.013,0.0421
m,8.760507549,152.016,0.0423
m,8.762316261,149.069,0.0424
m,8.762316472,138.591,0.0425
m,8.763638272,134.668,0.0425
m,8.76370437,137.508,0.0423
m,8.76370437,139.075,0.0423
m,8.763566064,139.06,0.0423
m,8.763566064,140.068,0.0423
m,8.763427758,139.793,0.0423
m,8.763289038,138.871,0.0421
m,8.763150733,139.082,0.0421
m,8.763150733,137.923,0.0421
m,8.763150733,139.425,0.0421
m,8.763150733,140.855,0.0421
m,8.763150733,140.362,0.0421
m,8.763150733,139.95,0.0421
m,8.763222318,140.188,0.042
m,8.763222318,140.501,0.042
m,8.763155604,138.693,0.0419
m,8.763227402,139.076,0.0419
m,8.763365499,139.169,0.0418
m,8.763437299,139.075,0.0418
m,8.763851998,139.257,0.0417
m,8.763923595,139.997,0.0416
m,8.763923595,139.904,0.0416
m,8.764061695,140.103,0.0415
m,8.764061297,139.178,0.0413
m,8.763993635,139.838,0.0407
m,8.763993445,140.292,0.0406
m,8.764065063,139.587,0.0405
m,8.764064875,139.981,0.0404
m,8.764064688,140.31,0.0403
m,8.763859352,143.238,0.04
m,8.76385917,135.484,0.0399
m,8.763859352,137.422,0.04
m,8.763720874,139.718,0.0399
m,8.763721057,138.913,0.04
m,8.763859352,141.22,0.04
m,8.763859535,138.92,0.0401
m,8.76406983,139.764,0.0402
m,8.764208311,137.929,0.0403
m,8.764695958,140.667,0.0408
m,8.764834447,140.494,0.0409
m,8.764834641,139.72,0.041
m,8.765045338,140.325,0.0413
m,8.765183832,139.931,0.0414
m,8.765323547,139.642,0.0421
m,8.765324173,140.518,0.0424
m,8.765186088,139.867,0.0425
m,8.7651863,140.102,0.0426
m,8.763155809,139.202,0.042
m,8.763155809,139.073,0.042
m,8.763084015,137.898,0.042
m,8.763155604,138.624,0.0419
m,8.763155809,140.106,0.042
m,8.763575599,139.607,0.0418
m,8.763575599,139.479,0.0418
m,8.763785701,139.835,0.0418
m,8.763785701,139.714,0.0418
m,8.763923797,139.406,0.0417
m,8.7640611,139.377,0.0412
m,8.764060904,139.082,0.0411
m,8.764060709,138.7,0.041
m,8.763993826,139.264,0.0408
m,8.764064502,140.458,0.0402
m,8.764064502,140.168,0.0402
m,8.76392602,140.645,0.0401
m,8.763925836,140.712,0.04
m,8.763925836,141.944,0.04
m,8.763582579,140.568,0.0399
m,8.763582398,138.891,0.0398
m,8.763582398,140.247,0.0398
m,8.763582579,140.987,0.0399
m,8.763582579,139.939,0.0399
m,8.764208686,139.88,0.0405
m,8.764347171,141.398,0.0406
m,8.764557472,140.236,0.0407
m,8.764557472,142.4,0.0407
m,8.765184031,140.701,0.0415
m,8.765184434,140.161,0.0417
m,8.765322932,140.296,0.0418
m,8.765323136,141.108,0.0419
m,8.765323341,140.3,0.042
m,8.765186513,139.58,0.0427
m,8.765048432,139.872,0.0428
m,8.765048648,139.894,0.0429
m,8.76491057,140.649,0.043
m,8.764911006,139.85,0.0432
m,8.764839411,139.593,0.0433
m,8.764562821,139.591,0.0433
m,8.764563042,139.385,0.0434
m,8.764701337,136.197,0.0434
m,8.765049964,135.51,0.0435
m,8.777799094,146.321,0.0442
m,8.785039284,142.847,0.0445
m,8.789010429,147.346,0.0446
m,8.793119411,141.408,0.0445
m,8.797162272,142.579,0.0445
m,8.827692649,139.66,0.0444
m,8.832432681,141.305,0.0443
m,8.841492916,129.53,0.0443
m,8.84149338,136.539,0.0445
m,8.877947529,138.834,0.0448
m,8.882202055,138.808,0.0449
m,8.886318248,139.393,0.0449
m,8.890572928,145.202,0.045
m,8.894689047,144.365,0.0449
m,8.919449741,139.283,0.0455
m,8.923843116,133.571,0.0456
m,8.928163985,143.842,0.0456
m,8.936319149,135.386,0.0456
m,8.9403578,144.678,0.0458
m,8.970224566,133.419,0.0463
m,8.974401145,134.09,0.0464
m,8.978367238,126.336,0.0465
m,8.982399802,126.218,0.0469
m,9.014316374,132.526,0.0467
m,9.018834333,132.743,0.0466
m,9.023352548,130.773,0.0466
m,9.032316596,136.411,0.0466
m,9.036492645,143.567,0.0465
m,9.055623561,148.106,0.0462
m,9.058872504,145.079,0.0461
m,9.063299223,140.077,0.0461
m,9.063923549,140.257,0.0459
s,9.063713145,140.365,0.0459
m,8.766653706,142.29,0.0435
m,8.769020965,138.97,0.0436
m,8.771808926,133.865,0.0439
m,8.777798635,138.052,0.044
m,8.800994788,139.684,0.0444
m,8.804827578,149.019,0.0444
m,8.813334051,139.917,0.0444
m,8.818002137,148.173,0.0444
m,8.822952226,138.21,0.0443
m,8.850205118,141.436,0.0444
m,8.854669762,144.361,0.0446
m,8.859410433,137.576,0.0446
m,8.864217969,154.686,0.0449
m,8.87362726,140.295,0.0448
m,8.898733499,148.008,0.045
m,8.907111363,142.169,0.0451
m,8.907111603,136.048,0.0452
m,8.915128472,148.3,0.0453
m,8.944606684,136.013,0.0459
m,8.948855587,133.772,0.046
m,8.953242611,131.704,0.0461
m,8.961733329,131.301,0.0461
m,8.966047994,131.382,0.0462
m,8.986714484,132.147,0.047
m,8.991305358,129.888,0.0471
m,9.000275313,128.646,0.0468
m,9.004931363,132.315,0.0467
m,9.009660067,127.334,0.0467
m,9.036492392,139.155,0.0464
m,9.044482832,146.329,0.0463
m,9.048290381,136.715,0.0462
m,9.051960431,148.325,0.0463
s,9.063712654,140.049,0.0457
s,9.063435889,139.909,0.0455
s,9.063297508,139.936,0.0454
s,9.063159129,140.239,0.0453
s,9.06315889,140.235,0.0452
s,9.062948245,139.878,0.0451
s,9.062947772,140.035,0.0449
s,9.062875273,140.438,0.0448
s,9.062874807,140.175,0.0446
s,9.0628607,140.231,0.044
s,9.062787783,140.098,0.0437
s,9.062853468,140.304,0.0436
s,9.062853247,140.465,0.0435
s,9.062846705,140.323,0.0434
s,9.062833033,140.506,0.0429
s,9.062971188,140.284,0.0429
s,9.062898762,140.979,0.0428
s,9.06289855,140.988,0.0427
s,9.062898129,140.77,0.0425
s,9.062819666,140.502,0.0425
s,9.062819666,140.582,0.0425
s,9.062819666,140.736,0.0425
s,9.062747466,140.425,0.0425
s,9.062609095,140.414,0.0424
s,9.062609095,139.772,0.0424
s,9.062609095,140.339,0.0424
s,9.062609095,140.846,0.0424
s,9.062609095,140.299,0.0424
s,9.062753502,140.69,0.0424
s,9.062753502,141.261,0.0424
s,9.062753502,140.818,0.0424
s,9.062687551,140.77,0.0424
s,9.062687551,141.114,0.0424
s,9.062627681,140.968,0.0423
s,9.062561752,141.015,0.0423
s,9.06256196,141.652,0.0424
s,9.062423807,141.102,0.0424
s,9.062292179,141.153,0.0425
s,9.06215403,141.197,0.0425
s,9.062226269,141.129,0.0425
s,9.062088121,141.078,0.0425
s,9.062088331,140.84,0.0426
s,9.062802314,140.06,0.0445
s,9.062802084,140.846,0.0444
s,9.06286774,140.392,0.0443
s,9.062795258,140.166,0.0442
s,9.062933175,140.208,0.0441
s,9.062846486,140.304,0.0433
s,9.062774039,140.109,0.0432
s,9.062839533,141.162,0.043
s,9.062839533,140.439,0.043
s,9.062898129,141.094,0.0425
s,9.062825709,140.835,0.0424
s,9.062825709,140.995,0.0424
s,9.062753502,140.5,0.0424
s,9.062891662,140.535,0.0424
s,9.062747466,140.403,0.0425
s,9.062747466,140.824,0.0425
s,9.062747466,139.974,0.0425
s,9.062609095,141.186,0.0424
s,9.062609095,139.989,0.0424
s,9.062747257,140.86,0.0424
s,9.062819457,140.877,0.0424
s,9.062819457,140.94,0.0424
s,9.062819457,141.08,0.0424
s,9.062759763,140.966,0.0424
s,9.062621606,141.36,0.0424
s,9.062621606,140.757,0.0424
s,9.062555667,141.118,0.0424
s,9.062627681,140.922,0.0423
s,9.062423807,141.292,0.0424
s,9.062496245,141.604,0.0425
s,9.062358094,141.297,0.0425
s,9.062219944,141.171,0.0425
s,9.062292179,141.329,0.0425
s,9.061950184,140.211,0.0426
s,9.061950184,140.233,0.0426
s,9.061812037,142.888,0.0426
s,9.061812037,140.376,0.0426
s,9.061812037,142.788,0.0426
s,9.061812037,142.458,0.0426
s,9.061673891,141.309,0.0426
s,9.061673891,141.232,0.0426
s,9.061673891,139.181,0.0426
s,9.06125311,140.164,0.0426
s,9.06125311,141.381,0.0426
s,9.061180871,141.65,0.0426
s,9.06131923,141.543,0.0427
s,9.060971121,140.652,0.0429
s,9.060971335,140.776,0.043
s,9.061043787,140.405,0.0431
s,9.061043787,140.815,0.0431
s,9.061182152,140.376,0.0432
s,9.061254827,141.872,0.0434
s,9.061254827,141.771,0.0434
s,9.061254827,140.283,0.0434
s,9.06132707,141.759,0.0434
s,9.06132707,141.223,0.0434
s,9.061537681,140.821,0.0435
s,9.061399535,140.826,0.0435
s,9.061471784,141.166,0.0435
s,9.061544036,140.499,0.0435
s,9.061688992,140.596,0.0437
s,9.061761255,141.825,0.0437
s,9.061833519,140.402,0.0437
s,9.061833519,140.954,0.0437
s,9.061833519,140.75,0.0437
s,9.062116196,140.652,0.0437
s,9.062116196,140.663,0.0437
s,9.062254333,140.654,0.0437
s,9.062254333,140.761,0.0437
s,9.062254333,140.38,0.0437
s,9.062529947,140.436,0.0434
s,9.062668086,140.454,0.0434
s,9.062667867,140.804,0.0433
s,9.062667867,139.831,0.0433
s,9.061601647,139.931,0.0426
s,9.0614635,141.47,0.0426
s,9.0614635,141.041,0.0426
s,9.0614635,140.436,0.0426
s,9.061391258,140.188,0.0426
s,9.06131923,140.721,0.0427
s,9.061181081,141.69,0.0427
s,9.061109057,141.085,0.0428
s,9.061109057,141.074,0.0428
s,9.06110927,140.708,0.0429
s,9.061182369,140.483,0.0433
s,9.061182369,141.608,0.0433
s,9.061182587,142.335,0.0434
s,9.061254827,140.469,0.0434
s,9.061465217,140.57,0.0434
s,9.061465217,140.992,0.0434
s,9.061465436,140.868,0.0435
s,9.061537681,140.979,0.0435
s,9.061537681,140.687,0.0435
s,9.061544257,141.498,0.0436
s,9.061544257,140.915,0.0436
s,9.061544257,141.509,0.0436
s,9.061616734,140.501,0.0437
s,9.061688992,141.159,0.0437
s,9.061905788,140.776,0.0437
s,9.061906011,140.776,0.0438
s,9.061906011,141.17,0.0438
s,9.061978282,140.788,0.0438
s,9.062254111,140.219,0.0436
s,9.062254111,140.57,0.0436
s,9.062254111,140.832,0.0436
s,9.062392029,140.534,0.0435
s,9.0624643,140.638,0.0435
s,9.062667867,140.416,0.0433
s,9.06266765,140.903,0.0432
s,9.062805572,140.521,0.0431
s,9.06287784,140.323,0.0431
s,9.06287784,140.701,0.0431
s,9.062877625,140.801,0.043
s,9.063015978,140.952,0.0431
s,9.063015763,140.409,0.043
s,9.063153902,140.232,0.043
s,9.063153902,140.754,0.043
s,9.063429965,140.53,0.0429
s,9.063429753,140.274,0.0428
s,9.063429753,140.532,0.0428
s,9.06356768,140.451,0.0427
s,9.063639946,140.741,0.0427
m,9.064678766,152.401,0.0425
m,9.069605115,139.913,0.0425
m,9.069605115,146.538,0.0425
m,9.07695862,145.546,0.0425
m,9.104290741,143.101,0.0433
m,9.113171237,138.195,0.0434
m,9.113171457,142.533,0.0435
m,9.122328766,140.154,0.0437
m,9.126631329,136.64,0.0439
m,9.149106329,153.708,0.0448
m,9.153685672,135.811,0.045
m,9.162495614,135.869,0.0452
m,9.166864702,136.226,0.0453
m,9.171306046,142.051,0.0455
m,9.193813019,138.202,0.0464
m,9.200093006,154.452,0.0465
m,9.203126358,145.072,0.0467
m,9.206231344,144.448,0.0467
m,9.230866417,140.892,0.0471
m,9.23394902,144.526,0.047
m,9.236898424,149.575,0.0468
m,9.23964377,136.792,0.0467
m,9.242533437,141.418,0.0466
m,9.261166821,132.439,0.0463
m,9.264597587,132.196,0.0464
m,9.27165781,136.274,0.0465
m,9.275287337,130.454,0.0466
m,9.275287337,136.41,0.0466
s,9.063292041,140.572,0.043
s,9.063291827,140.543,0.0429
s,9.063291827,140.427,0.0429
s,9.063291827,140.434,0.0429
s,9.063777874,140.259,0.0426
m,9.063777874,140.687,0.0426
m,9.063777664,142.382,0.0425
m,9.063777664,149.368,0.0425
m,9.064053943,149.088,0.0425
m,9.080707641,132.696,0.0425
m,9.084246518,141.892,0.0426
m,9.087851594,155.702,0.0428
m,9.091739272,133.548,0.043
m,9.10006058,145.233,0.0431
m,9.130933711,145.192,0.044
m,9.135440497,142.855,0.0441
m,9.140019639,137.23,0.0443
m,9.144527048,146.346,0.0446
m,9.175326838,144.471,0.0456
m,9.179209945,140.148,0.0459
m,9.183159016,138.244,0.046
m,9.190565428,140.158,0.0462
m,9.193812769,140.723,0.0463
m,9.209403701,138.871,0.0468
m,9.216107446,137.848,0.0469
m,9.219781613,130.724,0.0469
m,9.223675454,141.974,0.047
m,9.227440384,135.64,0.0471
m,9.248448718,137.503,0.0465
m,9.2513358,139.904,0.0465
m,9.254499839,135.791,0.0464
m,9.257730999,134.604,0.0464
m,9.282618062,134.538,0.0465
m,9.286037245,147.274,0.0465
m,9.289600911,135.373,0.0465
m,9.293092225,131.963,0.0464
m,9.296583882,132.386,0.0464
m,9.303712047,131.124,0.0464
m,9.307414449,136.208,0.0464
m,9.311189295,127.846,0.0464
m,9.311189295,131.095,0.0464
m,9.342346522,135.597,0.0465
m,9.346115924,138.649,0.0466
m,9.349812886,139.551,0.0467
m,9.353306321,140.745,0.0468
m,9.35658901,145.023,0.0468
m,9.378138601,133.111,0.0466
m,9.381640081,135.035,0.0466
m,9.385279726,137.905,0.0466
m,9.388846547,135.195,0.0465
m,9.396394698,135.024,0.0464
m,9.422545831,135.891,0.0465
m,9.422545831,139.113,0.0465
m,9.429617568,134.859,0.0465
m,9.433186124,134.558,0.0465
m,9.45685682,133.75,0.0469
m,9.460149994,136.755,0.0466
m,9.463444074,131.652,0.0466
m,9.470243711,140.169,0.0466
m,9.473538263,136.744,0.0466
m,9.490865917,149.855,0.0463
m,9.497870445,133.989,0.0463
m,9.501166294,132.447,0.0463
m,9.504673215,131.734,0.0462
m,9.508042352,128.159,0.046
m,9.531322086,137.247,0.0462
m,9.534536236,135.203,0.0462
m,9.537401964,144.557,0.0464
m,9.539707478,138.851,0.0466
s,9.542995131,149.423,0.0465
s,9.543068534,153.114,0.0464
s,9.54293088,148.216,0.0464
s,9.54293088,147.512,0.0464
s,9.54293088,147.26,0.0464
m,9.318594471,132.199,0.0463
m,9.322369994,148.163,0.0464
m,9.326493764,134.677,0.0463
m,9.33054552,136.089,0.0463
m,9.338439123,138.345,0.0464
m,9.360082364,139.492,0.0468
m,9.367352563,140.938,0.0468
m,9.367352311,153.282,0.0467
m,9.374630268,131.868,0.0467
m,9.400238036,136.988,0.0464
m,9.404081474,136.534,0.0464
m,9.407925012,132.106,0.0464
m,9.411630716,131.789,0.0464
m,9.418904787,133.125,0.0465
m,9.43661742,134.817,0.0467
m,9.439975593,138.146,0.0468
m,9.446838092,133.996,0.0469
m,9.450131821,138.046,0.047
m,9.453563299,132.798,0.047
m,9.473538263,136.554,0.0466
m,9.480411913,137.697,0.0465
m,9.483844735,133.583,0.0465
m,9.487359648,132.34,0.0464
m,9.511412418,135.068,0.0461
m,9.514708927,129.028,0.0461
m,9.518079361,131.15,0.0462
m,9.524663714,141.497,0.0462
m,9.524663959,136.871,0.0463
m,9.54249938,145.943,0.0467
m,9.542848588,149.006,0.0468
m,9.542921982,146.464,0.0467
m,9.542995379,147.217,0.0466
s,9.542995379,147.396,0.0466
s,9.543068534,147.502,0.0464
s,9.543068534,148.056,0.0464
s,9.543142187,147.158,0.0464
s,9.543142187,148.004,0.0464
s,9.543142434,147.394,0.0465
s,9.543142434,148.411,0.0465
s,9.543078439,148.749,0.0465
s,9.543078439,149.403,0.0465
s,9.543078439,149.487,0.0465
s,9.543014449,147.87,0.0465
s,9.543014449,147.142,0.0465
s,9.543014449,147.816,0.0465
s,9.543014449,147.066,0.0465
s,9.543014201,147.764,0.0464
s,9.543014201,148.819,0.0464
s,9.543013955,147.928,0.0463
s,9.543013955,148.176,0.0463
s,9.543013955,147.313,0.0463
s,9.543013955,147.836,0.0463
s,9.543013955,147.691,0.0463
s,9.543013955,146.738,0.0463
s,9.543013955,147.291,0.0463
s,9.54301371,147.655,0.0462
s,9.542940048,146.051,0.0462
s,9.542940048,144.89,0.0462
s,9.542940048,143.678,0.0462
s,9.542940294,144.903,0.0463
s,9.542655326,143.11,0.0463
s,9.542655326,146.354,0.0463
s,9.542581673,144.698,0.0463
s,9.542581673,140.113,0.0463
s,9.542444019,143.679,0.0463
s,9.542370614,144.006,0.0464
s,9.542370614,145.167,0.0464
s,9.542370614,144.683,0.0464
s,9.542296966,145.266,0.0464
s,9.542296966,143.918,0.0464
s,9.542223567,144.708,0.0465
s,9.54222332,144.735,0.0464
s,9.54222332,144.329,0.0464
s,9.54222332,144.066,0.0464
s,9.543152099,147.659,0.0465
s,9.543152099,148.777,0.0465
s,9.543152099,148.121,0.0465
s,9.543014449,148.927,0.0465
s,9.543014449,147.925,0.0465
s,9.543014449,148.091,0.0465
s,9.543014449,148.489,0.0465
s,9.543014201,147.429,0.0464
s,9.543014201,147.731,0.0464
s,9.543014201,148.141,0.0464
s,9.543013955,147.855,0.0463
s,9.543013955,147.436,0.0463
s,9.543013955,146.002,0.0463
s,9.543013955,147.53,0.0463
s,9.54301371,146.83,0.0462
s,9.54301371,145.614,0.0462
s,9.543013466,147.525,0.0461
s,9.543013466,146.656,0.0461
s,9.54301371,146.451,0.0462
s,9.542940294,145.01,0.0463
s,9.542728982,143.186,0.0463
s,9.542728982,144.143,0.0463
s,9.542655326,147.854,0.0463
s,9.542655326,142.925,0.0463
s,9.542444019,145.563,0.0463
s,9.542444019,145.865,0.0463
s,9.542370367,143.579,0.0463
s,9.542370367,143.642,0.0463
s,9.542296966,143.756,0.0464
s,9.542296966,144.364,0.0464
s,9.542297213,144.947,0.0465
s,9.542297213,144.443,0.0465
s,9.542223567,144.817,0.0465
s,9.54222332,144.085,0.0464
s,9.542149677,145.099,0.0464
s,9.542149924,144.876,0.0465
s,9.542150173,143.835,0.0466
s,9.541938875,145.608,0.0466
s,9.541939124,145.038,0.0467
s,9.541801465,144.189,0.0467
s,9.541801465,143.969,0.0467
s,9.541801216,146.944,0.0466
s,9.541801216,149.091,0.0466
s,9.541801465,148.737,0.0467
s,9.541801716,147.233,0.0468
s,9.541801716,145.029,0.0468
s,9.541728329,145.271,0.0469
s,9.541728581,145.909,0.047
s,9.541940132,144.856,0.0471
s,9.541940132,145.333,0.0471
s,9.541940387,145.19,0.0472
s,9.541940387,145.357,0.0472
s,9.541729602,145.958,0.0474
s,9.541729602,145.485,0.0474
s,9.54172986,144.751,0.0475
s,9.54172986,145.96,0.0475
s,9.541592459,145.738,0.0476
s,9.541519605,146.974,0.0479
s,9.541519605,146.719,0.0479
s,9.541519605,146.961,0.0479
s,9.541519605,146.658,0.0479
s,9.541381945,147.054,0.0479
s,9.541520133,146.147,0.0481
s,9.541520133,145.681,0.0481
s,9.541520133,145.56,0.0481
s,9.541520133,145.686,0.0481
s,9.541519868,147.041,0.048
s,9.541519868,145.793,0.048
s,9.541519868,146.066,0.048
s,9.541520133,144.741,0.0481
s,9.541520133,145.483,0.0481
s,9.541594568,145.999,0.0484
s,9.541594836,145.606,0.0485
s,9.541594836,145.249,0.0485
s,9.541594836,145.729,0.0485
s,9.541595105,146.205,0.0486
s,9.541801216,145.225,0.0466
s,9.541801216,144.112,0.0466
s,9.541801465,144.627,0.0467
s,9.541801465,148.52,0.0467
s,9.541728581,145.932,0.047
s,9.541866495,144.671,0.0471
s,9.541940132,144.817,0.0471
s,9.541940132,146.152,0.0471
s,9.541940132,146.042,0.0471
s,9.541940387,145.458,0.0472
s,9.541940387,145.463,0.0472
s,9.541940387,146.169,0.0472
s,9.541802984,145.289,0.0473
s,9.54180324,146.451,0.0474
s,9.541592459,145.95,0.0476
s,9.541519344,146.136,0.0478
s,9.541519344,147.096,0.0478
s,9.541519344,145.951,0.0478
s,9.541381945,145.871,0.0479
s,9.541382208,146.254,0.048
s,9.541382208,146.353,0.048
s,9.541382473,146.258,0.0481
s,9.541382473,145.973,0.0481
s,9.541520133,145.567,0.0481
s,9.541519868,146.077,0.048
s,9.541519868,146.65,0.048
s,9.541519868,146.345,0.048
s,9.541519868,146.034,0.048
s,9.541594034,145.75,0.0482
s,9.5415943,145.56,0.0483
s,9.5415943,145.428,0.0483
s,9.541594568,146.122,0.0484
s,9.541457446,146.9,0.0486
s,9.541457446,146.082,0.0486
s,9.541457177,145.588,0.0485
s,9.541457177,146.192,0.0485
s,9.541319518,145.976,0.0485
s,9.541319518,145.522,0.0485
s,9.541319518,144.922,0.0485
s,9.541319518,145.96,0.0485
s,9.541319518,144.386,0.0485
m,9.541531357,142.864,0.0487
m,9.541605,139.9,0.0487
m,9.541742387,136.935,0.0486
m,9.542789533,135.43,0.0487
m,9.54489295,131.907,0.0487
m,9.565403363,138.563,0.0486
m,9.568755673,135.928,0.0486
m,9.572181791,132.565,0.0486
m,9.575533907,147.997,0.0485
m,9.582450181,129.696,0.0485
m,9.605558543,137.485,0.0483
m,9.60876374,141.775,0.0484
m,9.608764008,133.033,0.0485
m,9.615174151,133.235,0.0486
m,9.642018286,141.513,0.0483
m,9.646058928,137.694,0.0483
m,9.64996229,136.005,0.0484
m,9.653728112,133.744,0.0485
m,9.65763123,135.723,0.0485
m,9.681494653,130.421,0.0487
m,9.685260345,136.624,0.0487
m,9.689026053,133.267,0.0487
m,9.696419722,132.601,0.0486
m,9.699984215,135.229,0.0485
m,9.722653176,130.206,0.0485
m,9.7299736,126.405,0.0486
m,9.733876987,130.933,0.0486
m,9.737928604,134.852,0.0486
m,9.764068733,134.486,0.0489
m,9.767696995,128.132,0.0488
m,9.771537453,134.143,0.0489
m,9.779080724,130.098,0.049
m,9.779080996,131.99,0.0491
s,9.541319788,145.878,0.0486
s,9.541393429,146.315,0.0486
s,9.5413937,146.102,0.0487
m,9.5413937,145.937,0.0487
m,9.5413937,145.999,0.0487
m,9.548116995,143.245,0.0487
m,9.551552213,143.602,0.0486
m,9.558551378,146.603,0.0486
m,9.558551109,140.887,0.0485
m,9.58580267,132.047,0.0485
m,9.589081094,134.658,0.0484
m,9.592433637,135.055,0.0484
m,9.595785947,134.643,0.0483
m,9.599138554,134.13,0.0483
m,9.618526342,142.193,0.0484
m,9.621942764,132.901,0.0484
m,9.625708232,145.306,0.0484
m,9.629611276,133.206,0.0484
m,9.63790426,133.846,0.0485
m,9.661608317,136.526,0.0485
m,9.665374455,136.781,0.0487
m,9.673466275,135.72,0.0487
m,9.67744372,135.32,0.0488
m,9.703686533,138.955,0.0485
m,9.70759011,130.872,0.0486
m,9.711493697,129.697,0.0487
m,9.715333326,130.006,0.0486
m,9.722653443,129.205,0.0486
m,9.74183202,136.234,0.0486
m,9.749438047,131.835,0.0486
m,9.753267363,136.215,0.0486
m,9.756959198,131.006,0.0486
m,9.760587976,132.296,0.0487
m,9.786486402,129.812,0.049
m,9.789977624,131.396,0.049
m,9.793468871,132.258,0.049
m,9.79688564,132.905,0.0489
m,9.800302958,129.646,0.049
m,9.807137087,132.078,0.049
m,9.810416726,129.237,0.049
m,9.813770643,129.349,0.049
m,9.817124591,131.625,0.049
m,9.8405688,129.799,0.0488
m,9.84447258,133.445,0.0488
m,9.848313022,136.75,0.0487
m,9.85221656,138.64,0.0486
m,9.877397056,135.674,0.0487
m,9.880952041,128.107,0.0488
m,9.884443501,125.344,0.0487
m,9.891352617,127.76,0.0487
m,9.895055676,134.439,0.0485
m,9.913561022,127.719,0.0479
m,9.920333098,131.737,0.0479
m,9.92033284,131.151,0.0478
m,9.927030755,134.238,0.0479
m,9.930099334,129.298,0.048
m,9.953747319,130.005,0.0479
m,9.957377058,131.633,0.048
m,9.960794158,126.784,0.0478
m,9.96442367,133.88,0.0478
m,9.987088003,151.23,0.0479
m,9.993872336,148.405,0.0478
m,9.997501743,136.816,0.0477
m,10.00119385,143.397,0.0476
m,10.00846497,141.829,0.0475
m,10.0252577,135.191,0.0484
m,10.02951184,133.938,0.0486
m,10.03069714,133.452,0.0487
m,10.03174516,130.884,0.0488
m,10.0328558,130.029,0.0489
s,10.03674921,129.068,0.0493
s,10.03667482,128.904,0.0494
s,10.03667536,129.026,0.0496
s,10.03673883,128.868,0.0499
m,9.820404287,132.032,0.049
m,9.823684269,132.037,0.0491
m,9.830243463,128.448,0.049
m,9.830243463,133.15,0.049
m,9.836940136,128.157,0.0489
m,9.855982968,129.481,0.0486
m,9.863378422,129.375,0.0486
m,9.867007472,128.964,0.0486
m,9.867007472,128.321,0.0486
m,9.873979473,132.944,0.0486
m,9.898970582,127.075,0.0483
m,9.902810841,128.265,0.048
m,9.906577202,128.037,0.0479
m,9.910143557,133.514,0.0479
m,9.933379256,134.416,0.0479
m,9.936659449,129.074,0.0479
m,9.943632171,136.981,0.048
m,9.947049485,134.189,0.0479
m,9.950329983,132.405,0.048
m,9.971321465,147.193,0.0477
m,9.971321979,138.787,0.0479
m,9.977533933,138.112,0.0481
m,9.980876509,136.295,0.0479
m,9.98394496,130.214,0.0479
m,10.01209496,129.209,0.0476
m,10.01565032,134.759,0.0477
m,10.01899348,131.711,0.0477
m,10.02233715,131.852,0.0479
m,10.03417813,132.276,0.0489
m,10.03563802,128.36,0.049
m,10.03674813,129.107,0.0489
m,10.03702299,129.138,0.049
s,10.03688596,129.175,0.0491
s,10.03673938,128.87,0.0501
s,10.03680231,128.906,0.0502
s,10.03680259,128.983,0.0503
s,10.03680287,128.895,0.0504
s,10.03666557,128.895,0.0504
s,10.03666585,129.044,0.0505
s,10.03666614,128.958,0.0506
s,10.03666642,129.015,0.0507
s,10.03674108,129.087,0.0507
s,10.0366035,128.939,0.0506
s,10.03667759,129.272,0.0504
s,10.03667731,129.175,0.0503
s,10.03667703,128.593,0.0502
s,10.0366144,128.794,0.0502
s,10.03655149,128.934,0.0501
s,10.03635075,129.24,0.0498
s,10.03635075,128.959,0.0498
s,10.03642542,129.055,0.0498
s,10.03628813,128.918,0.0498
s,10.03566486,129.701,0.05
s,10.03566486,129.736,0.05
s,10.03552757,129.448,0.05
s,10.03545317,129.177,0.0501
s,10.0351786,129.907,0.0501
s,10.03496691,128.718,0.0502
s,10.0351042,129.446,0.0502
s,10.0351042,128.994,0.0502
s,10.03502981,128.765,0.0503
s,10.03502981,129.473,0.0503
s,10.03530439,129.056,0.0503
s,10.0354414,129.102,0.0502
s,10.03557869,129.072,0.0502
s,10.03579037,129.172,0.0501
s,10.03586338,128.949,0.0495
s,10.03586311,128.942,0.0494
s,10.0358005,128.967,0.0494
s,10.03580023,128.927,0.0493
s,10.03572582,129.015,0.0494
s,10.03600095,129.138,0.0496
s,10.03592655,129.226,0.0497
s,10.03592683,129.071,0.0498
s,10.03585244,128.975,0.0499
s,10.03585299,128.992,0.0501
s,10.0366035,129.036,0.0506
s,10.03660321,129.204,0.0505
s,10.03667787,129.362,0.0505
s,10.03667759,129.358,0.0504
s,10.03655121,129.109,0.05
s,10.03662588,129.103,0.05
s,10.03648859,128.881,0.05
s,10.03648831,129.133,0.0499
s,10.03635075,128.902,0.0498
s,10.03621346,128.829,0.0498
s,10.03621374,129.042,0.0499
s,10.03593916,128.87,0.0499
s,10.03593916,129.069,0.0499
s,10.03580215,129.121,0.05
s,10.0351786,129.529,0.0501
s,10.03504131,128.82,0.0501
s,10.03504131,129.458,0.0501
s,10.03504131,128.908,0.0501
s,10.03502981,129.059,0.0503
s,10.0351671,129.17,0.0503
s,10.0351671,129.041,0.0503
s,10.0351671,129.265,0.0503
s,10.0351671,128.992,0.0503
s,10.03579009,129.033,0.05
s,10.03592738,129.033,0.05
s,10.0359271,129.042,0.0499
s,10.03578926,128.889,0.0497
s,10.03578899,128.875,0.0496
s,10.03572582,128.949,0.0494
s,10.03586311,128.875,0.0494
s,10.03586338,129.017,0.0495
s,10.03586338,128.898,0.0495
s,10.03584124,129.013,0.0502
s,10.03584152,128.994,0.0503
s,10.0358418,129.05,0.0504
s,10.03563013,128.942,0.0505
s,10.03563013,129.114,0.0505
s,10.03555547,129.026,0.0505
s,10.03541846,129.014,0.0506
s,10.03541875,128.787,0.0507
s,10.03541875,128.855,0.0507
s,10.03505806,128.837,0.0509
s,10.03505806,128.74,0.0509
s,10.03519536,128.742,0.0509
s,10.03519536,128.819,0.0509
s,10.03533295,128.877,0.051
s,10.03588215,129.312,0.051
s,10.03595679,129.426,0.051
s,10.03609438,128.669,0.0511
s,10.03623168,129.237,0.0511
s,10.03623168,129.097,0.0511
s,10.03651798,129.095,0.051
s,10.03630632,129.083,0.0511
s,10.03630632,129.15,0.0511
s,10.03616902,129.215,0.0511
s,10.03616845,129.201,0.0509
s,10.03609409,129.162,0.051
s,10.03609409,129.22,0.051
s,10.03609438,129.179,0.0511
s,10.03601974,129.255,0.0511
s,10.03573432,129.149,0.0515
s,10.03573461,129.673,0.0516
s,10.03559731,129.352,0.0516
s,10.03559761,128.549,0.0517
s,10.03559761,129.956,0.0517
s,10.03524837,128.923,0.0517
s,10.03524837,128.913,0.0517
s,10.03524837,128.915,0.0517
s,10.03511136,128.932,0.0518
s,10.03491229,128.921,0.0521
s,10.03491259,128.939,0.0522
s,10.03477559,129.062,0.0523
s,10.03470095,128.999,0.0523
s,10.03456395,129.004,0.0524
s,10.03534409,128.773,0.0507
s,10.03534409,128.793,0.0507
s,10.03513243,128.742,0.0508
s,10.03513243,128.917,0.0508
s,10.03513243,128.68,0.0508
s,10.03533295,128.612,0.051
s,10.03547025,128.921,0.051
s,10.03560755,129.215,0.051
s,10.03574485,129.127,0.051
s,10.03636898,129.413,0.0511
s,10.03658092,129.167,0.0511
s,10.03658063,129.17,0.051
s,10.03665528,129.038,0.051
s,10.03665528,129.235,0.051
s,10.03616902,129.108,0.0511
s,10.03616874,129.063,0.051
s,10.03616874,129.188,0.051
s,10.03616845,128.809,0.0509
s,10.03616845,129.164,0.0509
s,10.03580808,129.258,0.0512
s,10.03580837,129.007,0.0513
s,10.03580867,128.885,0.0514
s,10.03573432,129.023,0.0515
s,10.03552327,128.643,0.0518
s,10.03552327,129.203,0.0518
s,10.03531103,129.197,0.0517
s,10.03531103,128.96,0.0517
s,10.03524837,128.975,0.0517
s,10.0350487,129.004,0.0518
s,10.0350487,128.959,0.0518
s,10.03504899,129.095,0.0519
s,10.03504929,129.194,0.052
s,10.03491199,129.023,0.052
s,10.03448931,129.124,0.0524
s,10.03448961,128.971,0.0525
s,10.03435231,128.998,0.0525
s,10.03414067,129.148,0.0526
s,10.03414067,129.063,0.0526
s,10.03400367,128.973,0.0527
s,10.03386668,128.998,0.0528
s,10.03379204,129.237,0.0528
s,10.03365505,129.074,0.0529
s,10.03323272,129.238,0.0534
m,10.03315808,129.124,0.0534
m,10.03315808,128.991,0.0534
m,10.03315777,134.47,0.0533
m,10.04652591,126.602,0
m,10.04958078,130.807,0.0533
m,10.05302362,134.977,0.0534
m,10.05674172,129.516,0.0537
m,10.06416455,130.181,0.0539
m,10.08433718,130.533,0.0538
m,10.08849034,136.577,0.0532
m,10.09702499,128.912,0.0528
m,10.09702468,131.274,0.0527
m,10.10493796,140.182,0.0526
m,10.13194778,131.387,0.0505
m,10.13578379,128.498,0.0502
m,10.13961926,130.838,0.0495
m,10.14338093,132.406,0.0492
m,10.16892069,129.342,0.0478
m,10.1726244,132.359,0.0472
m,10.17988486,141.189,0.0472
m,10.18345458,129.235,0.0471
m,10.18681215,143.494,0.047
m,10.20598105,140.611,0.0466
m,10.20998013,133.081,0.0461
m,10.21714597,144.329,0.0458
m,10.22066146,129.832,0.0456
m,10.22431479,135.776,0.0456
m,10.2445574,130.062,0.0445
m,10.2510971,138,0.0443
m,10.25426947,136.093,0.0441
m,10.25744272,133.869,0.044
s,10.03358072,129.043,0.053
s,10.03358072,128.843,0.053
s,10.03336909,129.062,0.0531
s,10.03336971,129.07,0.0533
s,10.03323272,128.976,0.0534
m,10.03315777,132.37,0.0533
m,10.03406788,133.308,0.0532
m,10.03576342,133.162,0.0532
m,10.0382322,130.721,0.0532
m,10.04098778,141.678,0.0532
m,10.06803193,125.482,0.054
m,10.07196186,131.612,0.0541
m,10.07604135,129.461,0.0541
m,10.08033251,131.993,0.0539
m,10.10883266,132.102,0.0524
m,10.11272604,134.068,0.0516
m,10.11648425,137.799,0.0513
m,10.12421531,129.495,0.051
m,10.12805056,127.532,0.0508
m,10.15070806,131.563,0.0489
m,10.15447121,131.7,0.0486
m,10.15809814,141.422,0.0484
m,10.1618012,131.446,0.0482
m,10.16542916,135.364,0.048
m,10.19023114,145.074,0.0469
m,10.19023114,140.755,0.0469
m,10.19833246,132.04,0.0467
m,10.20211849,137.563,0.0467
m,10.2278319,135.936,0.0455
m,10.2311966,129.262,0.0453
m,10.23450168,132.645,0.0451
m,10.24125039,135.482,0.0447
m,10.24455762,138.269,0.0446
m,10.26061643,135.844,0.0438
m,10.26379081,130.41,0.0436
m,10.27008273,133.414,0.0435
m,10.27298673,135.572,0.0435
m,10.27602767,129.138,0.0434
m,10.27866009,132.098,0.0433
m,10.28142991,133.783,0.0433
m,10.28414089,144.858,0.0431
m,10.28691231,140.233,0.0431
m,10.28962543,136.917,0.0431
m,10.30772995,138.588,0.0431
m,10.31002204,135.804,0.0431
m,10.3123149,139.186,0.0431
m,10.31447257,139.846,0.0432
m,10.31663084,137.733,0.0432
m,10.33170593,134.658,0.0431
m,10.33418385,128.503,0.0431
m,10.33674104,132.716,0.043
m,10.33922145,136.506,0.043
m,10.35595295,132.576,0.0429
m,10.36138495,137.464,0.0429
m,10.36138495,136.324,0.0429
m,10.36666453,129.311,0.0428
m,10.36931754,136.626,0.0428
m,10.38428105,138.914,0.0431
m,10.38899547,138.316,0.0432
m,10.39142198,145.185,0.0432
m,10.39363453,135.163,0.0432
m,10.39598376,141.407,0.0433
m,10.41102737,145.782,0.0434
m,10.41316871,137.585,0.0434
m,10.41531096,143.399,0.0434
m,10.41731887,139.068,0.0434
m,10.43304536,137.649,0.0435
m,10.43748311,149.633,0.0436
m,10.43993203,135.179,0.0436
m,10.44238201,134.491,0.0436
m,10.44499457,134.093,0.0436
m,10.4595357,141.183,0.0438
m,10.46169751,142.641,0.0439
m,10.46380635,137.433,0.0439
m,10.46597025,146.803,0.0441
m,10.46799981,148.365,0.0441
m,10.29511328,134.138,0.0431
m,10.29767438,135.454,0.0432
m,10.30031344,137.525,0.0432
m,10.30287579,139.795,0.0432
m,10.31878992,134.464,0.0432
m,10.32094979,138.008,0.0432
m,10.32536982,143.683,0.0432
m,10.32536982,147.502,0.0432
m,10.32952164,140.934,0.0432
m,10.34391411,131.287,0.043
m,10.34618384,135.57,0.043
m,10.34859036,130.289,0.0429
m,10.3509196,130.543,0.0429
m,10.35332847,130.356,0.0429
m,10.37189293,139.231,0.0428
m,10.37454876,147.312,0.0428
m,10.37691204,131.541,0.0428
m,10.38177831,130.784,0.043
m,10.39819833,142.615,0.0433
m,10.40027851,154.208,0.0433
m,10.40463273,138.637,0.0432
m,10.40682711,137.375,0.0433
m,10.40896667,139.487,0.0433
m,10.41932774,139.734,0.0434
m,10.42377926,140.092,0.0434
m,10.42608688,141.046,0.0434
m,10.42831522,135.088,0.0434
m,10.43067991,139.952,0.0435
m,10.44752761,141.616,0.0436
m,10.44992708,140.477,0.0437
m,10.45470221,142.968,0.0437
m,10.45470221,144.336,0.0437
m,10.47016488,149.71,0.044
m,10.47436339,137.622,0.044
m,10.47682906,141.411,0.044
m,10.47682906,150.84,0.044
m,10.48184517,136.302,0.044
m,10.48423243,143.112,0.044
m,10.48670233,137.344,0.044
m,10.48909155,146.135,0.044
m,10.4938201,150.307,0.044
m,10.50891297,141.799,0.0445
m,10.51106457,155.474,0.0443
m,10.51106414,150.564,0.0441
m,10.51598988,143.442,0.044
m,10.51849501,144.52,0.044
m,10.52885224,140.912,0.0443
m,10.53047391,137.262,0.0445
m,10.53201371,141.601,0.0447
m,10.53380195,152.6,0.0447
m,10.53569405,142.251,0.0447
m,10.5467181,145.392,0.0451
m,10.54726703,144.163,0.045
m,10.54768171,151.598,0.0448
m,10.54858199,143.077,0.0447
s,10.54956516,146.149,0.0445
s,10.54956516,146.523,0.0445
s,10.54948233,146.346,0.0446
s,10.54948233,146.074,0.0446
s,10.54939949,145.769,0.0447
s,10.54941875,146.346,0.0448
s,10.54947003,145.407,0.0449
s,10.5494698,145.022,0.0448
s,10.54933593,146.587,0.0449
s,10.54925289,145.455,0.0449
s,10.54868454,146.375,0.0449
s,10.54846741,145.718,0.0449
s,10.5485187,146.043,0.045
s,10.5485187,145.936,0.045
s,10.54840462,146.232,0.0454
s,10.54832183,147.253,0.0455
s,10.54823904,146.607,0.0456
s,10.54837338,145.713,0.0457
s,10.54829083,145.262,0.0459
m,10.4960779,157.984,0.0441
m,10.49820194,145.537,0.0441
m,10.50024523,153.086,0.0442
m,10.50250622,146.396,0.0444
m,10.5045514,145.022,0.0445
m,10.52086691,147.942,0.0442
m,10.5226712,142.647,0.0442
m,10.52422869,134.251,0.0442
m,10.5272624,141.015,0.0442
m,10.53750452,149.386,0.0449
m,10.53926388,144.216,0.0449
m,10.54307284,150.987,0.045
m,10.54468792,146.496,0.0451
m,10.54583703,150.878,0.0451
m,10.54926497,150.941,0.0445
m,10.54964822,145.155,0.0445
m,10.54973129,145.56,0.0445
s,10.54964822,145.841,0.0445
s,10.54956516,145.38,0.0445
s,10.54953358,146.331,0.0447
s,10.54945053,145.628,0.0447
s,10.5495018,146.057,0.0448
s,10.5495018,145.183,0.0448
s,10.5491188,146.103,0.0449
s,10.54890167,145.993,0.0449
s,10.54890167,146.147,0.0449
s,10.54868454,145.681,0.0449
s,10.54868454,146.268,0.0449
s,10.54851892,146.185,0.0451
s,10.54843589,146.774,0.0451
s,10.54835309,146.545,0.0452
s,10.54835332,146.836,0.0453
s,10.54827052,146.506,0.0454
s,10.54834216,145.428,0.046
s,10.54820829,145.028,0.0461
s,10.54812551,146.182,0.0462
s,10.54812599,146.125,0.0464
s,10.54817709,145.697,0.0464
s,10.54817733,145.535,0.0465
s,10.54817757,144.906,0.0466
s,10.54822867,144.845,0.0466
s,10.54822891,145.258,0.0467
s,10.548281,144.712,0.0471
s,10.548281,145.885,0.0471
s,10.54841535,145.999,0.0472
s,10.54841535,145.128,0.0472
s,10.54855045,145.635,0.0476
s,10.54855045,146.055,0.0476
s,10.5485507,145.726,0.0477
s,10.54855095,145.542,0.0478
s,10.54855095,145.817,0.0478
s,10.54855146,146.353,0.048
s,10.54863471,145.479,0.0481
s,10.54855197,146.104,0.0482
s,10.54855197,145.986,0.0482
s,10.54855197,145.704,0.0482
s,10.54868557,145.825,0.048
s,10.54881968,146.066,0.048
s,10.54881943,146.552,0.0479
s,10.54881943,146.271,0.0479
s,10.54887055,146.806,0.0479
s,10.54887055,146.465,0.0479
s,10.54887055,146.161,0.0479
s,10.54887055,146.482,0.0479
s,10.54887055,145.858,0.0479
s,10.54895354,146.512,0.0479
s,10.54881968,145.734,0.048
s,10.54881968,145.435,0.048
s,10.54881943,145.73,0.0479
s,10.54881943,145.748,0.0479
s,10.54887106,145.683,0.0481
s,10.54887106,145.911,0.0481
s,10.54887106,145.023,0.0481
s,10.54878807,145.98,0.0481
s,10.54836326,145.665,0.0468
s,10.54836326,144.999,0.0468
s,10.54836351,145.855,0.0469
s,10.54828075,145.63,0.047
s,10.548281,145.139,0.0471
s,10.5484156,146.158,0.0473
s,10.54841584,146.363,0.0474
s,10.54846696,145.025,0.0474
s,10.54846721,145.234,0.0475
s,10.5485502,145.617,0.0475
s,10.54855121,145.569,0.0479
s,10.54855121,145.699,0.0479
s,10.54855121,145.854,0.0479
s,10.54855146,145.228,0.048
s,10.54855197,146.171,0.0482
s,10.54855197,146.534,0.0482
s,10.54855171,146.139,0.0481
s,10.54868582,145.543,0.0481
s,10.54868557,146.333,0.048
s,10.54881943,146.539,0.0479
s,10.54887055,145.232,0.0479
s,10.54887055,146.109,0.0479
s,10.54887055,146.327,0.0479
s,10.54887055,145.583,0.0479
s,10.54887055,145.888,0.0479
s,10.54887055,145.968,0.0479
s,10.54887055,145.734,0.0479
s,10.54895354,145.647,0.0479
s,10.54895354,145.699,0.0479
s,10.54895379,145.194,0.048
s,10.54881968,145.69,0.048
s,10.54881968,145.857,0.048
s,10.54895405,145.232,0.0481
s,10.54878807,146.026,0.0481
s,10.54892218,145.685,0.0481
s,10.5488392,145.24,0.0481
s,10.54883945,145.506,0.0482
s,10.54883945,145.735,0.0482
s,10.54875647,145.65,0.0482
s,10.54867375,144.755,0.0483
s,10.54867375,145.13,0.0483
s,10.54880787,144.9,0.0483
s,10.54872489,144.619,0.0483
s,10.54891068,145.73,0.0485
s,10.54882797,144.85,0.0486
s,10.54882797,146.031,0.0486
s,10.548745,145.114,0.0486
s,10.54887912,144.922,0.0486
s,10.54901325,144.617,0.0486
s,10.54893029,144.582,0.0486
s,10.54893029,144.187,0.0486
s,10.54901325,145.297,0.0486
s,10.54896183,144.58,0.0485
s,10.54904454,145.399,0.0484
s,10.54904454,144.502,0.0484
s,10.54904454,144.874,0.0484
s,10.54904454,144.322,0.0484
s,10.5490761,145.489,0.0483
s,10.5490761,144.992,0.0483
s,10.5490761,145.89,0.0483
s,10.5490761,145.278,0.0483
s,10.5490761,144.897,0.0483
s,10.54907636,145.956,0.0484
s,10.5489425,145.215,0.0485
s,10.5489425,145.283,0.0485
s,10.54880838,145.439,0.0485
m,10.54917217,147.192,0.0485
m,10.55027018,146.202,0.0484
m,10.55186721,145.58,0.0485
m,10.55354768,159.763,0.0485
m,10.55734484,147.851,0.0484
m,10.5683364,148.328,0.048
m,10.57291376,149.814,0.0479
m,10.57291351,143.587,0.0478
m,10.57741086,155.899,0.0476
m,10.57961908,155.226,0.0475
s,10.54872515,145.203,0.0484
s,10.54872515,145.101,0.0484
s,10.5487763,145.167,0.0484
s,10.54877655,145.73,0.0485
s,10.54887912,144.595,0.0486
s,10.54887912,144.871,0.0486
s,10.54887912,145.253,0.0486
s,10.54887912,144.899,0.0486
s,10.54887912,145.305,0.0486
s,10.54901325,144.888,0.0486
s,10.54901325,144.913,0.0486
s,10.54901299,144.723,0.0485
s,10.54896183,144.762,0.0485
s,10.54896183,144.694,0.0485
s,10.54912751,145.257,0.0484
s,10.54912751,144.971,0.0484
s,10.54912725,145.469,0.0483
s,10.5490761,145.323,0.0483
s,10.5490761,145.441,0.0483
s,10.5490761,145.787,0.0483
s,10.5490761,145.909,0.0483
s,10.5490761,145.678,0.0483
s,10.54907636,145.838,0.0484
m,10.54880864,145.132,0.0486
m,10.54880864,145.2,0.0486
m,10.54867452,153.943,0.0486
m,10.54867452,150.781,0.0486
m,10.54884022,149.308,0.0485
m,10.55924439,148.056,0.0483
m,10.56144573,160.566,0.0484
m,10.56359678,162.172,0.0483
m,10.56596618,147.511,0.0482
m,10.58169436,151.823,0.0474
m,10.58412215,155.48,0.0474
m,10.58641686,150.305,0.0473
m,10.59074195,152.504,0.0472
m,10.59282215,151.031,0.0472
m,10.59503695,152.917,0.0472
m,10.59698478,151.818,0.047
m,10.59920111,148.618,0.0469
m,10.6014183,155.213,0.0468
m,10.61714607,153.813,0.0464
m,10.61972157,146.627,0.0463
m,10.62243141,147.965,0.0462
m,10.62820559,146.055,0.0462
m,10.63105157,151.994,0.0462
m,10.6440689,147.661,0.0462
m,10.64907954,157.313,0.0463
m,10.65145809,142.803,0.0463
m,10.65392222,157.323,0.0463
m,10.65638694,148.046,0.0463
m,10.67327659,146.04,0.0462
m,10.67587877,147.816,0.0462
m,10.67883313,149.595,0.0462
m,10.68148397,147.384,0.0462
m,10.70117745,158.739,0.047
m,10.70408899,153.515,0.0468
m,10.70997008,150.29,0.0467
m,10.70996984,154.81,0.0466
m,10.71620472,153.425,0.0466
m,10.73079254,157.341,0.0464
m,10.7359793,152.354,0.0464
m,10.73872596,161.633,0.0464
m,10.7387262,150.288,0.0465
m,10.74395555,148.858,0.0465
m,10.76280576,149.592,0.0466
m,10.76590954,154.914,0.0467
m,10.76874864,159.074,0.0468
m,10.77136883,150.72,0.0468
m,10.78834674,153.034,0.0469
m,10.79061585,150.774,0.0469
m,10.79284065,148.79,0.047
m,10.79497933,147.751,0.0471
m,10.79711863,153.317,0.0471
m,10.60350275,154.191,0.0467
m,10.60563743,151.88,0.0466
m,10.61021185,144.836,0.0466
m,10.61256685,156.803,0.0465
m,10.6147894,150.918,0.0465
m,10.63105181,149.97,0.0463
m,10.63639464,157.138,0.0463
m,10.63902481,145.554,0.0463
m,10.6414375,151.527,0.0463
m,10.65885223,149.435,0.0463
m,10.6610997,148.234,0.0463
m,10.66348087,144.532,0.0463
m,10.66586255,145.218,0.0463
m,10.66824473,144.448,0.0463
m,10.68422102,156.197,0.0463
m,10.68978202,148.196,0.0464
m,10.69252063,154.764,0.0465
m,10.69534591,146.371,0.0468
m,10.69830428,148.125,0.0469
m,10.71925249,148.338,0.0466
m,10.72216779,148.742,0.0465
m,10.72521683,153.973,0.0465
m,10.72804758,150.496,0.0465
m,10.74661741,150.553,0.0465
m,10.74914724,155.724,0.0466
m,10.75176345,147.744,0.0465
m,10.75699794,147.829,0.0465
m,10.75983513,154.877,0.0465
m,10.77385699,148.318,0.0468
m,10.77643244,148.554,0.0468
m,10.77900853,150.806,0.0468
m,10.78385174,154.023,0.0467
m,10.78603264,154.165,0.0468
m,10.79925856,148.716,0.047
m,10.80118028,151.351,0.0471
m,10.80493836,153.394,0.0471
m,10.80655525,153.51,0.0471
m,10.80830508,148.198,0.0471
m,10.80992331,146.967,0.0471
m,10.81171716,153.325,0.0471
m,10.81351211,149.029,0.0472
m,10.81539572,148.724,0.0474
m,10.82521694,145.656,0.0477
m,10.82653581,154.476,0.0478
m,10.82789931,147.519,0.0478
m,10.82939665,150.229,0.0481
m,10.83765624,151.611,0.0484
m,10.84053497,153.06,0.0484
m,10.84190984,145.888,0.0483
m,10.84328607,145.303,0.0483
m,10.84466367,155.277,0.0484
m,10.85072371,158.021,0.0482
m,10.8530045,147.301,0.0482
m,10.85425457,151.681,0.0482
m,10.85537415,146.934,0.0483
m,10.85662579,152.655,0.0483
m,10.86516858,150.785,0.0482
m,10.86656436,152.458,0.0482
m,10.86805107,156.413,0.0483
m,10.86949077,154.373,0.0483
m,10.8813202,149.305,0.0486
m,10.88277785,154.356,0.0485
m,10.88414694,148.365,0.0485
m,10.88414694,156.26,0.0485
m,10.88702011,147.043,0.0486
m,10.89553769,152.203,0.0487
m,10.89704877,147.234,0.0487
m,10.89852098,157.061,0.0487
m,10.90008509,148.726,0.0486
m,10.90156008,148.469,0.0486
m,10.91181837,151.698,0.0488
m,10.91317418,149.513,0.0488
m,10.91479261,155.842,0.0489
m,10.91632066,156.849,0.0489
m,10.81710358,152.972,0.0476
m,10.81863697,152.748,0.0477
m,10.82144186,154.479,0.0477
m,10.82267013,145.464,0.0477
m,10.82398705,158.302,0.0477
m,10.83230564,149.633,0.0484
m,10.83230564,156.308,0.0484
m,10.83451414,147.167,0.0485
m,10.83557537,160.3,0.0484
m,10.83668131,151.871,0.0484
m,10.84608511,156.384,0.0484
m,10.8472871,153.477,0.0484
m,10.84848975,154.944,0.0483
m,10.85072371,145.577,0.0482
m,10.85774673,158.65,0.0483
m,10.8603481,151.303,0.0483
m,10.86156073,148.688,0.0482
m,10.86273247,151.156,0.0482
m,10.86273273,155.308,0.0483
m,10.8708901,149.225,0.0484
m,10.87233823,152.763,0.0483
m,10.87546039,149.903,0.0484
m,10.87849819,151.711,0.0485
m,10.87849819,150.911,0.0485
m,10.88830258,149.764,0.0486
m,10.8896766,152.101,0.0486
m,10.89114258,148.232,0.0487
m,10.89415867,149.043,0.0487
m,10.90290574,149.247,0.0486
m,10.9060446,148.235,0.0486
m,10.90604486,152.092,0.0487
m,10.90901932,147.112,0.0486
m,10.91046371,150.53,0.0487
m,10.91911951,150.253,0.0489
m,10.92061239,152.477,0.0489
m,10.92232863,148.675,0.0489
m,10.92369417,152.643,0.049
m,10.92682029,150.431,0.0492
m,10.92854234,146.023,0.0493
m,10.92854234,155.307,0.0493
m,10.93145378,151.153,0.0493
m,10.93308789,149.994,0.0494
m,10.93463093,156.845,0.0494
m,10.94391433,148.566,0.0495
m,10.94537319,158.076,0.0495
m,10.94679544,157.79,0.0494
m,10.94812635,146.433,0.0493
m,10.9509397,153.08,0.0491
m,10.9607152,158.449,0.0491
m,10.96265312,156.436,0.0491
m,10.96446328,160.653,0.0492
m,10.9677357,152.005,0.0492
m,10.97810878,160.792,0.0501
m,10.97943079,150.916,0.0503
m,10.98062447,157.544,0.0504
m,10.98194879,151.618,0.0505
m,10.98318046,152.068,0.0506
m,10.99180519,157.187,0.0509
m,10.99352654,145.793,0.0509
m,10.99528375,155.983,0.0509
m,10.99717073,151.236,0.0508
m,10.99829405,146.454,0.0508
s,10.99944233,150.426,0.0504
s,10.99957136,152.199,0.0504
s,10.99957109,151.909,0.0503
s,10.99970011,151.352,0.0503
s,10.99982806,152.439,0.0499
s,10.99982806,153.446,0.0499
s,10.99982779,152.804,0.0498
s,10.99973332,155.278,0.0498
s,10.99986235,151.812,0.0498
s,11.00002541,152.719,0.0496
s,11.00002541,153.477,0.0496
s,11.00015444,153.234,0.0496
s,11.00015444,153.728,0.0496
s,11.00037793,154.216,0.0496
m,10.93626731,147.885,0.0494
m,10.93790499,158.586,0.0494
m,10.94090726,147.51,0.0494
m,10.94245655,144.295,0.0495
m,10.95093918,147.549,0.0489
m,10.95412949,160.902,0.0489
m,10.95561563,154.293,0.0489
m,10.95741914,149.604,0.049
m,10.95900138,150.883,0.049
m,10.96773596,150.359,0.0493
m,10.97099418,150.18,0.0494
m,10.97249609,157.03,0.0495
m,10.97399977,148.689,0.0497
m,10.97541163,147.467,0.05
m,10.98450699,160.594,0.0506
m,10.98596458,149.069,0.0508
m,10.98742312,153.639,0.0509
m,10.98875285,154.999,0.0507
m,10.9990394,152.23,0.0505
m,10.99953708,149.977,0.0505
m,10.99944288,151.035,0.0506
m,10.99944288,151.65,0.0506
s,10.99944233,152.424,0.0504
s,10.99969984,152.008,0.0502
s,10.99969984,152.312,0.0502
s,10.99982887,152.486,0.0502
s,10.9998286,152.762,0.0501
s,10.99982833,152.786,0.05
s,10.99986235,152.861,0.0498
s,10.99986208,152.77,0.0497
s,10.99989664,153.07,0.0497
s,10.99989664,152.39,0.0497
s,11.00037793,154.168,0.0496
s,11.00050696,154.696,0.0496
s,11.00060169,153.966,0.0497
s,11.00060169,153.541,0.0497
s,11.00060169,155.116,0.0497
s,11.00069642,153.988,0.0498
s,11.00069642,153.941,0.0498
s,11.00092045,156.596,0.05
s,11.00101492,155.196,0.05
s,11.00148758,155.25,0.0501
s,11.00148704,154.82,0.0499
s,11.00158152,154.82,0.0499
s,11.00158152,154.838,0.0499
s,11.00158126,154.026,0.0498
s,11.00170948,153.464,0.0495
s,11.00170948,153.01,0.0495
s,11.00170948,153.105,0.0495
s,11.00170948,153.246,0.0495
s,11.00170948,152.548,0.0495
s,11.00158046,152.659,0.0495
s,11.0015802,153.388,0.0494
s,11.00157994,152.782,0.0493
s,11.00145118,154.132,0.0494
s,11.00135565,154.309,0.049
s,11.00135539,155.354,0.0489
s,11.00135514,154.088,0.0488
s,11.00135514,153.806,0.0488
s,11.00126065,153.424,0.0488
s,11.00126065,153.693,0.0488
s,11.00126065,153.119,0.0488
s,11.0012604,154.631,0.0487
s,11.00113138,152.256,0.0487
s,11.00113138,152.701,0.0487
s,11.00122509,152.728,0.0484
s,11.00122509,153.393,0.0484
s,11.00122484,152.753,0.0483
s,11.00122459,153.757,0.0482
s,11.00128355,153.072,0.0478
s,11.00137779,153.72,0.0477
s,11.00137779,154.216,0.0477
s,11.00137779,153.557,0.0477
s,11.00137779,152.31,0.0477
s,11.00110966,156.007,0.0501
s,11.00110993,154.537,0.0502
s,11.00129888,156.545,0.0502
s,11.00139336,154.019,0.0502
s,11.00139336,154.349,0.0502
s,11.00158099,154.799,0.0497
s,11.00171001,154.902,0.0497
s,11.00171001,153.203,0.0497
s,11.00170975,153.746,0.0496
s,11.00170948,153.025,0.0495
s,11.00170948,151.538,0.0495
s,11.00170948,152.241,0.0495
s,11.00158046,153.811,0.0495
s,11.00158046,153.526,0.0495
s,11.00145092,153.742,0.0493
s,11.00145092,153.45,0.0493
s,11.00145092,152.203,0.0493
s,11.0014504,153.78,0.0491
s,11.00145014,153.613,0.049
s,11.00126065,153.513,0.0488
s,11.00126065,153.615,0.0488
s,11.00126091,152.916,0.0489
s,11.00126065,154.358,0.0488
s,11.00113112,152.617,0.0486
s,11.00113112,151.416,0.0486
s,11.00113112,152.025,0.0486
s,11.00126014,152.661,0.0486
s,11.00113086,153.441,0.0485
s,11.00131907,154.647,0.0482
s,11.00131882,153.913,0.0481
s,11.00131857,154.914,0.048
s,11.00128379,153.012,0.0479
s,11.00128355,154.145,0.0478
s,11.00141232,153.234,0.0477
s,11.00141232,151.95,0.0477
s,11.00141232,152.595,0.0477
s,11.00141207,153.386,0.0476
s,11.00141207,153.299,0.0476
s,11.00141182,152.196,0.0475
s,11.00131758,152.733,0.0476
s,11.00131758,153.239,0.0476
s,11.00131758,155.282,0.0476
s,11.00129168,153.61,0.0474
s,11.00129168,151.21,0.0474
s,11.00119745,153.138,0.0475
s,11.00119721,151.58,0.0474
s,11.00075021,152.836,0.0474
s,11.00075021,152.331,0.0474
s,11.00075021,152.567,0.0474
s,11.00084468,152.547,0.0474
s,11.00084468,153.125,0.0474
s,11.00075045,151.243,0.0475
s,11.00075045,151.815,0.0475
s,11.00075045,152.073,0.0475
s,11.00084493,150.748,0.0475
s,11.00084517,149.824,0.0476
s,11.00075119,152.978,0.0478
s,11.00075119,152.834,0.0478
s,11.00075119,152.404,0.0478
s,11.0007164,153.401,0.0477
s,11.00090486,153.279,0.0475
s,11.0009991,153.89,0.0474
s,11.00087008,153.361,0.0474
s,11.00096432,151.791,0.0473
s,11.00096432,151.732,0.0473
s,11.00105905,153.359,0.0474
s,11.00115354,153.203,0.0474
s,11.00124804,153.826,0.0474
s,11.00124779,153.979,0.0473
s,11.00124779,153.27,0.0473
m,11.00153008,154.259,0.0468
m,11.00153008,151.29,0.0468
m,11.00175335,152.277,0.0467
m,11.00171933,152.059,0.0469
s,11.00135211,153.148,0.0476
s,11.00138665,153.279,0.0476
s,11.00138641,154.275,0.0475
s,11.00138616,152.682,0.0474
s,11.00129168,151.78,0.0474
s,11.00119721,155.628,0.0474
s,11.00097371,151.622,0.0474
s,11.00097371,153.061,0.0474
s,11.00097371,153.971,0.0474
s,11.00084468,151.911,0.0474
s,11.00084468,154.614,0.0474
s,11.00075021,154.564,0.0474
s,11.00075021,153.83,0.0474
s,11.00075021,152.938,0.0474
s,11.00084517,152.064,0.0476
s,11.00084517,150.605,0.0476
s,11.00084542,152.624,0.0477
s,11.00075095,151.182,0.0477
s,11.00075095,151.739,0.0477
s,11.00081087,154.25,0.0477
s,11.00081087,152.545,0.0477
s,11.00081087,153.951,0.0477
s,11.00090511,151.47,0.0476
s,11.00090486,153.328,0.0475
s,11.00096432,153.219,0.0473
s,11.00096432,152.665,0.0473
s,11.00105881,151.908,0.0473
s,11.00105905,153.862,0.0474
s,11.00134205,152.66,0.0472
s,11.0014363,153.25,0.0471
s,11.00143606,151.798,0.047
s,11.00143582,153.564,0.0469
s,11.00153032,152.409,0.0469
m,11.00196836,158.694,0.0469
m,11.00265565,147.303,0.0469
m,11.0043931,159.286,0.0471
m,11.00439334,157.551,0.0472
m,11.0062203,148.914,0.0472
m,11.00711884,154.909,0.0474
m,11.0083368,157.039,0.0475
m,11.00955608,153.781,0.0476
m,11.01077667,153.692,0.0477
m,11.01845634,148.943,0.048
m,11.01968762,152.042,0.0481
m,11.02101591,154.971,0.0483
m,11.02338633,147.941,0.0485
m,11.02433338,152.342,0.0486
m,11.02883614,140.882,0.0492
m,11.03004938,150.214,0.0493
m,11.03103874,155.166,0.049
m,11.03343997,143.122,0.049
m,11.03456267,143.634,0.049
m,11.04339936,160.599,0.0488
m,11.04453417,161.967,0.0488
m,11.04579797,142.854,0.0487
m,11.04703229,149.956,0.0487
m,11.05635755,149.766,0.0486
m,11.05770131,149.346,0.0487
m,11.05891878,147.029,0.0487
m,11.06164382,156.298,0.0487
m,11.06164382,150.307,0.0487
m,11.07176332,145.705,0.0487
m,11.07547314,153.247,0.0487
m,11.07776614,144.088,0.0487
m,11.08008969,148.137,0.0486
m,11.0824147,150.577,0.0485
m,11.09969385,148.989,0.0485
m,11.10221384,145.521,0.0485
m,11.10486164,150.857,0.0484
m,11.10731344,145.49,0.0484
m,11.12844793,143.928,0.0481
m,11.13819453,145.873,0.0479
m,11.13819428,158.804,0.0478
m,11.14462656,151.681,0.0478
m,11.14779417,150.749,0.0477
m,11.01186931,150.918,0.0476
m,11.01393047,153.45,0.0476
m,11.01502774,147.952,0.0477
m,11.01502774,161.145,0.0477
m,11.01722612,144.824,0.0478
m,11.02515384,149.925,0.0488
m,11.0260712,156.892,0.0488
m,11.02692733,150.738,0.0489
m,11.02788081,146.648,0.049
m,11.03568674,147.88,0.049
m,11.03681216,146.105,0.049
m,11.03784255,154.436,0.049
m,11.03897064,150.896,0.049
m,11.04123061,157.882,0.0489
m,11.0484928,152.705,0.0487
m,11.04982702,161.314,0.0487
m,11.05253116,153.572,0.0488
m,11.05390039,144.793,0.0487
m,11.05501563,148.73,0.0486
m,11.06476518,145.255,0.0487
m,11.06653893,141.885,0.0488
m,11.06834401,157.687,0.0488
m,11.07005301,160.588,0.0488
m,11.08474141,147.317,0.0485
m,11.08709849,149.609,0.0485
m,11.09207072,149.254,0.0485
m,11.09207098,157.534,0.0486
m,11.09707674,147.236,0.0486
m,11.11267058,156.38,0.0483
m,11.11560415,150.044,0.0482
m,11.11866563,152.435,0.0482
m,11.12182696,143.048,0.0483
m,11.12508727,152.135,0.0481
m,11.15099001,155.734,0.0476
m,11.15418681,148.817,0.0476
m,11.15728499,146.445,0.0476
m,11.16038405,151.739,0.0477
m,11.16678264,149.979,0.0478
m,11.16678264,143.967,0.0478
m,11.17305726,151.256,0.0478
m,11.17603285,147.13,0.0478
m,11.17900886,155.709,0.0477
m,11.19893603,142.196,0.0477
m,11.20204384,149.923,0.0478
m,11.20492556,152.571,0.0477
m,11.21069124,150.201,0.0477
m,11.22870724,155.379,0.0477
m,11.23458244,146.944,0.0477
m,11.23747082,151.101,0.0477
m,11.24036002,160.03,0.0478
m,11.24327501,148.417,0.0477
m,11.25921587,158.026,0.0476
m,11.26148004,153.437,0.0476
m,11.26387047,157.124,0.0476
m,11.26613548,152.507,0.0477
m,11.26872801,160.088,0.0478
m,11.28965951,153.914,0.0478
m,11.2925588,152.231,0.0479
m,11.29558392,155.101,0.0478
m,11.29858511,147.948,0.0478
m,11.32013923,156.298,0.0483
m,11.32329548,157.466,0.0484
m,11.3265286,159.224,0.0482
m,11.33312385,155.505,0.0484
m,11.33646091,158.277,0.0484
m,11.35780843,161.57,0.049
m,11.36129936,154.93,0.0489
m,11.36456379,151.428,0.0488
m,11.36782902,153.991,0.0488
m,11.3710948,152.496,0.0488
m,11.39569029,156.104,0.0487
m,11.39946096,147.491,0.0488
m,11.40345929,158.18,0.0489
m,11.40748108,151.769,0.049
m,11.18188591,149.597,0.0476
m,11.18751584,145.419,0.0476
m,11.19029518,149.862,0.0476
m,11.19307528,153.673,0.0477
m,11.19605524,157.276,0.0477
m,11.21069124,145.546,0.0477
m,11.21623296,147.164,0.0477
m,11.21924404,150.227,0.0477
m,11.22200301,155.553,0.0476
m,11.22524178,147.427,0.0477
m,11.24629111,145.524,0.0477
m,11.24898062,152.925,0.0476
m,11.25167081,155.265,0.0476
m,11.25423519,148.017,0.0475
m,11.2717234,151.595,0.0478
m,11.27459355,152.564,0.0478
m,11.28043671,153.121,0.0478
m,11.28043671,152.733,0.0478
m,11.28666015,153.744,0.0478
m,11.30451365,150.835,0.0481
m,11.30794572,154.025,0.0481
m,11.31117603,151.402,0.048
m,11.31420485,161.857,0.048
m,11.31723445,153.53,0.0481
m,11.34002568,157.246,0.0484
m,11.3434897,155.054,0.0484
m,11.34705675,161.617,0.0487
m,11.35434081,156.726,0.0487
m,11.37448642,153.103,0.0488
m,11.37800356,152.317,0.0487
m,11.3851883,155.386,0.0487
m,11.3887303,145.549,0.0487
m,11.39204523,144.319,0.0486
m,11.41137913,158.398,0.0495
m,11.41507217,157.213,0.0496
m,11.42248167,154.675,0.0497
m,11.42619833,151.701,0.0498
m,11.42999415,159.021,0.0497
m,11.4341432,153.052,0.0498
m,11.43827013,153.425,0.05
m,11.44652468,154.736,0.0502
m,11.450573,155.427,0.0504
m,11.45464414,151.677,0.0506
m,11.47242058,152.596,0.0515
m,11.47836995,151.106,0.0516
m,11.48128229,154.684,0.0516
m,11.48419507,152.772,0.0517
m,11.48741531,154.939,0.0516
m,11.51339725,149.966,0.0523
m,11.51676696,151.544,0.0524
m,11.51988705,157.6,0.0524
m,11.52323498,145.922,0.0524
m,11.54790723,154.77,0.0517
m,11.55144212,146.779,0.0516
m,11.55785187,149.768,0.0515
m,11.55785187,152.431,0.0515
m,11.56467588,152.442,0.0514
m,11.58428425,146.833,0.0508
m,11.5871819,154.706,0.0507
m,11.58995592,142.702,0.0506
m,11.5928551,152.155,0.0505
m,11.59550635,154.376,0.0504
m,11.61175141,149.688,0.0504
m,11.61380921,154.496,0.0503
m,11.61574409,153.217,0.0503
m,11.61792816,144.631,0.0503
m,11.62983002,152.068,0.0502
m,11.63125902,146.159,0.0503
m,11.63221303,143.917,0.0503
m,11.63215531,153.345,0.0503
m,11.63045826,159.534,0.0503
m,11.6061844,151.672,0.05
m,11.60618414,145.17,0.0499
m,11.59692266,150.999,0.0497
m,11.59269541,154.04,0.0492
m,11.58424325,153.826,0.0491
m,11.45464522,157.367,0.051
m,11.46225221,148.921,0.051
m,11.46576655,152.823,0.0512
m,11.46915665,146.856,0.0516
m,11.49088584,154.011,0.0516
m,11.49458441,152.536,0.0517
m,11.50245927,151.507,0.0518
m,11.50630582,150.625,0.052
m,11.50630639,148.464,0.0522
m,11.5306737,155.186,0.0524
m,11.53435255,159.989,0.0522
m,11.53778293,151.822,0.0522
m,11.54106677,154.707,0.052
m,11.54460075,160.899,0.0519
m,11.56817012,155.251,0.0512
m,11.57176858,156.556,0.0511
m,11.57501548,160.4,0.051
m,11.58128398,159.596,0.0509
m,11.60066726,153.018,0.0505
m,11.60307284,153.012,0.0505
m,11.60307258,150.65,0.0504
m,11.60753429,156.251,0.0504
m,11.60969428,154.358,0.0504
m,11.62173829,153.968,0.0502
m,11.62344896,148.74,0.0503
m,11.6234487,144.673,0.0502
m,11.62660439,148.945,0.0501
m,11.62827842,148.747,0.0501
m,11.62743041,146.986,0.0504
m,11.6236321,156.463,0.0504
m,11.61966237,151.803,0.0502
m,11.61076279,149.402,0.0501
m,11.584243,150.92,0.049
m,11.57558141,150.887,0.0489
m,11.57125023,154.75,0.0487
m,11.56704303,144.804,0.0486
m,11.56271261,154.324,0.0487
m,11.55825747,153.132,0.0484
m,11.54970085,150.209,0.0484
m,11.54545592,155.805,0.0484
m,11.54156292,151.074,0.0483
s,11.53506141,153.581,0.0479
s,11.53495641,154.221,0.0478
s,11.53495617,151.979,0.0477
s,11.53495593,152.676,0.0476
s,11.53495544,153.425,0.0474
s,11.53522158,154.013,0.0473
s,11.53522182,153.915,0.0474
s,11.53522182,156.296,0.0474
s,11.53524103,154.538,0.0475
s,11.53524103,155.275,0.0475
s,11.53513653,156.63,0.0476
s,11.53513653,155.752,0.0476
s,11.53526049,155.24,0.0477
s,11.53526049,153.759,0.0477
s,11.53529894,154.951,0.0479
s,11.53529894,154.136,0.0479
s,11.53529919,155.639,0.048
s,11.53542315,153.201,0.0481
s,11.53531842,153.336,0.0481
s,11.53521444,154.73,0.0484
s,11.53533816,154.596,0.0484
s,11.53523394,155.806,0.0486
s,11.53523419,153.772,0.0487
s,11.53512972,154.498,0.0488
s,11.53502603,154.893,0.0492
s,11.53502628,153.881,0.0493
s,11.53502654,153.167,0.0494
s,11.53515053,153.681,0.0495
s,11.53490386,155.845,0.0498
s,11.53490386,154.635,0.0498
s,11.53490386,154.574,0.0498
s,11.5347804,154.063,0.0499
s,11.5347804,154.355,0.0499
m,11.53837426,146.796,0.0482
m,11.53613734,158.998,0.0481
m,11.53518561,157.193,0.0481
m,11.53506165,157.902,0.048
s,11.5350619,157.147,0.0481
s,11.53507915,154.06,0.0474
s,11.53520261,153.586,0.0473
s,11.53509787,153.148,0.0473
s,11.53509787,154.907,0.0473
s,11.53524103,155.394,0.0475
s,11.53524103,153.797,0.0475
s,11.53524103,155.937,0.0475
s,11.53524127,155.019,0.0476
s,11.53524103,153.555,0.0475
s,11.53526049,156.392,0.0477
s,11.53515575,155.788,0.0477
s,11.535156,154.208,0.0478
s,11.53527947,153.566,0.0477
s,11.53527971,153.457,0.0478
s,11.53531867,155.216,0.0482
s,11.53531892,152.841,0.0483
s,11.53521419,154.178,0.0483
s,11.53533791,155.207,0.0483
s,11.53512998,155.316,0.0489
s,11.53512998,156.197,0.0489
s,11.53513023,154.652,0.049
s,11.53502577,155.205,0.0491
s,11.53502603,153.488,0.0492
s,11.53502706,154.386,0.0496
s,11.53502706,153.517,0.0496
s,11.53502706,152.896,0.0496
s,11.53502732,154.411,0.0497
s,11.53502732,156.311,0.0497
s,11.53465695,153.982,0.05
s,11.53465695,155.032,0.05
s,11.53465721,152.801,0.0501
s,11.53465721,154.476,0.0501
s,11.53465721,154.555,0.0501
s,11.53453349,153.684,0.0501
s,11.53453349,151.379,0.0501
s,11.53453375,152.764,0.0502
s,11.53453375,155.926,0.0502
s,11.53444884,156.659,0.0505
s,11.53457229,155.939,0.0504
s,11.53457256,154.529,0.0505
s,11.53459157,153.574,0.0505
s,11.53485858,152.967,0.0507
s,11.53485858,153.804,0.0507
s,11.53498258,155.322,0.0508
s,11.53510631,152.514,0.0508
s,11.53523004,154.962,0.0508
s,11.53549763,154.693,0.0512
s,11.53549763,154.704,0.0512
s,11.53562136,155.123,0.0512
s,11.53562163,155.013,0.0513
s,11.53574537,156.976,0.0513
s,11.53597463,157.192,0.0516
s,11.53597463,156.011,0.0516
s,11.53597463,153.661,0.0516
s,11.53597463,154.221,0.0516
s,11.53609836,155.373,0.0516
s,11.53609836,154.284,0.0516
s,11.53622182,155.804,0.0515
s,11.53622182,155.574,0.0515
s,11.53622182,155.698,0.0515
s,11.5364497,155.635,0.0513
s,11.53632569,155.194,0.0512
s,11.53632569,155.854,0.0512
s,11.53644942,154.932,0.0512
s,11.53644942,155.19,0.0512
s,11.53667813,158.13,0.0513
s,11.53667813,156.505,0.0513
s,11.53667841,155.368,0.0514
s,11.53667841,155.478,0.0514
s,11.5344293,155.669,0.0503
s,11.5344293,154.663,0.0503
s,11.5344293,155.299,0.0503
s,11.53455329,155.593,0.0504
s,11.53455329,155.331,0.0504
s,11.53459157,154.677,0.0505
s,11.53459184,155.058,0.0506
s,11.53471557,155.153,0.0506
s,11.53471557,154.559,0.0506
s,11.53473485,153.545,0.0507
s,11.53523031,152.65,0.0509
s,11.53535431,154.384,0.051
s,11.53547832,152.951,0.0511
s,11.53537362,154.585,0.0511
s,11.53585034,153.723,0.0514
s,11.53585034,156,0.0514
s,11.53597435,156.802,0.0515
s,11.53597435,158.441,0.0515
s,11.53597435,156.656,0.0515
s,11.53597463,154.257,0.0516
s,11.53607043,155.275,0
s,11.53609836,156.853,0.0516
s,11.53609836,155.836,0.0516
s,11.53609836,154.017,0.0516
s,11.53622154,155.029,0.0514
s,11.53622154,155.519,0.0514
s,11.53634528,154.767,0.0514
s,11.53644997,153.198,0.0514
s,11.53644942,154.804,0.0512
s,11.53644942,154.925,0.0512
s,11.53644942,156.324,0.0512
s,11.53655412,156.592,0.0512
s,11.53667813,156.751,0.0513
s,11.53667868,156.507,0.0515
s,11.53680242,155.481,0.0515
s,11.53680242,154.004,0.0515
s,11.53692615,155.297,0.0515
s,11.53692643,155.369,0.0516
s,11.53692643,155.403,0.0516
s,11.53692643,155.015,0.0516
s,11.53692643,154.143,0.0516
s,11.53692643,155.05,0.0516
s,11.53694575,155.89,0.0517
s,11.53671732,155.637,0.0517
s,11.53671732,150.336,0.0517
s,11.53671732,149.523,0.0517
s,11.53659359,153.011,0.0517
s,11.53648917,153.296,0.0518
s,11.53615606,153.997,0.0518
s,11.53605137,154.419,0.0518
s,11.53605137,153.726,0.0518
s,11.53605137,155.561,0.0518
m,11.53606987,148.251,0.0516
m,11.53606987,156.898,0.0516
m,11.53524152,148.058,0.0515
m,11.53325226,152.482,0.0515
m,11.53325198,150.866,0.0514
m,11.5141107,147.125,0.0512
m,11.50673398,143.758,0.0511
m,11.50287892,145.85,0.051
m,11.49925229,144.958,0.0509
m,11.49550192,148.505,0.0508
m,11.46886163,158.929,0.051
m,11.46488311,150.639,0.051
m,11.46113302,154.006,0.051
m,11.46113275,147.58,0.0509
m,11.42984658,147.018,0.0507
m,11.42586805,155.244,0.0507
m,11.42164182,149.445,0.0506
m,11.41753957,152.598,0.0506
m,11.39029772,144.253,0.05
m,11.38617627,155.672,0.0499
m,11.381684,144.099,0.0499
m,11.37719123,142.451,0.0497
m,11.36874943,146.769,0.0496
s,11.53694575,155.098,0.0517
s,11.53694603,153.842,0.0518
s,11.53694575,154.167,0.0517
s,11.53682201,153.788,0.0517
s,11.53626075,154.125,0.0518
s,11.53626047,153.917,0.0517
s,11.53615606,151.609,0.0518
s,11.53615606,154.043,0.0518
s,11.53615606,154.283,0.0518
s,11.53605137,152.531,0.0518
s,11.53594669,154.523,0.0518
s,11.53607043,154.519,0.0518
m,11.53607015,153.706,0.0517
m,11.53607015,153.092,0.0517
m,11.52759799,147.46,0.0513
m,11.52430475,150.34,0.0513
m,11.52113526,149.879,0.0513
m,11.51750918,155.327,0.0514
m,11.49164713,153.368,0.0508
m,11.4877733,143.634,0.0508
m,11.48400418,150.926,0.0508
m,11.48025464,151.169,0.051
m,11.47660953,157.023,0.0511
m,11.45350885,150.358,0.0509
m,11.44953005,152.538,0.0508
m,11.44565625,147.854,0.0508
m,11.44167772,150.168,0.0508
m,11.43372039,146.11,0.0507
m,11.4135605,146.663,0.0504
m,11.40968643,146.208,0.0503
m,11.4018146,153.056,0.0501
m,11.4018146,148.696,0.0501
m,11.39419047,151.829,0.05
m,11.36457148,153.334,0.0495
m,11.36051729,152.804,0.0494
m,11.35635835,155.991,0.0493
m,11.35230432,140.307,0.0492
m,11.34812647,147.02,0.049
m,11.34417724,155.457,0.0488
m,11.34010476,157.851,0.0487
m,11.33222634,148.792,0.0486
m,11.32827781,153.824,0.0485
m,11.29937561,150.753,0.0481
m,11.29937561,152.718,0.0481
m,11.29137564,150.818,0.048
m,11.28730471,146.074,0.0479
m,11.26008428,151.387,0.0477
m,11.26008428,147.937,0.0477
m,11.25208633,154.703,0.0476
m,11.24826368,160.649,0.0476
m,11.24433589,153.227,0.0476
m,11.21689438,149.461,0.0475
m,11.21282563,146.964,0.0474
m,11.2086339,142.427,0.0474
m,11.20431873,148.849,0.0473
m,11.1998804,149.27,0.0472
m,11.170967,151.394,0.0471
m,11.16725225,152.265,0.0471
m,11.15992901,151.593,0.0472
m,11.15992877,148.862,0.0471
m,11.12770429,143.972,0.047
m,11.12381649,144.743,0.047
m,11.11637706,150.285,0.0471
m,11.11257916,147.502,0.0471
m,11.10888775,156.072,0.0471
m,11.08808192,147.073,0.0471
m,11.08504962,148.431,0.0472
m,11.07978143,158.495,0.0473
m,11.077333,157.931,0.0473
m,11.0748858,153.047,0.0474
m,11.06082622,147.58,0.0475
m,11.05930428,147.826,0.0476
m,11.05755438,148.316,0.0478
m,11.05614163,159.647,0.0479
m,11.32434779,154.112,0.0483
m,11.32039972,147.103,0.0483
m,11.31622295,150.659,0.0482
m,11.31202797,149.045,0.0482
m,11.30355194,149.684,0.0482
m,11.28325257,156.853,0.0479
m,11.27920026,146.014,0.0478
m,11.27550041,145.385,0.0478
m,11.27180064,152.431,0.0478
m,11.26413587,148.573,0.0477
m,11.24051343,154.423,0.0476
m,11.23658556,151.668,0.0475
m,11.22894111,157.048,0.0475
m,11.22501373,159.096,0.0475
m,11.19112815,156.684,0.0472
m,11.18704249,150.947,0.0471
m,11.18285177,147.345,0.0471
m,11.17876648,160.533,0.047
m,11.1748049,157.266,0.047
m,11.15211305,158.416,0.0471
m,11.14790602,146.084,0.047
m,11.14380514,147.914,0.047
m,11.13956414,146.988,0.0471
m,11.1354636,148.496,0.047
m,11.1017185,161.523,0.047
m,11.1017185,156.144,0.047
m,11.09450164,146.713,0.047
m,11.09123834,149.2,0.0471
m,11.07048449,153.381,0.0473
m,11.06840798,146.501,0.0473
m,11.06631624,150.772,0.0473
m,11.06434835,151.795,0.0474
m,11.06259478,148.822,0.0475
m,11.05460765,146.976,0.048
m,11.05191063,152.328,0.0481
m,11.05060974,153.121,0.0481
m,11.04941786,152.179,0.0483
m,11.04824231,153.06,0.0484
m,11.04731266,153.684,0.0485
m,11.0465067,149.514,0.0487
m,11.04582361,147.702,0.0487
m,11.0449644,157.106,0.0488
m,11.04496466,148.994,0.0489
m,11.04357187,145.869,0.0493
m,11.04338578,154.504,0.0493
m,11.04355259,145.731,0.0494
m,11.04371999,152.954,0.0494
m,11.04388851,152.6,0.0495
m,11.04587645,157.322,0.0504
m,11.04666232,146.907,0.0505
m,11.04666287,148.209,0.0507
m,11.04758778,150.056,0.0508
m,11.05064046,151.344,0.051
m,11.05178474,147.877,0.0511
m,11.05178419,154.47,0.0509
m,11.05269007,161.086,0.051
m,11.05308337,155.774,0.0508
m,11.05374532,153.674,0.0494
m,11.05355171,149.384,0.0494
m,11.05339412,149.96,0.0493
s,11.05350301,149.184,0.0492
s,11.05362342,148.599,0.0489
s,11.0540946,149.403,0.0483
s,11.05421554,148.516,0.0482
s,11.0540941,149.05,0.0481
s,11.05421479,149.799,0.0479
s,11.05457761,148.185,0.0476
s,11.05457761,148.655,0.0476
s,11.05482,148.733,0.0476
s,11.05471061,148.836,0.0475
s,11.05483205,149.456,0.0476
s,11.05483254,149.224,0.0478
s,11.05461426,149.601,0.0478
s,11.05473571,149.051,0.0479
s,11.05473571,150.298,0.0479
s,11.05485691,150.244,0.0479
m,11.04436795,149.982,0.049
m,11.04408547,149.372,0.0491
m,11.0439255,146.603,0.0491
m,11.04388849,155.64,0.0492
m,11.0444298,150.748,0.0496
m,11.0445733,147.129,0.0497
m,11.0447182,151.259,0.0499
m,11.04521569,155.439,0.05
m,11.04548411,152.611,0.05
m,11.04788915,156.673,0.0509
m,11.04842139,147.043,0.051
m,11.04894138,154.177,0.0511
m,11.0494748,160.936,0.051
m,11.05064046,147.318,0.051
m,11.05359917,157.541,0.0506
m,11.05377608,160.839,0.0501
m,11.05425627,152.245,0.0499
m,11.05409728,154.994,0.0496
s,11.05374409,149.135,0.0487
s,11.05374384,148.818,0.0486
s,11.05386477,149.481,0.0485
s,11.05397367,150.108,0.0484
s,11.0540946,149.706,0.0483
s,11.05421454,149.287,0.0478
s,11.05421454,148.857,0.0478
s,11.05421429,148.882,0.0477
s,11.05433523,149.27,0.0476
s,11.05445642,147.973,0.0476
s,11.05483205,148.19,0.0476
s,11.05483205,148.887,0.0476
s,11.05483229,148.782,0.0477
s,11.05483229,149.562,0.0477
s,11.05485691,149.95,0.0479
s,11.05485691,149.507,0.0479
s,11.05486897,148.747,0.0479
s,11.05486897,148.812,0.0479
s,11.05486897,149.814,0.0479
s,11.05499017,149.892,0.0479
s,11.0550993,149.268,0.0479
s,11.0552205,149.755,0.0479
s,11.0553417,149.659,0.0479
s,11.05568091,149.24,0.0478
s,11.05568066,149.104,0.0477
s,11.0557898,147.717,0.0477
s,11.055911,150.268,0.0477
s,11.05591075,149.762,0.0476
s,11.05612926,148.374,0.0477
s,11.05612951,148.943,0.0478
s,11.05612951,148.659,0.0478
s,11.05636009,149.053,0.0479
s,11.05636034,148.915,0.048
s,11.05634904,149.375,0.0483
s,11.05634904,149.663,0.0483
s,11.05645818,148.628,0.0483
s,11.05645818,149.667,0.0483
s,11.05679691,148.848,0.048
s,11.05702724,149.151,0.048
s,11.05702699,149.179,0.0479
s,11.0570265,148.297,0.0477
s,11.05714744,149.819,0.0476
s,11.05737729,148.637,0.0474
s,11.05725585,149.596,0.0473
s,11.05725585,149.507,0.0473
s,11.0572679,148.925,0.0473
s,11.05714646,148.404,0.0472
s,11.0567947,148.332,0.0471
s,11.05656436,149.935,0.0471
s,11.05656436,150.521,0.0471
s,11.05656412,148.768,0.047
s,11.05633354,149.423,0.0469
s,11.05645474,149.051,0.0469
s,11.05645498,150.149,0.047
s,11.05634584,149.339,0.047
s,11.05634584,148.901,0.047
s,11.05545083,149.493,0.0479
s,11.05545083,149.276,0.0479
s,11.05545083,149.511,0.0479
s,11.05545058,148.711,0.0478
s,11.05568091,148.415,0.0478
s,11.05601988,149.374,0.0476
s,11.05601988,148.617,0.0476
s,11.05602013,149.609,0.0477
s,11.05602013,149.448,0.0477
s,11.05636034,149.911,0.048
s,11.05636059,150.367,0.0481
s,11.05636084,149.206,0.0482
s,11.05636084,149.641,0.0482
s,11.05647023,149.298,0.0483
s,11.05656732,149.478,0.0483
s,11.05656732,149.525,0.0483
s,11.05668852,149.805,0.0483
s,11.05679741,148.02,0.0482
s,11.05679716,148.615,0.0481
s,11.0571472,148.743,0.0475
s,11.05725634,149.779,0.0475
s,11.05737729,148.567,0.0474
s,11.05737729,149.823,0.0474
s,11.05714646,149.487,0.0472
s,11.05703732,148.869,0.0472
s,11.05691589,149.667,0.0471
s,11.05691589,148.908,0.0471
s,11.0567947,147.669,0.0471
s,11.05656412,149.74,0.047
s,11.05656412,149.38,0.047
s,11.05656412,149.416,0.047
s,11.05645498,148.853,0.047
s,11.05633354,149.608,0.0469
s,11.05634608,148.581,0.0471
s,11.05634608,149.328,0.0471
s,11.05622513,149.059,0.0472
s,11.05622513,148.838,0.0472
s,11.05610393,149.14,0.0472
s,11.05599503,149.83,0.0473
s,11.05587384,149.943,0.0473
s,11.05587384,148.553,0.0473
s,11.05575289,149.038,0.0474
s,11.05561917,149.784,0.0472
s,11.05561917,148.885,0.0472
s,11.05572808,148.646,0.0471
s,11.05560689,149.339,0.0471
s,11.0555939,149.65,0.0467
s,11.05570305,149.3,0.0467
s,11.05558163,149.79,0.0466
s,11.05558163,149.615,0.0466
s,11.05558163,149.432,0.0466
s,11.05567783,150.3,0.0462
s,11.0556776,149.393,0.0461
s,11.05567737,148.967,0.046
s,11.0557863,150.999,0.0459
s,11.05578584,149.447,0.0457
s,11.05624562,150.049,0.0453
s,11.0563668,149.271,0.0453
s,11.05636657,150.026,0.0452
s,11.05659647,149.386,0.045
s,11.05693423,149.881,0.0442
s,11.0569338,150.004,0.044
s,11.05704255,149.156,0.0438
s,11.05727268,149.814,0.0437
s,11.05739365,149.455,0.0436
s,11.05750158,149.626,0.043
s,11.05750137,156.133,0.0429
s,11.05784089,158.102,0.0429
s,11.05805905,156.263,0.0428
s,11.05815624,159.981,0.0428
s,11.05807169,151.74,0.0424
m,11.05805974,152.075,0.0424
m,11.05805974,151.028,0.0424
m,11.05805935,148.015,0.0422
s,11.05575289,151.078,0.0474
s,11.05575289,150.746,0.0474
s,11.0556317,149.653,0.0474
s,11.05563146,150.718,0.0473
s,11.05561917,149.924,0.0472
s,11.05560665,149.724,0.047
s,11.05560665,150.346,0.047
s,11.05571556,150.495,0.0469
s,11.05559438,150.147,0.0469
s,11.05559414,149.989,0.0468
s,11.05558116,148.946,0.0464
s,11.05569032,148.549,0.0464
s,11.05567806,149.941,0.0463
s,11.05567783,150.396,0.0462
s,11.05590702,149.887,0.0457
s,11.05590679,150.286,0.0456
s,11.05601573,148.451,0.0455
s,11.0560155,149.327,0.0454
s,11.05613668,149.617,0.0454
s,11.05659625,150.421,0.0449
s,11.05659603,149.275,0.0448
s,11.05682593,148.736,0.0446
s,11.05682571,149.626,0.0445
s,11.05693466,149.682,0.0444
s,11.05727205,149.377,0.0434
s,11.05739302,150.196,0.0433
s,11.05750178,149.792,0.0431
s,11.05750158,149.043,0.043
s,11.05813208,152.86,0.0427
s,11.05822931,145.749,0.0427
s,11.05820519,145.032,0.0426
s,11.05820519,145.263,0.0426
s,11.05820499,161.381,0.0425
m,11.05816856,154.556,0.0422
m,11.05807322,145.977,0.0422
m,11.05799006,152.221,0.0422
m,11.05752021,156.483,0.0422
m,11.05702737,158.539,0.0422
m,11.05654698,160.366,0.0422
m,11.05606702,151.007,0.0421
m,11.05559948,151.607,0.0421
m,11.05513246,146.676,0.0421
m,11.05416593,148.839,0.0422
m,11.0512294,154.309,0.0429
m,11.04965843,151.213,0.043
m,11.04893454,155.86,0.043
m,11.04893516,147.817,0.0433
m,11.04736963,158.53,0.0435
m,11.04224072,156.959,0.0446
m,11.04153571,157.226,0.0447
m,11.04072132,150.152,0.0449
m,11.03990737,151.814,0.045
m,11.03420881,152.72,0.0458
m,11.03340042,161.087,0.046
m,11.03258242,161.617,0.0459
m,11.03189565,149.936,0.0461
m,11.0312005,150.922,0.0465
m,11.02489716,159.255,0.047
m,11.02360669,152.484,0.0472
m,11.02219742,153.363,0.0475
m,11.01937126,160.322,0.0473
m,11.01795598,157.821,0.0474
m,11.0089646,155.808,0.048
m,11.00522523,157.923,0.0481
m,11.00335759,159.281,0.0483
m,11.00161869,153.412,0.0485
m,10.99206961,153.57,0.049
m,10.98899989,146.566,0.0492
m,10.9872909,148.096,0.0495
m,10.98546989,154.502,0.0496
m,10.98365696,158.287,0.0498
m,10.97537463,146.9,0.05
m,10.97160612,148.578,0.05
m,10.96977524,150.739,0.0499
m,10.96806484,149.351,0.05
m,10.96624269,151.594,0.0501
m,11.05355701,153.85,0.0422
m,11.05305851,158.97,0.0422
m,11.0525611,150.61,0.0423
m,11.05195466,151.799,0.0423
m,11.04652764,150.863,0.0435
m,11.04592828,152.361,0.0437
m,11.04520909,160.774,0.0439
m,11.04449141,157.788,0.0444
m,11.04283647,155.852,0.0446
m,11.03909452,161.272,0.0453
m,11.03839208,157.3,0.0453
m,11.03758012,147.527,0.0454
m,11.03594789,151.765,0.0454
m,11.03501784,159.214,0.0456
m,11.02946889,151.341,0.0466
m,11.02946937,159.268,0.0468
m,11.0274905,146.555,0.0467
m,11.02607789,153.124,0.0469
m,11.01643085,149.87,0.0476
m,11.01502644,150.284,0.0477
m,11.01363129,150.26,0.0477
m,11.01211746,146.824,0.0478
m,11.01071604,155.524,0.0479
m,11.00011131,150.891,0.0484
m,10.99838183,149.657,0.0485
m,10.9966534,145.941,0.0487
m,10.99515717,153.574,0.0489
m,10.9935496,148,0.049
m,10.98195654,151.713,0.05
m,10.98048703,154.329,0.0498
m,10.97878699,156.291,0.0498
m,10.9753741,145.227,0.0498
m,10.96430222,147.701,0.0503
m,10.96247461,148.564,0.0504
m,10.9592841,151.558,0.0503
m,10.95769009,151.317,0.0503
m,10.95769009,157.794,0.0503
m,10.95427258,148.057,0.0503
m,10.95244302,154.006,0.0504
m,10.95050723,155.252,0.0503
m,10.94868516,150.323,0.0503
m,10.93005778,154.838,0.0508
m,10.9267266,148.141,0.0509
m,10.92032538,153.177,0.0509
m,10.92032565,154.385,0.051
m,10.91406129,148.178,0.051
m,10.89352807,148.719,0.0511
m,10.88987775,148.18,0.0512
m,10.88634599,151.284,0.0512
m,10.88293301,153.024,0.0512
m,10.87952023,149.109,0.0512
m,10.85445687,153.293,0.0513
m,10.85069045,156.283,0.0513
m,10.84704274,151.465,0.0513
m,10.8397478,161.202,0.0512
m,10.8203329,158.145,0.0514
m,10.81727505,153.366,0.0516
m,10.81080394,149.38,0.0516
m,10.80739132,154.551,0.0516
m,10.80409695,145.884,0.0515
m,10.7878299,147.909,0.0516
m,10.78783019,155.913,0.0517
m,10.78287202,158.121,0.0518
m,10.78050997,159.947,0.052
m,10.77826185,151.044,0.052
m,10.76295454,146.568,0.0523
m,10.76105014,151.309,0.0524
m,10.7590285,155.71,0.0525
m,10.7571227,148.565,0.0528
m,10.74319375,154.989,0.0533
m,10.74117346,153.014,0.0533
m,10.73927209,155.084,0.0534
m,10.73535395,152.821,0.0534
m,10.73535425,155.904,0.0535
m,10.94446668,145.822,0.0503
m,10.94193951,153.691,0.0504
m,10.93938903,146.101,0.0503
m,10.9365071,153.804,0.0503
m,10.93339517,152.608,0.0506
m,10.9109862,150.05,0.051
m,10.90767949,150.215,0.051
m,10.90426005,153.273,0.0511
m,10.89717864,154.915,0.051
m,10.87622115,148.328,0.0512
m,10.86939166,152.158,0.0512
m,10.86939166,154.313,0.0512
m,10.86198538,158.319,0.0512
m,10.85822358,152.618,0.0513
m,10.8363327,159.571,0.0511
m,10.83292305,149.31,0.0512
m,10.83292277,151.718,0.0511
m,10.82644974,147.728,0.0512
m,10.82339122,146.282,0.0513
m,10.8011493,153.073,0.0515
m,10.79820618,148.586,0.0515
m,10.79561403,143.499,0.0516
m,10.79042572,151.511,0.0516
m,10.77589214,157.627,0.052
m,10.77351913,159.087,0.052
m,10.76877891,149.675,0.0521
m,10.76664397,150.061,0.0522
m,10.76462364,145.57,0.0522
m,10.75509894,155.043,0.0528
m,10.75151632,144.085,0.053
m,10.74949241,153.667,0.0531
m,10.74747249,149.808,0.0532
m,10.74545017,150,0.0532
m,10.7316747,161.195,0.0534
m,10.72989518,149.523,0.0534
m,10.72800137,150.416,0.0534
m,10.72634132,152.044,0.0535
m,10.72468179,144.9,0.0535
m,10.72314109,151.965,0.0537
m,10.72160087,145.62,0.0538
m,10.71863756,152.093,0.0538
m,10.71863787,155.011,0.0539
m,10.71043115,157.258,0.0543
m,10.70971479,151.065,0.0542
m,10.70899925,147.922,0.0541
m,10.70816898,151.303,0.0541
m,10.70631903,158.193,0.0543
m,10.70642575,152.669,0.0542
m,10.706535,151.682,0.0542
m,10.7066453,145.821,0.0541
m,10.70687427,145.731,0.054
m,10.70665981,150.136,0.0542
m,10.70666889,157.772,0.0541
m,10.7066913,154.858,0.0541
m,10.70670513,157.382,0.0542
m,10.70672018,161.488,0.0542
m,10.70659483,147.858,0.0542
m,10.70664134,148.298,0.0542
m,10.70678493,159.748,0.0542
m,10.70693028,161.247,0.0543
m,10.70684341,153.138,0.0546
m,10.70688791,152.455,0.0546
m,10.70693738,150.428,0.0548
m,10.70691724,147.359,0.0549
m,10.70691756,152.555,0.055
m,10.7066441,150.858,0.0556
m,10.70627553,154.41,0.0556
m,10.70609174,151.427,0.0558
m,10.70549573,156.649,0.0558
m,10.70508428,148.327,0.0558
m,10.70184693,152.053,0.0567
m,10.69990355,148.357,0.0569
m,10.69990422,152.524,0.0571
m,10.69819587,144.055,0.057
m,10.71602639,161.536,0.054
m,10.71484021,150.639,0.0541
m,10.71377036,148.876,0.0542
m,10.71270103,152.987,0.0542
m,10.71186567,150.83,0.0543
m,10.70757265,150.21,0.0542
m,10.70709166,146.365,0.0542
m,10.70636024,149.14,0.0542
m,10.70636055,153.078,0.0543
m,10.70633035,159.55,0.0542
m,10.70698751,151.399,0.0539
m,10.7067577,155.686,0.054
m,10.70664563,161.345,0.0541
m,10.70665184,157.044,0.0541
m,10.70661825,151.498,0.0541
m,10.70663513,154.34,0.0541
m,10.70676946,143.281,0.0541
m,10.706672,158.419,0.0542
m,10.70657415,150.099,0.0542
m,10.70684544,153.381,0.0544
m,10.70687768,144.405,0.0544
m,10.70683319,154.693,0.0544
m,10.70687239,150.909,0.0544
m,10.70691596,159.864,0.0545
m,10.70690108,154.59,0.0551
m,10.70694995,147.044,0.0552
m,10.70688805,145.62,0.0553
m,10.70670564,160.81,0.0553
m,10.70455993,147.421,0.0561
m,10.70415144,161.743,0.0563
m,10.7037431,152.927,0.0562
m,10.70310703,152.547,0.0564
m,10.70247609,159.297,0.0565
m,10.69711524,155.041,0.0571
m,10.69615097,145.123,0.0572
m,10.69507377,155.036,0.0573
m,10.69422706,151.729,0.0573
m,10.69253284,152.571,0.0572
m,10.69168549,152.264,0.0572
m,10.69071975,147.363,0.0572
m,10.68987516,152.914,0.0572
m,10.6891411,147.054,0.0573
m,10.68840753,149.328,0.0572
m,10.68349426,153.408,0.0576
m,10.68267375,154.044,0.0574
m,10.68185569,154.338,0.0574
m,10.68103298,145.992,0.0574
m,10.679392,145.736,0.0573
m,10.67372134,142.436,0.0578
m,10.67201504,149.611,0.0577
m,10.67099053,152.353,0.0576
m,10.67032435,151.397,0.0577
m,10.66298578,156.056,0.0581
m,10.66219027,147.016,0.0582
m,10.66150928,149.239,0.0583
m,10.6608293,157.038,0.0583
m,10.65910865,147.253,0.0585
m,10.65485891,157.423,0.0589
m,10.65331545,148.762,0.0588
m,10.652659,149.445,0.0588
m,10.65265935,154.511,0.0589
m,10.65110637,145.804,0.0589
m,10.64646273,150.987,0.0593
m,10.6458001,161.66,0.0594
m,10.64513866,144.978,0.0595
m,10.64438677,153.412,0.0595
m,10.63590075,153.584,0.0603
m,10.63424472,154.767,0.0604
m,10.63059076,153.738,0.0605
m,10.6286931,161.655,0.0605
m,10.62656215,151.764,0.0606
m,10.61320557,156.634,0.0617
m,10.61320557,148.431,0.0617
m,10.6088313,160.263,0.0619
m,10.60670172,160.863,0.0619
m,10.60433932,148.578,0.0622
m,10.68767548,154.243,0.0572
m,10.68694494,148.342,0.0573
m,10.68537882,155.893,0.0574
m,10.68454985,154.511,0.0575
m,10.67845985,145.575,0.0572
m,10.67846019,160.075,0.0573
m,10.67636743,154.177,0.0574
m,10.67532719,142.918,0.0575
m,10.67452355,155.273,0.0577
m,10.66942601,159.157,0.0579
m,10.66841562,144.609,0.0579
m,10.66661997,151.244,0.0579
m,10.66559963,149.553,0.0579
m,10.66385282,149.075,0
m,10.65831106,148.807,0.0586
m,10.65753299,145.027,0.0588
m,10.65664257,153.079,0.0587
m,10.65575488,147.314,0.0589
m,10.65032259,155.585,0.059
m,10.64954042,150.333,0.0592
m,10.6487595,148.538,0.0594
m,10.64754678,152.217,0.0592
m,10.64688168,148.284,0.0593
m,10.64247148,155.288,0.0596
m,10.64116438,153.983,0.0597
m,10.64116511,151.488,0.0599
m,10.63853528,149.392,0.0602
m,10.63721215,151.615,0.0604
m,10.62430965,151.051,0.0608
m,10.62207093,150.424,0.0611
m,10.61994521,148.571,0.0613
m,10.61545034,152.665,0.0615
m,10.60233747,157.462,0.0624
m,10.59808852,148.116,0.0624
m,10.59584238,153.663,0.0625
m,10.59372186,149.841,0.0626
m,10.59160241,147.581,0.0626
m,10.58959556,152.765,0.0626
m,10.58746644,157.067,0.0628
m,10.58533665,152.524,0.0625
m,10.58332075,151.226,0.0626
m,10.56752093,155.763,0.0622
m,10.56529302,162.004,0.0622
m,10.5631922,149.948,0.0624
m,10.55908966,153.14,0.0624
m,10.55908966,158.112,0.0624
m,10.5521406,161.021,0.0627
m,10.55182445,160.22,0.0628
m,10.55182445,161.995,0.0628
m,10.55169913,158.424,0.0628
m,10.55169913,162.129,0.0628
s,10.55140361,161.513,0.0627
s,10.55151409,159.948,0.0627
s,10.55138879,161.751,0.0627
s,10.55138879,160.964,0.0627
s,10.5517214,160.783,0.063
s,10.5517218,159.742,0.0631
s,10.55183267,160.404,0.0632
s,10.55172259,160.584,0.0633
s,10.5515977,161.098,0.0634
s,10.55123784,161.369,0.0637
s,10.55123824,161.145,0.0638
s,10.55123824,160.68,0.0638
s,10.55111295,158.956,0.0638
s,10.55111295,162.283,0.0638
s,10.55075149,159.957,0.0637
s,10.55075149,160.955,0.0637
s,10.55075149,161.173,0.0637
s,10.55075149,161.153,0.0637
s,10.55039328,161.991,0.0644
s,10.55039369,159.703,0.0645
s,10.55039369,161.556,0.0645
s,10.55050458,160.116,0.0646
s,10.550505,161.251,0.0647
m,10.58119428,157.077,0.0625
m,10.57682129,153.193,0.0625
m,10.57457352,155.198,0.0623
m,10.57221645,157.077,0.0622
m,10.56986104,158.276,0.0622
m,10.55640767,153.111,0.0626
m,10.55511675,151.008,0.0627
m,10.55393685,153.529,0.0626
m,10.55294994,158.459,0.0626
m,10.55155898,160.418,0.0628
m,10.55155898,161.605,0.0628
m,10.55154414,161.561,0.0628
m,10.55154375,159.109,0.0627
m,10.55152891,160.868,0.0627
s,10.55149926,162.179,0.0627
s,10.55149966,160.105,0.0628
s,10.55161013,160.277,0.0628
s,10.55161053,160.83,0.0629
s,10.5517214,161.271,0.063
s,10.5515985,161.255,0.0636
s,10.55136273,160.665,0.0636
s,10.55136313,160.467,0.0637
s,10.55123784,159.172,0.0637
s,10.55111295,160.618,0.0638
s,10.55087718,159.458,0.0638
s,10.55087718,161.358,0.0638
s,10.55087718,162.303,0.0638
s,10.55087678,161.212,0.0637
s,10.55051613,161.55,0.0638
s,10.55051653,160.323,0.0639
s,10.55051693,159.109,0.064
s,10.55039206,160.409,0.0641
s,10.55039246,161.269,0.0642
s,10.55074076,160.021,0.0647
s,10.55074035,160.968,0.0646
s,10.55074076,159.923,0.0647
s,10.55085125,159.766,0.0647
s,10.55085125,160.057,0.0647
s,10.55085125,160.574,0.0647
s,10.55096174,161.803,0.0647
s,10.55108702,160.016,0.0647
s,10.55108702,161.306,0.0647
s,10.55130841,162.385,0.0648
s,10.55130882,159.75,0.0649
s,10.55118354,159.7,0.0649
s,10.55118354,161.676,0.0649
s,10.5512957,158.915,0.0653
s,10.55129611,161.451,0.0654
s,10.55106077,160.763,0.0655
s,10.55106119,160.506,0.0656
s,10.55093633,161.872,0.0657
s,10.55082711,159.253,0.066
s,10.55082711,160.191,0.066
s,10.55082711,160.911,0.066
s,10.55070226,161.087,0.0661
s,10.55070226,160.702,0.0661
s,10.55082796,161.017,0.0662
s,10.55071789,161.347,0.0663
s,10.55071789,161.299,0.0663
s,10.55071832,159.244,0.0664
s,10.55071875,158.013,0.0665
s,10.55071875,159.44,0.0665
s,10.55071918,159.189,0.0666
s,10.55071918,161.486,0.0666
s,10.55059433,160.796,0.0667
s,10.5503603,161.747,0.0671
s,10.55036073,157.763,0.0672
s,10.55025024,161.299,0.0672
s,10.55025024,159.894,0.0672
s,10.55037595,162.515,0.0673
s,10.5505965,162.929,0.0672
s,10.55072177,160.101,0.0672
s,10.55072177,159.961,0.0672
s,10.55084705,161.149,0.0672
s,10.55108702,160.504,0.0647
s,10.55119792,161.989,0.0648
s,10.55119751,160.352,0.0647
s,10.55119792,159.81,0.0648
s,10.55130841,161.005,0.0648
s,10.55129445,160.458,0.065
s,10.55129445,159.64,0.065
s,10.55129486,160.511,0.0651
s,10.55129486,159.712,0.0651
s,10.55129528,160.498,0.0652
s,10.55082626,160.711,0.0658
s,10.55082626,159.284,0.0658
s,10.55082668,159.351,0.0659
s,10.55082668,159.387,0.0659
s,10.55059176,159.05,0.0661
s,10.55059176,160.422,0.0661
s,10.55059219,160.52,0.0662
s,10.55059219,161.297,0.0662
s,10.55059219,161.109,0.0662
s,10.55059304,160.264,0.0664
s,10.55048255,161.44,0.0664
s,10.55048255,160.207,0.0664
s,10.55071875,161.352,0.0665
s,10.55071875,161.297,0.0665
s,10.55059476,159.794,0.0668
s,10.55070569,159.64,0.0669
s,10.55059563,160.772,0.067
s,10.55047079,160.404,0.0671
s,10.55037595,160,0.0673
s,10.55037595,161.886,0.0673
s,10.55037595,161.151,0.0673
s,10.55048644,160.763,0.0673
s,10.55048644,159.614,0.0673
s,10.55084705,161.166,0.0672
s,10.55084705,162.266,0.0672
s,10.55084705,161.397,0.0672
s,10.55084705,161.14,0.0672
s,10.55084705,161.066,0.0672
s,10.55084661,160.863,0.0671
s,10.55073613,161.687,0.0671
s,10.55073569,161.454,0.067
s,10.5506252,160.311,0.067
s,10.5506252,161.342,0.067
s,10.55051385,161.007,0.0668
s,10.55051385,160.456,0.0668
s,10.55051342,158.846,0.0667
s,10.55051342,159.739,0.0667
s,10.55051342,160.526,0.0667
s,10.55027808,160.891,0.0668
s,10.55016759,159.599,0.0668
s,10.55016716,160.522,0.0667
s,10.55016673,159.046,0.0666
s,10.55029288,161.192,0.0668
s,10.55040336,161.894,0.0668
s,10.55052951,160.213,0.067
s,10.55040423,159.675,0.067
s,10.55040423,161.551,0.067
m,10.55040466,160.489,0.0671
m,10.55040466,159.313,0.0671
m,10.55052995,160.424,0.0671
m,10.55029374,157.432,0.067
m,10.55019763,160.433,0.0669
m,10.54168429,149.393,0.0668
m,10.54059229,150.988,0.0667
m,10.53926574,152.536,0.0667
m,10.53686609,155.401,0.0666
m,10.53008188,153.859,0.0663
m,10.52896619,151.761,0.0661
m,10.52708385,153.6,0.066
m,10.52620681,153.224,0.066
m,10.52523665,154.368,0.066
m,10.51891239,161.011,0.0663
m,10.51665523,153.813,0.0664
m,10.51558261,159.752,0.0664
m,10.51440168,155.325,0.0665
m,10.51344043,155.85,0.0665
s,10.55051428,162.924,0.0669
s,10.55051385,160.805,0.0668
s,10.55051385,161.096,0.0668
s,10.55051428,158.147,0.0669
s,10.55051342,160.605,0.0667
s,10.55040293,161.283,0.0667
s,10.55027765,160.72,0.0667
s,10.55027765,159.961,0.0667
s,10.55027808,160.409,0.0668
s,10.55029202,159.644,0.0666
s,10.55029245,160.005,0.0667
s,10.55029202,160.77,0.0666
s,10.55029202,162.674,0.0666
s,10.55029202,159.614,0.0666
s,10.55040466,158.245,0.0671
s,10.55040466,160.171,0.0671
s,10.55040466,162.556,0.0671
s,10.55040466,160.685,0.0671
m,10.54904176,148.842,0.0669
m,10.54904176,155.056,0.0669
m,10.54611364,150.935,0.0669
m,10.54456325,158.014,0.067
m,10.54312418,153.658,0.0671
m,10.53566745,154.794,0.0665
m,10.53566745,159.265,0.0665
m,10.53325769,154.055,0.0664
m,10.53228235,153.378,0.0664
m,10.53118153,160.372,0.0663
m,10.52393812,155.736,0.0661
m,10.52265688,161.705,0.0662
m,10.52126613,160.274,0.0661
m,10.52009699,159.428,0.0662
m,10.51146322,162.751,0.0668
m,10.50997429,157.547,0.0668
m,10.50861373,161.407,0.0669
m,10.50770865,158.973,0.0668
m,10.5070236,152.29,0.0667
m,10.50612141,157.168,0.0667
m,10.50511117,158.572,0.0667
m,10.50386567,154.922,0.0666
m,10.50285723,157.147,0.0664
m,10.49531413,158.161,0.0665
m,10.49437045,152.883,0.0665
m,10.49353654,157.87,0.0665
m,10.49272183,150.794,0.0665
m,10.4906411,153.681,0.0665
m,10.48709052,156.448,0.0661
m,10.48692267,154.84,0.0661
m,10.48662752,159.945,0.0659
m,10.48646186,155.889,0.0658
m,10.48637181,154.608,0.0658
m,10.48932098,161.684,0.0661
m,10.49032949,154.868,0.0662
m,10.49032949,157.772,0.0662
m,10.49162102,161.439,0.0663
m,10.49671514,158.015,0.0667
m,10.49765344,155.851,0.0667
m,10.4985937,153.423,0.0668
m,10.50032802,158.188,0.0669
m,10.50114322,155.276,0.0669
m,10.51054921,151.683,0.0678
m,10.51153543,162.6,0.0678
m,10.51239406,160.672,0.0679
m,10.51374943,160.444,0.0681
m,10.51435344,152.835,0.0683
m,10.51724433,154.136,0.0689
m,10.51772686,153.632,0.069
m,10.51768065,157.687,0.0691
m,10.51822165,154.451,0.0693
m,10.51886491,152.039,0.0693
m,10.51904712,152.523,0.0695
m,10.5190995,153.16,0.0696
m,10.51915286,157.613,0.0696
m,10.51945092,153.512,0.0696
m,10.50106442,156.427,0.0664
m,10.4999337,157.504,0.0664
m,10.4986771,162.529,0.0664
m,10.49753072,154.182,0.0664
m,10.49636724,155.477,0.0664
m,10.48973897,154.812,0.0665
m,10.48874791,154.83,0.0665
m,10.48812168,159.496,0.0664
m,10.48812125,156.378,0.0663
m,10.48670295,156.15,0.0658
m,10.48718373,154.519,0.0659
m,10.48766593,157.42,0.0659
m,10.48825874,155.149,0.066
m,10.48885289,156.328,0.066
m,10.49235375,158.604,0.0663
m,10.49308879,157.161,0.0664
m,10.49369665,161.161,0.0664
m,10.49467153,157.51,0.0664
m,10.49575661,155.49,0.0665
m,10.50172318,157.903,0.0669
m,10.50327569,153.898,0.0671
m,10.50375296,157.413,0.0672
m,10.50433868,159.656,0.0672
m,10.51435389,157.975,0.0684
m,10.5153279,155.41,0.0685
m,10.51585201,159.654,0.0686
m,10.51640107,154.442,0.0687
m,10.51682273,158.586,0.069
m,10.51854725,155.718,0.0692
m,10.51866189,157.647,0.0691
m,10.51875424,157.935,0.069
m,10.51884931,153.532,0.0691
m,10.51879096,155.846,0.0692
m,10.51961394,154.445,0.0695
m,10.52012133,152.003,0.0694
m,10.52015586,148.713,0.0693
m,10.52040432,155.251,0.0694
m,10.52076022,154.22,0.0696
m,10.52113134,157.96,0.0698
m,10.52143638,156.481,0.0701
m,10.52143684,154.86,0.0702
m,10.5217066,152.06,0.0704
m,10.52307537,154.095,0.0703
m,10.52331415,161.962,0.0704
m,10.52368671,153.264,0.0707
m,10.52392793,154.744,0.0709
m,10.52584852,152.98,0.0712
m,10.52633374,151.202,0.0712
m,10.52681994,159.219,0.0712
m,10.52741257,155.659,0.0713
m,10.52790117,155.089,0.0714
m,10.53207358,157.114,0.0718
m,10.53265379,149.957,0.072
m,10.53336768,155.748,0.0721
m,10.53384673,151.155,0.0724
m,10.53488372,157.348,0.0726
m,10.53753723,161.573,0.0728
m,10.53841996,161.239,0.0729
m,10.53903137,159.718,0.0725
m,10.53961663,162.161,0.0725
m,10.54482172,158.38,0.0737
m,10.54544438,158.715,0.0738
m,10.54609815,158.01,0.074
m,10.54678225,161.216,0.0741
m,10.54757189,160.791,0.0743
m,10.55393437,160.431,0.0752
m,10.55473084,160.316,0.0752
m,10.5556325,161.287,0.0753
m,10.55653523,156.215,0.0754
m,10.55730391,161.8,0.0753
m,10.56633366,159.47,0.0751
m,10.56741222,160.927,0.0751
m,10.56849158,160.776,0.075
m,10.56967533,162.205,0.0749
m,10.52177747,157.04,0.0704
m,10.52198088,159.692,0.0703
m,10.52205465,159.208,0.0703
m,10.52239071,158.869,0.0702
m,10.52267994,160.077,0.0703
m,10.52427492,155.174,0.071
m,10.52451805,157.259,0.0712
m,10.5247612,154.006,0.0712
m,10.52522342,157.089,0.0712
m,10.52546939,152.101,0.0712
m,10.52914521,156.683,0.0714
m,10.52914569,157.466,0.0715
m,10.53060407,153.947,0.0716
m,10.53149531,154.39,0.0717
m,10.53520451,154.744,0.0726
m,10.53557458,159.815,0.0727
m,10.53607803,161.093,0.0727
m,10.53655385,159.466,0.0727
m,10.537031,158.529,0.0728
m,10.5406285,159.645,0.0728
m,10.54062997,159.049,0.0731
m,10.54207344,159.146,0.0733
m,10.5429587,155.968,0.0733
m,10.54433296,156.801,0.0735
m,10.5484959,160.868,0.0744
m,10.54983666,160.002,0.0746
m,10.55094186,161.191,0.075
m,10.55197292,155.666,0.0751
m,10.55820668,159.855,0.075
m,10.56082382,160.866,0.075
m,10.56206198,159.899,0.075
m,10.56206249,160.522,0.0751
m,10.56498816,160.02,0.0752
m,10.57099491,161.284,0.0748
m,10.57336082,160.258,0.0746
m,10.57458161,157.058,0.0745
m,10.57458111,157.54,0.0744
m,10.57716221,161.73,0.0743
m,10.5784193,161.139,0.0742
m,10.57981869,161.098,0.074
m,10.58108468,160.998,0.0739
m,10.58231839,159.563,0.0736
m,10.58389435,159.681,0.0735
m,10.59400782,161.589,0.0732
m,10.59521281,159.075,0.0731
m,10.59659091,159.413,0.073
m,10.59786707,160.602,0.0728
m,10.6002197,160.485,0.0728
m,10.60682064,159.075,0.0719
m,10.60790242,160.54,0.0717
m,10.60908735,161.356,0.0715
m,10.61135988,160.659,0.0714
m,10.61916914,160.603,0.0716
m,10.61917057,160.289,0.0719
m,10.62058028,159.335,0.0724
m,10.62167626,159.941,0.0726
m,10.6249035,159.82,0.0736
m,10.62581219,158.35,0.0745
m,10.62587186,157.921,0.0746
m,10.62559364,158.304,0.0746
m,10.6251805,159.866,0.0746
m,10.62418631,161.033,0.0745
m,10.62049482,160.015,0.0748
m,10.61982125,160.906,0.0746
m,10.6196252,160.797,0.0744
m,10.61886347,159.011,0.0742
m,10.61480214,162.18,0.0736
m,10.61344583,159.413,0.074
m,10.61283277,159.914,0.0741
m,10.61228435,158.349,0.0743
m,10.61163678,160.241,0.0744
m,10.60776134,161.813,0.0751
m,10.60776185,160.288,0.0752
m,10.60666681,157.696,0.0753
m,10.60627218,160.641,0.0755
m,10.60540342,159.82,0.0758
m,10.58745451,162.626,0.0734
m,10.58913558,161.706,0.0733
m,10.58913509,157.131,0.0732
m,10.59246282,161.493,0.0731
m,10.60129436,160.132,0.0726
m,10.60250619,159.229,0.0725
m,10.6025057,161.43,0.0724
m,10.60472916,159.845,0.0723
m,10.60560431,158.632,0.0721
m,10.6123102,160.809,0.0712
m,10.61448788,159.275,0.0712
m,10.61448788,160.816,0.0712
m,10.61663577,156.443,0.0712
m,10.61745624,160.087,0.0712
m,10.62573324,161.134,0.0739
m,10.62568294,159.503,0.0743
m,10.62563287,159.521,0.0745
m,10.62589135,160.802,0.0745
m,10.62374187,158.962,0.0744
m,10.62316305,158.469,0.0745
m,10.62248472,161.204,0.0746
m,10.62170702,161.18,0.0747
m,10.62103132,161.647,0.0747
m,10.61843407,159.375,0.074
m,10.61800673,158.332,0.0739
m,10.6176174,159.454,0.0737
m,10.61712982,160.652,0.0736
m,10.61664457,158.928,0.0736
m,10.61095385,160.184,0.0747
m,10.61050885,156.494,0.0747
m,10.6092619,160.444,0.0748
m,10.60869906,161.323,0.075
m,10.6047738,161.826,0.076
m,10.60314151,159.967,0.0762
m,10.60267747,161.439,0.0766
m,10.6024512,159.838,0.0767
m,10.60202783,161.086,0.0769
m,10.60168455,162.124,0.0771
m,10.59981488,162.106,0.0773
m,10.5983208,159.907,0.0772
m,10.59750722,158.759,0.0772
m,10.59407078,160.985,0.0775
m,10.59326903,160.006,0.0775
m,10.59264165,162.265,0.0776
m,10.59305378,161.022,0.0777
m,10.59305378,158.195,0.0777
m,10.5899734,162.156,0.0785
m,10.589681,159.612,0.0784
m,10.58953027,157.12,0.0784
m,10.58947928,157.085,0.0784
m,10.58952792,160.643,0.0784
m,10.59268307,158.507,0.0792
m,10.5933455,159.156,0.0792
m,10.5940945,161.141,0.0792
m,10.5947053,159.109,0.0792
m,10.59900994,160.156,0.0795
m,10.59970164,160.967,0.0796
m,10.60058907,161.232,0.0796
m,10.60118592,160.936,0.0797
m,10.6015987,160.515,0.0796
m,10.60588627,161.587,0.0799
m,10.60649363,159.85,0.0799
m,10.60705879,161.118,0.08
m,10.60790829,157.103,0.0802
m,10.60912514,155.36,0.0803
m,10.61334927,159.929,0.0805
m,10.61397365,160.468,0.0807
m,10.6151721,160.589,0.0808
m,10.61609131,155.901,0.0809
m,10.62244223,162.395,0.0811
m,10.62405644,160.589,0.0813
m,10.62474562,160.115,0.0812
m,10.62572276,156.633,0.0814
m,10.62674814,157.454,0.0816
m,10.59750722,159.261,0.0772
m,10.59632217,160.492,0.0773
m,10.59571237,160.431,0.0774
m,10.59486597,161.042,0.0775
m,10.59406132,159.507,0.0776
m,10.59301093,162.172,0.0779
m,10.59289256,156.111,0.0779
m,10.59230044,160.478,0.0781
m,10.59085562,161.388,0.0783
m,10.58957834,160.89,0.0785
m,10.58976999,159.507,0.0786
m,10.59019919,159.371,0.0788
m,10.59020028,156.483,0.079
m,10.59206398,157.061,0.0791
m,10.59541709,158.044,0.0794
m,10.59636801,161.722,0.0794
m,10.59656279,158.96,0.0793
m,10.59709582,160.529,0.0793
m,10.5981789,160.224,0.0794
m,10.60314426,158.815,0.0797
m,10.60384309,160.797,0.0797
m,10.60384365,161.484,0.0798
m,10.60513868,161.184,0.0798
m,10.60992558,162.515,0.0803
m,10.61068365,160.288,0.0804
m,10.61068365,160.79,0.0804
m,10.61220316,160.746,0.0804
m,10.61258582,160.98,0.0805
m,10.61695338,159.463,0.081
m,10.61891513,158.67,0.081
m,10.61978247,158.438,0.081
m,10.62069748,156.734,0.081
m,10.62244223,158.505,0.0811
m,10.62767902,158.602,0.0817
m,10.62870723,157.09,0.0817
m,10.62949905,160.726,0.0817
m,10.63156582,161.479,0.0818
m,10.63156639,159.417,0.0819
m,10.63368816,160.173,0.082
m,10.63472821,162.371,0.082
m,10.63562735,160.363,0.082
m,10.63648088,156.762,0.082
m,10.64297616,158.51,0.0819
m,10.64407963,161.037,0.0819
m,10.64527996,157.563,0.082
m,10.6462431,162.75,0.0821
m,10.65144611,159.853,0.0822
m,10.65208518,160.587,0.0822
m,10.65286917,160.176,0.0822
m,10.65351074,156.998,0.0822
m,10.65415411,157,0.0823
m,10.65802407,158.797,0.0827
m,10.65858054,159.611,0.0827
m,10.65947628,158.469,0.0827
m,10.66028003,161.52,0.0828
m,10.66046346,162.609,0.0827
m,10.66627039,161.333,0.083
m,10.6676539,158,0.0829
m,10.66765448,159.907,0.083
m,10.67018462,158.993,0.083
m,10.67915577,161.28,0.083
m,10.68117216,161.56,0.083
m,10.68117216,159.519,0.083
m,10.68677496,160.677,0.0832
m,10.68984172,159.722,0.0832
m,10.70758412,160.009,0.0836
m,10.71069965,159.62,0.0836
m,10.7139627,159.566,0.0838
m,10.71674894,160.128,0.0838
m,10.7196297,157.129,0.0839
m,10.74012124,159.315,0.0836
m,10.7431032,159.938,0.0838
m,10.74599291,159.994,0.0839
m,10.74950721,159.733,0.0842
m,10.63709773,158.368,0.082
m,10.63809815,154.82,0.0821
m,10.63986438,160.381,0.0821
m,10.64082077,159.417,0.082
m,10.64082077,159.249,0.082
m,10.64720681,162.208,0.0821
m,10.64885357,159.965,0.0822
m,10.64939336,160.922,0.0823
m,10.65002812,160.631,0.0822
m,10.65002812,161.64,0.0822
m,10.65474885,158.812,0.0823
m,10.65627439,159.716,0.0823
m,10.65687289,160.969,0.0824
m,10.65687347,158.953,0.0825
m,10.6617403,156.308,0.0828
m,10.66273889,156.339,0.0829
m,10.66364503,157.957,0.083
m,10.66455167,156.729,0.0829
m,10.66541,160.679,0.0829
m,10.6696627,162.02,0.0828
m,10.67057387,161.525,0.0829
m,10.67148626,156.422,0.083
m,10.67287601,157.362,0.083
m,10.67512687,160.876,0.083
m,10.6925787,161.676,0.0833
m,10.69540058,156.473,0.0836
m,10.69836732,160.843,0.0837
m,10.70441796,161.474,0.0837
m,10.72232572,161.329,0.084
m,10.72639727,161.032,0.0836
m,10.72671207,160.629,0.0837
m,10.7319115,156.145,0.0836
m,10.73437342,156.669,0.0835
m,10.75316661,160.658,0.0842
m,10.75545115,156.142,0.0843
m,10.76172994,160.229,0.0843
m,10.76501015,156.611,0.0844
m,10.768476,160.811,0.0845
m,10.76955835,156.673,0.0844
m,10.77240327,159.264,0.0845
m,10.77486577,160.288,0.0848
m,10.77965807,159.342,0.0846
m,10.7820832,161.65,0.0846
m,10.79584187,161.559,0.0848
m,10.8025187,159.219,0.0849
m,10.80590422,156.273,0.0849
m,10.80914418,156.107,0.0849
m,10.81396135,157.611,0.0849
m,10.83401677,159.776,0.0853
m,10.83607389,154.586,0.0854
m,10.83855373,154.531,0.0856
m,10.84094408,160.859,0.086
m,10.85905223,160.256,0.0868
m,10.86132218,159.94,0.087
m,10.86326447,159.823,0.0873
m,10.86511748,159.739,0.0877
m,10.8669357,159.413,0.0879
m,10.87598889,158.335,0.0884
m,10.87695369,160.768,0.0883
m,10.87782987,160.141,0.0883
m,10.87853595,156.458,0.0882
m,10.87973859,159.722,0.0883
m,10.88299582,157.941,0.0883
m,10.88213125,159.541,0.0884
m,10.88213188,159.035,0.0885
m,10.88112209,158.992,0.0882
m,10.87746741,159.467,0.088
m,10.87567606,161.553,0.0879
m,10.87567668,157.916,0.088
m,10.87424898,156.222,0.0878
m,10.87346389,157.735,0.0879
m,10.86865527,157.054,0.0877
m,10.86638462,159.33,0.0877
m,10.86638524,160.819,0.0878
m,10.86427086,160.359,0.0878
m,10.86287469,157.483,0.0879
m,10.78445513,157.602,0.0846
m,10.78682788,155.272,0.0846
m,10.79048503,154.595,0.0846
m,10.79289761,158.173,0.0847
m,10.81740447,157.663,0.0849
m,10.81998778,156.95,0.085
m,10.82266378,158.055,0.0851
m,10.82567005,161.484,0.0851
m,10.82843951,161.595,0.0852
m,10.84357234,159.875,0.0862
m,10.84903264,159.228,0.0864
m,10.85177357,160.811,0.0864
m,10.85436979,160.085,0.0866
m,10.85678397,155.842,0.0867
m,10.87009827,157.883,0.088
m,10.87182949,160.897,0.0881
m,10.8733806,159.467,0.0882
m,10.8733806,159.313,0.0882
m,10.88044859,159.84,0.0883
m,10.8809214,161.689,0.0883
m,10.88130483,160.001,0.0883
m,10.88216643,154.316,0.0884
m,10.88246173,157.828,0.0884
m,10.88053059,158.025,0.0883
m,10.88032618,155.975,0.0883
m,10.87997504,154.975,0.0883
m,10.87905829,157.563,0.0882
m,10.87829066,159.888,0.088
m,10.8726781,155.058,0.0877
m,10.87186405,156.266,0.0877
m,10.87066463,157.795,0.0877
m,10.86967429,160.457,0.0877
m,10.86210551,159.721,0.088
m,10.86181442,156.529,0.0881
m,10.86110647,161.055,0.0881
m,10.859457,160.051,0.0882
m,10.85931878,161.361,0.0883
m,10.85897228,160.667,0.0884
m,10.8589729,160.343,0.0885
m,10.85661431,161.196,0.0884
m,10.8557657,161.302,0.0884
m,10.85094425,162.81,0.089
m,10.85094488,160.763,0.0891
m,10.84971228,155.645,0.0892
m,10.84914204,155.793,0.0893
m,10.84561904,154.139,0.0898
m,10.84561904,161.156,0.0898
m,10.8448691,154.309,0.09
m,10.84455842,156.689,0.0901
m,10.84409928,157.747,0.0902
m,10.84489849,160.619,0.0911
m,10.84488707,157.535,0.0911
m,10.84517758,158.688,0.0911
m,10.84544667,156.783,0.0914
m,10.84587441,156.836,0.0915
m,10.84653972,155.437,0.0919
m,10.84786343,153.467,0.0919
m,10.84790919,162.074,0.0919
m,10.84834531,160.695,0.0919
m,10.85144322,159.429,0.0919
m,10.8518056,161.207,0.0919
m,10.85193184,159.444,0.0919
m,10.85344208,154.758,0.0917
m,10.85344208,156.462,0.0917
m,10.85509523,160.766,0.0918
m,10.85540906,157.555,0.0919
m,10.85629818,156.993,0.0919
m,10.85629752,158.993,0.0918
m,10.8567368,161.944,0.0918
m,10.8587202,161.735,0.0921
m,10.8590033,160.236,0.0921
m,10.8590033,160.601,0.0921
m,10.85942071,157.194,0.0921
m,10.85465267,157.358,0.0885
m,10.85351373,160.238,0.0887
m,10.85326749,162.632,0.0888
m,10.85196996,159.141,0.0888
m,10.85136737,158.618,0.0888
m,10.84857281,157.045,0.0894
m,10.84806601,157.804,0.0895
m,10.84734909,155.918,0.0896
m,10.84631384,156.496,0.0897
m,10.84593447,154.727,0.0897
m,10.84379313,160.57,0.0905
m,10.84420134,160.896,0.0906
m,10.84444615,156.373,0.0907
m,10.84458341,154.411,0.0908
m,10.84587507,156.093,0.0916
m,10.8460091,159.695,0.0918
m,10.84613352,153.542,0.0918
m,10.84634731,156.925,0.0919
m,10.84608528,152.252,0.0918
m,10.84834662,154.884,0.0921
m,10.85011116,160.913,0.0921
m,10.85046515,158.133,0.0921
m,10.85066976,158.483,0.0921
m,10.85087468,158.503,0.0919
m,10.85426836,159.384,0.0918
m,10.85457534,160.515,0.0918
m,10.85456039,156.495,0.0919
m,10.85502204,160.258,0.0919
m,10.85707725,158.271,0.0918
m,10.85748429,153.799,0.0917
m,10.85765632,160.539,0.0918
m,10.85841463,160.517,0.0921
m,10.85852394,157.223,0.0921
m,10.85955494,159.679,0.0921
m,10.85999468,162.318,0.0921
m,10.86058788,160.337,0.0921
m,10.86094463,157.528,0.0921
m,10.86154167,156.666,0.0923
m,10.86263415,158.224,0.0924
m,10.8629788,155.933,0.0925
m,10.86297946,155.916,0.0926
m,10.86384096,156.407,0.0924
m,10.86429278,159.735,0.0925
m,10.86604373,160.712,0.093
m,10.86647061,157.493,0.0931
m,10.86706932,159.067,0.0933
m,10.86743128,154.174,0.0934
m,10.8683283,156,0.0935
m,10.87072608,155.421,0.0936
m,10.87106164,151.689,0.0937
m,10.8713131,157.822,0.0937
m,10.87191909,155.555,0.0938
m,10.87203517,155.299,0.0938
m,10.87317686,158.656,0.0941
m,10.87367132,159.837,0.0941
m,10.87415781,160.215,0.0941
m,10.87449118,157.977,0.094
m,10.87617782,152.912,0.0938
m,10.87643839,154.558,0.0939
m,10.8765326,153.229,0.0939
m,10.87664303,156.886,0.0942
m,10.87722798,161.302,0.0943
m,10.87873485,152.753,0.0953
m,10.87892449,161.415,0.0955
m,10.87934297,154.271,0.096
m,10.8796066,156.626,0.0962
m,10.8800981,156.068,0.0965
m,10.88227481,159.938,0.0979
m,10.88248043,160.768,0.0983
m,10.88288089,154.488,0.0985
m,10.88288161,153.441,0.0986
m,10.88389656,158.415,0.0985
m,10.88612681,160.779,0.0984
m,10.88743994,159.601,0.0983
m,10.88743923,160.925,0.0982
m,10.89023544,157.258,0.0982
m,10.86489772,156.462,0.0925
m,10.86487668,155.306,0.0926
m,10.86509448,159.987,0.0927
m,10.86592337,157.554,0.0928
m,10.86877929,161.682,0.0936
m,10.86877929,160.5,0.0936
m,10.86992111,161.997,0.0935
m,10.87023898,156.691,0.0936
m,10.87215196,156.418,0.0938
m,10.87210118,156.06,0.0938
m,10.87227457,153.717,0.0939
m,10.87260312,155.322,0.0941
m,10.87293143,159.389,0.0941
m,10.87467335,155.901,0.0941
m,10.87470154,160.631,0.094
m,10.8748014,155.022,0.094
m,10.87536812,159.09,0.0939
m,10.87569569,153.819,0.0939
m,10.87778492,158.849,0.0945
m,10.87814811,159.041,0.0946
m,10.87851287,160.165,0.0948
m,10.87847484,156.757,0.095
m,10.88101182,160.871,0.0967
m,10.88129266,157.858,0.0969
m,10.88165817,157.995,0.0972
m,10.88178755,158.446,0.0975
m,10.88207191,156.406,0.0977
m,10.88296734,158.901,0.0987
m,10.88301275,156.568,0.0988
m,10.88305818,159.449,0.0987
m,10.88317767,151.922,0.0986
m,10.88330022,159.093,0.0987
m,10.8918728,155.2,0.0982
m,10.89320043,155.681,0.0981
m,10.89467692,156.615,0.0981
m,10.89623608,153.534,0.098
m,10.90054424,153.889,0.0978
m,10.90274597,154.738,0.0978
m,10.90519238,155.056,0.0976
m,10.90763983,155.028,0.0974
m,10.91008903,160.903,0.0973
m,10.92878617,155.155,0.0966
m,10.93171794,155.372,0.0966
m,10.93472461,153.558,0.0965
m,10.93765776,150.847,0.0964
m,10.95963295,158.834,0.0956
m,10.96257419,153.383,0.0955
m,10.96543496,150.799,0.0953
m,10.9682201,155.113,0.0949
m,10.97092681,155.611,0.0947
m,10.98673556,152.99,0.0938
m,10.98913562,150.478,0.0935
m,10.99347257,153.352,0.0934
m,10.99571582,152.412,0.0933
m,10.99787979,156.461,0.0932
m,11.00662241,154.505,0.0938
m,11.00669819,156.024,0.0937
m,11.0065416,153.979,0.0937
m,11.00678034,154.205,0.094
s,11.0071026,155.277,0.0948
s,11.00702245,156.452,0.0948
s,11.00694297,154.208,0.0949
s,11.00726054,155.885,0.095
s,11.00734205,154.168,0.0952
s,11.00805295,156.366,0.0953
s,11.00789636,155.12,0.0953
s,11.00789636,154.262,0.0953
s,11.00774046,155.069,0.0954
s,11.00774114,154.658,0.0955
s,11.00703365,154.987,0.0959
s,11.00679828,153.903,0.0961
s,11.00648276,155.228,0.0963
s,11.00648345,154.638,0.0964
m,10.91253186,154.624,0.0972
m,10.91822812,157.481,0.097
m,10.91822742,159.686,0.0969
m,10.92346764,150.967,0.0967
m,10.9260118,160.719,0.0967
m,10.94066735,149.819,0.0964
m,10.94352709,161.024,0.0962
m,10.94670019,160.773,0.0961
m,10.95321127,160.505,0.0959
m,10.95646233,156.91,0.0958
m,10.97634974,151.088,0.0945
m,10.9763484,157.449,0.0943
m,10.98177563,157.313,0.0942
m,10.98425452,158.393,0.0939
m,11.00020136,154.697,0.0931
m,11.00244849,155.624,0.0931
m,11.00438292,153.833,0.093
m,11.00561888,156.276,0.0934
m,11.00631163,156.364,0.0936
m,11.0068625,155.429,0.0943
m,11.00678234,155.474,0.0943
m,11.00678302,156.844,0.0944
s,11.00701976,156.259,0.0944
s,11.00710193,155.98,0.0947
s,11.00734205,155.84,0.0952
s,11.00734205,156.993,0.0952
s,11.00797212,154.956,0.0952
s,11.00805295,155.745,0.0953
s,11.0076603,155.378,0.0954
s,11.0075044,156.268,0.0955
s,11.00726834,154.948,0.0956
s,11.00726971,155.599,0.0958
s,11.00711381,154.614,0.0959
s,11.00624671,155.474,0.0964
s,11.00600997,153.213,0.0964
s,11.00577392,155.676,0.0965
s,11.00577392,154.428,0.0965
s,11.00561733,155.465,0.0965
s,11.00538059,153.949,0.0965
s,11.00530044,154.911,0.0965
s,11.00529975,155,0.0964
s,11.00529975,155.562,0.0964
s,11.00506301,155.401,0.0964
s,11.0041177,156.15,0.0961
s,11.0041177,156.086,0.0961
s,11.00396042,155.302,0.096
s,11.00404058,154.527,0.096
s,11.00404126,155.032,0.0961
s,11.00427801,155.255,0.0961
s,11.00412211,155.553,0.0962
s,11.00412211,154.197,0.0962
s,11.00404195,155.584,0.0962
s,11.00554256,155.666,0.0962
s,11.00554187,154.375,0.0961
s,11.00554187,155.468,0.0961
s,11.00617568,156.277,0.0961
s,11.00641243,156.888,0.0961
s,11.00649122,155.595,0.0959
s,11.00625379,156.503,0.0958
s,11.00625311,155.454,0.0957
s,11.00617226,154.982,0.0956
s,11.00617226,156.26,0.0956
s,11.00530171,154.462,0.0956
s,11.00522087,153.816,0.0955
s,11.00537813,156.053,0.0956
s,11.00514207,154.597,0.0957
s,11.00474875,155.396,0.0957
s,11.00451132,154.638,0.0956
s,11.00451132,154.098,0.0956
s,11.00498617,155.201,0.0958
s,11.00530376,155.334,0.0959
s,11.00514786,155.9,0.096
s,11.00514718,154.186,0.0959
s,11.00491044,153.982,0.0959
s,11.0049906,154.787,0.0959
s,11.00499197,155.417,0.0961
s,11.00458815,155.191,0.0962
s,11.00443156,156.263,0.0962
s,11.00427497,155.109,0.0962
s,11.00427428,154.195,0.0961
s,11.00404126,155.761,0.0961
s,11.00427801,155.385,0.0961
s,11.00435816,157.425,0.0961
s,11.00435816,153.828,0.0961
s,11.00435816,155.197,0.0961
s,11.00404195,157.529,0.0962
s,11.00404195,155.635,0.0962
s,11.00459559,156.456,0.0962
s,11.00530582,155.813,0.0962
s,11.00562272,156.889,0.0962
s,11.00625585,155.711,0.0961
s,11.0060191,154.792,0.0961
s,11.00625516,156.331,0.096
s,11.00633464,155.344,0.0959
s,11.0060921,154.787,0.0956
s,11.00593552,155.968,0.0956
s,11.00585535,154.577,0.0956
s,11.00577519,155.597,0.0956
s,11.00553845,154.861,0.0956
s,11.00498481,156.358,0.0956
s,11.00490465,152.566,0.0956
s,11.00474807,154.508,0.0956
s,11.00474875,156.102,0.0957
s,11.00474875,154.975,0.0957
s,11.00561998,154.787,0.0958
s,11.0054634,157.108,0.0958
s,11.00538324,155.349,0.0958
s,11.00522802,154.269,0.096
s,11.00562647,154.579,0.0962
s,11.00594407,153.754,0.0963
s,11.00578749,154.827,0.0963
s,11.00578818,155.833,0.0964
s,11.00603007,154.995,0.0966
s,11.00611163,153.1,0.0968
s,11.00603077,155.161,0.0967
s,11.0058735,155.277,0.0966
s,11.00563676,154.307,0.0966
s,11.00547711,155.913,0.0967
s,11.00571385,155.797,0.0967
s,11.0054778,156.434,0.0968
s,11.00547711,154.822,0.0967
s,11.00539763,155.839,0.0968
s,11.0055542,155.61,0.0968
s,11.00579095,156.387,0.0968
s,11.00429032,154.545,0.0968
s,11.00397341,156.322,0.0968
s,11.00397272,153.339,0.0967
s,11.00341838,155.799,0.0966
s,11.00318164,155.709,0.0966
s,11.00341838,156.389,0.0966
s,11.00326111,156.792,0.0965
s,11.00238918,153.278,0.0963
s,11.00238918,153.77,0.0963
s,11.00223191,155.175,0.0962
s,11.00223191,154.483,0.0962
s,11.00246865,155.428,0.0962
s,11.00286709,153.021,0.0964
s,11.00286709,155.277,0.0964
s,11.00342143,155.306,0.0965
s,11.00342143,153.959,0.0965
s,11.00334058,156.278,0.0964
m,11.00460822,154.714,0.0964
m,11.00460822,157.302,0.0964
m,11.00476857,157.077,0.0964
m,11.00492583,157.491,0.0965
m,11.01047984,158.085,0.0967
m,11.01302369,156.877,0.0966
m,11.01441624,153.598,0.0967
m,11.01533256,156.622,0.0967
m,11.01672617,153.81,0.0967
s,11.00555658,156.369,0.0966
s,11.00555658,157.046,0.0966
s,11.00555658,155.255,0.0966
s,11.00555658,155.598,0.0966
s,11.00547641,155.433,0.0966
s,11.0055542,155.704,0.0968
s,11.00563437,154.198,0.0968
s,11.00563437,155.203,0.0968
s,11.0055542,155.61,0.0968
s,11.00397272,156.222,0.0967
s,11.00373598,155.347,0.0967
s,11.00365581,155.875,0.0967
s,11.00349993,156.571,0.0968
s,11.00341907,154.948,0.0967
s,11.00326111,155.275,0.0965
s,11.00302436,154.213,0.0965
s,11.00294351,154.316,0.0964
s,11.00294351,156.237,0.0964
s,11.00246934,155.1,0.0963
s,11.0025495,154.319,0.0963
s,11.00286709,156.029,0.0964
s,11.00278693,156.569,0.0964
s,11.00270608,154.894,0.0963
s,11.003184,156.67,0.0964
s,11.00358177,156.576,0.0965
s,11.00405526,155.753,0.0965
s,11.00445234,155.069,0.0965
s,11.00460822,154.532,0.0964
m,11.00492583,152.127,0.0965
m,11.00577764,150.14,0.0965
m,11.0067789,156.32,0.0965
m,11.00793366,158.898,0.0965
m,11.00924641,153.736,0.0966
m,11.01804147,156.654,0.0968
m,11.01951385,153.695,0.0968
m,11.02075052,154.11,0.0968
m,11.02301374,153.411,0.0967
m,11.02338302,150.84,0.0967
m,11.02665261,157.41,0.0967
m,11.02828771,158.286,0.0967
m,11.02976675,150.152,0.0967
m,11.03108892,161.155,0.0966
m,11.04264711,155.212,0.0962
m,11.04452838,155.74,0.0965
m,11.04593433,160.132,0.0961
m,11.04758036,153.915,0.0961
m,11.05528927,157.055,0.0964
m,11.05608115,159.832,0.0965
m,11.05648009,149.355,0.0966
m,11.05680092,155.926,0.0966
m,11.05721249,152.857,0.0966
m,11.05681076,159.921,0.0969
m,11.057144,159.61,0.0971
m,11.05684782,154.099,0.0973
m,11.05664952,158.645,0.0974
m,11.05667055,160.619,0.0975
m,11.05572979,156.573,0.0979
m,11.05544535,157.101,0.098
m,11.05479792,160.127,0.098
m,11.05459074,161.411,0.098
m,11.05470224,161.889,0.0988
m,11.05470224,155.769,0.0988
m,11.05447775,157.231,0.0989
m,11.05429061,154.332,0.099
m,11.05434088,154.776,0.0991
m,11.05381943,155.065,0.0996
m,11.05395643,156.062,0.0997
m,11.05385878,160.929,0.0998
m,11.05407435,160.213,0.0998
m,11.05428603,154.894,0.0999
m,11.05703841,150.698,0.1004
m,11.05782248,159.556,0.1008
m,11.06010451,161.125,0.101
m,11.06144525,152.253,0.1011
m,11.03249036,153.258,0.0966
m,11.03405027,154.175,0.0964
m,11.03561086,154.747,0.0964
m,11.03725118,157.616,0.0963
m,11.04084835,152.95,0.0963
m,11.04907063,153.828,0.0961
m,11.05016995,153.963,0.0963
m,11.0512695,153.273,0.0963
m,11.05244882,151.778,0.0962
m,11.0544986,154.09,0.0963
m,11.05738221,154.639,0.0967
m,11.05723775,154.297,0.0968
m,11.05709484,152.859,0.0969
m,11.0570311,155.715,0.0969
m,11.05629824,152.532,0.0976
m,11.05616485,155.03,0.0976
m,11.05627213,156.407,0.0977
m,11.05606497,153.68,0.0979
m,11.05593633,154.172,0.098
m,11.05446686,155.937,0.0982
m,11.05434334,156.968,0.0983
m,11.0543802,156.317,0.0985
m,11.05442049,160.281,0.0985
m,11.0548967,159.672,0.0986
m,11.05415578,155.034,0.0991
m,11.05379541,151.594,0.0992
m,11.05369807,157.392,0.0994
m,11.05383753,155.873,0.0995
m,11.05442129,157.857,0.0999
m,11.0547791,156.674,0.1001
m,11.05508386,151.54,0.1002
m,11.05547211,160.89,0.1002
m,11.05609842,151.994,0.1003
m,11.06144598,161.055,0.1012
m,11.06444207,153.459,0.1012
m,11.06601518,154.051,0.1013
m,11.0677415,149.296,0.1014
m,11.06938657,155.457,0.1017
m,11.07297785,154.754,0.1016
m,11.07493469,151.075,0.1016
m,11.07705284,154.838,0.1017
m,11.08152647,154.754,0.1018
m,11.08411759,153.768,0.1018
m,11.09988633,156.968,0.1026
m,11.10248092,154.547,0.1024
m,11.10812975,152.584,0.1026
m,11.11048388,157.008,0.1027
m,11.11283862,154.96,0.1028
m,11.12857931,154.386,0.103
m,11.13061567,157.259,0.1028
m,11.13281433,157.716,0.1028
m,11.13439154,151.148,0.1027
m,11.12987288,151.991,0.1021
m,11.12750757,154.704,0.102
m,11.12183947,150.627,0.1021
m,11.1191556,150.964,0.1021
m,11.10171145,158.671,0.1024
m,11.09567161,158.625,0.1026
m,11.09277044,153.186,0.1027
m,11.089561,149.396,0.1029
m,11.08627721,159.19,0.103
m,11.06925644,152.66,0.104
m,11.0623793,148.055,0.1043
m,11.05909062,151.033,0.1045
m,11.0557278,159.173,0.1046
m,11.05229551,153.21,0.1052
m,11.02709593,152.748,0.1072
m,11.02383009,153.145,0.1075
m,11.02071336,149.765,0.1079
m,11.0176022,149.486,0.1089
m,10.99598611,148.179,0.1114
m,10.99365726,156.64,0.1121
m,10.9890657,159.335,0.1124
m,10.9866471,149.613,0.1127
m,10.98430233,156.07,0.113
m,11.08694585,154.581,0.1019
m,11.08938003,158.041,0.1021
m,11.09180558,157.267,0.1022
m,11.09423315,157.367,0.1025
m,11.11526936,156.843,0.1029
m,11.11746361,152.826,0.1028
m,11.12199709,147.208,0.1029
m,11.12426891,151.784,0.1029
m,11.12638174,151.453,0.103
m,11.13700285,156.08,0.1026
m,11.13700211,149.693,0.1025
m,11.13584945,146.403,0.1024
m,11.13428442,156.692,0.1023
m,11.1322388,153.405,0.1022
m,11.116473,155.416,0.1022
m,11.11647374,153.141,0.1023
m,11.11064996,156.844,0.1024
m,11.10774433,150.996,0.1024
m,11.10469017,154.938,0.1024
m,11.08291993,151.144,0.1031
m,11.0795636,152.719,0.1032
m,11.07581358,155.27,0.1035
m,11.07253419,152.823,0.1037
m,11.04940534,151.146,0.1054
m,11.04315617,156.015,0.1057
m,11.03996074,145.038,0.1061
m,11.0334842,152.27,0.1068
m,11.03029044,153.087,0.1071
m,11.01456149,145.403,0.1094
m,11.00902093,155.242,0.1098
m,11.00339743,155.29,0.1105
m,11.0011369,151.251,0.1108
m,10.99848045,153.354,0.1111
m,10.98172313,154.164,0.1133
m,10.97921682,149.952,0.1135
m,10.97703605,159.324,0.1139
m,10.9745358,161.427,0.1147
m,10.97219434,155.443,0.1151
m,10.96985338,161.127,0.1155
m,10.96516946,149.952,0.1159
m,10.96244907,149.908,0.1163
m,10.95949535,152.087,0.1168
m,10.9394485,146.379,0.1216
m,10.93266021,155.048,0.1223
m,10.92918885,150.597,0.1229
m,10.92602582,150.184,0.1235
m,10.90640698,156.426,0.1281
m,10.90413244,155.986,0.1283
m,10.90233046,154.216,0.1288
m,10.90052878,156.153,0.1293
m,10.8812367,149.216,0.1315
m,10.87846242,153.602,0.1318
m,10.87545431,146.449,0.1321
m,10.87244692,159.977,0.1324
m,10.86913274,152.232,0.1326
m,10.84920907,150.308,0.1335
m,10.84582902,152.998,0.1337
m,10.84254091,151.326,0.1339
m,10.83932548,150.171,0.1341
m,10.83610995,158.602,0.1342
m,10.81365426,158.277,0.1364
m,10.81028945,158.558,0.1371
m,10.80692128,147.22,0.1374
m,10.80341263,154.628,0.1378
m,10.77988667,157.847,0.1403
m,10.77295287,157.447,0.1406
m,10.77295732,162.164,0.141
m,10.76600701,155.362,0.1414
m,10.76258181,153.118,0.1418
m,10.74225644,158.611,0.1436
m,10.73569922,156.11,0.1443
m,10.73153259,161.473,0.1446
m,10.72804627,156.4,0.1449
m,10.72425682,158.822,0.1452
m,10.95630836,147.441,0.1174
m,10.95321101,154.222,0.118
m,10.94995435,157.922,0.1188
m,10.94655185,149.201,0.1195
m,10.94292189,150.888,0.1209
m,10.92293721,151.672,0.1242
m,10.92015669,150.452,0.1249
m,10.91448573,159.889,0
m,10.91241557,148.346,0.1269
m,10.90992953,150.531,0.1278
m,10.89811354,156.233,0.1298
m,10.89538982,149.122,0.1301
m,10.89283398,160.493,0.1309
m,10.89036175,157.184,0.131
m,10.88718842,149.305,0.1313
m,10.86581834,151.467,0.1327
m,10.86250682,151.893,0.133
m,10.85912217,148.183,0.1331
m,10.85590208,145.4,0.1333
m,10.83266729,152.151,0.1349
m,10.8266909,146.385,0.1352
m,10.82338869,158.082,0.1354
m,10.82339081,147.859,0.1356
m,10.81678888,158.146,0.136
m,10.79662737,156.797,0.1381
m,10.79342727,157.187,0.1385
m,10.78985069,155.649,0.1388
m,10.7865816,155.45,0.1392
m,10.78315367,158.975,0.1399
m,10.75915648,158.672,0.1421
m,10.75587575,159.034,0.1426
m,10.75266538,150.348,0.143
m,10.74558392,158.395,0.1433
m,10.72040067,154.945,0.1457
m,10.71275428,149.498,0.146
m,10.7093427,146.275,0.1462
m,10.70616717,151.122,0.1465
m,10.70282763,154.581,0.1467
m,10.699254,149.369,0.1468
m,10.69591634,154.755,0.147
m,10.69220598,157.943,0.1472
m,10.68910172,158.204,0.1472
m,10.66643521,147.058,0.147
m,10.66317168,153.543,0.1468
m,10.65718639,156.55,0.1466
m,10.65396836,151.322,0.1463
m,10.65396602,142.711,0.1461
m,10.62962034,143.837,0.1445
m,10.62585506,140.876,0.1442
m,10.62166913,156.573,0.1441
m,10.60908991,140.116,0.1428
m,10.60908419,142.205,0.1423
m,10.57739294,136.399,0.1395
m,10.57379288,141.488,0.1392
m,10.56995675,136.986,0.1386
m,10.56615226,140.141,0.1383
m,10.55072744,130.513,0.1362
s,10.55112778,130.678,0.1364
s,10.55089668,130.564,0.1366
s,10.55112996,130.405,0.1366
s,10.55112996,130.566,0.1366
s,10.55082282,130.588,0.1361
s,10.55058955,130.547,0.1361
s,10.5509877,130.436,0.1361
s,10.55122207,130.798,0.1362
s,10.55135888,130.747,0.1362
s,10.55065686,131.313,0.136
s,10.55012081,131.285,0.1359
s,10.55012081,131.208,0.1359
s,10.54942207,131.103,0.136
s,10.55065686,130.749,0.136
s,10.55035518,131.061,0.136
s,10.55012081,130.904,0.1359
s,10.54981805,131.078,0.1358
s,10.55018813,131.029,0.1358
m,10.68599955,157.187,0.1473
m,10.67953612,154.418,0.1472
m,10.67620165,149.879,0.1472
m,10.67303218,155.009,0.1472
m,10.66976807,160.682,0.1471
m,10.6474232,155.601,0.1459
m,10.64439702,156.377,0.1456
m,10.64106876,143.751,0.1453
m,10.63757249,155.27,0.1446
m,10.60041599,134.462,0.1418
m,10.59218729,132.428,0.1409
m,10.58847182,136.28,0.1404
m,10.58449895,133.34,0.1401
m,10.58099361,136.491,0.1398
m,10.55858969,135.798,0.138
m,10.55858748,133.382,0.1378
m,10.55319239,131.503,0.1372
m,10.5514742,130.588,0.1368
m,10.55073072,130.676,0.1365
s,10.55112887,130.408,0.1365
s,10.55112778,130.438,0.1364
s,10.55112669,130.471,0.1363
s,10.55082391,130.334,0.1362
s,10.55142837,130.647,0.1363
s,10.55159325,130.9,0.1363
s,10.55142728,131.199,0.1362
s,10.55102804,131.377,0.1361
s,10.55089123,131.146,0.1361
s,10.54905199,131.232,0.136
s,10.54881981,130.907,0.1361
s,10.54858762,130.983,0.1362
s,10.54858653,131.075,0.1361
s,10.54988971,130.926,0.1361
s,10.54988645,130.906,0.1358
s,10.54981805,130.975,0.1358
s,10.54995485,131.14,0.1358
s,10.54995485,131.247,0.1358
s,10.54972266,131.098,0.1359
s,10.54965426,130.942,0.1359
s,10.54965426,130.966,0.1359
s,10.54995594,130.911,0.1359
s,10.54965426,130.859,0.1359
s,10.54797885,131.057,0.1357
s,10.547445,131.238,0.1358
s,10.54730823,131.055,0.1358
s,10.54907792,130.994,0.1358
s,10.54877408,131.252,0.1356
s,10.54847134,131.057,0.1355
s,10.5481686,130.878,0.1354
s,10.54793533,131.27,0.1354
s,10.54840187,130.719,0.1354
s,10.54910169,130.876,0.1354
s,10.54873165,130.813,0.1354
s,10.54873165,130.794,0.1354
s,10.54849838,130.73,0.1354
s,10.54833241,130.66,0.1353
s,10.55275693,131.02,0.1386
s,10.55259206,130.949,0.1386
s,10.55259206,130.988,0.1386
s,10.55252476,131.098,0.1387
s,10.55257744,131.09,0.1398
s,10.55234191,130.94,0.1396
s,10.55210751,130.728,0.1395
s,10.5518731,130.97,0.1394
s,10.55170824,131.134,0.1394
s,10.55184732,130.696,0.1396
s,10.55184732,130.717,0.1396
s,10.55191462,130.787,0.1395
s,10.55184508,130.783,0.1394
s,10.55177666,130.744,0.1394
s,10.55086263,130.712,0.1386
s,10.55086152,130.801,0.1385
s,10.5510275,130.735,0.1386
s,10.55109591,130.697,0.1386
s,10.54942098,131.035,0.1359
s,10.54941989,131.021,0.1358
s,10.54898143,131.142,0.1358
s,10.54867867,131.208,0.1357
s,10.54821212,131.077,0.1357
s,10.54891303,130.991,0.1358
s,10.54891303,131.219,0.1358
s,10.54867976,131.555,0.1358
s,10.54867867,131.262,0.1357
s,10.54884356,131.462,0.1357
s,10.54856676,130.865,0.1354
s,10.54880003,130.649,0.1354
s,10.54880003,130.597,0.1354
s,10.54910169,130.933,0.1354
s,10.55076755,130.801,0.1373
s,10.55299132,130.712,0.1387
s,10.55275804,130.686,0.1387
s,10.55275693,131.003,0.1386
s,10.55275693,130.737,0.1386
s,10.55229036,131.128,0.1386
s,10.55222195,130.888,0.1386
s,10.55222084,130.802,0.1385
s,10.55205486,130.849,0.1384
s,10.55188888,130.888,0.1383
s,10.55170824,131.176,0.1394
s,10.55177778,130.762,0.1395
s,10.55177778,130.732,0.1395
s,10.55184732,130.887,0.1396
s,10.551706,130.66,0.1392
s,10.5514716,130.742,0.1391
s,10.55133253,130.738,0.1389
s,10.55109814,130.792,0.1388
s,10.55086263,130.745,0.1386
s,10.55116544,130.717,0.1387
s,10.55139983,130.65,0.1388
s,10.55147048,130.526,0.139
s,10.55170488,130.425,0.1391
s,10.55170488,130.531,0.1391
s,10.55217257,130.484,0.1392
s,10.55217257,130.417,0.1392
s,10.55233632,130.515,0.1391
s,10.55216922,130.389,0.1389
s,10.55209969,130.525,0.1388
s,10.55151767,130.362,0.1382
s,10.55154002,130.368,0.1402
s,10.55532651,130.458,0.1403
s,10.55562936,130.421,0.1404
s,10.55586378,130.503,0.1405
s,10.55740949,130.451,0.1413
s,10.55741063,130.482,0.1414
s,10.55900499,130.464,0.1429
s,10.55916868,130.484,0.1428
s,10.55835065,130.656,0.142
s,10.5581858,130.521,0.142
s,10.55818694,130.501,0.1421
s,10.55820306,130.523,0.1435
s,10.56130309,130.669,0.1447
s,10.56337068,130.375,0.1467
s,10.56344035,130.504,0.1468
s,10.56344035,130.525,0.1468
s,10.56334521,130.532,0.1469
s,10.56334521,130.562,0.1469
s,10.56320704,130.567,0.1468
s,10.56303985,130.639,0.1466
s,10.56303748,130.627,0.1464
s,10.56256968,130.591,0.1463
s,10.56183624,130.783,0.1469
s,10.5618434,130.789,0.1475
s,10.5618446,131.791,0.1476
s,10.56138398,131.531,0.1481
s,10.56138398,136.066,0.1481
s,10.55258207,128.112,0.1495
s,10.55258572,133.322,0.1498
s,10.54728294,140.683,0.15
s,10.5438286,129.642,0.15
s,10.54100739,132.846,0.1501
s,10.55209746,130.591,0.1386
s,10.55202793,130.552,0.1385
s,10.55172401,130.607,0.1383
s,10.55158608,130.438,0.1382
s,10.55586491,130.526,0.1406
s,10.55647064,130.331,0.1408
s,10.55686992,130.625,0.1409
s,10.55710548,130.449,0.1411
s,10.5572726,130.414,0.1413
s,10.55916753,130.403,0.1427
s,10.55909792,130.465,0.1426
s,10.55895872,130.541,0.1424
s,10.55865582,130.561,0.1423
s,10.55858623,130.549,0.1422
s,10.56238499,130.708,0.1457
s,10.56339615,130.552,0.1465
s,10.56346582,130.638,0.1466
s,10.56346701,130.63,0.1467
s,10.56334521,130.389,0.1469
s,10.56327672,130.446,0.1469
s,10.56327672,130.616,0.1469
s,10.56320823,130.632,0.1469
s,10.56320704,130.849,0.1468
s,10.56250001,130.652,0.1462
s,10.56226551,130.621,0.1461
s,10.56226551,130.673,0.1461
s,10.56219703,130.604,0.1461
s,10.56183505,130.647,0.1468
s,10.56145246,132.407,0.1481
s,10.55971749,126.332,0.1487
s,10.55804747,130.007,0.149
s,10.55506291,128.615,0.1494
s,10.53702052,135.397,0.1502
s,10.53349946,135.323,0.1502
s,10.52998018,132.917,0.1503
s,10.52287268,137.384,0.1503
s,10.51928452,137.268,0.1502
s,10.51928207,140.803,0.15
s,10.51201668,137.847,0.1503
s,10.50852987,135.174,0.1504
s,10.50504502,129.251,0.1506
s,10.48190732,128.819,0.1509
s,10.47855831,133.522,0.1507
s,10.47550816,127.126,0.1503
s,10.47236457,127.148,0.1502
s,10.4692214,135.654,0.1501
s,10.44648691,137.601,0.1487
s,10.43633177,132.878,0.1483
s,10.43139793,133.069,0.1478
s,10.4212652,137.831,0.1471
s,10.41666567,137.952,0.1468
s,10.39103731,131.151,0.1455
s,10.38723791,133.14,0.1452
s,10.38350589,135.986,0.1449
s,10.38043823,134.161,0.1447
s,10.35396292,135.637,0.1433
s,10.35082682,137.7,0.1425
s,10.34699751,138.767,0.1421
s,10.33827871,143.429,0.1416
s,10.33391799,139.446,0.1412
s,10.31450306,147.549,0.1388
s,10.31253053,141.928,0.1381
s,10.30613583,144.394,0.137
s,10.30260549,138.053,0.1363
s,10.29841464,138.869,0.1359
s,10.2707008,145.244,0.1317
s,10.26099951,139.466,0.1311
s,10.25654515,139.325,0.1305
s,10.25204907,143.622,0.1291
s,10.21824148,147.894,0.1233
s,10.20864849,149.433,0.1227
s,10.20469089,147.424,0.1216
s,10.200207,154.01,0.1209
s,10.19578943,152.58,0.1202
s,10.50179278,133.745,0.1507
s,10.49861039,127.546,0.1509
s,10.49134989,130.59,0.151
s,10.48797206,130.606,0.151
s,10.48508919,132.416,0.1509
s,10.46150111,126.993,0.1499
s,10.45772682,128.264,0.1497
s,10.45411838,131.098,0.1495
s,10.45007621,132.665,0.1494
s,10.41262866,135.07,0.1468
s,10.40868466,139.866,0.1463
s,10.40534638,138.908,0.1462
s,10.39857318,138.296,0.146
s,10.3944719,133.806,0.1456
s,10.3771382,139.116,0.1445
s,10.37014439,137.504,0.1444
s,10.37014202,140.357,0.1442
s,10.36175406,143.776,0.1439
s,10.35785837,137.477,0.1436
s,10.32968683,149.456,0.1406
s,10.32968223,140.385,0.1402
s,10.32126249,146.074,0.1396
s,10.31803222,147.743,0.1392
s,10.29382659,140.079,0.1356
s,10.29002512,141.499,0.1343
s,10.28550104,138.853,0.1337
s,10.27579658,145.397,0.1331
s,10.27070939,138.075,0.1325
s,10.24732631,150.85,0.1282
s,10.23789143,153.021,0.1273
s,10.23287151,145.157,0.1264
s,10.22775391,148.478,0.1257
s,10.22257171,149.987,0.1251
s,10.19163642,155.715,0.1192
s,10.18722062,157.382,0.1186
s,10.18319458,144.778,0.117
s,10.17801194,143.675,0.1163
s,10.16998853,152.575,0.1155
s,10.16553954,158.479,0.1149
s,10.16092334,150.882,0.1142
s,10.15617605,149.235,0.1135
s,10.15083335,146.579,0.1128
s,10.11973203,154.829,0.1096
s,10.11586095,150.114,0.1092
s,10.11232403,155.039,0.1088
s,10.1092899,150.899,0.1086
s,10.08239002,144.05,0.1056
s,10.08238671,147.672,0.1052
s,10.07655794,148.43,0.1049
s,10.07362456,148.419,0.1046
s,10.07125446,142.336,0.1039
s,10.05717511,145.804,0.103
s,10.05559933,156.295,0.1029
s,10.05295672,144.399,0.1028
s,10.05012123,140.471,0.1026
s,10.04560221,146.442,0.1025
m,10.04243359,141.6,0.1018
s,10.04167358,142.269,0.1017
s,10.04127292,142.02,0.1015
s,10.04087225,141.954,0.1013
s,10.0404716,142.402,0.1011
s,10.04227503,141.727,0.0997
s,10.0423385,141.536,0.0996
s,10.04217032,141.612,0.0995
s,10.04216955,141.931,0.0994
s,10.04060666,139.261,0.0989
s,10.04073521,139.093,0.0989
s,10.04054238,139.204,0.0989
s,10.04071055,139.102,0.099
s,10.04064704,139.595,0.0991
s,10.04152295,139.685,0.0991
s,10.04162687,139.086,0.0992
s,10.0416261,139.349,0.0991
s,10.04156184,139.06,0.0991
s,10.04116276,139.232,0.0991
s,10.1455868,149.187,0.1115
s,10.14187591,153.207,0.1108
s,10.13127235,150.378,0.1102
s,10.13127061,151.145,0.11
s,10.12303381,150.822,0.1095
s,10.10619304,152.41,0.1086
s,10.10282177,145.115,0.1078
s,10.09375589,146.178,0.107
s,10.09085499,151.414,0.1066
s,10.08838809,157.923,0.1059
s,10.06865711,147.493,0.1037
s,10.06498489,147.199,0.1033
s,10.06045417,137.775,0.1032
s,10.058167,138.142,0.103
s,10.04560141,138.091,0.1024
s,10.04320857,139.899,0.1023
s,10.04269454,141.691,0.1023
s,10.04273267,141.977,0.1022
s,10.04013518,141.794,0.1009
s,10.04112293,141.137,0.1005
s,10.04175056,141.813,0.1001
s,10.04198144,141.855,0.1
s,10.04221156,141.727,0.0998
s,10.04200136,138.976,0.0993
s,10.04173002,139.332,0.0992
s,10.04118813,139.221,0.0991
s,10.04091682,138.924,0.099
s,10.04091682,139.493,0.099
s,10.04081445,139.254,0.0991
s,10.04091758,139.248,0.0991
s,10.04125239,139.104,0.0991
s,10.0414198,139.193,0.0991
s,10.04099535,139.135,0.0991
s,10.04082717,139.199,0.099
s,10.04065976,139.294,0.099
s,10.04055585,138.953,0.0989
s,10.04045194,139.528,0.0988
s,10.04051468,139.347,0.0986
s,10.04074559,139.433,0.0985
s,10.04068057,139.44,0.0984
s,10.04068057,139.395,0.0984
s,10.04014691,139.499,0.0976
s,10.04014541,139.263,0.0974
s,10.03997725,139.281,0.0973
s,10.0398091,139.347,0.0972
s,10.03964094,139.215,0.0971
s,10.03919853,139.29,0.0965
s,10.03913352,139.337,0.0964
s,10.03890185,139.15,0.0964
s,10.03890111,139.279,0.0963
s,10.03890111,139.057,0.0963
s,10.03837055,139.408,0.0959
s,10.03843408,139.136,0.0958
s,10.03843408,138.73,0.0958
s,10.03866575,139.497,0.0958
s,10.03949005,139.532,0.0959
s,10.03968288,138.859,0.0959
s,10.03981144,138.908,0.0959
s,10.03994001,139.16,0.0959
s,10.03928454,139.346,0.096
s,10.03898638,139.318,0.0957
s,10.03892137,138.855,0.0956
s,10.03892064,139.123,0.0955
s,10.03881679,139.156,0.0954
s,10.03887888,139.08,0.0951
s,10.04038203,139.05,0.0948
s,10.04103687,138.883,0.0946
s,10.03788355,138.977,0.0945
s,10.03781783,139.517,0.0943
s,10.0373651,138.81,0.0939
s,10.03730084,139.684,0.0939
s,10.03713343,139.426,0.0939
s,10.03713343,139.41,0.0939
s,10.03696673,139.426,0.094
s,10.04067981,139.364,0.0983
s,10.04074332,139.055,0.0982
s,10.04074256,139.502,0.0981
s,10.04074029,139.179,0.0978
s,10.04054674,139.126,0.0977
s,10.0394713,139.133,0.0968
s,10.03983077,139,0.0967
s,10.03943095,139.449,0.0966
s,10.03943021,139.068,0.0965
s,10.03890037,139.38,0.0962
s,10.03890037,139.248,0.0962
s,10.03932486,139.038,0.0962
s,10.03860369,139.183,0.0961
s,10.03837129,139.393,0.096
s,10.03866575,139.544,0.0958
s,10.03883316,139.185,0.0958
s,10.0389617,139.557,0.0958
s,10.0391941,139.107,0.0959
s,10.03942578,139.151,0.0959
s,10.03911714,139.32,0.096
s,10.03911714,139.123,0.096
s,10.03905139,138.996,0.0958
s,10.03898711,139.245,0.0958
s,10.0389036,139.501,0.095
s,10.03913456,139.205,0.0949
s,10.03919885,139.521,0.0949
s,10.0394298,139.335,0.0948
s,10.03979007,138.925,0.0948
s,10.03764971,139.26,0.0942
s,10.03752117,138.879,0.0942
s,10.03745618,139.001,0.0941
s,10.03732693,139.136,0.094
s,10.03726267,138.886,0.094
s,10.03679861,139.147,0.0939
s,10.03673435,138.808,0.0939
s,10.03650196,139.145,0.0938
s,10.03643771,139.245,0.0938
s,10.03626887,139.255,0.0936
s,10.03620461,139.251,0.0936
s,10.03603649,138.797,0.0935
s,10.03603577,138.864,0.0934
s,10.0358034,139.203,0.0933
s,10.03639313,139.477,0.093
s,10.03586412,139.063,0.0928
s,10.03592838,139.335,0.0928
s,10.03599264,139.001,0.0928
s,10.03780715,138.788,0.0928
s,10.03763905,139.028,0.0927
s,10.03740667,139.275,0.0926
s,10.03711072,138.649,0.0926
s,10.03704575,139.342,0.0925
s,10.03683599,139.107,0.092
s,10.0368353,138.985,0.0919
s,10.03719553,139.151,0.0919
s,10.0373234,139.143,0.0918
s,10.03676825,138.981,0.0915
s,10.03722953,138.742,0.0912
s,10.03703534,139.16,0.091
s,10.03686725,139.089,0.0909
s,10.03686588,138.57,0.0907
s,10.03623105,139.008,0.0901
s,10.03639777,139.089,0.09
s,10.03626924,138.753,0.09
s,10.03689864,138.996,0.0898
s,10.03689797,138.577,0.0897
s,10.03819902,138.853,0.0898
s,10.03803162,138.813,0.0898
m,10.03803094,139.067,0.0897
m,10.03796601,138.875,0.0896
m,10.03783749,139.083,0.0896
m,10.02955274,146.066,0.0891
m,10.02726438,140.837,0.089
m,10.02461674,156.73,0.0889
m,10.02232946,144.159,0.0888
s,10.03557102,139.295,0.0932
s,10.03557102,138.813,0.0932
s,10.03573772,139.12,0.0931
s,10.03573772,139.275,0.0931
s,10.03603365,139.233,0.0931
s,10.03612117,138.926,0.0928
s,10.03664878,139.211,0.0928
s,10.03664878,139.096,0.0928
s,10.0373438,139.103,0.0928
s,10.03757548,139.4,0.0928
s,10.03687765,138.764,0.0924
s,10.03687695,138.87,0.0923
s,10.03670815,139.229,0.0921
s,10.03677172,138.835,0.092
s,10.03660085,138.864,0.0915
s,10.03696039,139.2,0.0914
s,10.03696108,139.021,0.0915
s,10.03712848,139.047,0.0915
s,10.0372945,139.389,0.0913
s,10.03663421,139.162,0.0907
s,10.03633758,139.523,0.0906
s,10.03633622,139.225,0.0904
s,10.03616813,139.358,0.0903
s,10.03616745,139.05,0.0902
s,10.03729772,139.223,0.0898
s,10.03752939,138.85,0.0898
s,10.0376968,138.903,0.0898
s,10.03786421,138.739,0.0898
m,10.03777256,141.018,0.0895
m,10.03764405,143.652,0.0895
m,10.03715473,143.125,0.0894
m,10.03715406,148.958,0.0893
m,10.03188069,142.24,0.0892
m,10.02004201,145.654,0.0886
m,10.01576679,143.746,0.0886
m,10.01354541,151.199,0.0885
m,10.01354475,142.534,0.0884
m,10.00935953,149.13,0.0883
m,10.00688326,152.264,0.0881
m,10.00436833,154.568,0.088
m,10.00178882,144.974,0.0877
m,9.997494982,152.586,0.0873
m,9.995252731,151.527,0.087
m,9.982766622,148.381,0.0853
m,9.977558822,148.261,0.0851
m,9.977556934,148.98,0.0848
m,9.972288921,152.991,0.0847
m,9.969989625,151.061,0.0843
m,9.951970673,147.945,0.083
m,9.951968238,150.071,0.0826
m,9.946650792,149.864,0.0824
m,9.943961652,147.505,0.0823
m,9.921625444,149.605,0.0807
m,9.91883454,150.116,0.0802
m,9.915584088,150.809,0.08
m,9.909693836,147.077,0.08
m,9.906088715,145.314,0.0797
m,9.889416471,159.945,0.0792
m,9.882423922,153.62,0.079
m,9.878950106,150.077,0.0788
m,9.87507764,148.265,0.0786
m,9.871205907,154.691,0.0784
m,9.843779149,146.12,0.0776
m,9.84016154,143.367,0.0776
m,9.836189493,142.957,0.0775
m,9.832509959,155.632,0.0773
m,9.802303499,142.153,0.0768
m,9.798121099,147.941,0.0766
m,9.794170202,154.505,0.0765
m,9.790112272,144.061,0.0764
m,9.782042348,142.532,0.076
m,9.756769985,143.45,0.0758
m,9.752729759,146.533,0.0757
m,9.748228363,146.254,0.0755
m,9.743957575,156.676,0.0753
m,9.739856643,147.417,0.0752
m,9.99267564,143.128,0.0867
m,9.990371088,148.782,0.0864
m,9.987668739,143.992,0.0862
m,9.985131769,152.882,0.0855
m,9.967230422,160.657,0.0842
m,9.964597931,152.937,0.084
m,9.962007064,154.238,0.0837
m,9.959312212,157.637,0.0834
m,9.954326466,151.699,0.0832
m,9.941039746,155.074,0.0818
m,9.937888742,144.946,0.0815
m,9.932114708,157.109,0.081
m,9.928736231,156.639,0.0809
m,9.925233149,159.091,0.0808
m,9.906088136,152.586,0.0796
m,9.8993641,146.96,0.0795
m,9.895950407,155.626,0.0795
m,9.892599169,148.43,0.0794
m,9.867146875,141.26,0.0779
m,9.862939958,155.549,0.0778
m,9.85538892,148.37,0.0776
m,9.85538892,147.354,0.0776
m,9.851246469,144.298,0.0776
m,9.824186422,147.218,0.0772
m,9.820002988,150.989,0.0772
m,9.815588853,148.394,0.0771
m,9.811175178,144.684,0.077
m,9.806946882,145.069,0.0769
m,9.777755552,146.752,0.076
m,9.773759896,150.882,0.0758
m,9.769657433,150.813,0.0757
m,9.765494343,147.146,0.0757
m,9.735585182,156.795,0.0748
m,9.72699934,149.722,0.0746
m,9.72699934,145.158,0.0746
m,9.718720526,148.894,0.0745
m,9.714405158,148.458,0.0745
m,9.710549502,156.617,0.0743
m,9.706403524,153.607,0.0743
m,9.701733255,148.365,0.0738
m,9.697477357,150.633,0.0734
m,9.659526662,151.797,0.0717
m,9.648961176,147.008,0.0715
m,9.643848365,145.67,0.0715
m,9.640190079,149.066,0.0712
m,9.635490437,150.962,0.0712
m,9.609114639,157.234,0.0698
m,9.598150427,151.002,0.0695
m,9.592407585,152.831,0.0693
m,9.58678655,152.215,0.0691
m,9.582330208,150.123,0.069
m,9.542277636,160.182,0.0687
m,9.538086816,159.064,0.0687
m,9.534586535,149.865,0.0687
m,9.527077388,153.457,0.0686
m,9.505291308,155.634,0.0688
m,9.497783993,155.291,0.069
m,9.497783993,160.618,0.069
m,9.489537844,158.542,0.0691
m,9.485638376,154.273,0.0691
m,9.465460306,156.825,0.0684
m,9.458025064,153.624,0.0683
m,9.458024586,154.645,0.0682
m,9.450250896,149.145,0.0682
m,9.446303423,152.152,0.0682
s,9.431226284,153.47,0.0677
s,9.431165653,152.62,0.0677
s,9.431335122,153.675,0.0677
s,9.431044871,153.8,0.0678
s,9.42940806,151.813,0.0675
s,9.429698284,153.748,0.0674
s,9.429928375,153.418,0.0674
s,9.430037248,153.439,0.0674
s,9.42980669,152.168,0.0673
m,9.683962417,150.085,0.073
m,9.683960861,152.636,0.0727
m,9.674470864,148.366,0.0725
m,9.669817069,148.824,0.0723
m,9.664702306,153.675,0.072
m,9.630851261,147.814,0.0711
m,9.625627775,159.684,0.0706
m,9.620296971,154.375,0.0703
m,9.609116113,153.012,0.0701
m,9.571210475,150.721,0.0687
m,9.565881101,156.227,0.0686
m,9.560842757,156.366,0.0685
m,9.551167581,148.211,0.0687
m,9.546638378,153.13,0.0688
m,9.523299131,145.993,0.0686
m,9.519859219,149.803,0.0685
m,9.516250397,155.325,0.0685
m,9.512811002,156.511,0.0685
m,9.508729193,149.159,0.0685
m,9.481155447,161.978,0.0687
m,9.477086134,152.953,0.0686
m,9.473246953,159.342,0.0685
m,9.469407793,151.679,0.0684
m,9.442416103,153.96,0.0681
m,9.438868205,159.104,0.0681
m,9.436130896,151.286,0.0679
m,9.432255996,153.576,0.0678
m,9.431686485,153.796,0.0677
s,9.430111628,153.415,0.0677
s,9.430111155,154.384,0.0676
s,9.429238578,154.779,0.0675
s,9.429299186,154.691,0.0675
s,9.429299186,153.661,0.0675
s,9.429685483,153.742,0.0673
s,9.429454928,153.452,0.0672
s,9.429685014,153.521,0.0672
s,9.429624414,153.407,0.0672
s,9.429563815,153.114,0.0672
s,9.429793432,153.281,0.0671
s,9.429731902,152.659,0.0669
s,9.429501818,154.31,0.0669
s,9.429441223,154.219,0.0669
s,9.428230227,152.875,0.0669
s,9.428230227,153.636,0.0669
s,9.428000147,153.533,0.0669
s,9.428000147,154.287,0.0669
s,9.427709019,153.245,0.0668
s,9.427999219,153.407,0.0667
s,9.42776914,153.117,0.0667
s,9.427768677,151.923,0.0666
s,9.427768677,152.495,0.0666
s,9.42835094,152.903,0.0668
s,9.42829035,153.58,0.0668
s,9.427999219,153.094,0.0667
s,9.428168712,153.252,0.0667
s,9.427938634,152.892,0.0667
s,9.428108129,152.764,0.0667
s,9.428047084,153.459,0.0666
s,9.427695851,153.582,0.0666
s,9.427986504,152.41,0.0666
s,9.428737779,152.955,0.0667
s,9.428737779,152.991,0.0667
s,9.428677196,152.982,0.0667
s,9.428447584,153.809,0.0668
s,9.428447584,155.069,0.0668
s,9.427926853,153.569,0.0668
s,9.427926853,154.527,0.0668
s,9.427697242,154.247,0.0669
s,9.427697242,153.515,0.0669
s,9.427636202,154.3,0.0668
s,9.427406129,153.315,0.0668
s,9.427466239,154.656,0.0667
s,9.427466239,153.301,0.0667
s,9.427236165,153.24,0.0667
s,9.429041651,153.98,0.0669
s,9.429041651,153.852,0.0669
s,9.428981059,153.227,0.0669
s,9.428750977,154.323,0.0669
s,9.428460307,153.257,0.0669
s,9.427999682,151.681,0.0668
s,9.427769604,153.317,0.0668
s,9.427769604,153.09,0.0668
s,9.427539061,153.545,0.0667
s,9.42776914,153.897,0.0667
s,9.427768677,151.762,0.0666
s,9.427768677,153.195,0.0666
s,9.427708556,153.71,0.0667
s,9.428520431,153.998,0.0668
s,9.427938634,152.234,0.0667
s,9.428108129,153.459,0.0667
s,9.428108592,152.953,0.0668
s,9.428169176,152.261,0.0668
s,9.428108592,153.141,0.0668
s,9.428859415,153.785,0.0668
s,9.429029372,153.776,0.0669
s,9.429029372,155.001,0.0669
s,9.429028907,153.987,0.0668
s,9.429028443,153.62,0.0667
s,9.428387004,153.908,0.0668
s,9.428387004,153.573,0.0668
s,9.428156928,153.685,0.0668
s,9.428096351,154.619,0.0668
s,9.427406129,155.017,0.0668
s,9.427406129,153.503,0.0668
s,9.427406129,152.57,0.0668
s,9.427406129,152.317,0.0668
s,9.427406129,154.58,0.0668
s,9.427175592,153.429,0.0667
s,9.427115021,153.977,0.0667
s,9.427115021,152.86,0.0667
s,9.426945519,153.773,0.0667
s,9.426884486,154.073,0.0666
s,9.426714522,153.056,0.0665
s,9.426653953,151.871,0.0665
s,9.426483989,153.892,0.0664
s,9.426483989,153.242,0.0664
s,9.426423881,154.788,0.0665
s,9.425792857,153.404,0.0662
s,9.425683923,151.982,0.0662
s,9.425683923,152.132,0.0662
s,9.425683923,154.161,0.0662
s,9.425392825,153.861,0.0661
s,9.425912171,152.755,0.0658
s,9.425912171,151.986,0.0658
s,9.425911718,151.716,0.0657
s,9.425681646,154.18,0.0657
s,9.427196857,153.626,0.066
s,9.427196857,152.856,0.066
s,9.426966322,153.404,0.0659
s,9.426966322,154.378,0.0659
s,9.426966322,153.081,0.0659
s,9.426722636,154.225,0.0656
s,9.426662511,154.052,0.0657
s,9.426662511,154.672,0.0657
s,9.426662059,154.061,0.0656
s,9.426601485,154.818,0.0656
s,9.426418872,154.016,0.0654
s,9.426187905,154.531,0.0652
s,9.425897269,152.426,0.0652
s,9.425897717,154.509,0.0653
s,9.426417528,155.106,0.0651
s,9.426998814,154.415,0.0651
s,9.426828868,152.952,0.065
s,9.426768295,153.676,0.065
s,9.42676785,154.128,0.0649
s,9.427010156,154.836,0.0649
s,9.427009712,153.58,0.0648
s,9.427009712,153.4,0.0648
s,9.427652066,152.66,0.0649
s,9.427652066,155.353,0.0649
s,9.426253917,154.27,0.0664
s,9.426253917,153.823,0.0664
s,9.426023386,153.137,0.0663
s,9.425853425,152.944,0.0662
s,9.425392825,152.421,0.0661
s,9.425161842,153.103,0.0659
s,9.425101277,153.261,0.0659
s,9.425040714,153.593,0.0659
s,9.425912171,153.62,0.0658
s,9.425681193,153.902,0.0656
s,9.425681646,151.781,0.0657
s,9.425451574,155.293,0.0657
s,9.427257444,152.881,0.066
s,9.427257444,153.033,0.066
s,9.427075232,154.018,0.0659
s,9.427074778,153.468,0.0658
s,9.426783667,154.717,0.0657
s,9.426722636,153.633,0.0656
s,9.426540011,153.106,0.0654
s,9.426540011,154.539,0.0654
s,9.426540011,153.277,0.0654
s,9.42647944,153.121,0.0654
s,9.42647944,153.407,0.0654
s,9.425897717,154.023,0.0653
s,9.425837154,153.207,0.0653
s,9.425776145,153.132,0.0652
s,9.425545632,154.091,0.0651
s,9.426417528,154.328,0.0651
s,9.426597906,154.302,0.0648
s,9.426537333,152.531,0.0648
s,9.426537333,152.119,0.0648
s,9.426367832,154.66,0.0648
s,9.427652066,154.921,0.0649
s,9.427482574,153.296,0.0649
s,9.42812541,152.022,0.0651
s,9.42812541,155.454,0.0651
s,9.427955923,154.868,0.0651
m,9.42789488,155.383,0.065
m,9.427725392,147.541,0.065
m,9.427725392,159.261,0.065
m,9.42605422,157.584,0.065
m,9.406015308,152.107,0.0648
m,9.401801511,150.923,0.0647
m,9.39810994,153.606,0.0649
m,9.393496654,155.573,0.0648
m,9.389174187,157.767,0.0647
m,9.360600857,151.362,0.0642
m,9.356048642,154.034,0.0641
m,9.351496481,152.551,0.064
m,9.347174533,156.691,0.0639
m,9.342622483,155.717,0.0638
m,9.316077641,158.556,0.0636
m,9.311526028,157.707,0.0635
m,9.306744262,148.934,0.0634
m,9.302023419,153.53,0.0633
m,9.297241755,149.94,0.0632
m,9.264967354,154.878,0.0634
m,9.260077892,157.582,0.0633
m,9.255357775,151.661,0.0632
m,9.251283507,153.065,0.0636
m,9.221552251,147.592,0.0635
m,9.217001961,150.755,0.0634
m,9.212344088,151.413,0.0634
m,9.202446085,148.457,0.0635
m,9.197558113,150.069,0.0635
m,9.166232715,152.528,0.0631
m,9.160884132,152.836,0.063
m,9.155643473,145.575,0.0629
m,9.150233726,147.155,0.0628
m,9.144824451,142.441,0.0628
m,9.123543065,145.486,0.0637
m,9.121099699,150.374,0.0637
m,9.118534524,142.87,0.0639
m,9.115861202,144.495,0.064
m,9.109913062,151.28,0.0638
m,9.426055113,161.822,0.0652
m,9.423101359,154.647,0.0653
m,9.420134871,150.949,0.0653
m,9.417228543,151.873,0.0652
m,9.413813339,154.414,0.065
m,9.384512899,152.358,0.0646
m,9.379791008,148.64,0.0645
m,9.375067864,157.448,0.0641
m,9.36981285,151.456,0.0641
m,9.338300658,158.146,0.0637
m,9.334040559,149.561,0.0638
m,9.329780113,154.254,0.0638
m,9.325289133,154.442,0.0637
m,9.292582794,155.081,0.0633
m,9.282789497,153.389,0.0631
m,9.277946672,148.776,0.0629
m,9.27794582,160.633,0.0627
m,9.269334129,156.966,0.0632
m,9.247025007,149.217,0.0637
m,9.238554511,148.738,0.0637
m,9.234573195,152.802,0.0637
m,9.234572758,151.261,0.0636
m,9.226102162,150.299,0.0635
m,9.192731399,145.109,0.0635
m,9.18796555,152.027,0.0634
m,9.182677914,148.288,0.0633
m,9.177159565,152.226,0.0631
m,9.139539092,141.39,0.0631
m,9.135175449,150.409,0.0634
m,9.128552089,154.458,0.0636
m,9.125878274,148.884,0.0636
m,9.106761681,147.915,0.0636
m,9.106760803,144.402,0.0634
m,9.099983511,148.166,0.0632
m,9.09726416,155.658,0.0631
m,9.092533315,158.186,0.0625
m,9.090585196,157.396,0.0623
m,9.087003156,161.309,0.0623
m,9.085520678,148.433,0.0622
m,9.08431609,150.142,0.0623
m,9.072780918,150.814,0.0627
m,9.071079211,145.99,0.0627
m,9.069503834,150.671,0.0628
m,9.068179433,147.961,0.0629
m,9.066502113,156.834,0.0632
m,9.055404398,161.181,0.0651
m,9.053444614,148.863,0.0654
m,9.05142302,149.603,0.0656
m,9.049172196,147.563,0.0659
m,9.047742148,154.3,0.0662
m,9.032389119,145.09,0.0682
m,9.030072821,150.253,0.0687
m,9.027988922,147.389,0.069
m,9.023465858,147.003,0.0691
m,9.008330712,153.158,0.0708
m,9.008332815,151.428,0.0712
m,9.003819416,156.647,0.0713
m,9.001669601,148.711,0.0716
m,8.999546083,161.512,0.0717
m,8.98766822,155.786,0.073
m,8.98766932,155.201,0.0732
m,8.983794164,150.81,0.0735
m,8.981632487,150.131,0.0738
m,8.98010121,153.672,0.0738
s,8.977430937,159.465,0.0739
s,8.977532883,160.104,0.0739
s,8.977532883,159.926,0.0739
s,8.977467865,160.516,0.0739
s,8.976418843,162.117,0.0739
s,8.976354407,159.801,0.074
s,8.977505368,161.241,0.074
s,8.977207815,160.691,0.0739
s,8.977207815,161.719,0.0739
m,9.083050707,158.225,0.0624
m,9.081786346,154.186,0.0625
m,9.080415439,149.574,0.0624
m,9.078878306,152.327,0.0626
m,9.076880456,159.435,0.0627
m,9.064826485,149.152,0.0635
m,9.063091339,145.808,0.0641
m,9.059515642,151.422,0.0643
m,9.05951745,153.513,0.0647
m,9.045894972,153.242,0.0668
m,9.042599225,152.171,0.067
m,9.038786672,150.546,0.0675
m,9.036758084,151.715,0.0678
m,9.034309664,153.047,0.068
m,9.021324668,157.297,0.0695
m,9.019312576,155.434,0.0698
m,9.017237736,160.521,0.0699
m,9.014999942,152.586,0.0705
m,9.010397368,144.625,0.0707
m,8.997530022,151.267,0.0723
m,8.995448496,151.704,0.0724
m,8.991587319,153.785,0.0727
m,8.989575437,160.16,0.0728
m,8.978748157,160.539,0.074
m,8.977868503,157.292,0.0742
m,8.977497081,159.358,0.0741
m,8.97749596,160.884,0.0739
m,8.977430937,160.386,0.0739
s,8.977467865,160.591,0.0739
s,8.977337836,160.599,0.0739
s,8.977272825,160.549,0.0739
s,8.977142807,161.562,0.0739
s,8.976715818,160.252,0.0739
s,8.976975833,159.805,0.0739
s,8.976910267,160.45,0.0738
s,8.97783045,161.436,0.074
s,8.977764869,160.109,0.0739
s,8.977764869,160.358,0.0739
s,8.97776431,161.052,0.0738
s,8.977699851,160.615,0.0739
s,8.978191367,159.143,0.0738
s,8.978191367,161.877,0.0738
s,8.978153349,162.104,0.0736
s,8.978153349,160.237,0.0736
s,8.978218939,160.699,0.0737
s,8.978283974,161.764,0.0737
s,8.978320309,160.354,0.0736
s,8.97825528,160.361,0.0736
s,8.978254725,159.882,0.0735
s,8.978254725,161.332,0.0735
s,8.978189697,160.262,0.0735
s,8.9779285,160.984,0.0733
s,8.977696514,159.075,0.0733
s,8.977630946,161.266,0.0732
s,8.97756538,160.141,0.0731
s,8.977500368,161.857,0.0731
s,8.976748916,160.488,0.0732
s,8.976618931,160.984,0.0732
s,8.976619484,159.004,0.0733
s,8.976916451,158.136,0.0733
s,8.976954008,159.217,0.0734
s,8.976490061,160.132,0.0734
s,8.976425076,159.721,0.0734
s,8.976360093,160.822,0.0734
s,8.976360647,159.528,0.0735
s,8.975803795,162.306,0.0735
s,8.975738825,159.035,0.0735
s,8.975738825,160.428,0.0735
s,8.976036318,161.145,0.0736
s,8.975971347,159.084,0.0736
s,8.977120994,161.946,0.0734
s,8.977185981,161.213,0.0734
s,8.977250417,157.9,0.0733
s,8.977315409,161.454,0.0733
s,8.977893796,159.85,0.0737
s,8.977893239,159.777,0.0736
s,8.978320866,161.376,0.0737
s,8.978450932,160.858,0.0737
s,8.978385898,160.906,0.0737
s,8.978218382,159.493,0.0736
s,8.978450375,160.45,0.0736
s,8.978385341,162.106,0.0736
s,8.978385341,159.738,0.0736
s,8.978320309,161.363,0.0736
s,8.978189143,159.622,0.0734
s,8.978124117,161.148,0.0734
s,8.978124117,160.975,0.0734
s,8.978059094,160.255,0.0734
s,8.977203374,160.299,0.0731
s,8.977073362,160.003,0.0731
s,8.976943357,159.891,0.0731
s,8.977008909,159.717,0.0732
s,8.976943908,159.876,0.0732
s,8.976851459,160.394,0.0733
s,8.976851459,157.979,0.0733
s,8.976786469,158.101,0.0733
s,8.976953454,160.403,0.0733
s,8.976953454,161.225,0.0733
s,8.976295666,160.389,0.0735
s,8.976295666,158.6,0.0735
s,8.976063696,159.619,0.0735
s,8.975998718,161.811,0.0735
s,8.975971347,160.75,0.0736
s,8.975906379,159.782,0.0736
s,8.975775891,160.049,0.0735
s,8.976694073,159.778,0.0734
s,8.977056008,159.537,0.0734
s,8.977380402,160.341,0.0733
s,8.977380402,160.585,0.0733
s,8.97737985,162.49,0.0732
s,8.97737985,161.505,0.0732
s,8.97721287,161.224,0.0732
s,8.977444846,161,0.0732
s,8.977444846,159.177,0.0732
s,8.977444846,159.387,0.0732
s,8.977277315,159.199,0.0731
s,8.977276765,160.141,0.073
s,8.97710869,161.106,0.0728
s,8.977043691,160.297,0.0728
s,8.977043691,160.403,0.0728
s,8.976941163,159.735,0.0727
s,8.976876164,161.076,0.0727
s,8.976811167,158.733,0.0727
s,8.976811167,160.519,0.0727
s,8.976709185,160.611,0.0727
s,8.976709185,159.73,0.0727
s,8.976411663,160.886,0.0726
s,8.976411663,160.89,0.0726
s,8.976411663,160.945,0.0726
s,8.976411663,162.411,0.0726
s,8.976412209,158.789,0.0727
s,8.976180232,158.94,0.0727
s,8.976180232,160.042,0.0727
s,8.976180232,161.772,0.0727
s,8.976180232,160.75,0.0727
s,8.975948255,160.409,0.0727
s,8.975883807,158.146,0.0728
s,8.975883807,158.399,0.0728
s,8.975716825,160.786,0.0728
s,8.97565238,160.716,0.0729
s,8.975587388,160.547,0.0729
s,8.975586841,159.791,0.0728
s,8.975419857,159.9,0.0728
s,8.975252873,160.198,0.0728
s,8.975252327,156.963,0.0727
s,8.974852278,160.39,0.0725
s,8.974619216,157.616,0.0723
s,8.974618675,156.814,0.0722
s,8.974618675,159.608,0.0722
s,8.974683128,159.915,0.0721
s,8.977443745,162.628,0.073
s,8.977276765,161.273,0.073
s,8.977276216,160.709,0.0729
s,8.97721122,159.653,0.0729
s,8.976876164,160.512,0.0727
s,8.976811167,159.991,0.0727
s,8.976811167,159.43,0.0727
s,8.976811167,162.145,0.0727
s,8.976811167,160.75,0.0727
s,8.976709185,161.04,0.0727
s,8.976542206,161.481,0.0727
s,8.97647666,161.709,0.0726
s,8.976412209,160.301,0.0727
s,8.97647666,160.554,0.0726
s,8.976411663,160.507,0.0726
s,8.976412209,161.186,0.0727
s,8.976245228,159.332,0.0727
s,8.976245228,159.084,0.0727
s,8.975948255,160.214,0.0727
s,8.975883261,159.952,0.0727
s,8.975883261,161.715,0.0727
s,8.975883807,160.297,0.0728
s,8.975883807,161.225,0.0728
s,8.97565238,160.092,0.0729
s,8.975819363,160.412,0.0729
s,8.975754373,160.152,0.0729
s,8.975754373,161.611,0.0729
s,8.975754373,160.257,0.0729
s,8.975084798,160.832,0.0726
s,8.974852822,156.583,0.0726
s,8.974852278,159.624,0.0725
s,8.974852278,159.617,0.0725
s,8.974682589,159.683,0.072
s,8.974682589,159.06,0.072
s,8.974682051,159.56,0.0719
s,8.974682051,159.939,0.0719
s,8.974681515,161.398,0.0718
s,8.974681515,161.06,0.0718
s,8.974681515,159.096,0.0718
m,8.974514533,159.937,0.0718
m,8.974514533,159.011,0.0718
m,8.970236762,161.162,0.072
m,8.969045642,160.817,0.0722
m,8.967622968,150.839,0.0723
m,8.965934039,159.912,0.0726
m,8.964412039,152.013,0.0727
m,8.956113869,161.523,0.0735
m,8.954735191,152.114,0.0735
m,8.953359544,153.233,0.0739
m,8.951782471,157.765,0.0742
m,8.950039966,156.235,0.0745
m,8.937070658,161.511,0.0755
m,8.935600778,161.646,0.0756
m,8.934098064,153.585,0.0756
m,8.932531517,152.452,0.0757
m,8.915388894,157.816,0.0754
m,8.910750808,160.615,0.0754
m,8.908667294,155.632,0.0755
m,8.908667875,154.531,0.0756
m,8.904571831,151.913,0.0757
m,8.892112606,160.522,0.0763
m,8.890368536,159.499,0.0764
m,8.888459126,155.05,0.0764
m,8.888459719,151.568,0.0765
m,8.882272094,156.382,0.0765
m,8.865216025,161.14,0.0773
m,8.860776037,162.147,0.0775
m,8.858508233,160.445,0.0776
m,8.856212057,159.045,0.0778
m,8.835856453,151.823,0.0786
m,8.833196496,155.512,0.0786
m,8.82952511,160.148,0.0785
m,8.826827423,153.812,0.0786
m,8.974578993,152.391,0.0717
m,8.974412014,156.309,0.0717
m,8.973902174,156.841,0.0717
m,8.97305037,151.192,0.0718
m,8.971726578,149.088,0.0719
m,8.961306128,153.397,0.0729
m,8.959889377,154.884,0.0731
m,8.958408698,155.46,0.0734
m,8.957094495,154.55,0.0735
m,8.946328023,157.895,0.0748
m,8.944522163,153.262,0.075
m,8.942849235,156.734,0.0752
m,8.940844207,160.668,0.0753
m,8.938674193,157.178,0.0754
m,8.926310578,151.308,0.075
m,8.924316045,159.412,0.0751
m,8.922223237,156.179,0.0752
m,8.920031845,160.529,0.0752
m,8.917775612,157.027,0.0752
m,8.902326661,157.995,0.0757
m,8.900115418,156.252,0.0758
m,8.898206553,155.718,0.0761
m,8.895930944,158.582,0.0762
m,8.879899522,157.104,0.0766
m,8.877296032,157.003,0.0769
m,8.87475963,155.821,0.077
m,8.869854276,155.403,0.0771
m,8.867418271,155.75,0.0772
m,8.853683104,160.997,0.0779
m,8.851223531,151.9,0.0781
m,8.848531203,151.843,0.0782
m,8.843653974,152.854,0.0783
m,8.838749678,157.367,0.0785
m,8.821705788,154.474,0.0787
m,8.821705788,156.881,0.0787
m,8.815846881,155.661,0.0788
m,8.812918424,154.044,0.0789
m,8.810292058,160.912,0.079
m,8.807363931,161.081,0.079
m,8.804339807,153.892,0.079
m,8.801549558,156.013,0.079
m,8.798127161,158.937,0.0788
m,8.791684755,160.948,0.0788
m,8.776692424,155.604,0.0785
m,8.771149702,151.977,0.0784
m,8.768200706,154.511,0.0783
m,8.765018885,162.107,0.0782
m,8.761440254,159.988,0.0782
m,8.741213201,159.343,0.0773
m,8.73394396,149.907,0.0772
m,8.730552034,154.655,0.077
m,8.726693987,153.605,0.0768
m,8.701148619,153.346,0.0761
m,8.697627741,154.552,0.076
m,8.694645654,150.725,0.076
m,8.691758917,158.679,0.076
m,8.685910663,150.988,0.076
m,8.667093461,158.506,0.0759
m,8.664445593,154.859,0.0758
m,8.661495356,152.97,0.0758
m,8.658779295,151.911,0.0757
m,8.655666455,157.681,0.0756
m,8.627403263,150.24,0
m,8.62424951,156.574,0.0747
m,8.620911384,157.449,0.0746
m,8.61780824,153.319,0.0745
m,8.595717511,157.173,0.0742
m,8.592388325,151.135,0.0742
m,8.585874211,159.888,0.0741
m,8.583015762,149.199,0.074
m,8.579924625,154.791,0.074
m,8.564811594,160.382,0.0742
m,8.564811594,158.709,0.0742
m,8.559672905,156.672,0.0743
m,8.557150936,153.283,0.0744
m,8.554936395,156.972,0.0746
m,8.791684755,150.482,0.0788
m,8.785546652,156.679,0.0788
m,8.782429883,160.804,0.0787
m,8.779478497,151.877,0.0786
m,8.761439635,153.266,0.0781
m,8.754517163,149.169,0.078
m,8.750939219,148.767,0.0778
m,8.747760533,151.235,0.0777
m,8.744650335,151.79,0.0774
m,8.722395309,149.776,0.0766
m,8.718634683,158.381,0.0765
m,8.715177461,150.937,0.0763
m,8.711557666,153.428,0.0762
m,8.708008488,154.915,0.0761
m,8.682814871,161.037,0.0759
m,8.679859469,160.552,0.0758
m,8.673114063,153.665,0.0759
m,8.673114063,157.063,0.0759
m,8.651360855,155.918,0.0754
m,8.645069456,154.123,0.0753
m,8.641796284,149.826,0.0752
m,8.637703807,156.567,0.075
m,8.634432365,153.616,0.0749
m,8.612237559,153.759,0.0745
m,8.608456231,153.112,0.0743
m,8.608455649,153.721,0.0742
m,8.602002848,158.554,0.0742
m,8.598742589,157.083,0.0742
m,8.576905618,159.38,0.074
m,8.574356801,150.366,0.0741
m,8.571807928,156.315,0.074
m,8.567010308,151.962,0.0741
m,8.552598037,160.13,0.0746
m,8.550190428,154.149,0.0749
m,8.548412623,159.081,0.0748
m,8.54591213,159.788,0.0746
m,8.545749395,158.855,0.0746
s,8.545749395,162.287,0.0746
s,8.545514364,159.389,0.0745
s,8.545442658,158.475,0.0745
s,8.545370366,159.234,0.0744
s,8.54581701,160.012,0.0739
s,8.545437993,160.718,0.0737
s,8.545437415,160.405,0.0736
s,8.545202397,161.444,0.0735
s,8.545202397,160.959,0.0735
s,8.545200674,161.091,0.0732
s,8.545271808,159.671,0.0731
s,8.545434543,160.261,0.0731
s,8.545362268,160.058,0.073
s,8.545290566,160.164,0.073
s,8.545596139,159.799,0.0729
s,8.545758877,159.863,0.0729
s,8.545758877,160.814,0.0729
s,8.545922183,160.511,0.073
s,8.546104269,159.317,0.073
s,8.546104269,159.559,0.073
s,8.546338706,158.7,0.073
s,8.546338706,160.127,0.073
s,8.54650145,158.498,0.073
s,8.546520812,159.613,0.073
s,8.546520812,158.491,0.073
s,8.546520812,159.187,0.073
s,8.546754678,157.101,0.0729
s,8.546754678,159.363,0.0729
s,8.546916289,162.133,0.0727
s,8.547078471,161.103,0.0726
s,8.547078471,162.399,0.0726
s,8.547078471,162.346,0.0726
s,8.54707678,162.216,0.0723
s,8.54707678,161.053,0.0723
s,8.54707678,160.166,0.0723
s,8.547147905,160.904,0.0722
s,8.546462864,161.588,0.072
s,8.545513777,160.504,0.0744
s,8.545819342,160.729,0.0743
s,8.545817591,161.851,0.074
s,8.545817591,160.901,0.074
s,8.54581701,160.479,0.0739
s,8.545202397,160.405,0.0735
s,8.545201822,161.35,0.0734
s,8.545201247,160.917,0.0733
s,8.545201247,161.203,0.0733
s,8.545056126,162.111,0.073
s,8.545362268,161.637,0.073
s,8.545362268,161.352,0.073
s,8.545361698,159.921,0.0729
s,8.545361698,160.369,0.0729
s,8.545850483,159.57,0.073
s,8.545778785,159.55,0.073
s,8.545707088,161.838,0.073
s,8.545941526,161.24,0.073
s,8.545941526,160.908,0.073
s,8.54650145,159.354,0.073
s,8.546429757,158.928,0.073
s,8.546429757,160.726,0.073
s,8.546358066,159.146,0.073
s,8.546754678,160.369,0.0729
s,8.546916857,160.528,0.0728
s,8.54684517,161.628,0.0728
s,8.546844602,159.545,0.0727
s,8.546844602,162.056,0.0727
s,8.547078471,162.155,0.0726
s,8.547077342,161.046,0.0724
s,8.547077342,161.831,0.0724
s,8.547077342,161.713,0.0724
s,8.547077342,160.156,0.0724
s,8.546462864,161.715,0.072
s,8.546462864,159.872,0.072
s,8.546534546,160.108,0.072
s,8.546371238,161.774,0.0719
s,8.546371238,161.183,0.0719
s,8.546371238,160.555,0.0719
s,8.546208489,161.057,0.0719
s,8.546136247,161.838,0.0718
s,8.545523462,160.016,0.0717
s,8.544694028,161.539,0.0713
s,8.544694579,160.895,0.0714
s,8.544694028,158.542,0.0713
s,8.544694028,160.843,0.0713
s,8.545182316,160.373,0.0713
s,8.545182316,161.628,0.0713
s,8.545345082,161.096,0.0713
s,8.545273421,158.435,0.0713
s,8.545436189,161.01,0.0713
s,8.545527852,159.239,0.0714
s,8.545527852,160.895,0.0714
s,8.545528404,158.903,0.0715
s,8.545528404,161.871,0.0715
s,8.545527852,160.016,0.0714
s,8.545130658,160.369,0.0714
s,8.545130658,160.821,0.0714
s,8.545364532,162.129,0.0713
s,8.545364532,161.726,0.0713
s,8.545435639,161.279,0.0712
s,8.545435639,160.861,0.0712
s,8.545507298,160.965,0.0712
s,8.54557841,160.007,0.0711
s,8.54557841,159.914,0.0711
s,8.54564898,158.589,0.0709
s,8.54564898,160.61,0.0709
s,8.54564898,159.955,0.0709
s,8.54564898,157.87,0.0709
s,8.545720645,161.082,0.0709
s,8.545953985,160.357,0.0707
s,8.546116747,162.114,0.0707
s,8.546116747,161.525,0.0707
s,8.54627951,161.545,0.0707
s,8.545523462,160.803,0.0717
s,8.545522908,159.676,0.0716
s,8.545522354,161.719,0.0715
s,8.545144571,160.415,0.0715
s,8.545144571,160.846,0.0715
s,8.544694028,159.872,0.0713
s,8.54485679,159.85,0.0713
s,8.54485679,159.2,0.0713
s,8.545019553,159.905,0.0713
s,8.545182316,160.702,0.0713
s,8.545599508,160.311,0.0714
s,8.545599508,158.343,0.0714
s,8.545599508,162.227,0.0714
s,8.545527852,159.358,0.0714
s,8.545527852,160.166,0.0714
s,8.545293427,160,0.0714
s,8.545293427,156.016,0.0714
s,8.545293427,161.882,0.0714
s,8.545293427,159.403,0.0714
s,8.545364532,159.25,0.0713
s,8.545436189,161.231,0.0713
s,8.545436189,158.449,0.0713
s,8.545436189,161.226,0.0713
s,8.545435639,160.715,0.0712
s,8.54557841,161.208,0.0711
s,8.545577863,160.153,0.071
s,8.545577863,157.236,0.071
s,8.54581229,162.162,0.071
s,8.5457201,160.946,0.0708
s,8.5457201,161.824,0.0708
s,8.545954529,160.605,0.0708
s,8.545954529,161.767,0.0708
s,8.545953985,160.105,0.0707
s,8.54627951,160.608,0.0707
s,8.546442274,161.521,0.0707
s,8.546676701,161.352,0.0707
s,8.546911129,159.55,0.0707
s,8.547073893,162.306,0.0707
s,8.547236658,160.872,0.0707
s,8.547399424,160.252,0.0707
s,8.547399424,160.481,0.0707
s,8.547562191,160.798,0.0707
s,8.547562191,161.884,0.0707
s,8.548284379,158.728,0.0706
s,8.548447149,160.756,0.0706
s,8.548447149,160.169,0.0706
s,8.54860992,158.784,0.0706
s,8.54860992,161.864,0.0706
s,8.548772693,159.088,0.0706
s,8.548700501,159.762,0.0705
s,8.548701042,161.925,0.0706
m,8.548700501,157.139,0.0705
m,8.547359476,154.456,0.0705
m,8.543624765,151.886,0.0705
m,8.54143304,161.179,0.0705
m,8.54143304,154.431,0.0705
m,8.537411234,157.361,0.0705
m,8.525658489,153.868,0.0705
m,8.523239599,150.493,0.0705
m,8.521128808,153.026,0.0706
m,8.518873296,152.083,0.0705
m,8.516763591,153.963,0.0705
m,8.501883268,158.328,0.0714
m,8.499765822,148.686,0.0714
m,8.497812045,146.91,0.0715
m,8.495875119,149.613,0.0715
m,8.480468724,151.262,0.0719
m,8.478347929,157.861,0.0721
m,8.474740341,148.986,0.0722
m,8.472931445,159.859,0.0723
m,8.471741997,150.145,0.0726
m,8.459931134,154.278,0.0733
m,8.459931713,152.353,0.0734
m,8.45626526,156.218,0.0735
m,8.454250378,161.062,0.0737
m,8.45247128,155.004,0.0738
s,8.547724416,158.951,0.0706
s,8.547887185,161.301,0.0706
s,8.54812161,160.229,0.0706
s,8.548284379,161.445,0.0706
s,8.548772693,160.661,0.0706
s,8.548772693,160.229,0.0706
s,8.548772693,160.005,0.0706
s,8.548772693,161.23,0.0706
s,8.548772151,160.225,0.0705
m,8.548772151,160.864,0.0705
m,8.548700501,161.389,0.0705
m,8.548772151,158.746,0.0705
m,8.548772151,153.094,0.0705
m,8.548212183,159.669,0.0705
m,8.535365843,154.087,0.0705
m,8.53339281,157.245,0.0704
m,8.531421344,153.787,0.0704
m,8.527681085,157.877,0.0705
m,8.514330115,157.638,0.0705
m,8.509593533,151.479,0.0705
m,8.509593533,157.293,0.0705
m,8.506259326,153.138,0.0709
m,8.504324936,151.904,0.0712
m,8.491664246,153.307,0.0716
m,8.489552,154.827,0.0716
m,8.489552,153.002,0.0716
m,8.485095961,153.737,0.0716
m,8.482663992,156.292,0.0717
m,8.469789938,159.391,0.0728
m,8.467838624,152.125,0.0729
m,8.466035765,157.62,0.073
m,8.463999966,159.352,0.0732
m,8.45125092,155.843,0.0739
m,8.449561945,160.317,0.0741
m,8.447798796,154.024,0.0741
m,8.446038413,153.794,0.0744
m,8.443956371,158.022,0.0746
m,8.44202332,158.008,0.0747
m,8.438136717,154.907,0.0749
m,8.43612145,153.854,0.075
m,8.433872401,156.728,0.0751
m,8.423066021,150.972,0.0763
m,8.41976811,151.106,0.0765
m,8.418164888,161.651,0.0767
m,8.41632769,153.433,0.0769
m,8.41425522,152.907,0.0769
m,8.402371729,161.512,0.0774
m,8.400301151,154.596,0.0775
m,8.398232304,152.624,0.0776
m,8.395930204,153.933,0.0778
m,8.393789799,155.029,0.078
m,8.379397368,154.234,0.079
m,8.375226522,152.628,0.0792
m,8.373018345,160.234,0.0793
m,8.373019657,155.06,0.0795
m,8.35580658,161.34,0.0807
m,8.353769482,156.138,0.0809
m,8.349783083,155.272,0.0812
m,8.34478952,157.894,0.081
m,8.342055185,158.467,0.081
m,8.32996199,160.542,0.0815
m,8.324742425,152.518,0.0816
m,8.32474174,159.868,0.0815
m,8.319850252,154.464,0.0814
m,8.317211375,159.053,0.0813
m,8.301872697,155.137,0.081
m,8.301872697,160.428,0.081
m,8.297653207,161.211,0.081
m,8.295425517,158.805,0.0808
m,8.28185929,159.661,0.0799
m,8.279329733,157.094,0.0798
m,8.274749373,159.062,0.0796
m,8.272462175,153.887,0.0795
m,8.270019386,155.236,0.0794
m,8.431860145,155.641,0.0752
m,8.430074922,158.25,0.0756
m,8.428376448,155.313,0.0758
m,8.424597804,156.715,0.0759
m,8.423064792,156.621,0.0761
m,8.410510984,152.326,0.077
m,8.408433542,150.066,0.0771
m,8.406357823,160.52,0.0772
m,8.404519385,152.759,0.0773
m,8.389899116,156.794,0.0781
m,8.387763702,153.723,0.0783
m,8.385705145,152.615,0.0784
m,8.383573039,152.209,0.0786
m,8.381367221,161.011,0.0789
m,8.368768299,158.221,0.0797
m,8.366802086,152.083,0.0799
m,8.364601227,151.367,0.08
m,8.362402207,152.298,0.0801
m,8.360207032,156.537,0.0805
m,8.339631377,156.015,0.0811
m,8.337131944,159.982,0.0811
m,8.334711726,156.603,0.0811
m,8.332376616,154.123,0.0813
m,8.314888845,154.618,0.0813
m,8.312648976,156.909,0.0813
m,8.310331694,154.374,0.0811
m,8.308253629,151.218,0.0811
m,8.306099315,153.805,0.0811
m,8.293278527,155.56,0.0807
m,8.291055101,160.83,0.0806
m,8.288990197,150.328,0.0805
m,8.28669094,154.863,0.0804
m,8.28431296,155.289,0.0801
m,8.267580014,155.738,0.0795
m,8.265220541,156.18,0.0795
m,8.263021089,155.428,0.0795
m,8.260822874,155.628,0.0795
m,8.256510388,153.183,0.0794
m,8.256509726,156.075,0.0793
m,8.252599741,157.966,0.0794
m,8.25056837,153.433,0.0795
m,8.248695154,156.432,0.0795
m,8.236226009,160.873,0.079
m,8.231873055,158.547,0.0789
m,8.229777732,153.556,0.0789
m,8.227920743,151.782,0.0789
m,8.215865727,155.606,0.0789
m,8.21170241,153.059,0.0789
m,8.209704387,156.691,0.079
m,8.207863667,157.503,0.079
m,8.205944571,158.908,0.0791
m,8.194312924,158.181,0.0798
m,8.192250878,158.712,0.0802
m,8.190262483,155.366,0.0802
m,8.186453102,158.315,0.0803
m,8.186453781,154.779,0.0804
m,8.169282838,154.001,0.0798
m,8.167393632,152.306,0.0798
m,8.167394306,154.965,0.0799
m,8.163383424,159.306,0.0799
m,8.150210433,160.815,0.0793
m,8.14817065,151.449,0.0791
m,8.146132883,149.303,0.079
m,8.144178865,154.988,0.0789
m,8.142380408,156.502,0.0787
m,8.131657499,154.434,0.0784
m,8.129417572,156.401,0.0783
m,8.127251783,162.488,0.0783
m,8.124849775,154.072,0.0782
m,8.122936537,151.389,0.0782
m,8.109429326,150.557,0.0781
m,8.107112474,153.565,0.0781
m,8.102328848,155.146,0.078
m,8.099862827,155.208,0.078
m,8.097482083,156.911,0.078
m,8.2469031,154.493,0.0795
m,8.244794543,154.536,0.0792
m,8.242689566,156.909,0.0792
m,8.238326825,154.288,0.0791
m,8.23622535,155.302,0.0789
m,8.226065378,160.168,0.0789
m,8.224055047,160.718,0.0789
m,8.222040561,153.656,0.0786
m,8.217868805,154.697,0.0788
m,8.215865068,150.788,0.0788
m,8.202191082,150.708,0.0792
m,8.200275961,154.154,0.0792
m,8.198207012,157.834,0.0793
m,8.196296997,155.218,0.0796
m,8.182567856,160.079,0.0803
m,8.180824464,160.916,0.0804
m,8.17884346,160.246,0.0802
m,8.176864572,155.443,0.0801
m,8.171174265,147.889,0.0799
m,8.161498853,159.1,0.0799
m,8.159697813,152.629,0.0799
m,8.157970834,150.2,0.0798
m,8.154366254,150.598,0.0796
m,8.152406547,151.681,0.0795
m,8.140584647,154.869,0.0787
m,8.138872813,153.15,0.0787
m,8.135286921,161.198,0.0785
m,8.133507566,151.953,0.0785
m,8.118628996,154.304,0.0781
m,8.118629653,151.184,0.0782
m,8.114317419,151.641,0.0781
m,8.112080961,152.988,0.0781
m,8.094935701,153.278,0.078
m,8.09255835,161.555,0.078
m,8.090587189,161.013,0.0779
m,8.088436167,155.142,0.0778
m,8.086189739,151.856,0.0779
m,8.083860444,159.154,0.078
m,8.077848595,157.078,0.0781
m,8.074626116,158.226,0.0781
m,8.071474193,155.166,0.0782
m,8.051478729,155.435,0.0775
m,8.047634381,149.475,0.0775
m,8.047397527,151.891,0.0776
s,8.04713197,153.554,0.0778
s,8.046867144,150.961,0.0781
s,8.045495419,151.4,0.0788
s,8.045327476,150.989,0.0788
s,8.04515954,151.939,0.0788
s,8.044990943,152.386,0.0787
s,8.047591571,154.118,0.0787
s,8.050618136,152.565,0.0795
s,8.051042395,151.114,0.0801
s,8.051533398,154.598,0.0803
s,8.051786918,152.306,0.0805
s,8.052591155,152.029,0.0816
s,8.052507103,153.457,0.0816
s,8.052424463,152.229,0.0818
s,8.052425879,154.19,0.082
s,8.05234254,152.949,0.0821
s,8.052247435,152.478,0.0826
s,8.052316862,152.455,0.0826
s,8.052527335,153.331,0.0829
s,8.052821894,151.948,0.0832
s,8.052879005,152.918,0.0835
s,8.053261498,152.35,0.0847
s,8.053248573,153.765,0.0849
s,8.052913473,153.156,0.085
s,8.052747807,153.053,0.0853
s,8.052209493,153.768,0.0864
s,8.052028135,153.621,0.0865
s,8.051861071,153.981,0.0866
s,8.051931498,153.05,0.0867
s,8.051849127,154.956,0.0869
m,8.068124124,160.181,0.0782
m,8.064268757,158.351,0.0781
m,8.056905092,161.217,0.078
m,8.053158709,152.186,0.0779
m,8.051478729,157.422,0.0775
s,8.046754539,154.508,0.0782
s,8.046376095,151.688,0.0784
s,8.04618041,152.333,0.0786
s,8.045747348,153.327,0.0788
s,8.047507582,153.483,0.0787
s,8.048319885,152.395,0.0789
s,8.048810053,151.53,0.079
s,8.049959161,151.957,0.0793
s,8.049721662,152.07,0.0793
s,8.052193912,153.507,0.0807
s,8.052279355,151.405,0.0809
s,8.052364806,152.275,0.0811
s,8.052518953,154.445,0.0812
s,8.052520353,153.392,0.0814
s,8.052258493,154.82,0.0821
s,8.052496708,151.931,0.0822
s,8.052414089,152.867,0.0824
s,8.05224672,150.354,0.0825
s,8.053020901,152.471,0.0839
s,8.053146891,153.222,0.0841
s,8.053148363,152.55,0.0843
s,8.053357683,152.854,0.0844
s,8.053344728,154.023,0.0846
s,8.052650245,152.631,0.0854
s,8.052316734,152.748,0.0857
s,8.052471038,153.099,0.0858
s,8.052305442,152.543,0.0861
s,8.052207969,152.341,0.0862
s,8.051682087,158.373,0.087
s,8.051598956,154,0.0871
s,8.051431157,151.117,0.0871
s,8.051348034,154.327,0.0872
s,8.051264139,153.61,0.0872
s,8.05109713,153.031,0.0873
s,8.050775764,152.006,0.0873
s,8.050929354,153.293,0.0873
s,8.05093013,152.657,0.0874
s,8.050750533,151.173,0.0877
s,8.050667438,152.276,0.0878
s,8.050753663,152.426,0.0881
s,8.050754448,152.55,0.0882
s,8.050453583,152.702,0.089
s,8.050707625,154.274,0.0893
s,8.050723414,154.238,0.0895
s,8.050725827,154.783,0.0898
s,8.05114692,153.856,0.09
s,8.051586393,153.286,0.0907
s,8.051348912,152.33,0.0907
s,8.051264997,152.567,0.0907
s,8.051084572,152.622,0.0909
s,8.051337934,152.785,0.0911
s,8.050883262,152.264,0.092
s,8.050716332,151.47,0.0921
s,8.050885767,153.174,0.0923
s,8.050718004,154.056,0.0923
s,8.049506542,152.748,0.0928
s,8.049423519,154.056,0.0929
s,8.0493405,155.639,0.093
s,8.049257484,154.076,0.0931
s,8.049005908,154.604,0.0931
s,8.048115113,154.078,0.0935
s,8.048032122,155.566,0.0936
s,8.047949133,152.76,0.0937
s,8.047866148,152.742,0.0938
s,8.047698472,153.708,0.0938
s,8.047045284,152.189,0.0942
s,8.046808681,154.342,0.0943
s,8.046571216,152.36,0.0943
s,8.046488254,152.661,0.0944
s,8.050846245,152.483,0.0874
s,8.050999838,153.476,0.0874
s,8.051000615,152.719,0.0875
s,8.051001393,152.333,0.0876
s,8.050918291,153.521,0.0877
s,8.050433884,152.245,0.0883
s,8.050266927,154.431,0.0884
s,8.050350799,152.869,0.0884
s,8.050114114,153.876,0.0885
s,8.050114904,153.004,0.0886
s,8.051246676,154.981,0.0902
s,8.05141612,152.341,0.0904
s,8.051586393,153.309,0.0907
s,8.05167031,152.556,0.0907
s,8.05108786,152.772,0.0913
s,8.050837808,154.591,0.0915
s,8.050824427,153.06,0.0916
s,8.050811063,152.215,0.0917
s,8.050798546,152.541,0.0919
s,8.050634962,153.576,0.0924
s,8.050314451,152.998,0.0925
s,8.050231416,154.325,0.0926
s,8.049589567,153.099,0.0927
s,8.049589567,155.128,0.0927
s,8.048769284,153.402,0.0932
s,8.048770133,154.531,0.0933
s,8.048518576,154.868,0.0933
s,8.048281956,155.054,0.0934
s,8.047615494,154.83,0.0939
s,8.047616351,154.627,0.094
s,8.047448687,152.996,0.094
s,8.047364859,152.437,0.094
s,8.04721294,152.81,0.0942
s,8.046573809,152.956,0.0946
s,8.046337209,151.679,0.0947
s,8.046253386,152.432,0.0947
s,8.046016788,152.877,0.0948
s,8.045933836,152.879,0.0949
s,8.045781063,154.362,0.095
s,8.045460649,152.807,0.0951
s,8.045952206,152.118,0.0954
s,8.045715616,152.707,0.0955
s,8.045479029,152.399,0.0956
s,8.045944772,153.532,0.0961
s,8.046281965,152.599,0.0963
s,8.046129243,152.414,0.0964
s,8.046296968,152.168,0.0964
s,8.046143361,152.493,0.0964
s,8.046382613,152.437,0.0966
s,8.046298747,151.881,0.0966
s,8.046061275,153.241,0.0966
s,8.046061275,154.336,0.0966
s,8.045340505,152.156,0.0973
s,8.045173755,152.941,0.0974
s,8.045007014,153.077,0.0975
s,8.045007014,153.191,0.0975
s,8.044602819,152.387,0.0976
s,8.044060779,155.032,0.0979
s,8.043908041,155.532,0.098
m,8.043124012,155.797,0.0978
m,8.041936693,161.845,0.0978
m,8.04058174,159.402,0.0978
m,8.025859588,161.719,0.0963
m,8.022770824,158.556,0.0961
m,8.019431588,155.032,0.096
m,8.015935196,157.58,0.0955
m,7.991020737,159.147,0.0929
m,7.988067696,156.106,0.0922
m,7.985006206,154.549,0.0919
m,7.977683058,157.847,0.0915
m,7.973461206,153.934,0.0911
m,7.951461986,158.855,0.0893
m,7.946906977,160.319,0.089
m,7.943149055,151.453,0.0888
m,7.939318831,158.846,0.0883
m,7.931889174,154.759,0.0881
s,8.045577759,152.733,0.0957
s,8.045913986,153.654,0.0958
s,8.046083435,152.357,0.096
s,8.046098392,151.932,0.0961
s,8.046549459,152.62,0.0965
s,8.046718094,153.663,0.0966
s,8.046634221,152.659,0.0966
s,8.046550349,152.798,0.0966
s,8.04646648,153.325,0.0966
s,8.045642871,153.721,0.0967
s,8.046034848,153.6,0.0968
s,8.04602166,152.156,0.0969
s,8.04568718,153.002,0.097
s,8.045521298,154.29,0.0972
s,8.044366259,152.292,0.0977
s,8.044367165,153.509,0.0978
s,8.044213519,154.158,0.0978
s,8.044060779,150.671,0.0979
m,8.039392615,160.026,0.0976
m,8.038470741,161.43,0.0976
m,8.036329956,159.712,0.0972
m,8.031815455,160.444,0.0969
m,8.029032172,157.537,0.0965
m,8.012203162,161.975,0.0952
m,8.008401247,161.774,0.0949
m,8.004333419,158.601,0.0945
m,7.996423207,153.054,0.094
m,7.992716335,156.561,0.0934
m,7.966681753,157.204,0.0905
m,7.963341002,156.683,0.0902
m,7.959035852,157.336,0.0898
m,7.955290321,156.591,0.0895
m,7.931887587,158.35,0.0879
m,7.924304047,162.876,0.0876
m,7.920477001,161.836,0.0874
m,7.916494667,160.424,0.087
m,7.912261058,161.226,0.0865
m,7.907457766,163.615,0.0862
m,7.898733149,159.757,0.0858
m,7.894417255,153.153,0.0853
m,7.89042398,156.174,0.085
m,7.862628506,153.991,0.0825
m,7.858635609,157.796,0.082
m,7.854810853,154.741,0.0817
m,7.850832099,156.924,0.0814
m,7.846757331,158.66,0.081
m,7.821995576,157.935,0.0788
m,7.817613507,159.681,0.0783
m,7.813622633,159.131,0.0777
m,7.809326026,156.308,0.0775
m,7.800473555,160.592,0.0772
m,7.76913282,156.129,0.0746
m,7.764352133,155.221,0.0743
m,7.759499943,158.119,0.074
m,7.754802537,156.469,0.0737
m,7.721813634,157.395,0.0715
m,7.716984721,151.956,0.0712
m,7.712847145,151.592,0.0709
m,7.708297579,159.681,0.0706
m,7.704243512,156.474,0.0704
m,7.677995854,161.703,0.0692
m,7.674014633,161.641,0.0688
m,7.669643219,161.732,0.0687
m,7.660892715,158.498,0.0687
m,7.656274891,159.808,0.0685
m,7.619367005,156.182,0.0677
m,7.615227039,153.297,0.0676
m,7.606565419,151.223,0.0676
m,7.606565419,159.173,0.0676
m,7.575806748,151.264,0.0666
m,7.567222515,155.836,0.0664
m,7.563494543,155.351,0.0663
m,7.563493467,154.569,0.0661
m,7.555622566,162.153,0.066
m,7.886514324,159.577,0.0847
m,7.882437351,158.817,0.0843
m,7.878359907,157.066,0.0838
m,7.874518658,161.385,0.0831
m,7.870609874,155.383,0.0828
m,7.842597559,159.481,0.0803
m,7.838606533,155.759,0.0799
m,7.830307506,160.294,0.0795
m,7.830305431,153.513,0.0792
m,7.796412861,156.695,0.0767
m,7.79210427,157.78,0.0763
m,7.787559319,155.81,0.076
m,7.782691916,157.022,0.0753
m,7.778230428,152.998,0.075
m,7.749772781,154.012,0.0731
m,7.74564331,163.676,0.0727
m,7.740781401,155.776,0.0724
m,7.731462304,152.74,0.072
m,7.726921225,154.249,0.0717
m,7.695672531,156.348,0.0702
m,7.695671368,155.124,0.07
m,7.686751841,155.679,0.0698
m,7.682213952,158.397,0.0695
m,7.641950344,157.534,0.0681
m,7.637178856,155.26,0.0679
m,7.632399278,158.039,0.0678
m,7.628112775,161.218,0.0678
m,7.623579911,158.97,0.0677
m,7.597503446,160.187,0.0675
m,7.593055013,152.562,0.0675
m,7.58884339,152.701,0.0674
m,7.584631466,158.146,0.0672
m,7.580419251,156.83,0.0669
m,7.551961284,157.385,0.0659
m,7.548856533,153.201,0.0659
m,7.545840618,155.562,0.0658
m,7.542825344,153.963,0.0658
m,7.54012768,157.853,0.0656
m,7.535689801,161.748,0.0655
m,7.533155833,152.6,0.0654
m,7.533155305,153.296,0.0653
m,7.529184352,152.069,0.0652
s,7.528740401,152.978,0.0653
s,7.528740401,153.372,0.0653
s,7.528739874,153.893,0.0652
s,7.528821367,152.732,0.0652
s,7.529088305,155.832,0.0652
s,7.529414395,156.056,0.0652
s,7.529495923,152.849,0.0652
s,7.529495923,154.623,0.0652
s,7.529658985,155.118,0.0652
s,7.529741047,152.408,0.0653
s,7.52958553,152.526,0.0653
s,7.529511555,153.727,0.0653
s,7.529512083,151.69,0.0654
s,7.529593625,152.714,0.0654
s,7.530142764,154.366,0.0656
s,7.530624448,156.233,0.0656
s,7.530787545,153.558,0.0656
s,7.531187707,153.14,0.0656
s,7.533677649,153.581,0.0655
s,7.531979373,155.55,0.0654
s,7.532223531,154.922,0.0653
s,7.531413994,153.201,0.065
s,7.531651049,155.175,0.065
s,7.533185504,155.269,0.065
s,7.533748898,154.251,0.065
s,7.533912077,153.399,0.065
s,7.534156862,159.275,0.065
s,7.534401665,157.497,0.065
s,7.535708127,152.988,0.0651
s,7.53562649,154.938,0.0651
s,7.535781928,153.201,0.0651
s,7.53570082,154.452,0.0652
m,7.528391241,152.17,0.0651
m,7.528153678,155.623,0.065
s,7.528237252,153.103,0.0654
s,7.52865202,152.061,0.0654
s,7.52857795,153.301,0.0654
s,7.528821367,153.133,0.0652
s,7.528747316,153.8,0.0652
s,7.528747316,154.874,0.0652
s,7.528910316,156.346,0.0652
s,7.528999295,156.131,0.0652
s,7.52974052,153.126,0.0652
s,7.529741047,153.392,0.0653
s,7.529659512,151.898,0.0653
s,7.529741047,152.37,0.0653
s,7.529830679,153.576,0.0654
s,7.529831209,152.099,0.0655
s,7.529986721,151.831,0.0655
s,7.529986721,153.757,0.0655
s,7.530142764,153.446,0.0656
s,7.531587879,154.837,0.0656
s,7.531988062,152.55,0.0656
s,7.532232766,153.207,0.0656
s,7.533114239,153.843,0.0655
s,7.533677649,154.08,0.0655
s,7.531895709,155.952,0.065
s,7.532377448,155.861,0.065
s,7.533022351,155.575,0.065
s,7.533185504,155.437,0.065
s,7.534646488,154.229,0.065
s,7.535136189,153.923,0.065
s,7.53529944,152.366,0.065
s,7.535544856,155.297,0.0651
s,7.535544856,152.111,0.0651
s,7.535218863,155.268,0.0652
s,7.53530049,153.895,0.0652
s,7.534736928,152.25,0.0652
s,7.534255014,154.26,0.0652
s,7.534574221,154.473,0.0653
s,7.532802753,153.41,0.0654
s,7.532802753,151.598,0.0654
s,7.532802753,153.053,0.0654
s,7.532721169,152.566,0.0654
s,7.532558006,151.683,0.0654
s,7.531098026,152.329,0.0655
s,7.530364716,154.461,0.0656
s,7.5299571,152.611,0.0656
s,7.529957632,152.863,0.0657
s,7.528824017,151.902,0.0657
s,7.526137996,151.752,0.0661
s,7.525650024,154.975,0.0662
s,7.525650024,150.266,0.0662
s,7.524755159,152.124,0.0663
s,7.523604009,154.038,0.0667
s,7.523522663,151.43,0.0667
s,7.523523211,152.128,0.0668
s,7.523441866,156.454,0.0668
s,7.523361073,154.792,0.0669
s,7.523191954,153.101,0.067
s,7.523355172,151.206,0.0671
s,7.523192506,153.654,0.0671
s,7.52246755,153.174,0.0671
s,7.522548869,154.886,0.0671
s,7.525287046,153.097,0.0672
s,7.525613091,151.842,0.0673
s,7.525938613,153.629,0.0673
s,7.526426962,153.356,0.0673
s,7.528848991,151.832,0.0675
s,7.529337689,153.583,0.0675
s,7.529737642,153.379,0.0675
s,7.530064059,152.071,0.0676
s,7.530309595,153.491,0.0678
s,7.531592227,154.762,0.068
s,7.532073755,152.957,0.068
s,7.532155254,152.548,0.068
s,7.532318258,153.721,0.068
s,7.532718318,152.004,0.068
s,7.532394851,153.035,0.0654
s,7.532231705,152.009,0.0654
s,7.531987531,152.242,0.0655
s,7.531661289,151.805,0.0655
s,7.528335623,152.259,0.0658
s,7.527847306,154.612,0.0659
s,7.527521446,152.296,0.0659
s,7.52711417,152.627,0.0659
s,7.526870904,154.951,0.0661
s,7.524748024,152.39,0.0663
s,7.524504426,154.683,0.0664
s,7.524660614,156.003,0.0665
s,7.524335131,154.024,0.0665
s,7.524172948,152.327,0.0666
s,7.523035725,154.756,0.0669
s,7.522873614,153.991,0.067
s,7.523273286,152.135,0.067
s,7.523354621,152.24,0.067
s,7.522304919,152.889,0.0671
s,7.522304919,154.4,0.0671
s,7.524080789,153.247,0.0672
s,7.52456186,154.074,0.0672
s,7.524887297,154.381,0.0672
s,7.526589762,153.008,0.0673
s,7.526590317,152.531,0.0674
s,7.527560049,152.059,0.0674
s,7.528041352,152.724,0.0674
s,7.528367082,152.267,0.0674
s,7.530628673,152.37,0.0679
s,7.530791633,154.109,0.0679
s,7.531273131,155.968,0.0679
s,7.531592227,152.995,0.068
s,7.532963418,153.006,0.0681
s,7.532481835,153.436,0.0681
s,7.533044935,153.388,0.0681
s,7.533207974,154.314,0.0681
s,7.532563344,154.878,0.0681
s,7.532881904,152.37,0.0681
s,7.532881904,157.017,0.0681
s,7.532963418,154.256,0.0681
s,7.532963418,154.097,0.0681
s,7.532022731,152.109,0.0681
s,7.532838031,153.348,0.0681
s,7.533312136,153.953,0.0681
s,7.533564367,152.354,0.0681
s,7.535810048,151.774,0.0681
s,7.539583586,152.079,0.0681
s,7.539991787,151.922,0.0681
s,7.540476646,156.783,0.0686
s,7.53646562,154.445,0.0686
s,7.537029103,154.2,0.0686
m,7.534544864,153.777,0.0684
m,7.532862512,160.332,0.0684
m,7.532861377,154.134,0.0682
m,7.52896366,154.269,0.0681
m,7.504605537,151.856,0.0676
m,7.500961012,154.854,0.0675
m,7.496842544,159.558,0.0674
m,7.492791979,152.748,0.0674
m,7.489229169,157.888,0.0673
m,7.461838463,152.56,0.0672
m,7.457634516,155.072,0.0672
m,7.453659731,160.614,0.0669
m,7.449773877,160.493,0.0668
m,7.446044667,156.518,0.0668
m,7.420903683,154.305,0.0663
m,7.416858454,158.17,0.0663
m,7.412813531,157.064,0.0663
m,7.405293341,151.916,0
m,7.401631543,157.238,0.0659
m,7.376427257,156.254,0.0652
m,7.372147867,152.593,0.0651
m,7.368030016,154.909,0.065
m,7.36431043,160.071,0.0649
s,7.532962854,154.842,0.068
s,7.532155254,156.243,0.068
s,7.531999709,153.02,0.068
s,7.532407245,153.955,0.068
s,7.532407809,154.47,0.0681
s,7.536765431,153.136,0.068
s,7.537247277,156.583,0.068
s,7.537892922,152.875,0.0681
s,7.538775126,153.747,0.0681
s,7.537592624,154.294,0.0686
s,7.537919111,154.346,0.0686
m,7.53662997,153.118,0.0688
m,7.534857541,152.849,0.0687
m,7.534130497,160.59,0.0686
m,7.526029446,154.952,0.068
m,7.523008796,157.035,0.067
m,7.519998281,159.205,0.0678
m,7.513242935,157.98,0.0678
m,7.508168178,156.684,0.0676
m,7.48511164,153.269,0.0673
m,7.481081919,159.889,0.0672
m,7.474032313,156.09,0.0672
m,7.465961475,158.812,0.0672
m,7.438437217,161.462,0.0668
m,7.438435015,162.071,0.0664
m,7.428989606,156.454,0.0664
m,7.425024243,153.194,0.0663
m,7.398141794,161.075,0.0658
m,7.390763571,159.591,0.0654
m,7.38711896,155.155,0.0654
m,7.383710899,155.491,0.0653
m,7.380308191,155.693,0.0652
m,7.360429837,151.449,0.0648
m,7.353222994,158.238,0.0645
m,7.349262516,158.779,0.0644
m,7.345539138,152.334,0.0643
m,7.341659644,153.788,0.0642
m,7.337860812,161.077,0.0641
m,7.334142578,156.021,0.064
m,7.330580899,159.627,0.0639
m,7.322824224,155.782,0.0638
m,7.322823706,154.432,0.0637
m,7.299070973,153.777,0.0636
m,7.295271738,148.615,0.0637
m,7.287440543,147.404,0.0638
m,7.283565109,148.615,0.0638
m,7.279292983,156.675,0.0638
m,7.251933917,152.601,0.0639
m,7.248377233,155.684,0.0639
m,7.244584546,159.341,0.064
m,7.236764807,157.855,0.064
m,7.213291698,160.432,0.0631
m,7.20910472,158.671,0.0632
m,7.205075034,156.613,0.0633
m,7.197017267,159.502,0.0632
m,7.192987983,160.439,0.0632
m,7.172692363,161.563,0.0631
m,7.168587167,157.503,0.0631
m,7.164482216,154.403,0.0631
m,7.156273053,158.729,0.0631
m,7.152090937,155.811,0.0631
m,7.119987744,152.138,0.0622
m,7.116124018,154.391,0.0623
m,7.11202226,158.715,0.0621
m,7.105558363,154.019,0.0619
m,7.080729145,160.265,0.0615
m,7.072217824,156.796,0.0613
m,7.068120603,155.454,0.0613
m,7.063943143,153.581,0.0611
m,7.060003755,155.689,0.0612
m,7.034479999,159.64,0.0608
m,7.030383119,160.376,0.0605
m,7.026366692,155.723,0.0604
m,7.022901866,162.025,0.0604
m,7.019753132,158.86,0.0604
m,7.31434977,160.428,0.0637
m,7.310629111,157.046,0.0637
m,7.306671405,153.046,0.0636
m,7.302790807,161.222,0.0636
m,7.27565479,158.429,0.0638
m,7.271780073,153.006,0.0638
m,7.267668848,152.345,0.0638
m,7.263714074,150.22,0.0637
m,7.255806909,158.478,0.0638
m,7.232491106,157.991,0.0636
m,7.229177476,155.362,0.0636
m,7.225146897,158.271,0.0633
m,7.225147416,162.302,0.0634
m,7.217480512,160.536,0.0633
m,7.189038583,161.142,0.0632
m,7.184932368,156.511,0.0632
m,7.180904528,155.189,0.0633
m,7.176877284,160.318,0.0631
m,7.148461325,159.261,0.0628
m,7.144438608,155.197,0.0629
m,7.140493236,155.268,0.0626
m,7.132051853,157.017,0.0623
m,7.128029713,155.734,0.0622
m,7.105557859,151.92,0.0618
m,7.097910545,162.161,0.0617
m,7.093574538,155.872,0.0615
m,7.089318763,157.453,0.0615
m,7.085142228,155.677,0.0615
m,7.056143167,162.06,0.0612
m,7.05212483,160.716,0.0611
m,7.047949266,155.623,0.061
m,7.043537186,158.03,0.0609
m,7.01715547,162.326,0.0604
m,7.015266003,162.551,0.0604
m,7.014399745,160.229,0.0602
m,7.014085413,161.538,0.0602
s,7.01392584,159.356,0.0597
s,7.014003384,159.744,0.0593
s,7.01408142,157.901,0.059
s,7.014080021,157.6,0.0587
s,7.013999187,161.683,0.0584
s,7.014308094,160.683,0.0572
s,7.01454426,161.365,0.0571
s,7.01454382,160.238,0.057
s,7.014542943,161.215,0.0568
s,7.01469967,161.57,0.0567
s,7.015166461,159.579,0.056
s,7.015166036,162.295,0.0559
s,7.01516519,160.837,0.0557
s,7.015164769,161.919,0.0556
s,7.01516435,161.471,0.0555
s,7.01492485,161.334,0.0548
s,7.014924442,160.229,0.0547
s,7.014687837,161.735,0.0547
s,7.014530255,160.83,0.0546
s,7.013974734,160.269,0.0543
s,7.013974734,160.24,0.0543
s,7.013895314,161.164,0.0543
s,7.014052496,161.079,0.0543
s,7.01397308,159.656,0.0543
s,7.013892071,161.142,0.0539
s,7.013812265,162.726,0.0538
s,7.013969455,162.587,0.0538
s,7.013889262,159.547,0.0536
s,7.013888871,162.264,0.0535
s,7.013336338,160.926,0.0531
s,7.013179147,160.965,0.0531
s,7.013179147,159.595,0.0531
s,7.013179147,162.408,0.0531
s,7.01254829,161.638,0.0534
s,7.01254829,160.404,0.0534
s,7.01254829,161.797,0.0534
s,7.012468886,161.754,0.0534
s,7.012546681,159.326,0.0534
s,7.013998269,159.416,0.0582
s,7.013996452,158.196,0.0578
s,7.014152713,156.962,0.0576
s,7.014152266,160.085,0.0575
s,7.014308538,159.349,0.0573
s,7.014776528,160.541,0.0565
s,7.014933265,159.012,0.0564
s,7.014932834,160.467,0.0563
s,7.015009714,160.029,0.0561
s,7.015163516,159.796,0.0553
s,7.015163101,158.222,0.0552
s,7.015005514,162.262,0.0551
s,7.015005101,161.77,0.055
s,7.014925259,159.608,0.0549
s,7.014530255,161.962,0.0546
s,7.014293246,161.063,0.0545
s,7.014292842,160.636,0.0544
s,7.014213412,160.884,0.0544
s,7.01405456,161.871,0.0544
s,7.01397308,161.419,0.0543
s,7.01397268,161.924,0.0542
s,7.01397228,162.533,0.0541
s,7.013892468,162.362,0.054
s,7.013731289,159.679,0.0534
s,7.013730901,162.549,0.0533
s,7.01357371,161.066,0.0533
s,7.013573323,161.238,0.0532
s,7.013415749,162.324,0.0531
s,7.013179147,160.318,0.0531
s,7.012942931,161.391,0.0532
s,7.012943318,161.692,0.0533
s,7.012864297,160.281,0.0534
s,7.012627697,161.355,0.0534
s,7.012546681,160.288,0.0534
s,7.012467282,161.148,0.0534
s,7.012624484,161.89,0.0534
s,7.012545089,160.637,0.0534
s,7.012701905,160.798,0.0533
s,7.012622515,160.903,0.0533
s,7.012700336,161.728,0.0533
s,7.01285716,161.038,0.0532
s,7.012777778,160.894,0.0532
s,7.013166998,160.905,0.0528
s,7.013166998,161.078,0.0528
s,7.013087253,159.01,0.0527
s,7.013244101,162.942,0.0526
s,7.013164364,160.644,0.0525
s,7.013164364,160.958,0.0525
s,7.013164364,160.688,0.0525
s,7.012927774,160.7,0.0525
s,7.012927774,159.655,0.0525
s,7.01300789,159.225,0.0527
s,7.012930029,161.398,0.0527
s,7.012930029,162.091,0.0527
s,7.013009396,162.069,0.0527
s,7.013010919,161.308,0.0527
s,7.013013265,158.538,0.0525
s,7.012935449,160.399,0.0525
s,7.012857265,161.384,0.0524
s,7.012936662,161.152,0.0524
s,7.012782329,163.227,0.0523
s,7.012861743,160.843,0.0523
s,7.012941159,160.336,0.0523
s,7.012863395,162.553,0.0523
s,7.012942446,161.448,0.0522
s,7.013179619,161.89,0.0519
s,7.01325832,163.039,0.0517
s,7.013257594,160.791,0.0515
s,7.013414406,162.042,0.0514
s,7.013414047,159.793,0.0513
s,7.013253357,162.085,0.0503
s,7.013409503,160.299,0.05
s,7.013329734,160.706,0.0499
s,7.013327721,161.335,0.0498
s,7.012934607,160.457,0.0531
s,7.013012061,161.945,0.053
s,7.013089908,161.683,0.053
s,7.013089526,162.931,0.0529
s,7.013167379,162.037,0.0529
s,7.013244101,159.895,0.0526
s,7.013243725,158.78,0.0525
s,7.013243725,157.608,0.0525
s,7.013321218,158.989,0.0524
s,7.013400578,160.043,0.0524
s,7.012927774,161.551,0.0525
s,7.012928151,159.62,0.0526
s,7.012928151,159.839,0.0526
s,7.013007512,161.645,0.0526
s,7.013089917,160.433,0.0526
s,7.013089917,162.611,0.0526
s,7.013012083,161.34,0.0526
s,7.013012083,159.315,0.0526
s,7.013091089,159.89,0.0525
s,7.012858864,159.644,0.0524
s,7.01285849,161.248,0.0523
s,7.012780699,160.336,0.0523
s,7.012702917,160.491,0.0523
s,7.012702917,159.951,0.0523
s,7.012942446,161.3,0.0522
s,7.013100927,159.313,0.0521
s,7.013100927,161.826,0.0521
s,7.013179987,159.064,0.052
s,7.013413689,160.047,0.0512
s,7.013255803,162.071,0.051
s,7.013255803,160.092,0.051
s,7.01309863,162.137,0.051
s,7.013254397,160.851,0.0506
s,7.013327721,162.22,0.0498
s,7.013247963,161.279,0.0497
s,7.013168544,162.475,0.0497
s,7.013168544,157.78,0.0497
s,7.013089127,160.253,0.0497
s,7.013087827,160.139,0.0498
s,7.013008419,161.195,0.0498
s,7.012929013,161.027,0.0498
s,7.013007145,162.906,0.0499
s,7.012927746,161.602,0.0499
s,7.013163435,160.958,0.0501
s,7.013163435,160.597,0.0501
s,7.013320982,161.689,0.0502
s,7.013478188,160.991,0.0502
s,7.013557578,160.595,0.0502
s,7.010726195,153.075,0.0506
s,7.008681151,159.882,0.0506
s,7.00639962,154.14,0.0506
s,7.004040865,161.101,0.0507
s,6.983852215,157.501,0.0519
s,6.980633111,158.151,0.0526
s,6.977258401,156.655,0.0529
s,6.970429679,161.489,0.0532
s,6.967056584,161.685,0.0535
s,6.95002816,161.105,0.0554
s,6.94642251,155.212,0.056
s,6.938975762,158.538,0.0563
s,6.935213489,153.071,0.0565
s,6.931612583,156.249,0.0568
m,6.907211738,155.551,0.0584
m,6.903537341,158.142,0.0589
m,6.900179614,159.942,0.0591
m,6.89682315,151.86,0.0594
m,6.874813387,157.432,0.0616
m,6.871301317,157.236,0.062
m,6.867557226,158.094,0.0621
m,6.864051964,153.823,0.0624
m,6.860547577,148.406,0.0627
m,6.839973623,156.028,0.0634
m,6.836621938,152.44,0.0634
m,6.833427607,159.603,0.0636
m,6.830314611,153.122,0.0637
m,6.826891495,158.498,0.0639
s,7.013084946,162.164,0.0499
s,7.013085285,160.978,0.05
s,7.013085285,161.881,0.05
s,7.013163095,159.755,0.05
s,7.013714784,161.536,0.0502
s,7.013951724,158.261,0.0503
s,7.013637314,157.19,0.0503
s,7.013086658,159.938,0.0504
s,7.012142211,156.646,0.0505
s,6.999170252,156.955,0.0508
s,6.999170605,155.342,0.0509
s,6.993357214,160.597,0.0511
s,6.990372212,158.962,0.0514
s,6.987073153,155.837,0.0516
s,6.967057371,158.48,0.0537
s,6.960228786,158.402,0.054
s,6.956933488,159.252,0.0549
s,6.953402448,153.783,0.0552
s,6.927931786,152.396,0.057
s,6.92465293,155.123,0.0572
s,6.921130635,154.609,0.0575
s,6.917609421,153.165,0.0579
m,6.914012312,161.954,0.0582
m,6.893779485,156.579,0.0596
m,6.890577118,151.484,0.0602
m,6.884406421,156.215,0.0605
m,6.881765113,159.906,0.061
m,6.881767143,159.693,0.0614
m,6.856962471,157.853,0.0629
m,6.850104666,158.686,0.063
m,6.846595921,157.147,0.0631
m,6.846596459,156.607,0.0632
m,6.823551099,152.262,0.0642
m,6.816247864,157.996,0.0643
m,6.812516368,157.321,0.0644
m,6.812516927,150.92,0.0645
m,6.805449018,159.762,0.0647
m,6.801957741,157.517,0.0649
m,6.798466783,149.306,0.065
m,6.794732446,152.687,0.0653
m,6.787590918,156.322,0.0655
m,6.768004967,157.371,0.0668
m,6.764842426,159.987,0.067
m,6.762332369,158.325,0.0677
m,6.756095871,160.889,0.0682
m,6.752463891,151.043,0.0685
m,6.738252906,157.763,0.0696
m,6.735621658,158.396,0.0698
m,6.733075129,152.305,0.0699
m,6.720318465,160.083,0.0709
m,6.717225095,147.911,0.0709
m,6.700456153,150.695,0.07
m,6.695646866,160.025,0.0699
m,6.692879655,155.165,0.0694
m,6.690198687,161.786,0.0689
m,6.673346555,154.26,0.0652
m,6.66750087,161.534,0.0649
m,6.664823294,149.981,0.0642
m,6.661811294,152.256,0.0639
m,6.661809061,153.563,0.0635
m,6.639187634,156.154,0.0617
m,6.635796674,151.681,0.0614
m,6.632236963,161.186,0.0611
m,6.629274248,154.971,0.0606
m,6.625445165,155.526,0.0606
m,6.599347429,148.561,0.0585
m,6.595675252,160.577,0.0582
m,6.593315851,151.15,0.0577
m,6.590118686,155.779,0.0569
m,6.567251169,156.482,0.055
m,6.563607903,156.532,0.0547
m,6.559899679,151.139,0.0543
m,6.552210133,149.953,0.0542
m,6.548419723,151.362,0.054
m,6.784340994,157.346,0.0657
m,6.781010008,155.672,0.0659
m,6.777679845,161.047,0.0661
m,6.77768102,157.816,0.0663
m,6.771341271,154.962,0.0665
m,6.749482409,152.731,0.0688
m,6.74650248,156.418,0.0691
m,6.743368156,155.594,0.0692
m,6.740638675,151.736,0.0694
m,6.717225757,153.878,0.071
m,6.711212443,150.754,0.0709
m,6.708125887,148.114,0.0708
m,6.705431782,153.628,0.0705
m,6.702907923,157.104,0.0703
m,6.690195536,156.25,0.0684
m,6.684858857,156.53,0.0679
m,6.682032612,153.06,0.0675
m,6.679040314,152.37,0.0671
m,6.676116704,155.603,0.0663
m,6.655520164,152.519,0.0632
m,6.652428046,156.745,0.063
m,6.649166989,150.595,0.0627
m,6.64600708,152.852,0.062
m,6.621615332,162.299,0.0603
m,6.617444324,158.038,0.0599
m,6.610349738,156.205,0.0594
m,6.610347764,155.526,0.059
m,6.603019853,157.474,0.0587
m,6.583904301,155.125,0.0566
m,6.580645753,159.885,0.0563
m,6.577321699,153.275,0.0559
m,6.57732037,152.255,0.0556
m,6.570657628,158.186,0.0553
m,6.544306211,147.857,0.0538
m,6.540301368,151.91,0.0536
m,6.536276447,150.463,0.0534
m,6.533161251,153.745,0.0533
m,6.529527568,148.863,0.053
m,6.523087257,145.33,0.0528
m,6.523086061,152.015,0.0525
m,6.516281687,155.35,0.0524
m,6.512869017,150.835,0.0522
m,6.489933191,156.029,0.0515
m,6.48993281,157.658,0.0514
m,6.483439844,154.899,0.0513
m,6.480051287,152.818,0.0512
s,6.471696061,158.297,0.0509
s,6.471522005,158.61,0.051
s,6.471696811,158.729,0.0511
s,6.471760724,157.801,0.0512
s,6.471935913,157.231,0.0514
s,6.471502563,156.314,0.0521
s,6.471590163,160.223,0.0522
s,6.471503746,161.07,0.0524
s,6.471567699,160.243,0.0525
s,6.471480898,160.53,0.0526
s,6.471134546,160.731,0.0532
s,6.471047767,159.792,0.0533
s,6.471134957,160.429,0.0533
s,6.471134957,158.242,0.0533
s,6.473532125,160.426,0.0539
s,6.473619368,160.048,0.0539
s,6.473706193,159.797,0.0538
s,6.473706193,158.398,0.0538
s,6.473706193,158.881,0.0538
s,6.473380563,157.835,0.0537
s,6.473380147,153.392,0.0536
s,6.473380147,155.687,0.0536
s,6.473292491,155.528,0.0535
s,6.473379733,156.2,0.0535
s,6.474116997,154.844,0.0534
s,6.474116586,157.319,0.0533
s,6.474116586,156.853,0.0533
s,6.474116997,154.428,0.0534
m,6.50963118,152.943,0.0521
m,6.506458452,146.034,0.052
m,6.503222424,154.149,0.0519
m,6.500050572,151.171,0.0516
m,6.49670626,156.051,0.0515
m,6.476987776,154.377,0.051
m,6.474615171,155.24,0.0509
m,6.473257762,155.685,0.0507
m,6.472305524,158.186,0.0506
s,6.472044576,157.942,0.0508
s,6.471936679,159.706,0.0516
s,6.471850236,159.515,0.0518
s,6.471676198,161.334,0.0519
s,6.471502171,160.223,0.052
s,6.471306904,159.804,0.0527
s,6.471307307,159.891,0.0528
s,6.471133731,161.545,0.053
s,6.471046949,160.673,0.0531
s,6.470960171,162.652,0.0532
s,6.472071341,155.975,0.0535
s,6.472158551,155.567,0.0535
s,6.472833432,159.994,0.0537
s,6.4730083,160.427,0.0538
s,6.473269992,158.97,0.0538
s,6.473706193,158.854,0.0538
s,6.473468226,158.147,0.0538
s,6.473467808,155.432,0.0537
s,6.473467808,154.509,0.0537
s,6.4736177,154.493,0.0535
s,6.473792191,154.116,0.0535
s,6.473879442,155.287,0.0535
s,6.474053535,158.105,0.0534
s,6.474053535,155.631,0.0534
s,6.474180468,155.708,0.0534
s,6.474180468,155.256,0.0534
s,6.474180881,155.243,0.0535
s,6.474180881,156.326,0.0535
s,6.474180881,155.036,0.0535
s,6.474181295,153.591,0.0536
s,6.474094466,154.623,0.0537
s,6.474094466,152.656,0.0537
s,6.474095303,156.326,0.0539
s,6.473921241,155.202,0.054
s,6.473463491,155.532,0.0545
s,6.473551574,155.336,0.0547
s,6.473290347,155.523,0.0548
s,6.472854727,156.599,0.0549
s,6.473180332,153.993,0.055
s,6.473008125,160.235,0.0555
s,6.473008571,157.41,0.0556
s,6.472945466,155.684,0.0557
s,6.472945466,156.835,0.0557
s,6.473034479,159.209,0.0561
s,6.47312169,158.349,0.0561
s,6.473209358,157.715,0.0562
s,6.473209358,155.697,0.0562
s,6.473233046,160.104,0.0562
s,6.474083451,161.937,0.0566
s,6.474345174,159.78,0.0566
s,6.474583602,159.567,0.0567
s,6.474607381,160.039,0.0567
s,6.474694631,160.896,0.0567
s,6.476506347,162.504,0.0573
s,6.476593172,160.997,0.0572
s,6.476943324,159.988,0.0574
s,6.47720573,162.206,0.0575
s,6.477930735,160.745,0.058
s,6.478018075,162.593,0.058
s,6.478105417,162.163,0.058
s,6.478042128,160.925,0.058
s,6.478129478,161.802,0.058
s,6.478392021,161.653,0.0581
s,6.4786541,160.186,0.0581
s,6.478741465,162.215,0.0581
s,6.478916202,162.845,0.0581
s,6.479066814,159.13,0.0581
s,6.473746766,155.124,0.054
s,6.473747188,156.219,0.0541
s,6.473747612,155.635,0.0542
s,6.473549857,154.678,0.0543
s,6.47318077,154.355,0.0551
s,6.473094002,156.328,0.0552
s,6.473094443,155.227,0.0553
s,6.473094885,157.446,0.0554
s,6.473008125,157.773,0.0555
s,6.472707951,154.599,0.0558
s,6.472946365,157.853,0.0559
s,6.472796061,157.094,0.056
s,6.472796061,158.517,0.056
s,6.472796061,156.314,0.056
s,6.473233046,162.066,0.0562
s,6.473558689,156.42,0.0563
s,6.473559147,158.437,0.0564
s,6.47382175,160.502,0.0566
s,6.47478235,160.342,0.0568
s,6.474957332,161.986,0.0569
s,6.475219124,161.18,0.0569
s,6.475481403,162.443,0.057
s,6.475481871,163.443,0.0571
s,6.477293998,162.025,0.0577
s,6.477818894,161.35,0.0579
s,6.477818894,162.544,0.0579
s,6.477906224,163.093,0.0579
s,6.477842916,162.231,0.0579
s,6.478129478,159.901,0.058
s,6.478217311,161.993,0.0581
s,6.478217311,159.324,0.0581
s,6.478304665,159.465,0.0581
s,6.479154184,159.885,0.0581
s,6.479242041,160.102,0.0582
s,6.479480023,160.69,0.0582
s,6.479567398,160.192,0.0582
s,6.47965526,161.43,0.0583
s,6.47965526,160.252,0.0583
s,6.479893731,161.102,0.0584
s,6.480044337,160.89,0.0584
s,6.47978271,161.298,0.0585
s,6.479435226,161.623,0.0589
s,6.479498491,159.253,0.0589
s,6.479411635,160.039,0.059
s,6.479411635,162.169,0.059
s,6.479324782,161.037,0.0591
s,6.479127541,160.797,0.0594
s,6.479040708,162.03,0.0595
s,6.478953879,162.374,0.0596
s,6.479129061,160.699,0.0597
s,6.479216913,161.338,0.0598
m,6.479217938,157.708,0.06
m,6.479131111,159.449,0.0601
m,6.479044289,148.545,0.0602
m,6.478893649,149.06,0.0602
m,6.466920467,158.734,0.0612
m,6.460036037,160.004,0.0612
m,6.456225036,144.396,0.0611
m,6.456223974,154.333,0.0609
m,6.448917831,155.401,0.0609
m,6.426398917,147.058,0.0602
m,6.422585851,152.375,0.0601
m,6.419012204,147.28,0.06
m,6.415264104,143.353,0.06
m,6.411754716,152.001,0.0599
m,6.385952595,150.727,0.06
m,6.38230315,149.175,0.06
m,6.378505537,155.441,0.06
m,6.374976549,155.982,0.0602
m,6.348561641,148.718,0.0607
m,6.343827478,145.473,0.061
m,6.339896797,158.355,0.0612
m,6.335877761,155.443,0.0613
m,6.325666876,158.427,0.0612
s,6.47978271,160.937,0.0585
s,6.479695832,160.302,0.0586
s,6.479521597,161.453,0.0587
s,6.479434236,161.243,0.0587
s,6.47943473,161.677,0.0588
s,6.479301219,162.025,0.0592
s,6.479301219,160.242,0.0592
s,6.479214378,162.263,0.0593
s,6.479127541,159.941,0.0594
s,6.479304256,161.486,0.0598
s,6.479304256,160.997,0.0598
s,6.479392112,160.246,0.0599
s,6.479304768,161.09,0.0599
s,6.479217938,159.793,0.06
m,6.47841925,150.165,0.0605
m,6.477666078,147.859,0.0605
m,6.475661361,158.676,0.0608
m,6.473164831,149.258,0.0609
m,6.470193258,158.773,0.0611
m,6.445071568,160.652,0.0608
m,6.441163862,144.97,0.0607
m,6.437406549,151.933,0.0604
m,6.43012539,155.758,0.0603
m,6.408308556,155.022,0.0599
m,6.404801925,144.514,0.0599
m,6.400854126,148.487,0.0598
m,6.393520169,145.15,0.0599
m,6.389691308,156.594,0.0599
m,6.367684112,150.315,0.0603
m,6.364099029,155.404,0.0603
m,6.364099556,149.452,0.0604
m,6.356074374,149.136,0.0605
m,6.352228019,152.856,0.0606
m,6.317456894,150.82,0.0613
m,6.31350276,149.326,0.0614
m,6.309490862,150.6,0.0615
m,6.305777447,147.583,0.0616
m,6.302006494,150.248,0.0617
m,6.295061851,151.104,0.0618
m,6.291412438,154.549,0.062
m,6.286444031,147.374,0.0617
m,6.282253644,142.695,0.0614
m,6.253651822,150.311,0.0589
m,6.249327931,144.471,0.0588
m,6.245569746,151.657,0.0582
m,6.241339031,153.497,0.0581
m,6.212681189,159.92,0.0565
m,6.209902452,139.015,0.0557
m,6.20717995,138.706,0.0543
m,6.204757844,143.777,0.0537
m,6.200140733,152.814,0.0532
m,6.190137984,147.454,0.0506
m,6.186380351,148.144,0.0504
m,6.185026955,144.147,0.0502
m,6.185025837,140.8,0.0499
m,6.182380876,156.519,0.0497
m,6.178484935,153.617,0.0478
m,6.177774787,144.621,0.0475
m,6.177198996,156.16,0.0473
m,6.177198342,142.046,0.0471
m,6.176995282,142.891,0.0467
m,6.174316874,143.523,0.0456
m,6.173485333,141.929,0.0454
m,6.173744558,149.459,0.0452
m,6.173394592,145.754,0.045
m,6.173098312,153.722,0.0448
m,6.170151175,146.976,0.0442
m,6.1690127,148.308,0.0441
m,6.167595948,144.239,0.044
m,6.167551258,148.44,0.044
m,6.16593015,148.211,0.0442
m,6.165327016,149.36,0.0442
m,6.164933829,149.698,0.0442
m,6.163638575,152.904,0.0441
m,6.162298205,146.719,0.0442
m,6.278094964,155.243,0.061
m,6.274085271,149.864,0.0606
m,6.269926001,154.748,0.0598
m,6.261860896,143.332,0.0594
m,6.261858323,146.967,0.0589
m,6.237109269,149.52,0.0579
m,6.228689177,150.341,0.0578
m,6.224588904,151.915,0.0577
m,6.220490095,153.25,0.0575
m,6.216393739,151.272,0.0574
m,6.198146542,144.97,0.0527
m,6.196006983,145.149,0.052
m,6.194201754,145.044,0.0518
m,6.192213706,139.814,0.051
m,6.182115451,149.98,0.049
m,6.181008437,144.432,0.0485
m,6.180419314,144.186,0.0482
m,6.178827443,143.964,0.048
m,6.176573847,140.017,0.0466
m,6.175783081,147.223,0.0464
m,6.17560357,146.987,0.0459
m,6.174632631,142.864,0.0457
m,6.171984617,150.065,0.0447
m,6.171311602,142.477,0.0446
m,6.171311318,151.842,0.0445
m,6.171199637,150.882,0.0445
m,6.171053648,148.561,0.0444
m,6.167087655,148.055,0.0439
m,6.16550618,143.922,0.0437
m,6.165571643,144.218,0.0437
m,6.166068208,144.36,0.0439
m,6.166045644,147.195,0.0442
m,6.161434634,155.358,0.0443
m,6.161430554,157.903,0.0445
m,6.161094207,156.183,0.0445
m,6.160760907,145.785,0.0445
m,6.160760907,150.505,0.0445
m,6.16115046,147.425,0.0445
m,6.161110125,146.557,0.0444
m,6.160833668,148.828,0.0443
m,6.16065764,150.537,0.0443
m,6.159834263,143.926,0.0442
m,6.159580878,140.531,0.0442
m,6.159522706,143.095,0.0442
m,6.159370543,144.299,0.0442
m,6.155995129,150.224,0.0454
m,6.156002482,153.561,0.0457
m,6.156109556,147.599,0.0461
m,6.155590993,150.228,0.0462
m,6.154851151,154.012,0.0463
m,6.154239991,141.854,0.0467
m,6.153923786,148.092,0.0468
m,6.151630694,146.048,0.0476
m,6.150800656,149.296,0.0477
m,6.150700776,142.661,0.0477
m,6.149290708,159.365,0.0482
m,6.149291053,147.345,0.0483
m,6.148279559,146.504,0.0483
m,6.148164391,148.894,0.0484
m,6.146640011,159.535,0.0492
m,6.147420043,150.698,0.0493
m,6.147428567,145.142,0.0494
m,6.146407481,147.167,0.0501
m,6.144113141,153.585,0.0503
m,6.141362068,154.158,0.051
m,6.141329027,141.869,0.0509
m,6.14090829,142.832,0.051
m,6.140819785,141.155,0.051
m,6.140231336,145.142,0.0509
m,6.136746773,137.632,0.0524
m,6.13605387,136.699,0.0526
m,6.135977669,137.255,0.0528
m,6.135940186,135.801,0.0529
m,6.161221307,153.104,0.004
m,6.161033302,147.892,0.0443
m,6.161038635,145.718,0.0442
m,6.160205654,147.279,0.0442
m,6.160205654,140.52,0.0442
m,6.159652663,148.086,0.0443
m,6.159353556,146.405,0.0443
m,6.159307916,143.576,0.0444
m,6.158974134,144.55,0.0445
m,6.159074756,147.937,0.0446
m,6.154825381,145.952,0.0464
m,6.154563857,150.487,0.0465
m,6.154359246,147.601,0.0466
m,6.15468889,145.061,0.0467
m,6.150603649,144.392,0.0478
m,6.150074199,145.353,0.0479
m,6.149644863,150.543,0.0479
m,6.149218493,146.067,0.0481
m,6.149581329,141.887,0.0481
m,6.147854484,158.871,0.0486
m,6.147942224,150.687,0.0486
m,6.14683848,142.175,0.0487
m,6.146736603,150.617,0.0489
m,6.146537833,144.502,0.049
m,6.143292288,150.829,0.0504
m,6.142109885,155.395,0.0505
m,6.141871689,143.804,0.0508
m,6.141773071,143.961,0.0509
m,6.140231725,140.807,0.051
m,6.139161847,141.308,0.0514
m,6.138742726,145.064,0.0516
m,6.137748862,134.927,0.0518
m,6.137534699,139.649,0.052
m,6.135364779,136.425,0.0531
m,6.135570954,136.031,0.0533
m,6.135340396,136.219,0.0537
m,6.1353595,137.2,0.0538
m,6.135360376,135.976,0.054
m,6.135627116,140.996,0.0541
m,6.135781776,141.897,0.0542
m,6.13570123,145.969,0.0544
m,6.135927484,146.289,0.0545
m,6.136055619,149.976,0.0548
m,6.134058472,146.843,0.056
m,6.134136729,142.681,0.0563
m,6.133093497,139.397,0.0564
m,6.132904943,146.975,0.0567
m,6.132448147,142.624,0.057
m,6.130977755,141.844,0.0591
m,6.130985296,148.618,0.0593
m,6.130790261,145.102,0.0596
m,6.130731987,144.808,0.0598
m,6.130432085,139.588,0.0606
m,6.130768071,138.284,0.0609
m,6.131416055,143.182,0.0611
m,6.131921532,146.625,0.0614
m,6.132324438,145.395,0.0616
m,6.135183377,141.739,0.0626
m,6.136069398,138.623,0.0628
m,6.136230622,139.844,0.063
m,6.137675839,143.297,0.0633
m,6.140539766,135.513,0.0637
m,6.159442508,145.145,0.0652
m,6.161906791,146.167,0.0645
m,6.165162344,150.291,0.0641
m,6.165162947,139.645,0.0642
m,6.184402061,149.661,0.0644
m,6.186938004,149.951,0.0645
m,6.189765776,140.462,0.0645
m,6.192540617,138.803,0.0645
m,6.195185749,143.23,0.0646
m,6.212482083,147.778,0.0648
m,6.214366083,145.418,0.0646
m,6.216805212,150.535,0.0642
m,6.221985426,149.855,0.0642
m,6.224405638,147.722,0.0642
m,6.135536431,145.349,0.055
m,6.135229891,150.893,0.0552
m,6.134384582,143.598,0.0555
m,6.134220679,143.642,0.0558
m,6.131720834,144.756,0.0576
m,6.13084616,139.727,0.0579
m,6.130847677,146.34,0.0582
m,6.130970829,147.67,0.0585
m,6.130869905,145.805,0.0588
m,6.130446106,154.83,0.0599
m,6.12993287,144.462,0.0602
m,6.129783485,148.192,0.0604
m,6.12987307,148.289,0.0604
m,6.130204318,140.913,0.0607
m,6.132325568,145.504,0.0618
m,6.134606356,144.172,0.062
m,6.134702552,137.882,0.0622
m,6.134771788,136.026,0.0625
m,6.145906523,143.349,0.0643
m,6.148675252,135.446,0.0646
m,6.151369247,141.328,0.0648
m,6.154275875,133.363,0.065
m,6.157002688,141.749,0.0652
m,6.170082921,139.449,0.0643
m,6.172348127,147.352,0.0644
m,6.17482487,142.154,0.0644
m,6.177197628,149.468,0.0644
m,6.181999413,149.564,0.0644
m,6.197937874,150.373,0.0647
m,6.203893622,141.622,0.0647
m,6.203893622,156.303,0.0647
m,6.209748583,141.008,0.0647
m,6.226318363,142.253,0.064
m,6.228338651,139.459,0.0639
m,6.230335412,150.087,0.0638
m,6.232571166,144.464,0.0639
m,6.234781938,148.075,0.0637
m,6.236994861,146.207,0.0637
m,6.239446308,140.711,0.0638
m,6.244137538,138.258,0.0638
m,6.246698438,136.214,0.0639
m,6.251049361,144.16,0.0637
m,6.251049361,147.368,0.0637
m,6.248071639,142.71,0.0638
m,6.24489738,143.884,0.0636
m,6.241595262,143.362,0.0635
m,6.221784908,147.476,0.0628
m,6.218556126,149.517,0.0625
m,6.214985895,142.681,0.0624
m,6.208302802,151.896,0.0622
m,6.201754484,139.262,0.0618
m,6.177898117,139.543,0.0602
m,6.174437573,140.91,0.06
m,6.170851141,141.783,0.0598
m,6.167286408,135.514,0.0596
m,6.145262602,144.176,0.0582
m,6.142095573,143.347,0.058
m,6.139149189,145.122,0.058
m,6.135858256,141.929,0.0578
m,6.132805827,145.306,0.0577
m,6.114652931,144.312,0.0569
m,6.111629079,141.289,0.0567
m,6.108371557,136.932,0.0567
m,6.10220633,142.069,0.0566
m,6.099407937,146.454,0.0564
m,6.078581882,145.51,0.056
m,6.078581882,143.673,0.056
m,6.07229337,151.6,0.0561
m,6.069151258,139.579,0.056
m,6.047365076,145.985,0.0555
m,6.044487119,141.629,0.0552
m,6.041390677,139.57,0.0552
m,6.038405092,143.045,0.0549
m,6.035421973,144.366,0.0548
m,6.248679177,140.3,0.0639
m,6.250293853,149.855,0.0639
m,6.251412601,143.701,0.0639
m,6.252355326,141.25,0.0637
m,6.252056056,141.1,0.0637
m,6.238357361,144.665,0.0634
m,6.231585882,151.576,0.0631
m,6.228352983,149.242,0.063
m,6.22501432,142.812,0.0629
m,6.198428946,135.748,0.0616
m,6.195084024,132.375,0.0613
m,6.191739417,133.264,0.0607
m,6.188398966,139.496,0.0605
m,6.181488487,131.301,0.0603
m,6.164069213,136.398,0.0595
m,6.160959624,143.553,0.0588
m,6.154701729,142.628,0.0587
m,6.154700703,140.952,0.0585
m,6.148449851,144.473,0.0584
m,6.126815336,157.121,0.0575
m,6.123767598,144.625,0.0573
m,6.120832413,144.106,0.0574
m,6.117805527,144.18,0.0572
m,6.09637615,137.263,0.0564
m,6.093345618,146.146,0.0563
m,6.090333575,134.013,0.0563
m,6.087416331,132.416,0.0562
m,6.081493736,138.914,0.0561
m,6.065900262,149.79,0.0558
m,6.062762394,141.259,0.0558
m,6.059625969,140.383,0.0557
m,6.053374526,143.627,0.0557
m,6.050479045,147.121,0.0555
m,6.032550851,146.527,0.0546
m,6.026787754,149.592,0.0545
m,6.02379776,141.424,0.0544
m,6.02093402,142.782,0.0543
m,6.018084686,141.996,0.0541
m,6.015711041,145.434,0.0546
m,6.014083466,151.282,0.0549
m,6.012965563,150.26,0.055
m,6.012480615,149.63,0.0548
s,6.01307778,153.296,0.0552
s,6.013189537,154.586,0.0553
s,6.013301297,151.503,0.0554
s,6.013413061,150.318,0.0555
s,6.013863534,149.521,0.0566
s,6.013975326,148.349,0.0567
s,6.013963886,146.985,0.057
s,6.01407569,147.503,0.0571
s,6.014187498,148.048,0.0572
s,6.014411627,147.361,0.0575
s,6.014412132,147.778,0.0576
s,6.014523952,148.045,0.0577
s,6.014523952,147.817,0.0577
s,6.014523952,147.288,0.0577
s,6.014314743,147.921,0.0578
s,6.014327661,150.804,0.0578
s,6.014327661,151.36,0.0578
s,6.014216359,150.981,0.0578
s,6.013658351,150.889,0.0575
s,6.013546555,151.26,0.0574
s,6.013434763,151.386,0.0573
s,6.013434262,153.827,0.0572
s,6.013322475,151.73,0.0571
s,6.012973674,150.509,0.0567
s,6.012973183,151.378,0.0566
s,6.013096944,151.763,0.0565
s,6.012860921,150.077,0.0564
s,6.012984688,149.804,0.0563
s,6.012648444,149.362,0.0558
s,6.012550158,149.278,0.0558
s,6.012549683,149.695,0.0557
s,6.01256221,152.465,0.0556
s,6.012480156,150.958,0.0547
s,6.012840394,149.87,0.0548
s,6.012840394,151.698,0.0548
s,6.012965563,149.882,0.055
s,6.013077315,153.923,0.0551
s,6.013524828,149.271,0.0556
s,6.013526733,150.313,0.056
s,6.013874041,150.643,0.0561
s,6.013875007,151.432,0.0563
s,6.013875492,151.537,0.0564
s,6.014187998,148.984,0.0573
s,6.01429981,147.955,0.0574
s,6.01429981,147.295,0.0574
s,6.014300313,147.604,0.0575
s,6.014524461,147.913,0.0578
s,6.014524461,147.891,0.0578
s,6.014524461,148.479,0.0578
s,6.014537361,149.667,0.0578
s,6.014537361,149.827,0.0578
s,6.014216359,150.457,0.0578
s,6.013980321,149.839,0.0577
s,6.013992744,150.817,0.0576
s,6.013881446,151.189,0.0576
s,6.013769645,151.956,0.0575
s,6.013211187,153.588,0.0571
s,6.01321069,153.154,0.057
s,6.013085947,153.276,0.0569
s,6.013085454,150.758,0.0568
s,6.012984204,149.324,0.0562
s,6.012872922,147.206,0.0562
s,6.012761159,148.133,0.0561
s,6.0127602,149.08,0.0559
s,6.012648921,150.042,0.0559
s,6.01256221,151.926,0.0556
s,6.012561267,150.154,0.0554
s,6.01257381,150.435,0.0553
s,6.012573343,149.221,0.0552
s,6.012684607,149.513,0.0552
s,6.012684142,149.048,0.0551
s,6.012684142,147.658,0.0551
s,6.012807495,146.965,0.0549
s,6.013030026,147.604,0.0549
s,6.013030026,149.328,0.0549
s,6.013722729,148.306,0.0547
s,6.013722271,149.693,0.0546
s,6.013957359,150.446,0.0545
s,6.013956905,148.681,0.0544
s,6.013956905,149.861,0.0544
s,6.013930462,149.237,0.0543
s,6.013917481,149.468,0.0543
s,6.013917481,149.089,0.0543
s,6.013681942,149.278,0.0543
s,6.013422294,150.087,0.0547
s,6.013298051,151.358,0.0547
s,6.013187218,150.059,0.0548
s,6.013187679,151.094,0.0549
s,6.013076851,152.028,0.055
s,6.012521356,150.594,0.0552
s,6.012521823,150.795,0.0553
s,6.012410545,150.169,0.0553
s,6.012064196,148.017,0.0554
s,6.012064196,147.145,0.0554
s,6.012314142,147.098,0.0557
s,6.012313668,145.132,0.0556
s,6.012549209,145.137,0.0556
s,6.012660483,144.841,0.0556
s,6.012770346,149.01,0.0553
s,6.012894145,148.796,0.0552
s,6.012893679,148.469,0.0551
s,6.012893215,148.28,0.055
s,6.012892293,146.658,0.0548
s,6.013125106,144.457,0.0542
s,6.013248927,144.697,0.0541
s,6.01324848,144.715,0.054
s,6.013372307,144.246,0.0539
s,6.01348269,144.237,0.0537
s,6.013265108,150.147,0.0548
s,6.013376376,148.725,0.0548
s,6.013375917,149.011,0.0547
s,6.013611459,148.926,0.0547
s,6.014067722,150.321,0.0543
s,6.013943452,148.852,0.0543
s,6.014054275,147.751,0.0542
s,6.014054275,147.534,0.0542
s,6.013930011,147.123,0.0542
s,6.013793676,148.159,0.0544
s,6.013669424,150.031,0.0544
s,6.013558593,150.072,0.0545
s,6.013434796,149.642,0.0546
s,6.013421837,148.796,0.0546
s,6.012965563,152.043,0.055
s,6.012854277,152.933,0.055
s,6.012743456,152.159,0.0551
s,6.012632173,147.824,0.0551
s,6.012064667,145.905,0.0555
s,6.01195339,147.79,0.0555
s,6.011953863,148.116,0.0556
s,6.012078127,149.32,0.0556
s,6.012202396,147.22,0.0556
s,6.012660483,146.186,0.0556
s,6.012771285,145.812,0.0555
s,6.012771285,146.187,0.0555
s,6.012770815,148.243,0.0554
s,6.012770815,148.276,0.0554
s,6.012767568,146.283,0.0547
s,6.012891377,145.218,0.0546
s,6.012890468,145.489,0.0544
s,6.013125556,144.719,0.0543
s,6.01348225,145.171,0.0536
s,6.013481811,144.64,0.0535
s,6.013716916,143.563,0.0534
s,6.013827751,144.205,0.0533
s,6.013827317,144.589,0.0532
s,6.013839889,143.696,0.0531
s,6.013963737,144.385,0.053
s,6.013962881,144.021,0.0528
s,6.014086736,145.559,0.0527
s,6.0139864,146.334,0.0522
s,6.014221118,145.15,0.052
s,6.014220706,145.651,0.0519
s,6.014233335,146.606,0.0518
s,6.014232927,147.184,0.0517
s,6.014356009,147.314,0.0514
s,6.014466857,148.415,0.0513
s,6.014466457,149.054,0.0512
s,6.014466058,150.063,0.0511
s,6.01447871,148.098,0.051
m,6.014383752,142.227,0.0518
m,6.014384162,151.559,0.0519
m,6.014780353,154.124,0.0527
m,6.014783803,142.59,0.0535
m,5.993929655,144.435,0.0604
m,5.991087418,146.386,0.0615
m,5.984803482,147.326,0.0639
m,5.981721304,153.063,0.0652
m,5.978629757,148.165,0.0665
m,5.960961138,145.513,0.0754
m,5.958015799,145.602,0.0773
m,5.955061871,145.755,0.0791
m,5.952110035,150.612,0.0808
m,5.949059948,152.307,0.0837
m,5.929828202,154.974,0.0917
m,5.927717291,149.409,0.0925
m,5.925720575,153.535,0.094
m,5.923843337,152.649,0.0958
m,5.905997169,152.438,0.1004
m,5.900821994,148.999,0.1029
m,5.895331696,140.959,0.1037
m,5.892201002,145.935,0.105
m,5.889189823,144.075,0.106
s,6.014086736,145.751,0.0527
s,6.014099337,147.216,0.0526
s,6.014098915,146.772,0.0525
s,6.014098494,145.781,0.0524
s,6.013986817,144.487,0.0523
s,6.014232519,149.356,0.0516
s,6.014356818,146.837,0.0516
s,6.014245162,150.234,0.0515
s,6.014245162,150.81,0.0515
s,6.01447871,147.882,0.051
s,6.014491375,146.693,0.0509
s,6.014380132,148.475,0.0509
m,6.014379738,148.069,0.0508
m,6.014490589,146.433,0.0507
m,6.012936459,156.434,0.0543
m,6.009604894,148.81,0.0553
m,6.006457473,138.05,0.0562
m,6.003496133,143.319,0.0572
m,6.000319411,158.621,0.0593
m,5.975663505,152.172,0.0677
m,5.972700315,147.348,0.069
m,5.966779046,145.36,0
m,5.963922473,143.4,0.0738
m,5.946237788,145.178,0.0855
m,5.943419469,152.498,0.0874
m,5.937659706,148.477,0.0894
m,5.934855485,147.828,0.0892
m,5.932284832,160.124,0.0905
m,5.918655363,146.901,0.0965
m,5.918664777,147.2,0.0973
m,5.913837764,141.713,0.0981
m,5.911372882,142.27,0.0989
m,5.908569516,142.777,0.0996
m,5.889200571,155.158,0.1068
m,5.883265551,148.732,0.1077
m,5.880361212,151.941,0.1085
m,5.877580438,142.365,0.1093
m,5.874693959,148.282,0.1109
m,5.8719254,156.039,0.1125
m,5.864304998,140.924,0.1133
m,5.861419554,141.738,0.1141
m,5.858771636,154.083,0.1149
m,5.843791477,138.149,0.1211
m,5.83706252,140.347,0.122
m,5.834471554,146.473,0.1227
m,5.832350066,144.207,0.1232
m,5.830938843,145.111,0.1237
m,5.832842202,145.411,0.1233
m,5.833534405,145.224,0.1234
m,5.834221336,145.479,0.1234
m,5.834910384,144.731,0.1233
m,5.839259906,140.288,0.1236
m,5.832128859,140.217,0.1246
m,5.832475911,140.602,0.1247
m,5.830290769,140.859,0.1246
m,5.828804324,140.628,0.1245
m,5.827665313,140.177,0.1238
m,5.82778423,140.176,0.1238
m,5.827901496,140.463,0.1237
m,5.827783173,139.998,0.1235
m,5.827781523,140.275,0.1234
m,5.827316878,140.086,0.1224
m,5.827315247,140.214,0.1223
m,5.827311991,139.927,0.1221
m,5.827195367,139.918,0.122
m,5.827294381,141.836,0.1215
m,5.827639412,140.556,0.1215
m,5.827637797,140.78,0.1214
m,5.827518865,140.36,0.1214
m,5.827859084,139.133,0.1211
m,5.827267999,139.952,0.1201
m,5.827264818,141.571,0.1199
m,5.827146633,141.518,0.1197
m,5.827147398,141.811,0.1195
m,5.827145817,140.53,0.1194
m,5.856012408,142.443,0.1157
m,5.853485649,139.289,0.1165
m,5.849153172,151.592,0.119
m,5.846526602,139.256,0.1198
m,5.83013303,145.48,0.1246
m,5.830228068,143.964,0.1241
m,5.830905634,144.972,0.1238
m,5.831473789,145.205,0.1236
m,5.831470491,145.44,0.1234
m,5.836284751,137.286,0.1233
m,5.836973752,141.426,0.1234
m,5.837654201,142.729,0.1234
m,5.838106179,140.28,0.1235
m,5.83833314,140.347,0.1235
m,5.828461285,139.889,0.1244
m,5.828237179,139.863,0.1243
m,5.828007626,140.113,0.1241
m,5.828005967,139.99,0.124
m,5.827668775,141.227,0.1233
m,5.827669411,140.06,0.1231
m,5.827552761,139.733,0.123
m,5.827434475,140.504,0.1228
m,5.82743678,140.299,0.1227
m,5.827077124,140.593,0.1218
m,5.827192122,140.859,0.1218
m,5.827190501,141.308,0.1217
m,5.82718655,141.64,0.1217
m,5.827184932,140.881,0.1216
m,5.827625833,139.556,0.1209
m,5.827622625,139.635,0.1207
m,5.827389393,139.769,0.1205
m,5.827386199,140.096,0.1203
m,5.827139511,140.45,0.119
m,5.827137939,140.717,0.1189
m,5.827137174,140.358,0.1186
m,5.827132483,140.369,0.1183
m,5.827131759,142.026,0.118
m,5.82712865,140.327,0.1178
m,5.827009001,142.948,0.1175
m,5.827004367,140.562,0.1172
m,5.826999109,140.125,0.1166
m,5.826972288,139.586,0.1143
m,5.826967818,141.196,0.114
m,5.827083825,139.487,0.1138
m,5.826958495,139.492,0.1131
m,5.827188053,138.057,0.1128
m,5.827288117,138.758,0.1115
m,5.827403099,138.475,0.1115
m,5.827400214,139.104,0.1113
m,5.827394776,139.202,0.1112
m,5.827393337,139.007,0.1111
m,5.826446923,142.516,0.1098
m,5.825136862,142.21,0.1097
m,5.823749373,147.202,0.1097
m,5.82374796,142.053,0.1096
m,5.839965903,143.868,0.1072
m,5.84607572,149.257,0.1064
m,5.849188567,151.172,0.1056
m,5.849181896,137.367,0.1051
m,5.855075088,145.827,0.1047
m,5.869867115,141.17,0.1024
m,5.875773187,160.526,0.102
m,5.8787803,149.492,0.1013
m,5.878772777,143.412,0.1007
m,5.884916488,146.502,0.1
m,5.907314664,145.481,0.0968
m,5.911382689,141.579,0.0962
m,5.911375721,145.289,0.0956
m,5.918710681,155.346,0.0953
m,5.941191846,145.198,0.0926
m,5.943988384,148.668,0.092
m,5.943984038,152.155,0.0916
m,5.949588521,153.368,0.0912
m,5.952507072,145.285,0.0909
m,5.826992402,139.94,0.1159
m,5.826989366,139.811,0.1157
m,5.826983313,139.494,0.1153
m,5.826977289,139.331,0.1149
m,5.827093259,139.313,0.1147
m,5.827302646,138.067,0.1125
m,5.827296814,138.435,0.1121
m,5.827295022,138.7,0.1117
m,5.827408553,138.594,0.1116
m,5.827623314,135.973,0.1111
m,5.827502905,145.526,0.111
m,5.827269758,147.946,0.1105
m,5.827496881,144.446,0.1103
m,5.8274912,144.494,0.1099
m,5.825383392,143.211,0.1093
m,5.827661486,144.284,0.109
m,5.830644871,143.191,0.1086
m,5.833631635,146.431,0.1081
m,5.836738371,146.952,0.1074
m,5.857960094,146.475,0.1041
m,5.860851356,149.185,0.1039
m,5.863855511,138.331,0.1034
m,5.866743623,142.522,0.1028
m,5.888049197,144.258,0.0998
m,5.891294123,140.737,0.0991
m,5.894425403,148.856,0.0986
m,5.897671337,140.857,0.0978
m,5.904178846,143.034,0.0973
m,5.922085625,155.577,0.0949
m,5.925343934,142.492,0.0944
m,5.928721022,147.01,0.094
m,5.935013034,140.428,0.0933
m,5.938042361,144.888,0.0928
m,5.95554136,148.638,0.0905
m,5.958569038,143.243,0.0895
m,5.964875684,138.809,0.0892
m,5.967676189,144.232,0.0886
m,5.970596414,138.219,0.0882
m,5.973401472,146.526,0.0878
m,5.975976376,158.017,0.0876
m,5.978900035,148.987,0.0872
m,5.982054549,150.813,0.0862
m,6.003977546,155.342,0.0838
m,6.008314315,147.529,0.0836
m,6.011943618,154.134,0.0828
m,6.018289877,137.406,0.0826
m,6.036882923,150.134,0.0805
m,6.043363068,142.949,0.0803
m,6.046663639,151.806,0.08
m,6.050082506,146.806,0.0796
m,6.053499678,145.969,0.0793
m,6.066513712,140.289,0.0769
m,6.070174699,142.504,0.0762
m,6.070984492,141.911,0.075
m,6.071212801,141.921,0.0745
m,6.071209692,141.916,0.0741
m,6.07154434,143.047,0.072
m,6.07166117,143.372,0.0718
m,6.071777276,142.648,0.0715
m,6.071775817,142.422,0.0713
m,6.07223096,142.573,0.07
m,6.072348562,142.398,0.0699
m,6.072347156,142.336,0.0697
m,6.072346455,142.47,0.0696
m,6.072464064,142.734,0.0695
m,6.072342286,142.07,0.069
m,6.072459905,142.172,0.0689
m,6.072458532,142.083,0.0687
m,6.072457847,142.347,0.0686
m,6.072343244,142.665,0.0685
m,6.072338513,143.06,0.0678
m,6.072337844,141.838,0.0677
m,6.072337844,141.964,0.0677
m,6.072337176,142.432,0.0676
m,5.98838178,146.466,0.0857
m,5.988377885,154.23,0.0853
m,5.994829742,143.973,0.0851
m,5.997878311,144.388,0.0847
m,6.001043151,145.905,0.0843
m,6.021112809,143.118,0.0822
m,6.021108258,141.664,0.0817
m,6.026991391,144.048,0.0814
m,6.0301734,148.673,0.0813
m,6.033469156,136.86,0.0806
m,6.056686369,146.708,0.0791
m,6.059637808,143.147,0.0789
m,6.062237795,146.913,0.078
m,6.066518666,138.511,0.0775
m,6.071439611,142.622,0.0738
m,6.071436548,142.158,0.0734
m,6.071434268,141.955,0.0731
m,6.071432003,142.4,0.0728
m,6.071548058,142.122,0.0725
m,6.07188829,142.687,0.0711
m,6.071886844,142.799,0.0709
m,6.071885405,142.765,0.0707
m,6.072002281,142.17,0.0705
m,6.072114071,142.658,0.0702
m,6.072463367,142.301,0.0694
m,6.072462671,142.567,0.0693
m,6.072461977,142.224,0.0692
m,6.072342977,141.657,0.0691
m,6.072341884,142.601,0.0683
m,6.072341207,143.185,0.0682
m,6.072340531,142.826,0.0681
m,6.072339857,142.629,0.068
m,6.072339184,142.465,0.0679
m,6.072337176,141.717,0.0676
m,6.072337176,141.828,0.0676
m,6.072337176,142.02,0.0676
m,6.072337176,141.67,0.0676
m,6.072337176,142.227,0.0676
m,6.072337176,143.047,0.0676
m,6.072337176,142.793,0.0676
m,6.072451764,142.227,0.0677
m,6.072333456,142.535,0.0677
m,6.072334125,142.278,0.0678
m,6.072563328,141.984,0.068
m,6.072450071,142.318,0.0681
m,6.072450071,143.16,0.0681
m,6.072450071,142.422,0.0681
m,6.072450071,142.026,0.0681
m,6.072331091,141.907,0.068
m,6.072330418,142.225,0.0679
m,6.072329747,142.336,0.0678
m,6.072210774,141.919,0.0677
m,6.071972173,142.829,0.0674
m,6.071853211,141.905,0.0673
m,6.071966491,142.271,0.0672
m,6.071847536,142.584,0.0671
m,6.071846222,142.367,0.0669
m,6.071598824,142.288,0.0659
m,6.071593222,142.561,0.0657
m,6.071587634,142.707,0.0655
m,6.071468092,142.838,0.0653
m,6.071462533,141.774,0.0651
m,6.070858287,142.481,0.0637
m,6.070739419,142.464,0.0636
m,6.070619956,142.513,0.0634
m,6.070618763,142.67,0.0632
m,6.070144694,142.202,0.0623
m,6.070144115,142.464,0.0622
m,6.070024127,142.429,0.0619
m,6.070023554,142.216,0.0618
m,6.07001816,142.372,0.0616
m,6.06977883,141.984,0.0611
m,6.069777713,142.13,0.0609
m,6.069777157,141.887,0.0608
m,6.06977605,141.737,0.0606
m,6.069889514,141.762,0.0605
m,6.072334796,142.712,0.0679
m,6.072448724,142.379,0.0679
m,6.072449396,142.847,0.068
m,6.072449396,142.601,0.068
m,6.072449396,141.824,0.068
m,6.072449396,141.972,0.068
m,6.072331091,142.191,0.068
m,6.072331091,141.886,0.068
m,6.072331091,141.774,0.068
m,6.072210107,142.186,0.0676
m,6.072210107,141.675,0.0676
m,6.072091804,142.277,0.0676
m,6.072091138,142.297,0.0675
m,6.072091138,142.345,0.0675
m,6.071727273,142.113,0.0668
m,6.071725969,142.178,0.0666
m,6.071607026,142.059,0.0665
m,6.071718395,142.758,0.0661
m,6.071343007,142.418,0.0649
m,6.071223491,142.24,0.0647
m,6.071102754,142.374,0.0643
m,6.07086499,142.193,0.0641
m,6.070863775,142.247,0.0639
m,6.070498725,143.107,0.0629
m,6.070498136,142.953,0.0628
m,6.070265288,143.163,0.0627
m,6.070264118,142.601,0.0625
m,6.070263536,142.43,0.0624
m,6.069899904,142.104,0.0616
m,6.069899337,141.723,0.0615
m,6.069898207,142.002,0.0613
m,6.069779391,142.223,0.0612
m,6.069888965,142.774,0.0604
m,6.069888965,142.2,0.0604
m,6.069770166,142.39,0.0603
m,6.06976962,142.441,0.0602
m,6.069887871,142.495,0.0602
m,6.069887327,141.996,0.0601
m,6.069886784,142.167,0.06
m,6.069885703,142.129,0.0598
m,6.069885703,141.749,0.0598
m,6.069881974,142.774,0.0591
m,6.069881447,142.102,0.059
m,6.069766908,142.073,0.0589
m,6.069766385,142.247,0.0588
m,6.069765864,142.442,0.0587
m,6.069763795,142.425,0.0583
m,6.069763795,142.516,0.0583
m,6.069882049,142.083,0.0583
m,6.069763795,142.107,0.0583
m,6.069763282,141.741,0.0582
m,6.06952474,142.678,0.0578
m,6.069287735,142.222,0.0577
m,6.069287232,142.257,0.0576
m,6.069287232,142.538,0.0576
m,6.068929508,143.074,0.057
m,6.068924806,142.611,0.0569
m,6.068806076,143.439,0.0568
m,6.068805101,142.608,0.0566
m,6.068805101,142.413,0.0566
m,6.068914462,142.606,0.0565
m,6.068796229,142.538,0.0565
m,6.068910278,142.49,0.0565
m,6.068910278,142.86,0.0565
m,6.068910278,142.299,0.0565
m,6.069259825,142.836,0.0563
m,6.069259825,145.408,0.0563
m,6.069492106,153.236,0.0563
m,6.069491626,140.77,0.0562
s,6.070194932,149.618,0.0558
s,6.07019446,151.735,0.0557
s,6.070544974,149.383,0.0557
s,6.070544974,150.389,0.0557
s,6.070544974,149.227,0.0557
m,6.069885166,141.909,0.0597
m,6.06988463,141.641,0.0596
m,6.069883562,142.445,0.0594
m,6.069883562,142.374,0.0594
m,6.069882502,142.349,0.0592
m,6.069765864,142.531,0.0587
m,6.069883598,142.322,0.0586
m,6.06988308,142.331,0.0585
m,6.06976431,142.196,0.0584
m,6.069762771,142.59,0.0581
m,6.069762771,142.57,0.0581
m,6.069644007,142.345,0.058
m,6.069643499,142.364,0.0579
m,6.069525246,142.946,0.0579
m,6.069168483,143.252,0.0575
m,6.069049239,142.729,0.0573
m,6.069048742,142.799,0.0572
m,6.068930002,142.998,0.0571
m,6.068929508,142.947,0.057
m,6.068686376,142.56,0.0565
m,6.068686376,143.178,0.0565
m,6.068800417,142.304,0.0565
m,6.068800417,143.005,0.0565
m,6.068905622,143.511,0.0564
m,6.069023848,143.998,0.0564
m,6.069023366,143.282,0.0563
m,6.069141595,143.234,0.0563
m,6.069141595,142.711,0.0563
m,6.069609857,139.916,0.0562
m,6.069845844,139.482,0.0561
m,6.069963601,138.853,0.056
m,6.069963601,138.918,0.056
m,6.069963126,139.952,0.0559
s,6.07066321,148.963,0.0557
s,6.07054917,149.613,0.0557
s,6.07054917,148.386,0.0557
s,6.070553375,150.441,0.0557
s,6.070553847,148.862,0.0558
s,6.070558062,149.122,0.0558
s,6.070562287,149.198,0.0558
s,6.070562761,148.611,0.0559
s,6.070562761,148.677,0.0559
s,6.07104097,151.012,0.0561
s,6.07115923,149.501,0.0561
s,6.071163492,149.701,0.0561
s,6.0714005,150.083,0.0562
s,6.071878832,149.354,0.0564
s,6.071764855,149.833,0.0564
s,6.071883134,149.666,0.0564
s,6.071883134,149.025,0.0564
s,6.071883134,148.308,0.0564
s,6.07187787,149.941,0.0562
s,6.07187787,150.275,0.0562
s,6.071877392,149.839,0.0561
s,6.071877392,150.3,0.0561
s,6.071876915,149.643,0.056
s,6.072226026,150.867,0.0557
s,6.072107281,150.749,0.0556
s,6.072106345,150.769,0.0554
s,6.072219862,150.474,0.0553
s,6.072214652,149.189,0.0551
s,6.072214192,149.596,0.055
s,6.072213734,150.651,0.0549
s,6.071981018,149.562,0.0548
s,6.071980562,149.717,0.0547
s,6.071860938,149.245,0.0544
s,6.071973144,150.301,0.054
s,6.071973144,150.301,0.054
s,6.071972702,148.985,0.0539
s,6.071972261,149.094,0.0538
s,6.071613211,150.092,0.0538
s,6.071612772,149.469,0.0537
s,6.071731032,149.841,0.0537
s,6.071967555,151.009,0.0537
s,6.07068101,149.855,0.0559
s,6.070681485,149.371,0.056
s,6.070681485,149.227,0.056
s,6.070803978,150.127,0.056
s,6.070922236,149.921,0.056
s,6.071519247,150.968,0.0563
s,6.071523528,150.231,0.0563
s,6.07152401,149.602,0.0564
s,6.071760557,148.733,0.0564
s,6.071760557,149.117,0.0564
s,6.071882652,148.164,0.0563
s,6.071764373,148.423,0.0563
s,6.071764373,149.522,0.0563
s,6.071764373,150.377,0.0563
s,6.071990896,149.652,0.056
s,6.071990421,149.222,0.0559
s,6.071990421,148.307,0.0559
s,6.072108222,150.419,0.0558
s,6.072107751,149.673,0.0557
s,6.072219862,150.1,0.0553
s,6.072333846,150.358,0.0553
s,6.072215114,149.213,0.0552
s,6.072096845,148.97,0.0552
s,6.072214652,150.786,0.0551
s,6.071980109,150.389,0.0546
s,6.071979657,149.892,0.0545
s,6.071861388,148.873,0.0545
s,6.071860938,150.736,0.0544
s,6.071853996,150.234,0.0538
s,6.072086257,151.221,0.0538
s,6.071967994,150.421,0.0538
s,6.071967994,150.347,0.0538
s,6.071731471,151.226,0.0538
s,6.07196982,150.214,0
s,6.071967118,149.354,0.0536
s,6.072080684,149.006,0.0535
s,6.072081119,149.443,0.0536
s,6.072195125,148.534,0.0536
s,6.072313821,148.084,0.0537
s,6.072313821,147.544,0.0537
s,6.072432521,149.282,0.0538
s,6.072432521,149.98,0.0538
s,6.072432961,149.701,0.0539
s,6.072320291,149.497,0.0542
s,6.072325008,148.897,0.0543
s,6.072443725,149.429,0.0544
s,6.072211916,149.493,0.0545
s,6.072211916,149.527,0.0545
s,6.072104036,148.601,0.0549
s,6.072108793,149.98,0.055
s,6.072108793,148.875,0.055
s,6.072109254,147.891,0.0551
s,6.07200346,148.768,0.055
s,6.07200392,148.515,0.0551
s,6.07200392,148.605,0.0551
s,6.072126546,148.519,0.0551
s,6.072126546,149.509,0.0551
s,6.072131353,148.436,0.0552
s,6.072250115,149.203,0.0553
s,6.072250115,148.847,0.0553
s,6.072254476,150.601,0.0553
s,6.072136173,150.158,0.0553
s,6.0720227,148.781,0.0554
s,6.0720227,147.805,0.0554
s,6.0720227,148.656,0.0554
s,6.0720227,147.834,0.0554
s,6.072136638,148.966,0.0554
s,6.072136638,148.022,0.0554
s,6.072017873,148.062,0.0553
s,6.072017873,148.204,0.0553
s,6.072131817,149.371,0.0553
s,6.071890887,149.596,0.0553
s,6.071890887,148.933,0.0553
s,6.071890887,148.818,0.0553
s,6.071773063,149.438,0.0554
s,6.071773529,149.635,0.0555
s,6.072432961,148.447,0.0539
s,6.072433403,149.996,0.054
s,6.072201583,148.305,0.0541
s,6.072201583,149.987,0.0541
s,6.072212368,149.119,0.0546
s,6.07233109,150.092,0.0547
s,6.072098833,150.492,0.0547
s,6.072217561,149.864,0.0548
s,6.072104036,149.408,0.0549
s,6.072227533,148.873,0.0551
s,6.071995281,149.724,0.0551
s,6.072113563,148.938,0.0551
s,6.071999596,148.628,0.0551
s,6.072117882,148.588,0.0551
s,6.072130892,148.199,0.0551
s,6.072131353,148.239,0.0552
s,6.072126862,148.994,0
s,6.072249651,147.982,0.0552
s,6.072136173,150.406,0.0553
s,6.072136173,150.272,0.0553
s,6.072254476,150.713,0.0553
s,6.072254941,148.836,0.0554
s,6.0720227,148.412,0.0554
s,6.072141003,148.819,0.0554
s,6.072023166,148.823,0.0555
s,6.072023166,148.239,0.0555
s,6.072137105,148.519,0.0555
s,6.072136638,147.659,0.0554
s,6.072131817,148.296,0.0553
s,6.072013521,149.241,0.0553
s,6.071895226,148.539,0.0553
s,6.071890887,148.923,0.0553
s,6.071655241,149.548,0.0555
s,6.071773529,148.097,0.0555
s,6.071773998,148.897,0.0556
s,6.071656179,149.427,0.0557
s,6.071656651,148.546,0.0558
s,6.071889373,149.74,0.0559
s,6.071889848,149.27,0.056
s,6.072004288,149.058,0.0561
s,6.072004767,151.096,0.0562
s,6.07235723,149.029,0.0566
m,6.072472171,149.68,0.0568
m,6.072472171,148.453,0.0568
m,6.072704913,145.057,0.0569
m,6.072704913,143.29,0.0569
m,6.078031499,142.333,0.0574
m,6.082999606,142.235,0.0576
m,6.085724187,143.686,0.0578
m,6.088567976,136.689,0.058
m,6.088569506,140.92,0.0583
m,6.114790911,137.998,0.0585
m,6.11811664,137.175,0.0584
m,6.121086897,134.858,0.0583
m,6.121085879,141.303,0.0581
m,6.147609412,140.958,0.0567
m,6.151296023,141.458,0.0565
m,6.154863558,138.907,0.0561
m,6.158201404,141.186,0.0559
m,6.161533359,138.623,0.0557
m,6.181574725,142.054,0.0548
m,6.184921618,142.272,0.0548
m,6.188269102,145.285,0.0547
m,6.191616299,142.115,0.0543
m,6.198316051,138.397,0.054
m,6.216522072,134.522,0.0532
m,6.219519532,139.73,0.0531
m,6.225508951,136.198,0.0531
m,6.228148701,141.316,0.053
m,6.255823533,137.964,0.0534
m,6.259433236,141.229,0.0535
m,6.263154262,143.755,0.0535
m,6.266985583,142.674,0.0532
m,6.270718152,134.112,0.0531
s,6.072004767,149.154,0.0562
s,6.072237498,148.628,0.0563
s,6.072237979,148.493,0.0564
s,6.072356746,148.105,0.0565
s,6.072356746,148.955,0.0565
m,6.073055938,150.678,0.057
m,6.07352908,153.389,0.057
m,6.07424319,144.59,0.057
m,6.075900024,147.369,0.0571
m,6.094850657,141.02,0.0584
m,6.098289399,139.277,0.0585
m,6.101728277,142.045,0.0584
m,6.105049662,141.8,0.0583
m,6.108372642,142.386,0.0583
m,6.127148398,147.841,0.058
m,6.130358166,144.665,0.0577
m,6.133688931,142.246,0.0576
m,6.137019283,139.609,0.0572
m,6.144156629,141.374,0.0571
m,6.164873692,153.496,0.0556
m,6.171311936,140.071,0.0555
m,6.171311475,139.674,0.0554
m,6.177999618,147.088,0.0553
m,6.201547534,138.709,0.0538
m,6.204660648,159.129,0.0537
m,6.207886603,147.575,0.0537
m,6.210881607,140.129,0.0536
m,6.213757567,151.777,0.0535
m,6.231030445,145.217,0.0532
m,6.234142819,142.303,0.0531
m,6.237377277,134.339,0.0533
m,6.240963334,137.86,0.0534
m,6.248386766,140.517,0.0534
m,6.27444188,140.497,0.053
m,6.278286732,137.462,0.0528
m,6.282021994,141.007,0.0525
m,6.289607176,140.387,0.0521
m,6.289606378,146.786,0.0519
m,6.297207677,151.699,0.0517
m,6.300828697,134.107,0.0515
m,6.304341353,142.456,0.0514
m,6.307965485,138.446,0.0514
m,6.333617893,141.728,0.0509
m,6.337250426,143.166,0.0507
m,6.340762914,138.972,0.0505
m,6.344179645,141.795,0.0504
m,6.368569994,147.426,0.0497
m,6.372323339,149.948,0.0496
m,6.376090624,144.555,0.0495
m,6.37984601,140.945,0.0494
m,6.383614476,134.54,0.049
m,6.405932426,143.714,0.0486
m,6.409709902,153.627,0.0484
m,6.41336627,142.115,0.0481
m,6.417254565,138.052,0.0481
m,6.424804084,145.405,0.048
m,6.446895096,143.548,0.0474
m,6.453972311,143.672,0.0474
m,6.453971991,146.125,0.0473
m,6.460823231,143.643,0.0473
m,6.483808313,143.292,0.0477
m,6.487118858,140.629,0.0476
m,6.490430566,143.866,0.0476
m,6.493866137,147.416,0.0477
m,6.497302612,145.847,0.0478
m,6.518554628,150.815,0.0483
m,6.522119834,141.365,0.0482
m,6.525685666,147.27,0.048
m,6.532698111,139.779,0.0479
m,6.536161188,138.115,0.0478
m,6.558177892,137.658,0.0477
m,6.565806235,149.845,0.0477
m,6.569630554,145.899,0.0476
m,6.573684686,153.516,0.0475
m,6.31160146,139.744,0.0513
m,6.315226415,149.959,0.0509
m,6.318865342,138.971,0.0509
m,6.322614405,151.768,0.0507
m,6.326365425,147.135,0.0507
m,6.34748901,139.428,0.0504
m,6.35067786,142.101,0.0502
m,6.354220144,142.828,0.0501
m,6.357751043,139.499,0.0499
m,6.36116213,145.947,0.0498
m,6.391184447,136.621,0.049
m,6.394957653,151.354,0.0489
m,6.398732018,137.756,0.0488
m,6.402385717,133.046,0.0487
m,6.428466351,141.211,0.0482
m,6.432250463,137.748,0.048
m,6.4359139,146.173,0.0479
m,6.439700255,138.938,0.0477
m,6.443242998,145.094,0.0474
m,6.464127182,147.444,0.0471
m,6.467555372,137.771,0.0472
m,6.470754365,144.516,0.0471
m,6.477279033,138.732,0.0473
m,6.480604463,140.051,0.0475
m,6.5006335,148.956,0.0479
m,6.504194305,143.248,0.0479
m,6.511196254,146.396,0.048
m,6.514883464,142.326,0.0482
m,6.539608048,136.23,0.0477
m,6.543196329,142.253,0.0476
m,6.54676859,154.614,0.0476
m,6.550464704,146.875,0.0475
m,6.558177253,140.017,0.0475
m,6.577510796,144.309,0.0473
m,6.581461469,150.213,0.0471
m,6.589366839,143.85,0.0469
m,6.593321216,145.667,0.0468
m,6.597400053,148,0.0466
m,6.59739915,152.769,0.0463
m,6.605228291,153.798,0.0463
m,6.609186767,152.081,0.046
m,6.612918201,144.924,0.0458
m,6.61652642,143.743,0.0454
m,6.638170546,151.37,0.045
m,6.641478558,149.996,0.0447
m,6.644578409,153.248,0.0443
m,6.65009715,146.867,0.0441
m,6.650096886,145.339,0.044
m,6.67119271,150.662,0.0454
m,6.677990319,152.101,0.0457
m,6.681348835,154.09,0.0459
m,6.681349713,149.958,0.0462
m,6.708366888,149.879,0.0467
m,6.711981612,143.67,0.0469
m,6.715846252,153.215,0.047
m,6.715845947,148.439,0.0469
m,6.723996063,146.779,0.0471
m,6.748249063,143.626,0.0463
m,6.751850141,154.719,0.0463
m,6.755553805,146.405,0.0461
m,6.759031217,151.569,0.0461
m,6.762508982,150.252,0.046
m,6.785908326,145.164,0.0459
m,6.789563307,144.545,0.0458
m,6.793321223,147.604,0.0457
m,6.796829125,157.493,0.0455
m,6.82254342,145.878,0.0448
m,6.826284193,156.24,0.0445
m,6.833190073,143.965,0.0445
m,6.836682094,150.083,0.0443
m,6.840377511,156.958,0.0442
m,6.862157326,153.207,0.0427
m,6.86215615,147,0.0422
m,6.868415807,148.472,0.0418
m,6.871171873,151.048,0.0414
m,6.873653876,154.097,0.0409
m,6.623852381,152.806,0.0452
m,6.62734078,155.34,0.0451
m,6.631038962,146.914,0.045
m,6.634613692,143.737,0.0448
m,6.655122988,145.604,0.0442
m,6.657855539,147.633,0.0445
m,6.660857887,149.271,0.045
m,6.664211962,152.319,0.045
m,6.667691637,146.187,0.0452
m,6.688192927,147.189,0.0464
m,6.691553494,147.826,0.0465
m,6.695039025,147.959,0.0465
m,6.698400551,156.394,0.0464
m,6.701866714,153.807,0.0465
m,6.728340247,150.957,0.0469
m,6.732560394,153.542,0.0466
m,6.73667911,153.259,0.0464
m,6.744523777,142.912,0.0463
m,6.765862331,155.791,0.0459
m,6.772320587,152.847,0.0457
m,6.77232002,147.275,0.0455
m,6.778827593,154.557,0.0457
m,6.782254078,145.815,0.0459
m,6.800338098,153.104,0.0454
m,6.807233001,151.153,0.0452
m,6.807233557,150.672,0.0454
m,6.814836769,150.172,0.0453
m,6.818803114,152.608,0.045
m,6.844149913,150.606,0.044
m,6.847974623,145.963,0.0437
m,6.851750741,143.814,0.0435
m,6.855453022,140.898,0.0431
m,6.876113961,156.941,0.0406
m,6.880585838,144.42,0.0403
m,6.882926218,150.543,0.0402
m,6.885472017,145.254,0.04
m,6.887894745,154.549,0.0398
m,6.887895141,158.049,0.04
m,6.892669035,145.936,0.04
m,6.895121405,147.079,0.0399
m,6.897348783,144.043,0.04
m,6.913470794,154.676,0.0405
m,6.916147026,151.717,0.0406
m,6.921093473,150.432,0.0406
m,6.923445491,144.709,0.0408
m,6.923445914,142.859,0.041
m,6.939361925,148.224,0.0413
m,6.941541807,152.121,0.0415
m,6.943619302,152.461,0.0417
m,6.945802342,144.798,0.042
m,6.947966093,150.531,0.042
m,6.965027192,154.349,0.0424
m,6.967223859,156.275,0.0424
m,6.969526485,145.286,0.0423
m,6.971849905,154.481,0.0423
m,6.987869923,148.065,0.0424
m,6.990292542,147.568,0.0426
m,6.992716688,152.88,0.0427
m,6.994913768,155.436,0.0428
m,6.997341877,148.161,0.0431
m,7.011217593,150.313,0.043
m,7.013778847,144.123,0.0427
m,7.016342471,145.344,0.0427
m,7.021139452,140.271,0.0428
m,7.023600856,146.318,0.0425
m,7.036678994,147.036,0.0434
m,7.039075799,145.908,0.0433
m,7.044071174,147.175,0.0433
m,7.046669696,155.4,0.0432
s,7.058920886,151.538,0.043
s,7.058921368,150.46,0.0432
s,7.058691976,150.696,0.0433
s,7.058692221,150.106,0.0434
s,7.058692963,151.649,0.0437
m,6.899702907,144.196,0.04
m,6.9040646,148.301,0.0402
m,6.906196678,157.347,0.0402
m,6.908558279,152.599,0.0403
m,6.910899882,153.404,0.0405
m,6.927969649,153.664,0.041
m,6.930348341,147.757,0.0411
m,6.93250068,142.146,0.0411
m,6.934903929,148.484,0.0413
m,6.950359998,154.671,0.0421
m,6.952983935,145.651,0.0422
m,6.95550523,149.49,0.0422
m,6.957800379,148.185,0.0424
m,6.962623018,151.818,0.0424
m,6.974174726,153.881,0.0423
m,6.976624595,157.491,0.0423
m,6.978952404,149.45,0.0424
m,6.981280917,152.019,0.0422
m,6.985677531,149.191,0.0421
m,7.001761781,150.383,0.0432
m,7.004087479,149.678,0.0428
m,7.004087479,145.284,0.0428
m,7.008657284,142.482,0.043
m,7.025819593,160.051,0.0428
m,7.027933257,145.623,0.043
m,7.030277499,147.512,0.0431
m,7.032394001,146.756,0.0432
m,7.034421711,158.26,0.0435
m,7.049147215,149.676,0.0431
m,7.051626223,161.185,0.043
m,7.053877389,162.102,0.043
m,7.056130466,150.56,0.0432
m,7.057847204,150.933,0.043
s,7.058693213,151.556,0.0438
s,7.058478706,150.607,0.0439
s,7.058601214,149.111,0.044
s,7.058494096,152.043,0.0441
s,7.058494352,152.479,0.0442
s,7.058509499,151.57,0.0443
s,7.058509758,151.941,0.0444
s,7.058509758,152.677,0.0444
s,7.058632018,151.827,0.0444
s,7.058417817,152.61,0.0446
s,7.058540347,153.11,0.0447
s,7.058432991,152.359,0.0447
s,7.058433255,151.195,0.0448
s,7.058112013,152.215,0.0451
s,7.058004942,151.467,0.0452
s,7.057897603,153.176,0.0452
s,7.057897603,152.578,0.0452
s,7.057897603,153.331,0.0452
s,7.057775598,152.746,0.0453
s,7.057653322,153.077,0.0453
s,7.057653595,151.706,0.0454
s,7.057653595,152.123,0.0454
s,7.057653595,153.745,0.0454
s,7.057609101,152.754,0.0455
s,7.057486835,151.269,0.0455
s,7.057472207,152.732,0.0456
s,7.057349945,151.037,0.0456
s,7.057657731,151.959,0.0458
s,7.057535478,152.089,0.0458
s,7.057642861,152.563,0.0458
s,7.057642861,151.297,0.0458
s,7.057642861,150.619,0.0458
s,7.057842506,151.221,0.0457
s,7.057949905,152.008,0.0457
s,7.057949905,150.39,0.0457
s,7.057934513,150.734,0.0455
s,7.058041646,151.438,0.0454
s,7.058485031,151.44,0.045
s,7.058714411,152.187,0.0449
s,7.058714146,151.7,0.0448
s,7.058943794,152.275,0.0448
s,7.058632018,152.983,0.0444
s,7.058632278,152.013,0.0445
s,7.058632278,151.928,0.0445
s,7.058524915,152.033,0.0445
s,7.058524915,152.531,0.0445
s,7.058433521,152.42,0.0449
s,7.058326171,151.977,0.0449
s,7.058326438,152.063,0.045
s,7.058219089,150.849,0.045
s,7.058112013,151.615,0.0451
s,7.057897603,153.07,0.0452
s,7.057897603,153.819,0.0452
s,7.057897603,153.97,0.0452
s,7.057775598,154.093,0.0453
s,7.057761212,152.338,0.0455
s,7.057638938,152.59,0.0455
s,7.057638938,151.464,0.0455
s,7.057624015,152.317,0.0455
s,7.057609101,153.053,0.0455
s,7.057349945,150.852,0.0456
s,7.057457588,151.908,0.0457
s,7.057564957,150.372,0.0457
s,7.057564957,151.891,0.0457
s,7.057550354,151.632,0.0458
s,7.057750247,151.16,0.0458
s,7.057857637,150.868,0.0458
s,7.057857637,151.256,0.0458
s,7.057842785,150.181,0.0458
s,7.058148781,151.135,0.0453
s,7.058148781,150.149,0.0453
s,7.05814851,151.63,0.0452
s,7.05848557,151.503,0.0452
s,7.0584853,150.764,0.0451
s,7.059173179,151.381,0.0447
s,7.059173179,151.893,0.0447
s,7.059280336,151.484,0.0446
s,7.059280336,150.907,0.0446
s,7.059401018,151.309,0.044
s,7.059402304,152.5,0.0445
s,7.059509727,151.083,0.0445
s,7.059509727,151.869,0.0445
s,7.059509727,152.411,0.0445
s,7.059509727,152.918,0.0445
s,7.059633009,151.459,0.0449
s,7.059755505,151.357,0.045
s,7.059648086,152.535,0.045
s,7.059770587,151.659,0.0451
s,7.059770587,151.422,0.0451
s,7.059679087,152.398,0.0455
s,7.059679087,153.009,0.0455
s,7.059679363,150.394,0.0456
s,7.059572235,151.178,0.0457
s,7.059099522,150.257,0.0462
s,7.058977571,152.945,0.0463
s,7.058977571,153.296,0.0463
s,7.058855621,153.391,0.0464
s,7.05885591,153.539,0.0465
s,7.058382669,153.202,0.0468
s,7.058382963,153.565,0.0469
s,7.058382963,151.986,0.0469
s,7.058261025,154.421,0.047
s,7.058261025,152.343,0.047
s,7.057571497,153.3,0.0468
s,7.057449263,152.957,0.0468
s,7.05744897,152.338,0.0467
s,7.057326736,153.597,0.0467
s,7.056836086,153.656,0.0461
s,7.056713575,152.564,0.046
s,7.056713293,154.021,0.0459
s,7.056468282,152.585,0.0457
s,7.056468004,153.709,0.0456
s,7.056099967,153.355,0.0451
s,7.056099967,151.238,0.0451
s,7.056099699,152.123,0.045
s,7.055977209,151.863,0.0449
s,7.055962161,151.222,0.0448
s,7.059632479,151.959,0.0447
s,7.059632479,151.329,0.0447
s,7.059632744,152.331,0.0448
s,7.059633009,151.522,0.0449
s,7.059785678,152.101,0.0452
s,7.059785949,151.856,0.0453
s,7.059908184,153.572,0.0453
s,7.059908457,151.748,0.0454
s,7.059786222,152.658,0.0454
s,7.059572514,153.313,0.0458
s,7.059465392,155.423,0.0459
s,7.059343432,153.274,0.046
s,7.059343715,153.093,0.0461
s,7.059099522,154.099,0.0462
s,7.058733966,152.688,0.0466
s,7.058733966,152.388,0.0466
s,7.058734257,151.548,0.0467
s,7.058382669,153.212,0.0468
s,7.058031378,153.572,0.047
s,7.058031378,152.041,0.047
s,7.05790885,153.429,0.0469
s,7.057801144,153.027,0.0468
s,7.057801144,153.407,0.0468
s,7.057204213,153.665,0.0466
s,7.057203923,153.409,0.0465
s,7.057081402,153.583,0.0464
s,7.057081115,153.811,0.0463
s,7.05683637,154.578,0.0462
s,7.056345503,152.55,0.0455
s,7.056345229,152.147,0.0454
s,7.056222732,151.557,0.0453
s,7.056222461,151.194,0.0452
s,7.055961897,150.374,0.0447
s,7.055946858,151.571,0.0446
s,7.056054042,151.604,0.0445
s,7.056053781,152.5,0.0444
s,7.056160972,153.276,0.0443
s,7.056160715,152.233,0.0442
s,7.056390122,152.47,0.0441
s,7.056537591,152.235,0
s,7.056619025,150.603,0.0438
m,7.056969908,151.393,0.0434
m,7.057092118,159.145,0.0434
m,7.056984669,152.017,0.0434
m,7.057214331,152.103,0.0434
m,7.057766359,150.3,0.0434
m,7.069677294,147.507,0.0433
m,7.071927461,146.533,0.0433
m,7.074301442,154.573,0.0434
m,7.076432703,143.201,0.0433
m,7.078809625,143.554,0.0433
m,7.095710741,138.72,0.0442
m,7.098426097,155.252,0.0442
m,7.101156428,151.295,0.0443
m,7.103767856,147.062,0.0447
m,7.121437461,144.521,0.0454
m,7.123952818,149.193,0.0455
m,7.126700332,143.196,0.0456
m,7.129218765,146.723,0.0456
m,7.131849014,156.706,0.0458
m,7.152003628,150.315,0.0466
m,7.152003628,142.923,0.0466
m,7.15707479,149.335,0.0468
m,7.159381677,142.539,0.0468
m,7.161700741,142.539,0.047
m,7.180873082,144.395,0.0478
m,7.183537287,147.492,0.0479
m,7.186202952,156.819,0.0479
m,7.188759508,144.521,0.048
m,7.208035367,145.355,0.0469
m,7.211052168,152.5,0.0468
m,7.214078324,149.32,0.0465
m,7.216875815,146.436,0.0465
m,7.219674628,151.881,0.0463
s,7.056618775,151.667,0.0437
s,7.056618775,152.395,0.0437
s,7.056726231,152.398,0.0437
s,7.056725982,152.466,0.0436
s,7.056847943,151.92,0.0435
m,7.05873339,146.165,0.0433
m,7.060712584,146.615,0.0433
m,7.062770818,155.804,0.0433
m,7.065045328,152.717,0.0433
m,7.08095814,153.77,0.0433
m,7.085597934,155.432,0.0433
m,7.088089903,148.54,0.0435
m,7.088090648,145.518,0.0438
m,7.093092259,152.138,0.044
m,7.106380598,143.551,0.0449
m,7.111623014,151.895,0.045
m,7.114010216,146.09,0.045
m,7.114010484,150.985,0.0451
m,7.118923769,145.922,0.0453
m,7.13957328,141.564,0.0458
m,7.142111136,156.171,0.046
m,7.144409213,154.158,0.0463
m,7.149470798,154.637,0.0466
m,7.164021174,148.879,0.0472
m,7.16646365,140.671,0.0475
m,7.168675849,144.398,0.0476
m,7.175549977,155.858,0.0476
m,7.175550279,139.076,0.0477
m,7.191206128,147.518,0.048
m,7.19387655,153.744,0.0479
m,7.196548426,148.812,0.0477
m,7.202112301,147.325,0.0473
m,7.202112005,153.705,0.0472
m,7.222482974,144.52,0.0462
m,7.227642001,150.066,0.0462
m,7.230223622,148.678,0.0461
m,7.230223343,147.529,0.046
m,7.235054637,150.964,0.046
m,7.237647532,145.222,0.0459
m,7.2404669,151.342,0.0458
m,7.243168247,144.673,0.0455
m,7.245984294,160.585,0.0453
m,7.264386409,144.37,0.0445
m,7.267103068,148.545,0.0442
m,7.269590444,147.025,0.0443
m,7.274688223,151.192,0.0443
m,7.290480734,145.788,0.0446
m,7.293333155,161.499,0.0446
m,7.296182451,155.062,0.0444
m,7.301887043,151.683,0.0442
m,7.304860425,150.299,0.0442
m,7.320431729,149.79,0.0431
m,7.323527707,150.26,0.0431
m,7.326511247,153.584,0.0432
m,7.332483002,145.338,0.0429
m,7.335586697,145.614,0.0427
m,7.355064453,151.417,0.0429
m,7.355064221,140.265,0.0428
m,7.361191338,147.135,0.043
m,7.36431606,145.398,0.043
m,7.385888242,148.078,0.0429
m,7.38588801,142.481,0.0428
m,7.392169012,149.083,0.0429
m,7.395079278,148.355,0.0429
m,7.3979913,143.63,0.0429
m,7.415148749,147.392,0.0431
m,7.41795605,143.881,0.0433
m,7.420881298,138.637,0.0432
m,7.424042353,144.836,0.0434
m,7.427088002,147.569,0.0436
m,7.447412312,150.979,0.0449
m,7.450355525,149.04,0.045
m,7.453184425,143.293,0.045
m,7.458961301,145.946,0.0451
m,7.251284258,151.557,0.0452
m,7.25387357,147.29,0.0449
m,7.256471648,146.814,0.045
m,7.259183303,145.423,0.0447
m,7.261783813,153.845,0.0445
m,7.277412584,153.712,0.0444
m,7.280019635,146.45,0.0443
m,7.282633751,145.52,0.0444
m,7.285131012,147.806,0.0445
m,7.28774777,153.09,0.0444
m,7.307716734,156.307,0.0439
m,7.311040161,148.641,0.0438
m,7.31401513,148.211,0.0437
m,7.317224274,151.813,0.0435
m,7.338577871,150.925,0.0427
m,7.341456295,150.221,0.0429
m,7.344220826,143.299,0.0429
m,7.34686958,149.639,0.0429
m,7.349637455,144.719,0.0429
m,7.367325499,147.463,0.043
m,7.370336624,142.563,0.0429
m,7.373349902,147.6,0.0429
m,7.376598301,142.556,0.043
m,7.382751113,145.51,0.0429
m,7.40090439,142.447,0.0426
m,7.406620472,144.789,0.0427
m,7.409422294,161.638,0.0426
m,7.412226645,144.607,0.0429
m,7.430136419,151.607,0.0438
m,7.436120984,141.726,0.044
m,7.438940253,144.367,0.0443
m,7.441762706,156.893,0.0446
m,7.444586473,144.602,0.0447
m,7.458961301,145.971,0.0451
m,7.465098776,157.918,0.0451
m,7.468054229,146.157,0.0449
m,7.471009388,150.346,0.0449
m,7.473966507,140.631,0.045
m,7.476691295,144.813,0.045
m,7.48249816,144.575,0.045
m,7.485462095,144.227,0.0451
m,7.491275807,144.563,0.0451
m,7.494125969,150.742,0.0452
m,7.512190824,156.9,0.0456
m,7.51505181,155.555,0.0457
m,7.517909558,146.232,0.0457
m,7.52053482,150.91,0.0458
m,7.523046408,160.482,0.0458
m,7.543875465,147.387,0.0461
m,7.546867935,144.035,0.0462
m,7.549862116,149.686,0.0464
m,7.552737395,156.086,0.0465
m,7.573433707,140.459,0.0466
m,7.576453883,139.782,0.0465
m,7.582258924,136.88,0.0465
m,7.585043518,147.619,0.0466
m,7.587829701,139.925,0.0467
m,7.604282397,149.546,0.047
m,7.604282397,153.84,0.047
m,7.609965966,147.857,0.0471
m,7.612990934,148.522,0.0469
m,7.615896156,142.745,0.0468
m,7.632728125,153.174,0.0462
m,7.63831329,145.804,0.0461
m,7.641089577,140.981,0.046
m,7.643988898,151.315,0.046
m,7.663145284,136.783,0.0464
m,7.669733408,140.821,0.0466
m,7.673143285,141.627,0.047
m,7.676431881,146.155,0.0473
m,7.679600164,139.699,0.0479
m,7.696437554,146.205,0.0487
m,7.698302104,143.564,0.0485
m,7.699369062,141.736,0.0475
m,7.699039026,141.098,0.0472
m,7.697389356,142.048,0.047
m,7.497211348,149.997,0.0452
m,7.500183549,146.562,0.0453
m,7.503272425,148.485,0.0454
m,7.509335579,153.733,0.0455
m,7.525794035,142.387,0.046
m,7.52878187,155.421,0.0461
m,7.531776137,146.435,0.0461
m,7.537770351,144.969,0.0461
m,7.540998856,145.614,0.046
m,7.558503375,144.636,0.0465
m,7.561389197,155.509,0.0467
m,7.561389197,147.284,0.0467
m,7.567284643,143.965,0.0467
m,7.57029495,140.765,0.0467
m,7.590851763,144.292,0.0467
m,7.593633493,142.105,0.0467
m,7.596295843,141.428,0.0468
m,7.599073268,141.005,0.047
m,7.618802658,142.747,0.0467
m,7.621702117,144.879,0.0466
m,7.624367891,152.403,0.0465
m,7.627034177,144.772,0.0462
m,7.632727583,146.744,0.046
m,7.647246292,141.885,0.0461
m,7.650626506,142.884,0.0461
m,7.654017429,145.899,0.0462
m,7.660097557,141.725,0.0461
m,7.663144738,136.336,0.0462
m,7.68264623,145.767,0.0482
m,7.688618232,143.795,0.0485
m,7.691432033,141.31,0.0486
m,7.694113843,142.144,0.0488
m,7.691820735,138.26,0.0468
m,7.68884168,144.111,0.0466
m,7.685808637,150.537,0.0465
m,7.683000519,152.293,0.0463
m,7.680428524,155.6,0.0461
m,7.678092883,139.936,0.046
m,7.673066668,140.894,0.0459
m,7.670253215,149.049,0.0458
m,7.67025295,150.084,0.0457
m,7.64558712,140.649,0.0456
m,7.642907668,144.42,0.0457
m,7.640012301,148.865,0.0455
m,7.636694241,145.456,0.0452
m,7.633075085,149.896,0.0448
m,7.612918837,153.534,0.0444
m,7.60941938,145.054,0.0445
m,7.60615603,147.689,0.0446
m,7.602771191,141.329,0.0447
m,7.599387087,141.412,0.0447
m,7.574986678,147.036,0.0457
m,7.571386852,143.382,0.0457
m,7.564773168,146.214,0.0457
m,7.561635806,142.175,0.0456
m,7.539669704,156.544,0.0456
m,7.539669704,141.383,0.0456
m,7.533982819,146.921,0.0455
m,7.531079339,150.162,0.0456
m,7.528300525,150.201,0.0457
m,7.508253687,148.291,0.0454
m,7.508253687,143.147,0.0454
m,7.50125255,160.119,0.0455
m,7.497816154,148.359,0.0455
m,7.494381529,144.498,0.0456
m,7.471516124,139.18,0.0455
m,7.468299508,142.461,0.0453
m,7.465194628,144.942,0.045
m,7.458532164,153.679,0.0449
m,7.440165895,139.203,0.0454
m,7.433551032,153.666,0.0453
m,7.430238242,143.005,0.0453
m,7.426690591,152.857,0.0452
m,7.426690854,144.419,0.0453
m,7.664006706,141.091,0.0457
m,7.660707074,146.089,0.0457
m,7.657532075,140.088,0.0459
m,7.654480195,150.132,0.0458
m,7.648503397,146.972,0.0458
m,7.629522092,147.503,0.0446
m,7.622729184,145.587,0.0445
m,7.622728934,145.517,0.0444
m,7.616184349,151.969,0.0443
m,7.592520087,132.293,0.0448
m,7.588914664,139.918,0.0449
m,7.585433486,148.018,0.0451
m,7.581942661,150.566,0.0452
m,7.578463905,151.469,0.0454
m,7.558499744,147.82,0.0456
m,7.555129178,143.451,0.0455
m,7.551871796,141.377,0.0455
m,7.548850916,158.188,0.0456
m,7.542576195,146.248,0.0456
m,7.525298998,146.028,0.0456
m,7.522063466,151.022,0.0456
m,7.518605775,153.566,0.0455
m,7.511929993,144.861,0.0454
m,7.490934629,143.986,0.0455
m,7.487489298,144.036,0.0455
m,7.481060502,147.056,0.0456
m,7.477840745,148.23,0.0455
m,7.474733626,138.457,0.0456
m,7.458532423,150.43,0.045
m,7.452442574,145.559,0.045
m,7.449329697,144.696,0.0451
m,7.446342875,145.577,0.0452
m,7.443371684,155.561,0.0453
m,7.420292068,139.971,0.0453
m,7.417204677,142.94,0.0453
m,7.413992686,131.46,0.0453
m,7.410577468,142.589,0.0455
m,7.403404522,144.935,0.0457
m,7.399993114,146.476,0.0458
m,7.396583332,139.874,0.046
m,7.393064688,135.979,0.0461
m,7.389673043,143.822,0.046
m,7.365278131,142.616,0.0464
m,7.362117981,148.121,0.0465
m,7.358832884,145.502,0.0467
m,7.355640456,145.933,0.0466
m,7.334083102,147.339,0.0461
m,7.33049905,145.202,0.0459
m,7.327280839,151.869,0.0459
m,7.320595916,147.344,0.046
m,7.317365259,149.07,0.0461
m,7.293098071,157.674,0.0465
m,7.293098355,160.116,0.0466
m,7.28600482,151.911,0.0466
m,7.282297973,155.178,0.0468
m,7.278611716,151.902,0.0468
m,7.25343945,144.88,0.0456
m,7.250089509,143.363,0.0453
m,7.246761156,149.357,0.0448
m,7.243650581,152.145,0.0444
m,7.220929025,151.561,0.0418
m,7.217829669,154.988,0.0409
m,7.211272193,150.697,0.0404
m,7.207920223,160.221,0.0403
m,7.207919827,154.413,0.0401
m,7.187793653,150.263,0.0387
m,7.184579957,148.693,0.0382
m,7.17828817,150.199,0.0381
m,7.175079224,147.373,0.0379
m,7.175078893,143.252,0.0377
m,7.152858146,156.839,0.037
m,7.146571911,145.527,0.037
m,7.143271152,141.466,0.037
m,7.140078457,157.469,0.0371
m,7.386047498,138.464,0.0461
m,7.382406793,139.523,0.0461
m,7.378784222,153.528,0.0462
m,7.375256002,144.692,0.0462
m,7.368566421,148.737,0.0464
m,7.349639589,142.659,0.0466
m,7.346577218,143.611,0.0465
m,7.343861753,148.278,0.0465
m,7.343861191,144.159,0.0463
m,7.337559471,150.505,0.0462
m,7.313899458,154.344,0.046
m,7.310289367,154.006,0.046
m,7.306808528,147.101,0.0461
m,7.296464478,156.398,0.0464
m,7.274907375,149.09,0.0468
m,7.27120338,150.627,0.0464
m,7.263929909,152.235,0.0462
m,7.260467856,148.297,0.0461
m,7.25689867,155.186,0.0458
m,7.240325758,148.828,0.044
m,7.233789663,159.72,0.0435
m,7.230448613,152.617,0.0431
m,7.227130364,145.796,0.0427
m,7.224028827,147.691,0.0422
m,7.201393106,151.963,0.0397
m,7.198044801,146.49,0.0394
m,7.194590378,142.815,0.039
m,7.191137688,147.854,0.0388
m,7.168818967,149.839,0.0376
m,7.165744494,152.411,0.0374
m,7.162434779,147.746,0.0373
m,7.159363333,147.836,0.0371
m,7.156163258,153.471,0.037
m,7.13678066,152.436,0.0371
m,7.133697146,146.675,0.0372
m,7.130508533,154.173,0.0372
m,7.127452169,144.75,0.0372
m,7.121319377,140.141,0.0373
m,7.118267681,159.226,0.0374
m,7.115217528,145.322,0.0375
m,7.112037952,149.47,0.0377
m,7.108834547,143.563,0.0379
m,7.105551683,154.282,0.038
m,7.087790559,145.087,0.0382
m,7.08483284,142.068,0.038
m,7.078511566,145.497,0
m,7.075203729,144.168,0.038
m,7.071619001,145.392,0.0379
m,7.047814776,143.542,0.0392
m,7.04445495,147.955,0.0395
m,7.041306486,156.317,0.0397
m,7.038027041,146.876,0.0399
m,7.017132725,156.821,0.0413
m,7.014206055,153.972,0.0416
m,7.011252448,145.793,0.042
m,7.008195067,152.552,0.0422
m,7.005244214,148.263,0.0428
m,6.988090081,148.856,0.0439
m,6.985175127,150.417,0.0439
m,6.982261229,151.406,0.0438
m,6.979348396,154.294,0.0436
m,6.97657023,156.362,0.0433
m,6.95373025,152.913,0.0425
m,6.950758219,153.481,0.0424
m,6.947653207,154.16,0.0421
m,6.941583679,149.788,0.0422
m,6.923491943,153.552,0.042
m,6.917620771,150.693,0.042
m,6.914500564,150.088,0.0418
m,6.911311759,150.972,0.042
m,6.911311532,153.195,0.0419
m,6.888830804,154.441,0.0412
m,6.885723668,149.889,0.041
m,6.882618317,156.945,0.041
m,6.879547024,155.284,0.0408
m,6.879547024,154.962,0.0408
m,7.099125233,142.419,0.0381
m,7.096112479,143.138,0.0382
m,7.096112309,146.566,0.0381
m,7.09066931,150.424,0.0382
m,7.068009752,145.317,0.0379
m,7.064402989,149.848,0.0384
m,7.060929558,143.949,0.0387
m,7.057430826,141.975,0.0389
m,7.050939344,149.859,0.0391
m,7.034985917,144.968,0.0399
m,7.031814802,153.451,0.0405
m,7.02888154,153.123,0.0407
m,7.023018054,150.201,0.0407
m,7.020060701,144.466,0.041
m,7.002293544,155.059,0.043
m,6.996633253,159.988,0.0435
m,6.99371447,151.827,0.0435
m,6.990901664,150.941,0.0437
m,6.973482326,150.174,0.0432
m,6.966763102,160.895,0.0431
m,6.963443009,159.258,0.043
m,6.960124645,144.7,0.0429
m,6.956941761,145.754,0.0427
m,6.94158391,157.505,0.0423
m,6.935489132,148.934,0.0422
m,6.932495687,156.177,0.0422
m,6.929503912,143.13,0.0423
m,6.926513116,153.191,0.0422
m,6.904937993,148.088,0.0419
m,6.901753492,153.213,0.0418
m,6.898603147,147.9,0.0417
m,6.895388835,153.281,0.0413
m,6.873580923,150.653,0.0407
m,6.870718942,159.866,0.0407
m,6.867857922,149.876,0.0405
m,6.865031953,145.411,0.0403
m,6.8595894,151.897,0.0402
m,6.856870473,157.288,0.0402
m,6.854085287,145.497,0.0402
m,6.851063863,149.349,0.0401
m,6.847908142,148.251,0.04
m,6.82570241,150.742,0.0391
m,6.822596413,157.49,0.039
m,6.819355483,150.227,0.0388
m,6.816116581,151.27,0.0387
m,6.810048591,149.496,0.0385
m,6.795721966,158.26,0.038
m,6.78994238,145.458,0.0379
m,6.78994238,134.961,0.0379
m,6.784406492,145.403,0.0379
m,6.781691066,148.792,0.038
m,6.761203626,139.637,0.0381
m,6.758061096,147.277,0.0383
m,6.7550202,147.724,0.0385
m,6.752218853,147.557,0.0387
m,6.731144707,149.774,0.0397
m,6.727351491,146.815,0.0401
m,6.723342076,149.801,0.0402
m,6.715429303,140.742,0.0403
m,6.711388145,143.47,0.0404
m,6.693758547,143.27,0.041
m,6.690721234,146.941,0.0411
m,6.684311475,152.401,0.0412
m,6.681415123,143.646,0.0412
m,6.678281699,142.44,0.0412
m,6.66038995,151.829,0.0405
m,6.657363878,145.352,0.0404
m,6.651352306,148.372,0.0404
m,6.648466666,148.994,0.0402
m,6.630416981,151.017,0.039
m,6.623841167,147.081,0.039
m,6.620245758,145.302,0.039
m,6.616788991,149.226,0.039
m,6.613095966,144.674,0.039
m,6.844652225,149.294,0.0398
m,6.841534196,147.153,0.0395
m,6.835101929,153.752,0.0394
m,6.835101738,151.173,0.0393
m,6.828946899,152.339,0.0392
m,6.807154006,143.364,0.0384
m,6.804361961,156.262,0.0382
m,6.801434814,146.211,0.0382
m,6.798646002,147.983,0.038
m,6.778976632,154.884,0.0379
m,6.7761261,145.606,0.0379
m,6.773314047,149.822,0.0379
m,6.767255582,145.331,0.0379
m,6.764210037,141.453,0.038
m,6.74918104,149.496,0.039
m,6.746205996,138.661,0.0391
m,6.740758777,143.039,0.0394
m,6.738047681,155.502,0.0394
m,6.734822681,150.13,0.0395
m,6.711388564,145.623,0.0406
m,6.703829586,146.166,0.0407
m,6.70045091,145.349,0.0408
m,6.697035074,146.086,0.0409
m,6.678281699,146.708,0.0412
m,6.672531281,144.159,0.0411
m,6.669538316,146.757,0.041
m,6.666646685,153.526,0.0409
m,6.663517801,146.384,0.0407
m,6.648466666,154.213,0.0402
m,6.642936708,149.872,0.0399
m,6.639917139,147.155,0.0398
m,6.636623979,147.898,0.0395
m,6.633570376,142.789,0.0393
m,6.609541159,143.799,0.0389
m,6.605988329,157.361,0.039
m,6.602436728,143.555,0.0389
m,6.598785484,144.454,0.0389
m,6.591214554,142.431,0.0388
m,6.587533411,145.912,0.0389
m,6.583989522,148.108,0.0386
m,6.580821895,146.352,0.0386
m,6.577417679,144.117,0.0385
m,6.552478956,153.702,0.0385
m,6.548952096,146.552,0.0385
m,6.545324615,159.316,0.0385
m,6.541969668,157.606,0.0385
m,6.519788014,154.828,0.0386
m,6.518198563,144.243,0.0386
m,6.51765796,144.239,0.0386
s,6.517420378,143.661,0.0387
s,6.517420378,143.737,0.0387
s,6.517388229,144.627,0.0389
s,6.517388229,144.891,0.0389
s,6.517388417,144.197,0.039
s,6.517388799,144.9,0.0392
s,6.517389186,144.352,0.0394
s,6.516850884,144.042,0.0405
s,6.516851311,144.236,0.0407
s,6.516717277,144.019,0.0412
s,6.516717726,143.748,0.0414
s,6.516553429,144.68,0.0428
s,6.516554686,144.5,0.0433
s,6.516555199,143.363,0.0435
s,6.516658622,143.61,0.0438
s,6.516659151,143.969,0.044
s,6.516424693,145.445,0.0452
s,6.516424978,144.301,0.0453
s,6.516290435,144.181,0.0455
s,6.516290725,145.193,0.0456
s,6.516291016,144.409,0.0457
s,6.51659552,143.579,0.0463
s,6.516595822,144.279,0.0464
s,6.516595822,145.493,0.0464
s,6.516596125,145.092,0.0465
m,6.573743009,151.16,0.0385
m,6.570069912,153.015,0.0384
m,6.562695476,143.41,0.0384
m,6.562695476,145.771,0.0384
m,6.555871537,143.925,0.0384
m,6.538411127,143.51,0.0384
m,6.531294041,154.774,0.0384
m,6.527906842,143.544,0.0384
m,6.527907205,154.123,0.0386
m,6.521951223,145.004,0.0386
s,6.517522998,144.147,0.0387
s,6.517523183,145.637,0.0388
s,6.517523183,143.584,0.0388
s,6.517388042,144.714,0.0388
s,6.517254439,143.774,0.0396
s,6.517254839,144.231,0.0398
s,6.517255041,144.409,0.0399
s,6.517120314,143.892,0.0401
s,6.516985594,144.174,0.0403
s,6.516583054,144.459,0.0416
s,6.516583749,143.408,0.0419
s,6.516584219,143.84,0.0421
s,6.516584937,144.583,0.0424
s,6.516552936,144.586,0.0426
s,6.516659686,143.648,0.0442
s,6.516525383,144.377,0.0445
s,6.51652649,144.652,0.0449
s,6.51652677,144.177,0.045
s,6.516426427,144.416,0.0458
s,6.516426721,144.898,0.0459
s,6.516324673,144.488,0.0461
s,6.516460094,144.182,0.0462
s,6.516595219,144.288,0.0462
s,6.51659643,145.21,0.0466
s,6.51649441,145.5,0.0468
s,6.516392086,145.964,0.0469
s,6.516289765,145.107,0.047
s,6.516290078,146.132,0.0471
s,6.516290392,144.656,0.0472
s,6.51608545,144.746,0.0473
s,6.516085768,143.917,0.0474
s,6.516085768,144.744,0.0474
s,6.51598346,144.575,0.0475
s,6.515914324,145.205,0.0478
s,6.516049796,144.444,0.0479
s,6.516049796,145.081,0.0479
s,6.516050122,144.594,0.048
s,6.516050122,144.34,0.048
s,6.51605078,145.087,0.0482
s,6.51605078,144.513,0.0482
s,6.516185929,145.173,0.0482
s,6.516185929,143.937,0.0482
s,6.516287888,144.748,0.048
s,6.516423037,145.031,0.048
s,6.516423037,144.609,0.048
s,6.51642271,144.761,0.0479
s,6.516557862,144.707,0.0479
s,6.516659184,144.582,0.0475
s,6.516556571,144.795,0.0475
s,6.516556252,145.36,0.0474
s,6.516556252,144.724,0.0474
s,6.516555934,145.545,0.0473
s,6.516214613,145.316,0.047
s,6.51597716,145.036,0.0471
s,6.515976847,144.997,0.047
s,6.515841695,145.126,0.047
s,6.515264491,143.81,0.0473
s,6.515129656,144.953,0.0474
s,6.515129656,144.411,0.0474
s,6.514994825,144.576,0.0475
s,6.514859999,144.383,0.0476
s,6.514488385,144.488,0.048
s,6.514488714,144.138,0.0481
s,6.514353901,143.655,0.0482
s,6.514354566,144.241,0.0484
s,6.514219759,143.944,0.0485
s,6.515983781,144.483,0.0476
s,6.515881478,145.023,0.0477
s,6.515881478,144.966,0.0477
s,6.516016944,144.474,0.0478
s,6.515915304,145.341,0.0481
s,6.515915304,144.86,0.0481
s,6.515915304,144.346,0.0481
s,6.515915304,143.915,0.0481
s,6.515915633,144.121,0.0482
s,6.516288545,145.071,0.0482
s,6.516288545,144.187,0.0482
s,6.516288545,145.657,0.0482
s,6.516288216,145.139,0.0481
s,6.516288216,144.89,0.0481
s,6.516557862,144.677,0.0479
s,6.516557537,145.138,0.0478
s,6.516659826,145.245,0.0477
s,6.516659826,144.904,0.0477
s,6.516555934,144.624,0.0473
s,6.516453006,145.838,0.0472
s,6.516453006,145.08,0.0472
s,6.516452692,145.921,0.0471
s,6.516214926,144.602,0.0471
s,6.515739393,145.101,0.0471
s,6.515739393,145.038,0.0471
s,6.515636783,144.622,0.0471
s,6.515501942,144.667,0.0472
s,6.515264176,144.654,0.0472
s,6.514860321,144.67,0.0477
s,6.514622879,143.998,0.0478
s,6.514623204,144.549,0.0479
s,6.514623204,144.567,0.0479
s,6.514220095,144.636,0.0486
s,6.514220433,143.619,0.0487
s,6.514220772,144.378,0.0488
s,6.514220772,144.324,0.0488
s,6.514221454,143.892,0.049
s,6.514221454,143.588,0.049
s,6.513984035,143.964,0.0491
s,6.51388141,143.517,0.0491
s,6.513881755,144.697,0.0492
s,6.513471968,144.614,0.0494
s,6.513504505,143.926,0.0494
s,6.513504505,144.381,0.0494
s,6.513401894,144.825,0.0494
s,6.513537399,144.735,0.0495
s,6.513263206,144.524,0.0498
s,6.513160608,144.528,0.0498
s,6.513058367,145.15,0.0499
s,6.512955772,144.398,0.0499
s,6.51295613,144.696,0.05
s,6.513022756,144.319,0.0504
s,6.513158307,144.207,0.0505
s,6.513055724,143.552,0.0505
s,6.513056091,144.299,0.0506
s,6.513089811,145.093,0.0509
s,6.512987234,144.51,0.0509
s,6.513122804,144.656,0.051
m,6.513122804,144.215,0.051
m,6.513155433,144.581,0.051
m,6.51197093,139.38,0.0509
m,6.511295035,153.71,0.0509
m,6.508321828,154.994,0.0509
m,6.508321828,145.724,0.0509
m,6.5041401,149.236,0.0509
m,6.490378874,142.209,0.0508
m,6.484390967,145.784,0.0507
m,6.484390967,160.297,0.0507
m,6.477830583,154.263,0.0507
m,6.458701262,146.378,0.0509
m,6.452267042,152.776,0.0508
m,6.452267042,146.72,0.0508
m,6.446076996,155.5,0.0509
m,6.44296934,146.252,0.051
s,6.513643991,143.754,0.0492
s,6.513644338,144.473,0.0493
s,6.513541714,144.061,0.0493
s,6.513541714,144.534,0.0493
s,6.51347162,144.011,0.0493
s,6.513434792,144.678,0.0495
s,6.513332537,144.79,0.0496
s,6.513468053,144.495,0.0497
s,6.513262852,144.321,0.0497
s,6.512956489,143.971,0.0501
s,6.512989435,144.412,0.0502
s,6.512886846,144.893,0.0502
s,6.512887208,143.475,0.0503
s,6.512887208,144.837,0.0503
s,6.513191648,144.046,0.0507
s,6.51308907,144.324,0.0507
s,6.513089439,143.614,0.0508
s,6.513089439,144.835,0.0508
s,6.513089811,143.969,0.0509
m,6.513155433,141.42,0.051
m,6.513155433,144.33,0.051
m,6.513020232,155.069,0.051
m,6.512512064,144.651,0.051
m,6.502018697,144.884,0.051
m,6.499897971,152.083,0.051
m,6.497881153,154.01,0.051
m,6.495627758,155.207,0.051
m,6.493240384,146.839,0.0509
m,6.47460374,149.828,0.0506
m,6.471378343,140.739,0.0505
m,6.468154766,146.646,0.0505
m,6.464933008,146.892,0.0506
m,6.461816167,146.12,0.0507
m,6.439729529,143.099,0.0511
m,6.436625089,145.983,0.0512
m,6.433655073,146.516,0.0511
m,6.427749612,145.033,0.0511
m,6.424813958,137.148,0.0512
m,6.418574821,138.953,0.0512
m,6.418574821,146.481,0.0512
m,6.415538365,149.036,0.0512
m,6.409411289,138.592,0.0512
m,6.391538982,139.867,0.0515
m,6.385434283,142.461,0.0516
m,6.382251609,142.145,0.0517
m,6.379070449,149.882,0.0518
m,6.360273807,147.506,0.0523
m,6.354883351,146.949,0.0524
m,6.352507456,140.324,0.0524
m,6.350001549,135.124,0.0524
m,6.347233701,152.538,0.0523
m,6.330358708,139.333,0.0522
m,6.327632276,136.67,0.0522
m,6.324696713,144.821,0.0524
m,6.318617556,137.061,0.0525
m,6.318617963,144.499,0.0526
m,6.296338692,146.424,0.0528
m,6.289815455,149.522,0.0528
m,6.286687159,138.588,0.0529
m,6.286686746,143.619,0.0528
m,6.281205879,138.438,0.0554
m,6.285045514,138.339,0.0557
m,6.287487682,138.612,0.0558
m,6.287487682,144.726,0.0558
m,6.292639004,137.874,0.0558
m,6.310733124,143.52,0.0559
m,6.313620946,142.952,0.0559
m,6.316876181,140.272,0.056
m,6.320132281,156.581,0.056
m,6.323389243,142.795,0.0559
m,6.345320403,157.091,0.0563
m,6.348570546,152.453,0.0565
m,6.351566029,144.513,0.0567
m,6.354818895,142.724,0.0568
m,6.406216729,137.568,0.0512
m,6.403261873,150.186,0.0514
m,6.400232111,141.621,0.0515
m,6.397412177,145.831,0.0515
m,6.394489415,143.748,0.0516
m,6.375890021,145.88,0.0517
m,6.37257988,147.822,0.0519
m,6.369243657,143.249,0.052
m,6.366014788,147.056,0.0522
m,6.360273807,142.472,0.0523
m,6.34459979,150.201,0.0522
m,6.338944561,139.174,0.0522
m,6.33618619,140.121,0.0522
m,6.333324301,136.202,0.0522
m,6.312438905,142.334,0.0526
m,6.309429501,155.1,0.0526
m,6.306397492,150.674,0.0527
m,6.303130146,140.902,0.0528
m,6.299733492,145.014,0.0528
m,6.281786141,139.796,0.053
m,6.280679846,141.365,0.0534
m,6.28002779,142.881,0.054
m,6.279721685,148.492,0.0544
m,6.280105986,144.585,0.0547
m,6.295411391,139.96,0.0559
m,6.298443111,142.73,0.0559
m,6.301691578,144.033,0.056
m,6.307717764,141.341,0.0559
m,6.32941475,135.281,0.056
m,6.332439687,148.76,0.056
m,6.332440611,144.867,0.0562
m,6.338650615,148.587,0.0563
m,6.341984565,150.324,0.0563
m,6.360914906,148.622,0.0571
m,6.363954864,142.727,0.0572
m,6.363954387,151.614,0.0571
m,6.370511063,141.461,0.0573
m,6.373900536,155.662,0.0575
m,6.377725028,149.865,0.0574
m,6.381099233,147.464,0.0577
m,6.384365694,148.668,0.0579
m,6.390537541,151.832,0.0579
m,6.394208157,143.996,0.058
m,6.411566586,145.789,0.0594
m,6.415066686,151.8,0.06
m,6.418548449,149.444,0.0601
m,6.425298833,154.35,0.0603
m,6.42891289,148.688,0.0604
m,6.450149935,147.67,0.0617
m,6.457310544,139.097,0.0618
m,6.460861911,147.035,0.0618
m,6.464053143,143.641,0.0619
m,6.481432266,145.494,0.0623
m,6.487375064,142.015,0.0621
m,6.490355834,149.375,0.062
m,6.493464183,149.84,0.0621
m,6.496447756,147.17,0.0621
m,6.515231112,144.432,0.0616
m,6.521311259,145.898,0.0615
m,6.524428719,143.202,0.0613
m,6.527421449,142.763,0.0609
m,6.527420403,159.278,0.0607
m,6.551328609,149.142,0.0595
m,6.554442732,143.593,0.0591
m,6.557335874,150.383,0.0588
m,6.560465566,141.512,0.0585
m,6.581360901,142.782,0.0564
m,6.584375469,142.763,0.0562
m,6.587511681,146.453,0.0553
m,6.59354633,137.186,0.0549
m,6.596577336,146.506,0.0548
m,6.612728321,140.225,0.0533
m,6.619924418,140.305,0.053
m,6.619924019,144.54,0.0529
m,6.626553496,142.741,0.0526
m,6.629931275,150.956,0.0524
m,6.397480391,152.142,0.0582
m,6.397481872,154.506,0.0585
m,6.404539199,139.168,0.0589
m,6.408070239,150.163,0.0592
m,6.432167663,154.119,0.0608
m,6.4355661,149.713,0.0609
m,6.439186546,143.75,0.0612
m,6.442808239,147.464,0.0614
m,6.450148854,138.48,0.0615
m,6.467008155,141.368,0.0617
m,6.469981827,136.832,0.0618
m,6.472957216,140.803,0.062
m,6.475712785,144.123,0.0621
m,6.478564254,141.398,0.0622
m,6.502862745,144.961,0
m,6.506017577,144.154,0.0623
m,6.509240228,148.497,0.0621
m,6.512227735,146.741,0.0618
m,6.533190417,145.862,0.0605
m,6.536076494,148.287,0.0603
m,6.539088123,147.366,0.0601
m,6.542211842,142.215,0.0599
m,6.548339041,146.933,0.0597
m,6.563472238,145.617,0.0582
m,6.56939037,148.192,0.0577
m,6.572412634,150.877,0.0574
m,6.572411235,150.041,0.0571
m,6.578336213,154.04,0.0568
m,6.599720312,147.05,0.0545
m,6.602741375,158.76,0.0543
m,6.605763131,144.009,0.054
m,6.608898437,144.009,0.0538
m,6.63308478,144.035,0.052
m,6.63648406,142.878,0.0514
m,6.644045757,141.871,0.0513
m,6.647980426,151.96,0.0512
m,6.651821789,145.891,0.0507
m,6.659126976,141.736,0.0497
m,6.662468579,150.405,0.0492
m,6.665361317,148.69,0.0487
m,6.66838784,147.174,0.0481
m,6.68452349,144.078,0.0466
m,6.68945304,146.356,0.0466
m,6.692042587,142.935,0.0465
m,6.69450998,150.013,0.0464
m,6.697102285,142.117,0.0464
m,6.711630396,137.421,0.0462
m,6.717538422,136.39,0.0463
m,6.720500469,140.124,0.0463
m,6.723475923,137.386,0.0461
m,6.726317073,137.983,0.0462
m,6.746388871,151.708,0.0458
m,6.749141241,139.115,0.0453
m,6.751745749,143.18,0.0457
m,6.754252395,140.985,0.0455
m,6.773659201,140.596,0.0457
m,6.776304315,143.607,0.0463
m,6.782413559,142.673,0.0464
m,6.782414152,138.117,0.0466
m,6.789045758,148.266,0.0466
m,6.804565691,145.55,0.0474
m,6.809867733,145.86,0.0475
m,6.812764202,144.694,0.0474
m,6.812763894,149.267,0.0473
m,6.818656397,144.759,0.0476
m,6.839718681,136.486,0.0478
m,6.842756313,141.778,0.0478
m,6.845904654,142.055,0.0477
m,6.849089346,144.173,0.0477
m,6.871867525,146.985,0.0463
m,6.877722863,142.283,0.0464
m,6.880524204,144.384,0.0461
m,6.883454293,143.336,0.0458
m,6.886513031,149.284,0.0454
m,6.671426958,148.354,0.0478
m,6.674241859,142.791,0.0472
m,6.679498536,148.124,0.047
m,6.682072068,153.879,0.0468
m,6.684523792,153.48,0.0467
m,6.699930888,145.024,0.0463
m,6.70561615,140.202,0.0462
m,6.708684508,148.877,0.0462
m,6.711630396,141.953,0.0462
m,6.729283654,135.519,0.0463
m,6.732126239,144.529,0.046
m,6.738065653,151.302,0.046
m,6.740912751,140.195,0.0459
m,6.740912751,142.96,0.0459
m,6.760005218,145.453,0.0453
m,6.76287751,141.808,0.0454
m,6.765405649,144.314,0.0458
m,6.76804403,143.964,0.0455
m,6.770906017,149.012,0.0455
m,6.792419124,154.37,0.0465
m,6.795433328,154.261,0.0466
m,6.798559331,141.173,0.0467
m,6.801451497,138.88,0.047
m,6.821557629,143.056,0.0477
m,6.824821924,146.714,0.0476
m,6.8278368,146.167,0.048
m,6.830884063,146.174,0.0477
m,6.836918692,155.293,0.0478
m,6.852384393,143.21,0.0474
m,6.855698809,142.106,0.0471
m,6.858997604,146.466,0.0468
m,6.865728879,141.962,0.0466
m,6.868906577,150.388,0.0465
m,6.889101126,142.552,0.0452
m,6.891690408,150.472,0.0449
m,6.900196322,146.273,0.0443
m,6.90315567,147.808,0.0439
m,6.906117141,145.804,0.0437
m,6.90909982,153.369,0.0435
m,6.911955985,148.41,0.0432
m,6.914814585,142.087,0.0432
m,6.917910899,150.759,0.043
m,6.939557889,156.341,0.0431
m,6.943097884,150.181,0.0427
m,6.949495078,155.538,0.0428
m,6.949494603,156.801,0.0426
m,6.971668216,152.701,0.0424
m,6.977464989,144.944,0.0425
m,6.980182888,144.061,0.0429
m,6.980184104,153.05,0.0434
m,6.985536809,153.396,0.0436
m,7.001404763,145.231,0.0446
m,7.004110216,156.881,0.0451
m,7.006601643,150.891,0.0452
m,7.006602189,152.275,0.0454
m,7.012040296,144.55,0.0461
m,7.03059825,145.965,0.0488
m,7.033881809,159.979,0.0483
m,7.037534409,148.256,0.0477
m,7.041296275,150.478,0.0474
m,7.064349596,137.53,0.0459
m,7.067076466,151.709,0.0458
m,7.069697976,143.935,0.0456
m,7.072164057,142.028,0.0454
m,7.074393739,142.847,0.0452
m,7.088707381,155.415,0.0442
m,7.091494215,146.509,0.044
m,7.094282305,137.066,0.0438
m,7.097071159,139.609,0.0434
m,7.102364349,145.839,0.0432
m,7.118666549,152.183,0.0432
m,7.124214966,149.236,0.0434
m,7.12712221,151.261,0.0432
m,7.129898836,143.416,0.0432
m,6.923744745,151.091,0.043
m,6.926698363,152.064,0.0432
m,6.929652369,148.477,0.043
m,6.932716499,151.835,0.0431
m,6.93601849,153.334,0.0432
m,6.956261751,144.085,0.0422
m,6.95970202,160.377,0.0423
m,6.962906301,149.674,0.0421
m,6.96598397,158.623,0.0424
m,6.96871795,146.524,0.0424
m,6.988257729,150.145,0.0438
m,6.990871818,160.517,0.0437
m,6.993702649,147.032,0.0441
m,6.996319541,145.13,0.0442
m,7.014535756,143.226,0.0465
m,7.017162746,154.253,0.047
m,7.0200291,147.311,0.0479
m,7.025310958,152.589,0.0483
m,7.02772937,152.144,0.0487
m,7.044952456,141.563,0.0467
m,7.048587295,141.639,0.0464
m,7.052093583,145.519,0.0463
m,7.058375094,147.734,0.0462
m,7.061386826,145.728,0.0461
m,7.078436452,142.345,0.045
m,7.07843592,148.016,0.0448
m,7.083057289,145.873,0.0446
m,7.085816065,151.752,0.0444
m,7.104631303,152.567,0.0435
m,7.104631058,149.587,0.0434
m,7.109825433,147.272,0.0434
m,7.112727225,145.53,0.0433
m,7.115762159,160.317,0.0432
m,7.132516946,142.123,0.0432
m,7.135030844,143.867,0.0432
m,7.137518175,143.741,0.0432
m,7.140138613,151.284,0.0432
m,7.146071557,141.183,0.043
m,7.146071557,149.914,0.043
m,7.152378872,145.663,0.0428
m,7.155534259,143.829,0.0427
m,7.158690566,143.815,0.0425
m,7.161953108,146.031,0.0425
m,7.180325823,142.175,0.042
m,7.183283204,149.974,0.0419
m,7.185794828,151.037,0.0413
m,7.189962507,148.762,0.0412
m,7.189962085,146.472,0.041
m,7.205052485,146.428,0.0397
m,7.208382876,141.093,0.0396
m,7.209881426,149.267,0.0396
m,7.209881237,146.899,0.0395
m,7.219406827,151.9,0.0405
m,7.22068983,145.823,0.0406
m,7.221975406,141.335,0.0407
m,7.223532872,154.148,0.0406
m,7.224823737,146.993,0.0407
m,7.232019524,151.245,0.0416
m,7.233462935,155.041,0.0418
m,7.234773323,150.259,0.0419
m,7.234773768,161.555,0.0421
m,7.237233289,154.871,0.0424
m,7.245283304,155.034,0.0425
m,7.247646952,162.272,0.0424
m,7.248951243,148.706,0.0424
m,7.250359296,153.175,0.0424
m,7.259539349,153.364,0.0426
m,7.259540046,141.698,0.0429
m,7.262228547,156,0.043
m,7.263558601,159.083,0.0432
m,7.265164621,146.261,0.0431
m,7.273828744,146.248,0.0431
m,7.275214377,143.611,0.0431
m,7.27674008,144.332,0.043
m,7.278268212,143.27,0.0428
m,7.281195138,142.208,0.0427
m,7.16500755,147.211,0.0425
m,7.171252608,146.66,0.0423
m,7.174443561,151.72,0.0422
m,7.177502581,150.31,0.042
m,7.194195344,143.324,0.0407
m,7.196567013,155.599,0.0404
m,7.198941059,143.788,0.0402
m,7.201213616,148.817,0.0401
m,7.203250318,150.003,0.0397
m,7.21255652,150.31,0.0397
m,7.213928166,158.178,0.0397
m,7.215168103,139.958,0.0398
m,7.216276311,149.15,0.0401
m,7.218498237,151.689,0.0402
m,7.22587943,151.204,0.0408
m,7.227008745,144.024,0.0413
m,7.228139375,145.288,0.0414
m,7.230747135,149.635,0.0415
m,7.238517506,151.303,0.0425
m,7.239668437,154.373,0.0427
m,7.240719059,144.898,0.0427
m,7.242928944,152.32,0.0427
m,7.244121899,150.379,0.0425
m,7.251531564,152.185,0.0424
m,7.252842301,151.306,0.0423
m,7.254190858,148.504,0.0423
m,7.256859745,150.279,0.0422
m,7.25821599,144.449,0.0423
m,7.266499327,147.161,0.0433
m,7.269549998,148.202,0.0433
m,7.270928246,147.667,0.0434
m,7.272409253,156.128,0.0434
m,7.281194678,144.415,0.0425
m,7.284332286,147.081,0.0426
m,7.285835531,144.648,0.0426
m,7.287379633,138.324,0.0426
m,7.289025905,148.755,0.0425
m,7.290536475,141.445,0.0425
m,7.292149037,149.082,0.0425
m,7.293802638,145.903,0.0424
m,7.295458975,145.578,0.0424
m,7.305416888,151.477,0.0428
m,7.306855328,149.505,0.043
m,7.309500747,148.956,0.0431
m,7.310946398,146.589,0.0432
m,7.310946636,142.164,0.0433
m,7.319194626,157.486,0.0433
m,7.320993915,146.42,0.0433
m,7.322655549,150.074,0.0433
m,7.326167837,144.513,0.0434
m,7.326167122,157.49,0.0431
m,7.337679057,147.783,0.0432
m,7.338932818,152.697,0.0432
m,7.340329627,138.89,0.0431
m,7.341446728,147.074,0.0428
m,7.347310711,151.195,0.0432
m,7.347745515,146.954,0.0432
m,7.348367107,139.719,0.0431
m,7.349272553,139.455,0.0431
m,7.349988472,139.891,0.043
m,7.353823683,155.664,0.0424
m,7.355418888,146.776,0.0423
m,7.355418888,152.033,0.0423
m,7.356500752,152.588,0.0423
m,7.357044682,149.29,0.0422
m,7.360154206,152.804,0.0425
m,7.360431163,146.975,0.0425
m,7.360661018,145.654,0.0425
m,7.360654162,151.547,0.0425
m,7.360519514,148.438,0.0424
m,7.360245221,156.233,0.0425
m,7.360117037,154.633,0.0426
m,7.359725289,149.575,0.0427
m,7.359461809,161.777,0.0428
m,7.297118276,153.558,0.0426
m,7.300066899,138.813,0.0428
m,7.301356293,148.06,0.0429
m,7.30278658,146.795,0.0428
m,7.304080503,144.397,0.0428
m,7.313705314,155.054,0.0433
m,7.315059272,142.034,0.0432
m,7.316416315,142.087,0.0433
m,7.317734372,147.704,0.0433
m,7.329114264,144.685,0.0431
m,7.330591294,145.522,0.043
m,7.331973158,145.416,0.043
m,7.33335785,144.994,0.0431
m,7.33484262,147.289,0.0431
m,7.342664636,153.474,0.043
m,7.343602411,147.435,0.0431
m,7.345351282,146.923,0.0431
m,7.345351282,158.46,0.0431
m,7.346735823,140.278,0.0432
m,7.350706302,143.853,0.0429
m,7.351329403,148.451,0.0428
m,7.352192879,145.6,0.0427
m,7.352865354,152.345,0.0426
m,7.357590981,143.753,0.0422
m,7.358235438,155.332,0.0422
m,7.358643775,148.517,0.0423
m,7.359274628,144.091,0.0424
m,7.359689146,150.054,0.0425
m,7.360839243,149.65,0.0425
m,7.360835481,145.071,0.0425
m,7.360787247,154.994,0.0425
m,7.360743176,149.792,0.0425
m,7.360653701,146.072,0.0425
m,7.359462042,152.237,0.0429
m,7.358943097,159.526,0.0431
m,7.35844924,141.648,0.0432
m,7.358052744,149.213,0.0434
m,7.357420641,146.168,0.0437
m,7.356979469,143.269,0.0439
m,7.356397444,152.233,0.0445
m,7.355093055,154.177,0.0447
m,7.354416176,156.991,0.045
m,7.349239961,161.355,0.0464
m,7.347484247,153.217,0.0466
m,7.346634972,148.334,0.0468
m,7.345694382,146.125,0.0471
m,7.336936527,150.112,0.048
m,7.335534922,155.462,0.048
m,7.334042415,153.683,0.048
m,7.332459192,151.417,0.048
m,7.33087857,151.249,0.0481
m,7.322496611,151.464,0.048
m,7.320585924,152.5,0.0482
m,7.318914799,159.739,0.0482
m,7.317445408,161.064,0.0482
m,7.315555467,149.027,0.0482
m,7.299610403,151.181,0.0486
m,7.297189318,153.736,0.0487
m,7.295008493,157.503,0.0489
m,7.292975403,160.605,0.0489
m,7.278849438,157.23,0.0493
m,7.277069258,148.733,0.0495
m,7.27486913,154.843,0.0493
m,7.272581624,153.417,0.0496
m,7.268158754,157.955,0.0497
m,7.255201017,148.663,0.0495
m,7.252487627,156.364,0.0501
m,7.250547901,151.16,0.0506
m,7.245785436,155.433,0.0512
m,7.243349676,154.312,0.0517
m,7.22341954,152.217,0.0552
m,7.217524392,153.33,0.0553
m,7.214505746,150.114,0.0554
m,7.211548015,152.502,0.0555
m,7.354416967,147.043,0.0453
m,7.353153971,148.242,0.0454
m,7.352430976,155.177,0.0456
m,7.351283859,158.653,0.046
m,7.350188639,146.842,0.0462
m,7.345694965,148.759,0.0473
m,7.343300182,150.511,0.0475
m,7.342085032,146.857,0.0475
m,7.340965843,154.044,0.0476
m,7.339652649,153.695,0.048
m,7.329340427,150.652,0.0483
m,7.328094948,154.677,0.0483
m,7.326652172,157.08,0.0481
m,7.325357606,154.888,0.0481
m,7.31401485,155.172,0.0483
m,7.311653089,161.256,0.0482
m,7.307159111,153.612,0.0483
m,7.307159419,153.308,0.0484
m,7.302326177,151.182,0.0485
m,7.290742912,159.74,0.0492
m,7.288658043,156.213,0.0493
m,7.284329033,154.59,0.0492
m,7.284328713,156.873,0.0491
m,7.280722898,157.08,0.0492
m,7.26587634,156.471,0.0496
m,7.263210542,156.912,0.0496
m,7.260489796,159.688,0.0496
m,7.257827562,154.209,0.0495
m,7.241361365,156.812,0.0527
m,7.238780657,154.444,0.0532
m,7.235814963,156.948,0.0537
m,7.232819468,154.899,0.0544
m,7.223418732,157.675,0.055
m,7.202241658,148.986,0.0558
m,7.199233455,152.728,0.056
m,7.196495081,160.208,0.0562
m,7.194086134,151.969,0.0565
m,7.191678246,155.365,0.0567
m,7.189180998,161.258,0.0565
m,7.183835662,161.72,0.0562
m,7.18098764,151.652,0.056
m,7.180985154,159.48,0.0554
m,7.176308421,154.973,0.055
m,7.159682527,154.864,0.0532
m,7.157003815,152.672,0.053
m,7.154653673,160.868,0.0528
m,7.154652926,155.658,0.0526
m,7.15004595,161.207,0.0519
m,7.139972033,155.444,0.0469
m,7.142188316,156.793,0.0463
m,7.142187751,159.393,0.0461
m,7.147915561,158.403,0.0457
m,7.170324456,157.945,0.0448
m,7.172156734,158.984,0.0448
m,7.175948715,156.65,0.0448
m,7.181289524,158.407,0.0448
m,7.185814211,158.229,0.0447
m,7.207183502,154.003,0.0444
m,7.210292584,154.777,0.0444
m,7.214590988,154.632,0.0441
m,7.218263441,160.577,0.044
m,7.221548789,157.555,0.0445
m,7.240699812,157.377,0.0442
m,7.242689718,159.811,0.0442
m,7.247687858,154.14,0.0443
m,7.254765332,155.716,0.0445
m,7.275495295,154.01,0.0459
m,7.279549104,155.068,0.0466
m,7.283475534,158.148,0.0467
m,7.290243064,154.256,0.0469
m,7.294347181,158.184,0.0479
m,7.310082946,158.501,0.0521
m,7.315197896,153.273,0.0523
m,7.318004807,154.183,0.0527
m,7.321134523,159.16,0.0528
m,7.324112549,160.103,0.0529
m,7.173378444,151.43,0.0549
m,7.170773915,154.047,0.0539
m,7.167847551,150.259,0.0536
m,7.162540402,155.168,0.0534
m,7.147524098,158.476,0.0512
m,7.145242718,153.1,0.0505
m,7.14262713,157.093,0.0498
m,7.140048197,156.842,0.0486
m,7.138088419,154.227,0.0481
m,7.151589821,154.456,0.0457
m,7.154725592,160.703,0.0455
m,7.157735753,161.54,0.0452
m,7.163220155,153.063,0.0451
m,7.166557775,155.536,0.0449
m,7.189475629,155.361,0.0446
m,7.193161463,155.227,0.0445
m,7.200147987,156.765,0.0445
m,7.203708899,154.04,0.0445
m,7.224810989,157.608,0.0444
m,7.227836183,158.137,0.0444
m,7.233044997,155.199,0.0443
m,7.235855755,159.364,0.0443
m,7.238363942,157.009,0.0442
m,7.258424787,152.05,0.0449
m,7.258425314,152.262,0.0451
m,7.264726857,149.42,0.0449
m,7.267543532,149.904,0.0452
m,7.270446259,148.079,0.0453
m,7.294349646,162.356,0.0487
m,7.301494257,155.558,0.0496
m,7.304778965,154.423,0
m,7.307427649,155.51,0.051
m,7.32724369,155.223,0.0531
m,7.330223845,154.118,0.0535
m,7.336049822,159.683,0.0538
m,7.339994278,156.842,0.0542
m,7.339996231,156.494,0.0547
m,7.347313752,150.163,0.0551
m,7.350448698,152.263,0.0552
m,7.353363949,154.421,0.0552
m,7.357160886,151.13,0.0556
m,7.38324329,148.944,0.0577
m,7.386435084,151.23,0.0575
m,7.389458723,152.387,0.0574
m,7.392821759,155.544,0.0572
m,7.399552543,154.629,0.0574
m,7.419810729,156.498,0.0553
m,7.423064331,155.391,0.0547
m,7.42599789,156.141,0.0542
m,7.425995234,162.114,0.0535
m,7.432105467,152.252,0.0528
m,7.451404988,158.299,0.0498
m,7.453949373,156.846,0.0495
m,7.456634906,160.587,0.0489
m,7.45939417,161.56,0.0487
m,7.474847175,153.309,0.0471
m,7.4765936,152.79,0.0467
m,7.480167644,151.663,0.0465
m,7.481757119,154.366,0.0463
m,7.483277507,154.347,0.0461
m,7.491526714,161.718,0.0456
m,7.491526448,149.93,0.0455
m,7.494387915,154.081,0.0456
m,7.495703265,158.025,0.0456
m,7.496947586,153.69,0.0456
m,7.50347696,159.78,0.0457
m,7.504261588,162.667,0.0456
m,7.504810693,151.401,0.0453
m,7.505518071,152.648,0.0452
m,7.509132763,157.582,0.045
m,7.51064825,152.242,0.045
m,7.511215756,157.025,0.0449
m,7.512103653,157.557,0.045
m,7.512993816,152.86,0.0451
m,7.360367145,151.491,0.0562
m,7.368202528,154.931,0.0566
m,7.372088991,150.664,0.057
m,7.375822979,157.553,0.0572
m,7.379642426,158.191,0.0573
m,7.402849717,157.473,0.0573
m,7.406368596,157.297,0.0571
m,7.409786593,156.657,0.0566
m,7.413204113,149.796,0.0557
m,7.43497445,161.019,0.0524
m,7.437829405,158.443,0.0518
m,7.44053242,156.487,0.0512
m,7.445930815,152.297,0.0506
m,7.448708937,152.078,0.0502
m,7.464432822,156.542,0.0485
m,7.466795376,156.375,0.0483
m,7.46900648,156.536,0.0481
m,7.471053494,151.228,0.0478
m,7.472949406,150.9,0.0476
m,7.484717944,154.606,0.0459
m,7.485924178,150.774,0.0458
m,7.487308074,157.716,0.0457
m,7.490063386,158.995,0.0457
m,7.498267533,156.138,0.0457
m,7.500382294,155.354,0.0458
m,7.501175979,152.967,0.0457
m,7.502126732,160.222,0.0457
m,7.502923459,161.36,0.0457
m,7.505909357,161.77,0.0451
m,7.506533387,156.347,0.045
m,7.507790081,162.503,0.045
m,7.508416568,158.44,0.045
m,7.509132763,159.991,0.045
m,7.514628034,155.176,0.045
m,7.515291563,156.668,0.0449
m,7.516109843,160.19,0.0449
m,7.516850354,160.271,0.0449
m,7.517669714,158.892,0.0448
m,7.518178969,155.578,0.0449
m,7.519083782,155.613,0.0448
m,7.521732505,152.757,0.0447
m,7.522645997,148.774,0.0446
m,7.528817631,153.309,0.045
m,7.529834835,157.399,0.0451
m,7.530933158,162.592,0.0452
m,7.532192124,162.042,0.0454
m,7.538785629,156.065,0.0463
m,7.539982601,151.771,0.0464
m,7.540867144,158.93,0.0466
m,7.541520768,159.503,0.0467
m,7.542491577,158.754,0.0468
m,7.549100376,161.713,0.0474
m,7.550408073,153.887,0.0475
m,7.551714804,161.574,0.0476
m,7.554335002,148.801,0.0476
m,7.555966458,155.319,0.0476
m,7.567652077,155.172,0.0482
m,7.57205988,154.524,0.0483
m,7.574104996,154.715,0.0483
m,7.576228853,157.337,0.0483
m,7.591384649,159.298,0.049
m,7.597087036,154.34,0.049
m,7.600097314,158.91,0.049
m,7.603185779,155.853,0.0491
m,7.623283353,154.309,0.0493
m,7.630777075,154.786,0.0494
m,7.634256969,154.974,0.0493
m,7.638134392,156.675,0.0493
m,7.641777114,157.891,0.0491
m,7.661735745,151.457,0.0483
m,7.670280651,150.578,0.0481
m,7.674629822,152.814,0.0481
m,7.678819036,150.179,0.048
m,7.683243705,158.533,0.0476
m,7.523799974,146.99,0.0448
m,7.524799607,153.849,0.0449
m,7.525565579,154.415,0.045
m,7.527185126,156.467,0.045
m,7.527960829,161.365,0.0451
m,7.533375202,157.213,0.0456
m,7.535118216,157.557,0.0458
m,7.535118486,160.778,0.0459
m,7.53702814,157.534,0.0462
m,7.537906389,158.434,0.0462
m,7.544523428,150.956,0.0468
m,7.544523995,157.002,0.047
m,7.546885546,157.021,0.0473
m,7.547873494,162.422,0.0474
m,7.557682638,160.122,0.0477
m,7.557682933,159.232,0.0478
m,7.561205847,150.967,0.0479
m,7.563249428,161.619,0.0481
m,7.565449485,152.99,0.0482
m,7.578431542,161.153,0.0484
m,7.58079578,153.493,0.0485
m,7.58332202,157.481,0.0487
m,7.588616016,148.475,0.0488
m,7.59138434,156.778,0.0489
m,7.606587571,159.352,0.0492
m,7.609915574,154.679,0.0493
m,7.616407882,147.069,0.0494
m,7.619807656,153.005,0.0495
m,7.623283982,152.83,0.0495
m,7.64565707,161.881,0.049
m,7.649613748,157.474,0.049
m,7.653571109,162.493,0.0488
m,7.657615112,151.053,0.0485
m,7.691776338,148.593,0.0475
m,7.696204687,153.054,0.0474
m,7.70054725,150.926,0.0472
m,7.704890619,152.547,0.047
m,7.708999805,149.182,0.0469
m,7.713183831,157.47,0.0467
m,7.717294624,152.304,0.0466
m,7.725854057,155.851,0.0466
m,7.725853782,154.929,0.0465
m,7.758214007,146.663,0.0462
m,7.76256914,157.303,0.0462
m,7.7670864,154.647,0.0462
m,7.771355182,159.347,0.0461
m,7.775786277,150.787,0.0461
m,7.803460244,157.133,0.0463
m,7.807661543,150.206,0.0463
m,7.811686977,150.115,0.0463
m,7.815654883,152.054,0.0464
m,7.819446698,151.607,0.0465
m,7.84959644,156.258,0.0476
m,7.849597014,154.759,0.0478
m,7.857837883,150.482,0.048
m,7.861797535,156.118,0.0482
m,7.891096981,156.721,0.0502
m,7.895077841,158.881,0.0503
m,7.899221264,153.07,0.0503
m,7.903527332,150.548,0.0502
m,7.907744784,153.738,0.0502
m,7.939920258,159.345,0.05
m,7.944396894,158.937,0.0501
m,7.948620874,157.952,0.05
m,7.95284553,153.488,0.0499
m,7.965361575,152.373,0.0498
m,7.995239125,153.285,0.0507
m,7.995239771,153.556,0.0509
m,8.003014466,151.073,0.051
m,8.006667831,154.036,0.051
m,8.037428147,159.428,0.0513
m,8.041340341,153.747,0.0512
m,8.045161924,151.429,0.0513
m,8.048983299,155.849,0.0512
m,8.052876947,158.097,0.0513
m,7.734081998,155.089,0.0465
m,7.73803591,158.038,0.0464
m,7.741829409,150.452,0.0463
m,7.745858758,147.549,0.0462
m,7.753933525,158.546,0.0462
m,7.78030587,156.579,0.0461
m,7.784987758,156.668,0.0461
m,7.789670538,155.321,0.0461
m,7.799024387,153.387,0.0462
m,7.827339648,151.936,0.0466
m,7.830897968,156.629,0.0467
m,7.83089852,157.355,0.0469
m,7.837928008,151.454,0.0471
m,7.84157709,154.233,0.0474
m,7.865595463,155.33,0.0483
m,7.869129766,154.374,0.0495
m,7.872694329,158.443,0.0498
m,7.87982339,148.462,0.0499
m,7.883388822,161.116,0.05
m,7.912125172,152.446,0.0502
m,7.91675847,150.522,0.0502
m,7.926100173,155.913,0.0502
m,7.935372914,152.401,0.0501
m,7.969751511,159.884,0.0497
m,7.97398046,155.364,0.0499
m,7.978354346,157.132,0.0503
m,7.982818402,155.139,0.0503
m,7.991260861,152.984,0.0505
m,8.010341659,157.416,0.0511
m,8.013924403,153.009,0.0511
m,8.01759967,160.469,0.0513
m,8.025347602,157.805,0.0512
m,8.029349894,154.394,0.0512
m,8.060359701,154.884,0.0514
m,8.06434661,151.695,0.0515
m,8.06882321,158.636,0.0515
m,8.073300761,158.61,0.0516
m,8.07777827,162.478,0.0515
m,8.082093478,159.181,0.0515
m,8.086246309,155.788,0.0516
m,8.093992422,160.576,0.0517
m,8.093993088,161.129,0.0519
m,8.121876827,154.826,0.0546
m,8.125217676,152.356,0.0548
m,8.128394977,161.466,0.0549
m,8.131736084,150.098,0.055
m,8.160885659,154.439,0.0562
m,8.165399035,156.57,0.0563
m,8.169890311,152.245,0.0565
m,8.174054302,150.53,0.0566
m,8.178009925,157.939,0.0571
m,8.200739209,156.26,0.0581
m,8.204251898,153.819,0.0583
m,8.20769503,158.06,0.0585
m,8.211044498,157.13,0.0587
m,8.214395535,149.921,0.0592
m,8.241477377,151.564,0.0614
m,8.244756619,153.187,0.0619
m,8.248149219,158.366,0.0621
m,8.251677869,157.645,0.0625
m,8.272673531,158.267,0.0646
m,8.275549104,161.315,0.0649
m,8.278495933,155.673,0.0652
m,8.281445491,157.203,0.0658
m,8.284394814,152.108,0.0661
m,8.302532652,151.273,0.0671
m,8.305491477,152.612,0.0676
m,8.308216424,153.132,0.0679
m,8.314441385,153.59,0.0682
m,8.314442964,160.683,0.0685
m,8.333615098,152.1,0.07
m,8.336585903,158.607,0.0702
m,8.33986502,158.296,0.0707
m,8.342980781,156.434,0.0709
m,8.101414778,153.7,0.0521
m,8.104755965,160.779,0.053
m,8.108351162,156.576,0.0532
m,8.111786622,160.478,0.0543
m,8.11510443,159.098,0.0545
m,8.134913975,149.747,0.0551
m,8.138092153,150.11,0.0552
m,8.144216859,158.361,0.0558
m,8.151720191,161.535,0.0559
m,8.156139105,151.694,0.0561
m,8.181941524,153.456,0.0573
m,8.185874058,153.577,0.0576
m,8.193387571,158.66,0.0578
m,8.197062996,157.317,0.0579
m,8.217815467,158.613,0.0594
m,8.221235664,152.326,0.0596
m,8.228051496,150.525,0.0598
m,8.231448301,151.226,0.0601
m,8.234914563,158.417,0.0603
m,8.255089376,153.302,0.0632
m,8.261368301,159.653,0.0635
m,8.264263766,151.923,0.0638
m,8.267230052,154.996,0.0641
m,8.269869069,161.165,0.0643
m,8.290529636,154.925,0.0664
m,8.293479018,157.398,0.0663
m,8.29650323,153.871,0.0666
m,8.29959873,156.74,0.0668
m,8.320650886,161.032,0.0687
m,8.323687164,152.321,0.069
m,8.326582364,155.219,0.0692
m,8.329010814,151.51,0.0695
m,8.3311134,152.923,0.0697
m,8.348776585,160.407,0.071
m,8.351447913,150.563,0.0713
m,8.354211854,162.522,0.0716
m,8.3567288,153.399,0.0715
m,8.359565646,152.426,0.0718
m,8.362455216,157.457,0.0721
m,8.365797036,160.334,0.0727
m,8.372571801,156.541,0.073
m,8.372572962,152.643,0.0732
m,8.378741713,149.576,0.0735
m,8.394490944,161.691,0.074
m,8.400459286,157.638,0.0742
m,8.403275159,152.534,0.0745
m,8.403276951,151.855,0.0748
m,8.409777159,152.988,0.075
m,8.434289925,155.222,0.0756
m,8.437443091,155.021,0.0759
m,8.440685774,154.118,0.076
m,8.443840987,151.124,0.0762
m,8.465041108,146.666,0.0775
m,8.467532557,160.687,0.0776
m,8.470084094,153.355,0.0767
m,8.472667979,153.759,0.0767
m,8.475220248,149.586,0.0759
m,8.470973669,161.17,0.0719
m,8.467874708,155.527,0.0717
m,8.46493829,158.258,0.0714
m,8.461856635,150.31,0.0709
m,8.458688302,149.841,0.0707
m,8.434464309,156.82,0.0691
m,8.431016082,161.739,0.0688
m,8.427640442,152.305,0.0683
m,8.424352633,155.171,0.067
m,8.401372387,151.28,0.0646
m,8.398123822,152.079,0.0644
m,8.394876264,154.433,0.064
m,8.388532536,151.031,0.0638
m,8.385362479,156.913,0.0635
m,8.370159353,152.63,0.0624
m,8.366978274,154.989,0.0621
m,8.363799175,155.664,0.0619
m,8.360761962,157.843,0.0614
m,8.35758582,151.828,0.0612
m,8.381802127,156.068,0.0737
m,8.385027016,161.937,0.074
m,8.387893176,150.374,0.0738
m,8.391353163,153.576,0.0735
m,8.413318629,152.881,0.0752
m,8.417106574,155.628,0.0746
m,8.420668612,154.776,0.075
m,8.424068303,156.624,0.0752
m,8.430886952,158.257,0.0754
m,8.446998803,154.553,0.0766
m,8.450156759,155.391,0.0768
m,8.453154165,156.998,0.077
m,8.459402711,152.437,0.0772
m,8.46225754,158.228,0.0773
m,8.47693176,156.085,0.0751
m,8.477529032,145.853,0.0743
m,8.475942363,158.269,0.0735
m,8.473574647,156.414,0.0727
m,8.4517412,153.978,0.0704
m,8.451739572,151.163,0.0701
m,8.44479741,158.337,0.0698
m,8.441310199,154.291,0.0696
m,8.438003635,156.913,0.0693
m,8.418013042,154.424,0.0668
m,8.418011538,154.739,0.0665
m,8.411206449,160.686,0.0662
m,8.408057823,159.561,0.0651
m,8.404551711,155.096,0.0649
m,8.38536155,154.999,0.0633
m,8.379242317,153.967,0.0631
m,8.376219821,154.167,0.0628
m,8.373107278,158.979,0.0626
m,8.354410775,149.843,0.0609
m,8.348018659,155.502,0.0607
m,8.34484219,156.277,0.0597
m,8.341697075,157.24,0.0595
m,8.338367035,153.397,0.0592
m,8.335132159,157.942,0.059
m,8.332247345,153.892,0.0583
m,8.32501366,160.783,0.0577
m,8.321177803,156.016,0.0575
m,8.299255544,157.956,0.0554
m,8.295528096,153.009,0.0551
m,8.292292836,157.831,0.0541
m,8.289271127,150.878,0.0538
m,8.286251533,144.973,0.0535
m,8.269709532,161.911,0.0523
m,8.267446223,149.03,0.0518
m,8.263256045,152.435,0.0516
m,8.259221602,159.511,0.0511
m,8.257296959,161.947,0.0509
m,8.243897758,157.098,0.0486
m,8.242179695,154.739,0.0481
m,8.240162468,149.893,0.0476
m,8.23805133,155.806,0.0474
m,8.224324207,159.468,0.0459
m,8.219972569,153.174,0.0455
m,8.219971319,153.602,0.045
m,8.217783202,157.344,0.0448
m,8.213376315,155.393,0.0443
m,8.203973066,150.723,0.0429
m,8.201932449,158.574,0.0427
m,8.199795131,156.151,0.0425
m,8.197759162,160.402,0.0422
m,8.193330417,152.256,0.042
m,8.180464433,152.947,0.0404
m,8.176072691,149.683,0.0402
m,8.174094963,149.006,0.04
m,8.172053614,147.621,0.0399
m,8.159399077,154.967,0.0391
m,8.15515487,154.526,0.039
m,8.152975125,153.384,0.0389
m,8.150863437,158.547,0.0388
m,8.148587767,158.883,0.0388
m,8.321176621,152.778,0.0572
m,8.314047469,155.742,0.0565
m,8.31021716,159.222,0.0562
m,8.306622684,145.197,0.0559
m,8.302891002,149.86,0.0557
m,8.280358319,147.938,0.0532
m,8.277483745,156.659,0.053
m,8.274844264,153.39,0.0527
m,8.27220694,148.601,0.0525
m,8.255140633,153.885,0.0507
m,8.25315084,152.924,0.0505
m,8.251092222,153.802,0.0496
m,8.249270128,152.084,0.0491
m,8.246112217,155.373,0.0489
m,8.236272059,161.717,0.047
m,8.234398308,155.806,0.0468
m,8.232526071,157.504,0.0464
m,8.228586191,149.159,0.0462
m,8.226420168,153.689,0.046
m,8.211292377,149.042,0.044
m,8.211291678,152.865,0.0437
m,8.207695144,149.305,0.0434
m,8.20588248,148.993,0.0432
m,8.191135756,149.977,0.0418
m,8.191135342,151.541,0.0416
m,8.186953652,160.404,0.0415
m,8.184766459,158.141,0.0413
m,8.182581681,153.704,0.0411
m,8.170049286,152.459,0.0397
m,8.167881068,158.491,0.0396
m,8.165815967,153.702,0.0393
m,8.163718415,155.22,0.0393
m,8.161724076,155.687,0.0391
m,8.146676256,159.448,0.0386
m,8.144470556,150.159,0.0385
m,8.142267288,154.418,0.0383
m,8.140066789,151.562,0.0382
m,8.138036112,154.168,0.0381
m,8.133880148,153.416,0.038
m,8.131754457,156.832,0.0379
m,8.129566772,154.355,0.0377
m,8.127549303,162.399,0.0376
m,8.112710547,156.107,0.0368
m,8.110546348,156.491,0.0368
m,8.108321096,152.605,0.0367
m,8.106162092,153.13,0.0366
m,8.091648142,154.09,0.0359
m,8.089572983,156.421,0.0358
m,8.08762586,155.78,0.0357
m,8.086036721,155.665,0.0351
m,8.084093722,159.178,0.0349
m,8.063507765,160.747,0.0337
m,8.056666496,158.999,0.0336
m,8.053232933,148.085,0.0335
m,8.049913157,156.621,0.0332
m,8.046283769,150.292,0.0332
m,8.027694227,154.768,0.0335
m,8.026344758,156.126,0.0335
m,8.025900788,153.592,0.0335
s,8.025900895,154.353,0.0336
s,8.025945439,154.726,0.0336
s,8.026176403,154.401,0.0338
s,8.026176514,153.726,0.0339
s,8.026176514,154.028,0.0339
s,8.026176626,155.84,0.034
s,8.026133026,153.991,0.0348
s,8.026133274,153.995,0.035
s,8.0261334,154.397,0.0351
s,8.026133656,154.143,0.0353
s,8.025965109,151.988,0.0354
s,8.025566907,152.904,0.0363
s,8.025504978,153.909,0.0364
s,8.025505121,153.605,0.0365
s,8.025505266,152.476,0.0366
m,8.125623323,161.134,0.0373
m,8.123507458,159.987,0.0372
m,8.119283283,151.05,0.0371
m,8.117110975,156.685,0.037
m,8.117110825,154.958,0.0369
m,8.104173514,154.667,0.0364
m,8.099700906,149.852,0.0363
m,8.09755246,156.969,0.0362
m,8.095469728,156.82,0.0361
m,8.095469728,156.026,0.0361
m,8.080489124,158.296,0.0348
m,8.078652809,155.123,0.0345
m,8.069650659,155.673,0.0339
m,8.066685245,155.86,0.0338
m,8.046283667,150.292,0.0331
m,8.038828624,155.012,0.033
m,8.035516066,153.307,0.033
m,8.032417325,152.3,0.0331
m,8.029718414,153.084,0.0334
s,8.025900895,153.444,0.0336
s,8.025838825,153.171,0.0336
s,8.026007504,154.28,0.0336
s,8.025945439,154.513,0.0336
s,8.025945439,154.059,0.0336
s,8.026238805,154.964,0.0341
s,8.026070357,153.993,0.0343
s,8.026070474,155.6,0.0344
s,8.026132904,154.286,0.0347
s,8.02596524,153.396,0.0355
s,8.025965506,152.97,0.0357
s,8.025965506,152.284,0.0357
s,8.025735165,151.594,0.036
s,8.025735303,153.137,0.0361
s,8.025505412,151.742,0.0367
s,8.025505559,153.365,0.0368
s,8.025505707,154.293,0.0369
s,8.02544409,153.271,0.0372
s,8.025444243,153.63,0.0373
s,8.025382331,154.009,0.0374
s,8.025382487,155.252,0.0375
s,8.025382644,154.075,0.0376
s,8.025382644,152.323,0.0376
s,8.025382962,152.198,0.0378
s,8.025321548,154.635,0.0382
s,8.025383778,154.737,0.0383
s,8.025383945,153.538,0.0384
s,8.025384114,153.32,0.0385
s,8.025384454,153.32,0.0387
s,8.025216826,154.459,0.0393
s,8.025216826,154.307,0.0393
s,8.025217186,153.438,0.0395
s,8.025217368,154.001,0.0396
s,8.024756059,155.203,0.0397
s,8.024756059,153.203,0.0397
s,8.024756059,155.424,0.0397
s,8.024756059,154.422,0.0397
s,8.024693996,154.426,0.0397
s,8.024232693,154.278,0.0398
s,8.024232693,152.958,0.0398
s,8.024170633,152.449,0.0398
s,8.024108576,152.79,0.0398
s,8.023939891,154.221,0.0398
s,8.02352299,152.742,0.0398
s,8.02352299,156.07,0.0398
s,8.023460942,153.854,0.0398
s,8.023398896,156.358,0.0398
s,8.022982039,152.82,0.0398
s,8.022857786,154.102,0.0397
s,8.022795755,153.233,0.0397
s,8.022733727,155.149,0.0397
s,8.022733727,153.32,0.0397
s,8.022778197,156.118,0.0396
s,8.022778197,156.046,0.0396
s,8.022778197,156.681,0.0396
s,8.022778197,154.365,0.0396
s,8.02277838,156.846,0.0397
s,8.025382962,153.235,0.0378
s,8.025489739,153.097,0.0379
s,8.025489901,152.966,0.038
s,8.025321383,155.54,0.0381
s,8.025322735,153.239,0.0389
s,8.025384799,154.631,0.0389
s,8.02538515,153.164,0.0391
s,8.02538515,154.36,0.0391
s,8.025216648,155.503,0.0392
s,8.025155302,152.724,0.0396
s,8.025049057,155.501,0.0398
s,8.025049057,153.449,0.0398
s,8.02481831,153.052,0.0398
s,8.02481831,153.499,0.0398
s,8.024693996,154.282,0.0397
s,8.024525499,155.067,0.0398
s,8.024463436,153.767,0.0398
s,8.024401376,152.46,0.0398
s,8.023939891,152.1,0.0398
s,8.023939891,154.448,0.0398
s,8.023877835,153.852,0.0398
s,8.023877835,152.854,0.0398
s,8.023815781,153.436,0.0398
s,8.023336853,151.211,0.0398
s,8.023336853,153.708,0.0398
s,8.023274812,153.306,0.0398
s,8.023044077,153.784,0.0398
s,8.022982039,153.846,0.0398
s,8.0226717,155.916,0.0397
s,8.0226717,153.1,0.0397
s,8.022609676,153.258,0.0397
s,8.022778197,154.802,0.0396
s,8.02277838,155.565,0.0397
s,8.023009107,158.091,0.0397
s,8.023009107,155.039,0.0397
s,8.02307113,154.755,0.0397
s,8.02307113,155.808,0.0397
s,8.023133341,153.947,0.0398
s,8.023133341,154.841,0.0398
s,8.023195369,154.254,0.0398
s,8.023195369,157.987,0.0398
s,8.023319994,153.317,0.0401
s,8.023319994,156.101,0.0401
s,8.023275562,154.66,0.0402
s,8.023275753,153.85,0.0403
s,8.023337794,153.699,0.0403
s,8.023001185,157.425,0.0407
s,8.023063429,157.833,0.0408
s,8.022894738,154.445,0.0408
s,8.022895136,153.648,0.041
s,8.022957386,154.91,0.0411
s,8.022621034,156.806,0.0416
s,8.022621242,154.815,0.0417
s,8.022621242,154.228,0.0417
s,8.022621452,153.064,0.0418
s,8.022622087,153.103,0.0421
s,8.022453616,155.513,0.0422
s,8.022453831,155.525,0.0423
s,8.022453831,154.183,0.0423
s,8.022454048,154.704,0.0424
s,8.022223526,155.285,0.0425
s,8.022223745,154.331,0.0426
s,8.022161693,155.437,0.0426
s,8.022161693,155.572,0.0426
s,8.021993226,154.567,0.0427
s,8.02188749,159.624,0.0431
s,8.021381439,157.507,0.0431
s,8.020893148,153.413,0.0432
s,8.019774517,155.315,0.0432
s,8.005475387,155.315,0.0428
s,8.002609336,155.394,0.0428
s,7.999575149,153.109,0.0429
s,7.99643493,150.579,0.043
s,7.993232947,152.18,0.0432
s,8.0232574,155.653,0.0398
s,8.023257586,156.009,0.0399
s,8.023257586,154.325,0.0399
s,8.023319806,155.38,0.04
s,8.023319806,153.8,0.04
s,8.023169294,153.024,0.0404
s,8.023169294,153.76,0.0404
s,8.023169487,154.034,0.0405
s,8.023000989,154.815,0.0406
s,8.022788901,154.785,0.0412
s,8.022789104,154.291,0.0413
s,8.022620827,155.019,0.0415
s,8.022620827,154.281,0.0415
s,8.022621034,154.936,0.0416
s,8.022621452,154.272,0.0418
s,8.022621452,157.05,0.0418
s,8.022621662,152.496,0.0419
s,8.022621662,153.345,0.0419
s,8.022621662,154.349,0.0419
s,8.022454048,154.98,0.0424
s,8.022392212,154.833,0.0425
s,8.022223526,152.895,0.0425
s,8.022223526,154.488,0.0425
s,8.021993226,154.897,0.0427
s,8.021993448,154.545,0.0428
s,8.022055502,153.949,0.0428
s,8.021824984,155.473,0.0429
s,8.021887264,152.018,0.043
s,8.018025537,150.186,0.0431
s,8.016294281,150.926,0.043
s,8.014332184,150.044,0.0428
s,8.012202044,154.477,0.0428
s,8.010302854,161.734,0.0428
s,7.990031934,155.138,0.0437
s,7.982849013,160.664,0.044
s,7.978806316,155.104,0.0444
s,7.97880705,158.37,0.0447
s,7.970784507,149.943,0.0451
s,7.966637292,160.269,0.0455
s,7.962764355,151.566,0.0457
s,7.958723437,158.191,0.0459
s,7.95468322,153.079,0.0462
s,7.927883803,157.157,0.0476
s,7.923678548,151.83,0.0478
s,7.919242955,159.808,0.0481
s,7.911002118,155.852,0.0482
s,7.887341646,159.27,0.0488
s,7.883477013,154.474,0.049
s,7.879549276,150.305,0.0491
s,7.871212411,159.742,0.0492
s,7.867012948,158.826,0.0492
s,7.846734439,151.498,0.0489
s,7.839076427,158.111,0.0489
s,7.839076427,163.168,0.0489
s,7.831420208,150.055,0.0489
s,7.827624591,155.983,0.0489
s,7.802535375,155.992,0.0481
s,7.802535082,156.355,0.048
s,7.795391117,159.375,0.0481
s,7.791767773,149.95,0.0481
s,7.769327591,152.075,0.0467
s,7.764972436,157.496,0.0465
s,7.756432026,153.071,0.0464
s,7.752349054,153.307,0.0462
s,7.748202189,159.309,0.046
s,7.724541622,160.114,0.0456
s,7.724541622,149.481,0.0456
s,7.716680441,159.274,0.0457
s,7.712731384,155.083,0.0457
s,7.708718772,153.06,0.0459
s,7.68488322,154.928,0.0464
s,7.680474722,157.281,0.0465
s,7.676298115,155.775,0.0464
s,7.66404122,154.789,0.0464
s,7.664041494,156.873,0.0465
s,7.947171254,162.168,0.0466
s,7.9433631,153.948,0.0468
s,7.939492943,154.603,0.0471
s,7.939493501,156.083,0.0473
s,7.93192156,151.424,0.0475
s,7.90679846,158.877,0.0483
s,7.902994578,159.957,0.0484
s,7.899065035,153.733,0.0485
s,7.894967741,151.31,0.0486
s,7.891270115,156.852,0.0487
s,7.862814277,155.039,0.0493
s,7.85878341,157.627,0.0492
s,7.8547533,152.406,0.0492
s,7.850659888,150.12,0.0491
s,7.823829155,153.648,0.0488
s,7.820202249,154.483,0.0488
s,7.816575187,162.338,0.0486
s,7.813012053,158.324,0.0483
s,7.809449736,157.466,0.0481
s,7.788144585,154.772,0.048
s,7.784457534,152.445,0.0478
s,7.780707396,157.642,0.0478
s,7.777124254,154.943,0.0475
s,7.773142859,151.534,0.0474
s,7.74412027,152.195,0.0459
s,7.740206119,156.808,0.0458
s,7.736253785,154.56,0.0457
s,7.728492218,160.852,0.0456
s,7.704873827,153.202,0.0461
s,7.697249179,160.256,0.0462
s,7.693238192,152.044,0.0463
s,7.689227686,154.531,0.0464
s,7.655896596,158.174,0.0463
s,7.65188988,161.435,0.0462
s,7.648050828,160.15,0.0462
s,7.644212225,156.777,0.0462
s,7.6403086,158.705,0.0461
s,7.636304286,152.104,0.0462
s,7.627897669,161.416,0.0462
s,7.623394208,160.969,0.0462
s,7.623394208,153.609,0.0462
s,7.589554891,153.171,0.0462
s,7.585389947,153.426,0.0462
s,7.581392111,151.463,0.0462
s,7.577561321,156.179,0.0462
s,7.573564468,155.441,0.0462
s,7.55102613,161.616,0.0464
s,7.547233375,160.147,0.0464
s,7.543440651,155.279,0.0463
s,7.539714283,150.408,0.0462
s,7.536154895,157.628,0.0462
s,7.519126052,157.286,0.0465
m,7.518893852,159.504,0.0466
m,7.518661374,158.035,0.0466
s,7.518528908,158.699,0.0466
s,7.518165108,160.75,0.047
s,7.518231619,162.144,0.0471
s,7.518231619,158.068,0.0471
s,7.518231619,159.748,0.0471
s,7.518231619,159.696,0.0471
s,7.517865921,161.195,0.0473
s,7.517865921,159.489,0.0473
s,7.517170843,161.612,0.0481
s,7.51693988,159.848,0.0486
s,7.516543337,161.995,0.0493
s,7.514132428,161.878,0.0537
s,7.51356898,159.912,0.0541
s,7.513171405,159.541,0.0544
s,7.513171405,157.874,0.0544
s,7.5130408,157.229,0.0552
s,7.512809901,160.245,0.0556
s,7.512744451,159.591,0.0558
s,7.512745258,157.376,0.056
s,7.512745664,158.354,0.0561
s,7.614490481,157.761,0.0462
s,7.610322265,157.958,0.0462
s,7.605922133,160.661,0.0461
s,7.601654098,154.93,0.0462
s,7.597654465,156.131,0.0463
s,7.56973462,157.638,0.0462
s,7.565905234,160.349,0.0462
s,7.562076586,158.697,0.0463
s,7.554753258,151.782,0.0464
s,7.532728601,156.746,0.0464
s,7.525876275,155.404,0.0464
s,7.525876275,154.453,0.0464
s,7.520555767,160.065,0.0464
s,7.519292295,158.108,0.0465
s,7.51846296,160.366,0.0467
s,7.518397015,159.636,0.0468
s,7.518397015,157.018,0.0468
s,7.518231049,158.916,0.0469
s,7.518165108,155.36,0.047
s,7.518131601,158.277,0.0471
s,7.517965642,159.656,0.0472
s,7.518031876,160.236,0.0472
s,7.517865921,159.361,0.0473
s,7.516146533,160.364,0.0499
s,7.515749778,159.098,0.0505
s,7.515753855,160.214,0.0517
s,7.514526751,157.98,0.0525
s,7.514130572,160.086,0.0532
s,7.513073351,159.859,0.0549
s,7.512842046,159.468,0.0552
s,7.512908295,160.61,0.0552
s,7.512974546,159.705,0.0552
s,7.5130408,159.787,0.0552
s,7.512580247,159.643,0.0563
s,7.512480272,159.591,0.0563
s,7.51254694,161.403,0.0564
s,7.512214486,161.112,0.0564
s,7.512214897,159.356,0.0565
s,7.51198282,159.007,0.0566
s,7.511816594,160.9,0.0566
s,7.511817008,160.003,0.0567
s,7.511650782,160.416,0.0567
s,7.510986615,159.107,0.0566
s,7.510986615,160.213,0.0566
s,7.510920775,160.841,0.0567
s,7.51068829,161.001,0.0567
s,7.510091243,159.365,0.0568
s,7.510091243,160.907,0.0568
s,7.509925007,160.147,0.0568
s,7.509858347,160.407,0.0567
s,7.509792518,160.147,0.0568
s,7.509361327,159.211,0.0568
s,7.509360912,160.29,0.0567
s,7.509194668,161.572,0.0567
s,7.509128435,160.596,0.0567
s,7.509228036,159.616,0.0566
s,7.508995149,159.416,0.0565
s,7.508928511,157.332,0.0564
s,7.508928511,157.962,0.0564
s,7.508762673,158.649,0.0565
s,7.508896373,160.559,0.0568
s,7.508963441,161.401,0.057
s,7.508863854,160.043,0.0571
s,7.508865544,162.657,0.0575
s,7.508998024,161.015,0.0575
s,7.509167355,162.594,0.0585
s,7.509234051,160,0.0586
s,7.509300311,159.905,0.0586
s,7.509300751,159.491,0.0587
s,7.509367455,157.052,0.0588
s,7.509271079,156.63,0.0596
s,7.509337802,160.809,0.0597
s,7.509337802,158.217,0.0597
s,7.509338713,159.168,0.0599
s,7.511750746,160.393,0.0567
s,7.511517845,160.814,0.0566
s,7.511451587,159.198,0.0566
s,7.511219101,158.154,0.0566
s,7.511219101,157.761,0.0566
s,7.510455807,161.051,0.0567
s,7.510389557,160.348,0.0567
s,7.510389972,158.262,0.0568
s,7.510389972,160.744,0.0568
s,7.510091243,158.619,0.0568
s,7.509560039,160.798,0.0568
s,7.509493799,159.409,0.0568
s,7.509427562,162.149,0.0568
s,7.509361327,158.504,0.0568
s,7.509061377,159.299,0.0565
s,7.509061377,160.995,0.0565
s,7.509161396,158.615,0.0565
s,7.508995149,157.088,0.0565
s,7.508995149,159.906,0.0565
s,7.508762673,160.089,0.0565
s,7.508762673,159.243,0.0565
s,7.508829314,157.823,0.0566
s,7.508895544,156.694,0.0566
s,7.508895958,158.48,0.0567
s,7.509131367,161.064,0.0577
s,7.508965991,159.614,0.0579
s,7.509033104,160.049,0.0581
s,7.509100226,159.803,0.0583
s,7.509367455,159.414,0.0588
s,7.509368343,159.592,0.059
s,7.509368789,161.375,0.0591
s,7.509436398,157.907,0.0594
s,7.509270176,157.682,0.0594
s,7.509405901,159.596,0.0601
s,7.509405901,160.415,0.0601
s,7.509472634,159.299,0.0602
s,7.509473096,156.443,0.0603
s,7.509539372,157.51,0.0603
s,7.50970559,157.558,0.0603
s,7.509771865,157.689,0.0603
s,7.509838145,157.538,0.0603
s,7.509838145,158.798,0.0603
s,7.509904426,155.972,0.0603
s,7.510270422,158.476,0.0605
s,7.510336712,155.902,0.0605
s,7.510336712,156.056,0.0605
s,7.510204601,156.859,0.0606
s,7.510206006,157.143,0.0609
s,7.510274185,161.225,0.0613
s,7.510274185,158.375,0.0613
s,7.510572975,158.485,0.0613
s,7.510572975,158.647,0.0613
s,7.51077186,160.865,0.0613
s,7.51083816,158.792,0.0613
s,7.510904463,153.781,0.0613
s,7.510904463,155.189,0.0613
s,7.510772814,156.141,0.0615
s,7.510243941,154.969,0.0618
s,7.510244424,155.228,0.0619
s,7.510178145,154.162,0.0619
s,7.51017863,158.25,0.062
s,7.510012414,155.053,0.062
s,7.510078694,158.404,0.062
m,7.510144976,161.068,0.062
m,7.510144976,161.481,0.062
m,7.510211261,159.165,0.062
m,7.510047053,158.34,0.0622
m,7.510047053,153.778,0.0622
m,7.509215967,153.761,0.0622
m,7.507453465,151.127,0.0621
m,7.505691592,159.764,0.0621
m,7.493727474,147.862,0.062
m,7.490937097,154.001,0.062
m,7.485456773,149.792,0.0619
m,7.482601178,155.723,0.0619
m,7.479745993,157.617,0.0619
s,7.509971638,159.761,0.0605
s,7.509971638,157.334,0.0605
s,7.510037924,156.965,0.0605
s,7.510037924,157.514,0.0605
s,7.510140665,156.199,0.0611
s,7.510141138,158.901,0.0612
s,7.510207423,156.067,0.0612
s,7.510207898,157.25,0.0613
s,7.510207898,159.063,0.0613
s,7.510639267,159.163,0.0613
s,7.510639267,156.434,0.0613
s,7.510639267,157.696,0.0613
s,7.510705563,159.814,0.0613
s,7.51077186,159.101,0.0613
s,7.510773293,157.037,0.0616
s,7.510508597,158.143,0.0617
s,7.510508597,157.057,0.0617
s,7.510310222,157.389,0.0618
s,7.510012414,160.376,0.062
s,7.510078694,161.025,0.062
s,7.510078694,159.158,0.062
s,7.510012414,158.292,0.062
s,7.510078694,156.515,0.062
m,7.510111339,156.469,0.062
m,7.510145462,158.033,0.0621
m,7.510145462,157.454,0.0621
m,7.510179603,155.933,0.0622
m,7.510113326,156.771,0.0622
m,7.503663843,154.896,0.0621
m,7.501470168,152.957,0.0621
m,7.499044222,162.483,0.0621
m,7.496352681,152.871,0.0621
m,7.476824574,153.86,0.0619
m,7.473737528,157.838,0.0619
m,7.470717574,153.427,0.0619
m,7.467797271,162.636,0.0619
m,7.464545481,149.652,0.0623
m,7.461561074,154.693,0.0623
m,7.455022323,160.171,0.0623
m,7.451905592,155.023,0.0623
m,7.448789428,155.864,0.0623
m,7.428934965,156.896,0.0629
m,7.422508618,144.302,0.0629
m,7.419262546,150.906,0.0629
m,7.416016907,156.85,0.0629
m,7.412606092,153.974,0.0629
m,7.395754832,159.631,0.0628
m,7.389037177,151.556,0.0628
m,7.385630025,149.594,0.0628
m,7.381989868,162.23,0.0627
m,7.378283079,151.142,0.0627
m,7.353597057,150.789,0.0627
m,7.349932317,156.993,0.0627
m,7.34659914,150.567,0.0628
m,7.343100842,159.82,0.0628
m,7.317789106,153.368,0.0631
m,7.313966757,147.69,0.0632
m,7.31044624,156.253,0.0632
m,7.30662539,146.486,0.0633
m,7.302942125,159.302,0.0634
m,7.279802655,153.444,0.0638
m,7.275616816,153.486,0.0639
m,7.27159672,157.332,0.0641
m,7.267577131,149.728,0.0643
m,7.259442663,149.343,0.0645
m,7.23020117,160.33,0.0686
m,7.226420228,148.192,0.0688
m,7.226421418,151.456,0.069
m,7.219093559,147.28,0.0692
m,7.193898179,154.1,0.0702
m,7.190331991,159.887,0.0704
m,7.190349192,156.912,0.0731
m,7.181631535,151.288,0.0733
m,7.178346149,153.953,0.0735
m,7.445507535,161.906,0.0622
m,7.442392531,154.997,0.0622
m,7.439376839,149.454,0.0622
m,7.435629816,158.961,0.0626
m,7.432316503,145.047,0.0629
m,7.409428641,152.739,0.0629
m,7.406117032,152.23,0.0629
m,7.402707607,154.919,0.0629
m,7.399298156,154.873,0.0628
m,7.374711928,153.217,0.0627
m,7.371239012,147.932,0.0627
m,7.367601168,152.574,0.0627
m,7.364099233,147.223,0.0627
m,7.360597902,153.461,0.0627
m,7.339603658,156.671,0.0629
m,7.336038546,160.566,0.0629
m,7.332542547,153.544,0.063
m,7.324959305,152.728,0.063
m,7.324959814,153.547,0.0631
m,7.299026433,142.584,0.0635
m,7.29119714,151.277,0.0636
m,7.287476356,152.289,0.0637
m,7.287476876,151.696,0.0638
m,7.255424112,156.533,0.0646
m,7.251475004,147.26,0.0647
m,7.247595452,151.155,0.0648
m,7.241478825,157.569,0.0681
m,7.237697407,154.798,0.0685
m,7.215452152,151.093,0.0693
m,7.212045665,150.308,0.0695
m,7.208405664,147.713,0.0696
m,7.20467268,155.421,0.0699
m,7.197465769,154.177,0.0701
m,7.17492249,153.508,0.0737
m,7.171361611,154.791,0.0741
m,7.164098517,152.572,0.0743
m,7.16046871,154.542,0.0745
m,7.15700285,157.085,0.0746
m,7.153468355,156.02,0.0748
m,7.149840597,149.316,0.075
m,7.146307338,155.998,0.0752
m,7.143008567,149.992,0.0754
m,7.115443706,148.475,0.0767
m,7.111098199,155.067,0.0769
m,7.106519532,155.012,0.0771
m,7.102106685,161.132,0.0775
m,7.072866373,155.338,0.0787
m,7.068855982,145.419,0.0789
m,7.064796222,152.469,0.0818
m,7.054911198,157.718,0.082
m,7.050953474,149.139,0.0823
m,7.031943137,154.23,0.0834
m,7.024079035,149.56,0.0836
m,7.020240687,158.356,0.0838
m,7.014681369,151.315,0.0855
m,7.010842746,158.012,0.0857
m,6.984640172,150.093,0.0896
m,6.982813041,155.341,0.0899
m,6.981981475,149.559,0.0901
m,6.981311856,153.015,0.0902
s,6.980074379,155.963,0.0902
s,6.980073463,155.411,0.0901
s,6.980053025,154.408,0.09
s,6.97992747,153.737,0.0898
s,6.979841164,154.664,0.0896
s,6.980256996,154.642,0.0887
s,6.980600607,154.44,0.0885
s,6.980690117,155.412,0.0883
s,6.980689228,155.108,0.0882
s,6.981247536,152.316,0.088
s,6.982505509,151.952,0.0874
s,6.982901871,151.701,0.0873
s,6.982902748,152.6,0.0874
s,6.983533501,153.913,0.0873
m,7.13931271,145.637,0.0756
m,7.135689064,149.043,0.076
m,7.131994534,146.907,0.0762
m,7.124441597,153.276,0.0763
m,7.120024072,154.56,0.0765
m,7.093535363,157.059,0.0777
m,7.093536822,155.558,0.0779
m,7.085343723,160.242,0.0781
m,7.081145481,147.484,0.0783
m,7.07687753,149.68,0.0785
m,7.050955071,151.177,0.0825
m,7.043387063,149.862,0.0827
m,7.039523691,150.497,0.0829
m,7.035734097,153.66,0.0833
m,7.007005705,154.909,0.086
m,7.003311436,154.46,0.0862
m,6.999618077,145.921,0.0864
m,6.991349851,148.192,0.0884
m,6.99135792,159.209,0.0893
s,6.980878582,154.527,0.0905
s,6.980721897,152.908,0.0905
s,6.980557283,154.975,0.0903
s,6.980361833,154.485,0.0903
s,6.980198132,154.172,0.0902
s,6.979787379,154.272,0.0894
s,6.979805218,155.844,0.0892
s,6.98005838,154.615,0.0891
s,6.980075361,153.598,0.0888
s,6.981409498,154.007,0.0879
s,6.981571462,152.576,0.0878
s,6.981804971,152.679,0.0877
s,6.982038482,152.056,0.0876
s,6.982271994,152.161,0.0875
s,6.983767018,152.906,0.0872
s,6.984072958,152.753,0.0872
s,6.984378028,153.185,0.0871
s,6.984683106,154.411,0.087
s,6.985366579,152,0.087
s,6.985600108,151.544,0.0869
s,6.985905207,152.368,0.0868
s,6.986138739,154.308,0.0867
s,6.986371409,154.478,0.0865
s,6.986533377,154.819,0.0864
s,6.988006209,153.9,0.0858
s,6.988167332,153.04,0.0856
s,6.98832931,154.706,0.0855
s,6.988562016,153.956,0.0853
s,6.988562016,155.366,0.0853
s,6.98918776,153.385,0.0846
s,6.989278182,150.957,0.0845
s,6.989439347,153.608,0.0843
s,6.989456563,154.375,0.084
s,6.989057766,156.753,0.0829
s,6.988983805,155.148,0.0826
s,6.98869609,154.023,0.0824
s,6.988622965,154.078,0.0822
s,6.988406819,153.602,0.082
s,6.987988211,150.827,0.0808
s,6.987915942,153.26,0.0807
s,6.987699934,151.97,0.0805
s,6.987697608,152.679,0.0802
s,6.987625357,151.813,0.0801
s,6.98699226,152.808,0.0788
s,6.986847866,151.596,0.0786
s,6.986866408,153.114,0.0784
s,6.986722047,152.593,0.0782
s,6.986234099,152.517,0.0771
s,6.986161238,153.575,0.0769
s,6.98625133,155.412,0.0767
s,6.986107089,154,0.0765
s,6.986034256,152.931,0.0763
s,6.985365907,153.869,0.0755
s,6.985293825,152.512,0.0754
s,6.985150377,154.288,0.0753
s,6.985077603,154.203,0.0751
s,6.985096446,153.647,0.0749
s,6.986929746,152.786,0.0863
s,6.987072027,153.826,0.0862
s,6.987611547,153.119,0.0861
s,6.987773517,154.172,0.086
s,6.988704323,153.604,0.0852
s,6.98893704,152.903,0.085
s,6.989027446,154.364,0.0849
s,6.989099023,153.316,0.0849
s,6.989188597,152.48,0.0847
s,6.98940308,153.351,0.0838
s,6.989401433,153.918,0.0836
s,6.989347995,153.643,0.0834
s,6.98927482,154.317,0.0832
s,6.989130113,154.498,0.083
s,6.988405224,154.599,0.0818
s,6.988351989,152.219,0.0816
s,6.988279696,153.083,0.0815
s,6.988135122,152.124,0.0813
s,6.987389447,152.632,0.0799
s,6.987244965,152.068,0.0797
s,6.987263398,152.375,0.0795
s,6.987190411,155.083,0.0793
s,6.987045217,151.84,0.079
s,6.986577702,153.423,0.078
s,6.986504796,153.273,0.0778
s,6.986359743,152.586,0.0775
s,6.986286858,152.979,0.0773
s,6.986286127,154.818,0.0772
s,6.985798481,152.661,0.0761
s,6.985492033,155.155,0.076
s,6.985419932,153.76,0.0759
s,6.985418511,154.582,0.0757
s,6.984880982,152.461,0.0747
s,6.984808936,154.295,0.0746
s,6.984664855,154.076,0.0744
s,6.98459282,152.275,0.0743
s,6.984448763,154.5,0.0741
s,6.984304722,152.801,0.0739
s,6.984231345,153.369,0.0736
s,6.98415866,153.876,0.0734
s,6.983872015,151.64,0.0732
s,6.983477012,153.214,0.072
s,6.983333126,152.126,0.0718
s,6.983423563,154.078,0.0716
s,6.983351633,151.465,0.0715
s,6.983442091,153.097,0.0713
s,6.983589649,153.56,0.0704
s,6.983589649,151.752,0.0704
s,6.983518399,151.989,0.0704
s,6.983518399,151.6,0.0704
s,6.98344652,151.991,0.0703
s,6.98286495,152.075,0.0702
s,6.982701277,151.986,0.0701
s,6.982701277,152.131,0.0701
s,6.98251709,151.858,0.07
s,6.982291996,154.904,0.0699
s,6.982505866,153.704,0.0699
s,6.982991812,152.806,0.0694
s,6.983063103,154.908,0.0694
s,6.983063103,154.379,0.0694
s,6.983906781,152.766,0.0691
s,6.984283699,155.157,0.0691
s,6.984355621,155.847,0.0692
s,6.984426928,154.076,0.0692
s,6.984733175,154.791,0.0693
s,6.986079931,152.056,0.0696
s,6.986222613,154.186,0.0696
s,6.986365304,146.864,0.0696
s,6.986488363,160.014,0.0697
s,6.974884358,151.773,0.0697
s,6.971770087,148.523,0.0696
s,6.968746973,150.339,0.0694
s,6.965614368,148.817,0.0693
s,6.958792346,153.171,0.0692
s,6.983962357,151.854,0.073
s,6.983818394,154.364,0.0728
s,6.983582081,153.645,0.0725
s,6.983601156,152.7,0.0723
s,6.983549619,152.672,0.0722
s,6.983531917,153.308,0.071
s,6.983623043,154.253,0.0709
s,6.983479875,153.802,0.0708
s,6.983570382,154.52,0.0706
s,6.983212224,152.478,0.0703
s,6.983212224,151.488,0.0703
s,6.983048543,151.08,0.0702
s,6.982885493,152.317,0.0702
s,6.982956743,153.185,0.0702
s,6.982425321,152.799,0.07
s,6.982425321,150.141,0.07
s,6.982404833,152.291,0.07
s,6.982313081,153.547,0.07
s,6.982383735,152.652,0.0699
s,6.983477805,151.95,0.0689
s,6.983549702,155.752,0.069
s,6.983784013,153.86,0.069
s,6.983906781,154.023,0.0691
s,6.98480449,153.664,0.0693
s,6.984947743,152.37,0.0694
s,6.985182064,152.791,0.0694
s,6.985630984,153.52,0.0695
s,6.985630984,153.878,0.0695
s,6.986519887,155.622,0.0698
s,6.98638856,144.345,0.0699
s,6.982926705,150.454,0.0699
s,6.980951776,150.154,0.0699
s,6.980951776,157.932,0.0699
s,6.955427767,150.019,0.0691
s,6.951829488,150.084,0.069
s,6.947997468,154.659,0.0689
s,6.944491373,151.605,0.0688
s,6.940660772,147.69,0.0687
s,6.937136862,150.032,0.0685
s,6.933542365,159.156,0.0684
s,6.929714062,152.571,0.0683
s,6.921591086,149.956,0.0682
s,6.895663073,148.626,0
s,6.89158551,154.437,0.0667
s,6.887674444,149.447,0.0666
s,6.883529564,152.623,0.0665
s,6.857673348,146.498,0.0657
s,6.854005366,144.047,0.0657
s,6.850426703,159.823,0.0656
s,6.846702845,141.593,0.0655
s,6.842890243,143.139,0.0653
s,6.821317105,153.362,0.0651
s,6.817598659,143.693,0.0651
s,6.813792559,152.54,0.0651
s,6.806973948,150.238,0.0647
s,6.803331079,149.641,0.0647
s,6.782466034,147.604,0.0643
s,6.775673452,156.375,0.0643
s,6.772196899,151.989,0.0642
s,6.768868626,147.318,0.0641
s,6.74184582,150.14,0.0637
s,6.737979449,146.55,0.0636
s,6.734027518,148.118,0.0636
s,6.726299618,142.107,0.0636
s,6.726299067,146.002,0.0635
s,6.702483842,148.471,0.0632
s,6.698520906,149.16,0.0629
s,6.690763293,146.507,0.0628
s,6.687001937,147.931,0.0626
s,6.683230105,151.233,0.0625
s,6.661371857,149.066,0.062
s,6.657989827,141.336,0.0619
s,6.654448123,148.845,0.0618
s,6.65083224,145.549,0.0617
s,6.647301401,141.556,0.0614
s,6.917584683,150.685,0.0681
s,6.913597732,155.509,0.0681
s,6.909683312,146.485,0.068
s,6.907368028,154.826,0.0673
s,6.903865179,146.881,0.0669
s,6.879620304,152.408,0.0664
s,6.875712538,151.912,0.0664
s,6.871894482,149.475,0.0663
s,6.865231035,155.613,0.0658
s,6.861415094,160.601,0.0657
s,6.835874213,148.145,0.0652
s,6.835874213,144.636,0.0652
s,6.828667912,152.005,0.0652
s,6.825109973,145.943,0.0652
s,6.79620845,155.744,0.0646
s,6.79620845,154.237,0.0646
s,6.792729198,144.894,0.0646
s,6.785860481,149.243,0.0646
s,6.782466594,153.858,0.0644
s,6.765467354,142.874,0.064
s,6.757801543,140.569,0.064
s,6.753932223,139.945,0.0639
s,6.74997704,149.308,0.0639
s,6.74587403,156.062,0.0638
s,6.718338773,140.046,0.0635
s,6.714477337,144.707,0.0635
s,6.710616077,145.074,0.0634
s,6.706756094,149.909,0.0634
s,6.679448653,148.665,0.0626
s,6.67560392,154.809,0.0626
s,6.671906565,145.018,0.0621
s,6.668693826,149.294,0.062
s,6.643857506,150.295,0.0613
s,6.636951855,148.321,0.0612
s,6.633424595,144.035,0.0611
s,6.633424595,139.575,0.0611
s,6.626156693,148.491,0.0611
s,6.622555755,146.625,0.061
s,6.619621502,143.843,0.0603
s,6.615945884,147.022,0.0602
s,6.612195329,145.04,0.0601
s,6.587714258,155.101,0.0596
s,6.586424993,148.495,0.0595
s,6.586340649,149.722,0.0595
s,6.586643788,149.961,0.0596
s,6.586728114,153.083,0.0596
s,6.583890576,150.248,0.0597
s,6.579564226,147.904,0.0597
s,6.579562723,144.856,0.0594
s,6.574796598,152.068,0.059
s,6.572033861,149.114,0.0586
s,6.564135208,158.457,0.0577
s,6.564135682,157.456,0.0578
s,6.564674672,156.356,0.0578
s,6.564902171,161.455,0.0578
s,6.566419411,160.778,0.0578
s,6.566495301,160.975,0.0578
s,6.56641137,160.053,0.0578
s,6.566395345,157.727,0.0578
s,6.566462804,158.814,0.0577
s,6.567013935,161.366,0.0568
s,6.567089851,158.414,0.0568
s,6.56716577,160.462,0.0568
s,6.567241691,162.39,0.0568
s,6.567234206,161.155,0.0569
s,6.567781589,159.212,0.0569
s,6.567781589,161.73,0.0569
s,6.567857985,161.785,0.057
s,6.567857985,157.684,0.057
s,6.567370264,161.403,0.0569
s,6.567446214,162.065,0.0569
s,6.567522166,160.376,0.0569
s,6.567408545,158.976,0.0566
s,6.567324202,160.684,0.0565
s,6.608285562,145.504,0.0601
s,6.601182799,152.978,0.06
s,6.597594503,142.142,0.06
s,6.597593493,152.468,0.0598
s,6.590670798,151.639,0.0597
s,6.586643788,148.44,0.0596
s,6.586239506,147.059,0.0596
s,6.585911434,145.681,0.0597
s,6.585178715,144.914,0.0597
s,6.569027044,150.839,0.0582
s,6.566567386,146.487,0.0578
s,6.565203501,153.554,0.0577
s,6.563831484,156.705,0.0576
s,6.564067176,155.838,0.0576
s,6.564902646,160.83,0.0579
s,6.565669267,158.377,0.0579
s,6.565896845,161.808,0.0579
s,6.566048099,160.995,0.0578
s,6.566275714,163.484,0.0578
s,6.566526573,158.322,0.0568
s,6.566726801,161.392,0.0569
s,6.566870109,161.475,0.0568
s,6.566870109,160.468,0.0568
s,6.567310137,160.872,0.0569
s,6.56738607,159.283,0.0569
s,6.56738607,161.198,0.0569
s,6.56738607,161.58,0.0569
s,6.567705657,163.633,0.0569
s,6.567698195,162.033,0.057
s,6.567698195,158.566,0.057
s,6.567294317,160.839,0.0569
s,6.567370264,158.642,0.0569
s,6.567530046,160.938,0.0569
s,6.567278523,158.69,0.0561
s,6.567278523,158.057,0.0561
s,6.567224666,162.114,0.0556
s,6.567140252,155.909,0.0555
s,6.567140252,160.408,0.0555
s,6.567138504,159.479,0.0551
s,6.567398596,160.732,0.0551
s,6.567474446,159.835,0.0551
s,6.567733384,162.128,0.0548
s,6.568150689,161.515,0.0541
s,6.568225251,162.065,0.0538
s,6.56824016,161.403,0.0534
s,6.568408361,160.62,0.0534
s,6.568392169,161.359,0.0535
s,6.568392169,162.363,0.0535
s,6.568392169,157.678,0.0535
s,6.568392169,159.689,0.0535
s,6.568232282,158.266,0.0535
s,6.567904258,159.696,0.0535
s,6.567820199,159.067,0.0535
s,6.567736147,160.248,0.0535
s,6.567271771,159.314,0.0532
s,6.567278818,157.548,0.0529
s,6.567716643,161.146,0.0509
s,6.568052192,158.645,0.0506
s,6.568051465,160.003,0.0504
s,6.568302954,160.205,0.0501
s,6.568879825,159.181,0.0489
s,6.568795249,156.183,0.0488
s,6.568795249,155.514,0.0488
s,6.568795249,154.039,0.0488
s,6.568711018,155.468,0.0488
s,6.57065018,159.492,0.0498
s,6.570726284,159.228,0.0499
s,6.570574432,158.689,0.0498
s,6.570658616,158.468,0.0498
s,6.570262659,158.974,0.0497
s,6.569957967,158.798,0.0492
s,6.569654711,160.503,0.0491
s,6.569334481,160.473,0.049
s,6.568702184,160.937,0.0487
s,6.567573518,157.178,0.0548
s,6.567725189,161.517,0.0548
s,6.567899766,159.956,0.0544
s,6.56790019,161.346,0.0545
s,6.567976013,161.299,0.0545
s,6.568408361,159.105,0.0534
s,6.568559945,160.789,0.0534
s,6.568400052,160.095,0.0534
s,6.568476257,159.494,0.0535
s,6.568552057,161.451,0.0535
s,6.568232282,157.834,0.0535
s,6.568308088,155.512,0.0535
s,6.568148206,156.526,0.0535
s,6.568148206,159.065,0.0535
s,6.567285898,157.725,0.0526
s,6.567208917,156.027,0.0523
s,6.567216439,162.476,0.0521
s,6.567223985,161.664,0.0519
s,6.567390701,160.254,0.0515
s,6.568302954,161.088,0.0501
s,6.568469953,160.933,0.0497
s,6.568713072,158.468,0.0494
s,6.568796269,157.315,0.0491
s,6.56903978,157.389,0.0489
s,6.568568112,155.911,0.0488
s,6.568569476,154.13,0.0492
s,6.570337357,158.215,0.0494
s,6.570574079,158.407,0.0497
s,6.570262659,157.987,0.0497
s,6.570261959,153.881,0.0495
s,6.570345803,156.196,0.0494
s,6.570193983,158.494,0.0493
s,6.570033702,158.498,0.0492
s,6.568238676,161.836,0.0485
s,6.567455626,159.165,0.0484
s,6.56721963,159.108,0.0483
s,6.566899728,162.877,0.0483
s,6.56681517,160.06,0.0482
s,6.56673945,162.485,0.0482
s,6.566663732,159.654,0.0482
s,6.566899398,160.008,0.0482
s,6.567385212,158.354,0.0474
s,6.567948419,160.579,0.0471
s,6.569477187,160.214,0.0458
s,6.569560929,160.141,0.0456
s,6.569559503,158.083,0.0451
s,6.569719492,160.415,0.0451
s,6.569718655,156.354,0.0448
s,6.569793222,159.911,0.0444
s,6.569632428,160.096,0.0441
s,6.569951876,158.008,0.0439
s,6.569875693,159.028,0.0437
s,6.570117501,159.982,0.0427
s,6.570041849,160.225,0.0427
s,6.570041849,161.893,0.0427
s,6.57043701,160.162,0.0425
s,6.57043701,160.7,0.0425
s,6.57051242,160.165,0.0424
s,6.570360881,155.924,0.0423
s,6.570284999,162.29,0.0422
s,6.570284999,156.96,0.0422
m,6.570284999,154.291,0.0422
m,6.568456664,148.64,0.0416
m,6.567016533,156.4,0.0415
m,6.562857193,145.772,0.0414
m,6.56069379,152.1,0.0414
m,6.546593046,146.169,0.0412
m,6.543868552,144.715,0.041
m,6.537950229,144.742,0.0408
m,6.534748865,146.618,0.0408
m,6.531471909,146.579,0.0407
m,6.504765362,144.239,0.0404
m,6.504764736,147.042,0.0401
m,6.497333713,147.582,0.0397
m,6.493658785,159.929,0.0397
m,6.49013824,145.904,0.0395
s,6.568671652,160.832,0.0468
s,6.568755032,161.039,0.0465
s,6.569074088,160.145,0.0462
s,6.569393458,159.477,0.046
s,6.56995403,161.621,0.0447
s,6.569794041,159.533,0.0447
s,6.570189134,161.203,0.0445
s,6.569953211,160.296,0.0444
s,6.569953211,160.102,0.0444
s,6.569875176,156.06,0.0435
s,6.569799262,160.914,0.0434
s,6.569798754,158.094,0.0432
s,6.569798252,154.22,0.043
s,6.569957505,159.812,0.0427
s,6.570361362,158.2,0.0425
s,6.57059701,160.189,0.0425
s,6.570672418,161.489,0.0424
s,6.570672418,156.003,0.0424
m,6.570209356,157.759,0.0422
m,6.570369124,158.623,0.0421
m,6.570368656,154.988,0.0419
m,6.569897134,150.166,0.0418
m,6.569341245,158.367,0.0417
m,6.558530478,149.249,0.0413
m,6.556603398,147.639,0.0413
m,6.554281086,139.942,0.0413
m,6.551959134,149.776,0.0413
m,6.549401601,154.876,0.0412
m,6.528271601,153.1,0.0405
m,6.520681052,146.022,0.0405
m,6.516679309,145.747,0.0405
m,6.512602394,155.742,0.0404
m,6.490137655,146.438,0.0392
m,6.482629588,143.845,0.039
m,6.478960114,144.059,0.039
m,6.475286712,146.927,0.0389
m,6.47193269,150.623,0.0387
m,6.468421378,156.194,0.0386
m,6.464911605,146.178,0.0385
m,6.454701422,146.094,0.0384
m,6.454701422,154.456,0.0384
m,6.433118567,150.66,0.0381
m,6.427551929,144.308,0.038
m,6.424846219,147.444,0.0379
m,6.424846046,141.906,0.0378
m,6.419683975,149.806,0.0377
m,6.402986226,153.23,0.0372
m,6.400301857,155.433,0.0372
m,6.397540716,149.87,0.0373
m,6.394938923,148.795,0.0374
m,6.392339436,153.486,0.0377
m,6.374207977,152.291,0.0386
m,6.372019306,154.098,0.0388
m,6.37006901,151.772,0.0389
m,6.368041394,149.382,0.0392
m,6.353601172,151.346,0.0398
m,6.351516191,143.126,0.0398
m,6.349666357,138.678,0.0398
m,6.346048725,154.225,0.0397
m,6.344361415,148.732,0.0397
m,6.334822232,155.473,0.0395
m,6.334822033,155.033,0.0394
m,6.331158857,151.666,0.0394
m,6.329326721,148.804,0.0393
m,6.327503397,143.682,0.0394
m,6.315535552,156.116,0.0396
m,6.311840185,149.373,0.0395
m,6.309954757,152.11,0.0395
m,6.307915771,148.567,0.0393
m,6.296626182,154.042,0.0384
m,6.292032313,146.234,0.0384
m,6.289630508,146.901,0.0383
m,6.287220391,144.971,0.0381
m,6.284895462,149.144,0.038
m,6.447929192,145.746,0.0384
m,6.444743072,147.098,0.0384
m,6.44179485,150.373,0.0384
m,6.438770486,149.02,0.0383
m,6.43582553,146.008,0.0382
m,6.416672346,149.953,0.0376
m,6.413978574,149.998,0.0374
m,6.411208202,151.523,0.0372
m,6.405672415,145.362,0.0372
m,6.389663201,157.9,0.0379
m,6.386910609,146.714,0.038
m,6.384160706,144.87,0.0382
m,6.378904484,151.639,0.0383
m,6.37655597,147.972,0.0385
m,6.363913336,146.579,0.0392
m,6.361893982,151.789,0.0394
m,6.36189438,145.876,0.0396
m,6.35762519,147.375,0.0398
m,6.355612071,146.148,0.0398
m,6.342912975,145.388,0.0397
m,6.34138569,150.714,0.0396
m,6.33977956,148.982,0.0395
m,6.338256399,151.845,0.0396
m,6.325452291,158.781,0.0396
m,6.323403316,143.177,0.0396
m,6.321357077,146.866,0.0397
m,6.319468689,146.728,0.0397
m,6.317501091,143.685,0.0397
m,6.306189328,156.806,0.0392
m,6.304227604,157.61,0.0391
m,6.302267185,144.92,0.0387
m,6.300464157,146.863,0.0386
m,6.296626365,144.267,0.0385
m,6.282490081,144.154,0.0379
m,6.277449056,149.639,0.0379
m,6.274884262,151.218,0.0378
m,6.272167371,146.18,0.0378
m,6.269606729,144.807,0.0378
m,6.267048054,144.162,0.0378
m,6.26442047,152.017,0.0377
m,6.261711868,148.438,0.0377
m,6.258767757,154.797,0.0376
m,6.238245157,148.048,0.038
m,6.23177749,143.086,0.038
m,6.228700162,145.099,0.0378
m,6.228700162,140.007,0.0378
m,6.196235991,155.141,0.0378
m,6.192060174,144.827,0.0378
m,6.187818534,145.926,0.0378
m,6.175613806,141.725,0.038
m,6.171581861,150.103,0.038
m,6.152984941,144.237,0.0382
m,6.145785261,145.055,0.0382
m,6.14198272,145.523,0.0382
m,6.137943724,148.149,0.0383
m,6.133991844,142.415,0.0385
m,6.105730814,143.969,0.0387
m,6.101313073,143.615,0.0385
m,6.0970696,150.562,0.0385
m,6.092979062,148.85,0.0385
m,6.066089992,137.201,0.038
m,6.062289417,146.624,0.0378
m,6.055450703,144.183,0.0375
m,6.055450363,142.439,0.0373
m,6.048419388,143.642,0.0371
m,6.036734082,143.613,0.0369
s,6.036734244,145.503,0.037
s,6.036734408,145.751,0.0371
s,6.036496443,144.415,0.0371
s,6.036496945,143.746,0.0374
s,6.036085659,146.122,0.038
s,6.036022064,145.267,0.038
s,6.036022245,145.663,0.0381
s,6.036022245,144.738,0.0381
m,6.253193888,158.078,0.0377
m,6.250633452,141.115,0.0376
m,6.247921081,144.438,0.0376
m,6.244665977,142.441,0.0378
m,6.241105433,157.176,0.0379
m,6.222537408,136.434,0.0378
m,6.219297893,146.286,0.0377
m,6.215976363,147.435,0.0379
m,6.212350185,145.232,0.0379
m,6.200397007,154.774,0.0378
m,6.167789237,156.905,0.0381
m,6.163912698,155.31,0.0382
m,6.160189624,157.532,0.0382
m,6.152984941,148.896,0.0382
m,6.130126876,151.581,0.0386
m,6.126111378,141.799,0.0387
m,6.118236548,142.902,0.0389
m,6.114225192,152.432,0.0389
m,6.114224999,149.059,0.0388
m,6.088976152,146.814,0.0384
m,6.085039407,144.5,0.0382
m,6.077256901,143.633,0.0381
m,6.073475261,138.9,0.0379
m,6.073475439,145.927,0.038
m,6.044838332,135.65,0.0369
m,6.041258264,140.199,0.0369
m,6.038844991,144.839,0.0368
m,6.037337045,144.287,0.0368
s,6.036148557,145.757,0.0376
s,6.035998122,145.167,0.0378
s,6.035998299,144.834,0.0379
s,6.03608548,145.6,0.0379
s,6.036085659,145.73,0.038
s,6.036022245,145.256,0.0381
s,6.035934878,146.534,0.038
s,6.035934878,145.748,0.038
s,6.035998299,145.525,0.0379
s,6.036149085,146.194,0.0379
s,6.036712015,146.166,0.0378
s,6.037036987,143.965,0.0377
s,6.037338379,144.177,0.0376
s,6.037250858,144.752,0.0374
s,6.037401475,145.507,0.0373
s,6.037679353,145.547,0.0372
s,6.037829986,144.938,0.0371
s,6.037742664,146.428,0.037
s,6.037591699,145.22,0.0369
s,6.037440737,145.999,0.0368
s,6.037527585,146.078,0.0366
s,6.036837238,146.162,0.0366
s,6.036535658,146.469,0.0366
s,6.036234086,146.487,0.0366
s,6.035178801,146.403,0.0367
s,6.034877424,145.351,0.0368
s,6.034877424,146.493,0.0368
s,6.03472682,146.288,0.0369
s,6.034726982,146.442,0.037
s,6.03433858,148.892,0.0372
s,6.03433858,145.285,0.0372
s,6.034489512,145.428,0.0373
s,6.034489512,144.811,0.0373
s,6.034489681,144.493,0.0374
s,6.03472782,146.134,0.0375
s,6.034902229,146.431,0.0375
s,6.035053162,145.488,0.0376
s,6.035053162,146.696,0.0376
s,6.034751991,147.3,0.0378
s,6.034751991,147.368,0.0378
s,6.03466496,146.389,0.0379
s,6.03466496,146.814,0.0379
s,6.03466496,145.769,0.0379
s,6.034641318,145.997,0.0379
s,6.034641318,146.137,0.0379
s,6.034704888,145.602,0.0379
s,6.034704888,145.956,0.0379
s,6.034704888,145.017,0.0379
s,6.037465094,143.796,0.0373
s,6.037464927,143.459,0.0372
s,6.037679353,144.92,0.0372
s,6.037679353,145.144,0.0372
s,6.037440737,145.098,0.0368
s,6.037376946,145.216,0.0367
s,6.037376788,145.205,0.0366
s,6.037376788,145.691,0.0366
s,6.037376788,146.159,0.0366
s,6.036083303,147.076,0.0366
s,6.035932521,147.141,0.0366
s,6.03548019,146.464,0.0366
s,6.035329415,147.105,0.0366
s,6.035178801,147.583,0.0367
s,6.034576217,147.81,0.037
s,6.034425619,146.627,0.0371
s,6.034425619,145.55,0.0371
s,6.034425619,146.78,0.0371
s,6.034251713,145.521,0.0374
s,6.034251713,145.674,0.0374
s,6.034251884,146.369,0.0375
s,6.034339087,146.3,0.0375
s,6.034489852,146.053,0.0375
s,6.034902576,145.672,0.0377
s,6.034989784,146.099,0.0377
s,6.034839026,146.202,0.0377
s,6.034839202,146.572,0.0378
s,6.034751991,146.812,0.0378
s,6.034577755,146.526,0.0379
s,6.034577755,146.598,0.0379
s,6.034577755,146.745,0.0379
s,6.034490551,145.225,0.0379
s,6.034855661,146.516,0.0379
s,6.034855661,146.803,0.0379
s,6.035006257,145.71,0.0378
s,6.035157033,145.438,0.0378
s,6.035307811,145.786,0.0378
s,6.035307811,145.458,0.0378
s,6.035307811,145.734,0.0378
s,6.035307989,145.137,0.0379
s,6.03560955,145.47,0.0379
s,6.036386871,145.496,0.0378
s,6.036386871,144.976,0.0378
s,6.036537658,143.894,0.0378
s,6.036450483,144.688,0.0378
s,6.036450483,144.708,0.0378
s,6.036148907,145.039,0.0378
s,6.035998122,144.246,0.0378
s,6.035760156,145.22,0.0378
s,6.035760156,145.221,0.0378
s,6.035522192,144.993,0.0378
s,6.035522192,144.651,0.0378
s,6.035672978,145.65,0.0378
s,6.035672628,144.728,0.0376
s,6.035672628,146.226,0.0376
s,6.036488728,145.979,0.0367
s,6.036488728,146.174,0.0367
s,6.036552213,145.167,0.0366
s,6.036552057,144.983,0.0365
s,6.036552057,146.045,0.0365
s,6.036829877,145.761,0.0363
s,6.036980693,144.711,0.0363
s,6.036980542,144.617,0.0362
s,6.037131359,145.18,0.0362
s,6.03713121,146.169,0.0361
s,6.037369022,145.037,0.036
s,6.037369022,144.374,0.036
s,6.037369022,145.167,0.036
s,6.037218352,144.08,0.0361
s,6.036980693,144.644,0.0363
s,6.036829877,144.763,0.0363
s,6.036742885,144.073,0.0364
s,6.036742885,144.117,0.0364
s,6.036504924,144.512,0.0364
s,6.03560955,145.959,0.0379
s,6.035760334,145.073,0.0379
s,6.035847338,145.068,0.0378
s,6.036148907,145.463,0.0378
s,6.036236086,145.832,0.0378
s,6.036450483,144.983,0.0378
s,6.036450483,145.332,0.0378
s,6.036299693,144.934,0.0378
s,6.036299693,144.502,0.0378
s,6.035371232,144.532,0.0377
s,6.035609373,144.178,0.0378
s,6.035609373,145.932,0.0378
s,6.035609373,145.291,0.0378
s,6.035522192,146.018,0.0378
s,6.035875373,144.881,0
s,6.035973863,144.73,0.0374
s,6.036274945,145.376,0.0371
s,6.036274619,145.572,0.0369
s,6.036338087,145.325,0.0368
s,6.036702863,145.379,0.0365
s,6.036615709,145.826,0.0365
s,6.036615709,146.122,0.0365
s,6.036766365,144.176,0.0364
s,6.03713121,145.614,0.0361
s,6.037369022,144.936,0.036
s,6.037369022,145.546,0.036
s,6.037369022,144.721,0.036
s,6.037369022,144.281,0.036
s,6.037218501,144.583,0.0362
s,6.037067687,144.128,0.0362
s,6.037067687,143.993,0.0362
s,6.036829877,144.536,0.0363
s,6.036829877,144.427,0.0363
s,6.036504924,144.269,0.0364
s,6.036505079,145.229,0.0365
s,6.036505079,144.777,0.0365
s,6.036505079,144.162,0.0365
s,6.036417937,144.414,0.0365
s,6.036505079,144.706,0.0365
s,6.036267275,144.24,0.0366
m,6.036267275,144.746,0.0366
m,6.036267119,145.359,0.0365
m,6.035211137,141.563,0.0363
m,6.03297291,136.338,0.0363
m,6.030973145,141.556,0.0362
m,6.02871221,141.522,0.0361
m,6.014089047,140.722,0.0362
m,6.00776991,142.191,0.0363
m,6.004461178,145.135,0.0363
m,6.001090907,144.176,0.0364
m,5.976402161,139.635,0.0368
m,5.972890816,144.283,0.0368
m,5.969277451,145.901,0.0372
m,5.956068782,140.958,0.0455
m,5.952885435,138.515,0.0457
m,5.935874354,141.069,0.0386
m,5.928316536,148.895,0.0381
m,5.924583637,140.087,0.0377
m,5.924582945,140.522,0.0373
m,5.916525113,142.437,0.0369
m,5.887980795,141.415,0.0337
m,5.880633978,147.927,0.0328
m,5.876918074,145.857,0.0326
m,5.87320348,151.123,0.0324
m,5.84513197,140.658,0.0312
m,5.84098414,138.418,0.0309
m,5.836838046,137.245,0.0307
m,5.832455318,140.254,0.0304
m,5.824171567,136.912,0.0301
m,5.803457767,145.214,0.0292
m,5.799474161,151.123,0.0289
m,5.791568334,134.936,0.0288
m,5.787645801,139.332,0.0287
m,5.783815643,147.467,0.0286
m,6.036116302,145.581,0.0365
m,6.036116302,146.79,0.0365
m,6.036116148,147.422,0.0364
m,6.036116148,150.962,0.0364
m,6.036203142,148.543,0.0363
m,6.026388491,138.278,0.0361
m,6.024303175,154.72,0.036
m,6.02189336,148.145,0.0361
m,6.019420885,147.819,0.0362
m,6.016710751,144.812,0.0361
m,5.997483746,145.365,0.0365
m,5.993878033,139.903,0.0368
m,5.986819194,146.749,0.0368
m,5.983366454,144.489,0.0368
m,5.980002764,138.957,0.0368
m,5.950008332,145.154,0.045
m,5.945866688,139.744,0.0432
m,5.942694562,144.69,0.0414
m,5.93955066,145.703,0.0392
m,5.912646911,142.309,0.0363
m,5.908770154,142.36,0.0357
m,5.904834518,141.029,0.0347
m,5.900812233,148.308,0.0344
m,5.892147248,145.507,0.034
m,5.86925182,144.574,0.032
m,5.865301636,151.072,0.0318
m,5.857436855,149.181,0.0317
m,5.85343258,155.554,0.0317
m,5.849281476,147.722,0.0315
m,5.824171432,141.283,0.0298
m,5.815803933,144.343,0.0296
m,5.81166788,141.488,0.0294
m,5.807442897,142.794,0.0293
m,5.779986964,140.506,0.0285
m,5.776159808,147.459,0.0286
m,5.772334094,136.542,0.0285
m,5.768656965,140.582,0.0286
m,5.764889877,147.801,0.0286
m,5.75827688,136.641,0.0287
m,5.755137001,147.928,0.0289
m,5.751906726,145.244,0.0289
m,5.748530827,134.394,0.0291
m,5.723669306,139.843,0.0295
m,5.719772226,135.26,0.0296
m,5.715968608,137.104,0.0296
m,5.712458972,137.158,0.0297
m,5.708950687,141.84,0.0299
m,5.689770649,142.746,0.0299
m,5.686615717,134.885,0.0299
m,5.683554278,144.871,0.0298
m,5.680546899,140.883,0.0297
m,5.677540433,139.755,0.0298
m,5.653756978,134.593,0.0302
m,5.650560631,136.795,0.0303
m,5.647510689,139.49,0.0305
m,5.641320482,138.144,0.0306
m,5.618710552,139.527,0.0305
m,5.615577684,137.054,0.0306
m,5.61557763,131.01,0.0305
m,5.609603971,133.487,0.0307
m,5.606669061,133.787,0.0306
m,5.587312689,133.944,0.0315
m,5.583945945,141.327,0.0315
m,5.580536338,128.81,0.0316
m,5.577271907,129.931,0.0316
m,5.574103007,131.328,0.0317
m,5.551959607,131.741,0.0319
m,5.548943203,128.31,0.0319
m,5.545833048,136.56,0.0319
m,5.539997655,130.324,0.032
m,5.522513233,135.526,0.0326
m,5.516741747,139.57,0.0328
m,5.513738471,138.149,0.0329
m,5.510879247,130.141,0.033
m,5.507735258,141.789,0.0331
m,5.745247745,138.111,0.0293
m,5.741874201,137.588,0.0293
m,5.734800523,144.641,0.0293
m,5.731375862,151.544,0.0294
m,5.731375898,137.791,0.0295
m,5.702614393,137.793,0.0299
m,5.699401797,138.712,0.0299
m,5.696190264,140.243,0.0298
m,5.696190264,134.574,0.0298
m,5.674389133,137.161,0.0298
m,5.667652722,141.916,0.0298
m,5.664120516,131.176,0.0299
m,5.664120559,131.323,0.03
m,5.657192841,130.62,0.0301
m,5.638180228,137.585,0.0307
m,5.634750814,131.575,0.0307
m,5.631560825,133.112,0.0305
m,5.628559002,131.082,0.0304
m,5.625226663,135.917,0.0304
m,5.603778233,137.413,0.0308
m,5.600888433,135.761,0.0311
m,5.597566274,130.831,0.0313
m,5.590825175,133.287,0.0314
m,5.567723535,136.89,0.0317
m,5.567723611,138.921,0.0318
m,5.561204438,130.201,0.0318
m,5.558184954,132.896,0.0319
m,5.555071788,127.678,0.0319
m,5.536985492,131.256,0.0321
m,5.536985575,133.976,0.0322
m,5.531202864,134.956,0.0323
m,5.528193915,134.585,0.0323
m,5.525424821,134.768,0.0327
m,5.504735325,130.535,0.0332
m,5.501593942,131.349,0.0335
m,5.498596414,141.343,0.0337
m,5.492700283,133.151,0.0339
m,5.492700283,129.41,0.0339
m,5.486808747,129.034,0.034
m,5.483816841,133.725,0.0341
m,5.48082595,138.075,0.0341
m,5.477836306,137.043,0.0342
m,5.455986818,150.222,0.0346
m,5.45272237,136.813,0.0346
m,5.446294189,129.946,0.0346
m,5.439775072,129.427,0.0346
m,5.417672047,134.504,0.0339
m,5.414565748,128.468,0.034
m,5.411363285,126.912,0.0339
m,5.408356783,132.051,0.034
m,5.405069709,140.77,0.0341
m,5.384623737,130.107,0.034
m,5.381293235,134.139,0.0339
m,5.374734315,131.831,0.0339
m,5.37160398,140.757,0.034
m,5.368377186,133.329,0.0341
m,5.348331604,152.739,0.0343
m,5.341759845,130.905,0.0343
m,5.338447432,129.779,0.0342
m,5.335333718,130.876,0.0342
m,5.312569993,131.913,0.0336
m,5.309230504,135.141,0.0334
m,5.305654345,145.159,0.0331
m,5.299023559,136.051,0.0331
m,5.29902346,135.582,0.033
m,5.27932717,134.233,0.0323
m,5.272920604,140.468,0.0322
m,5.269800303,132.943,0.032
m,5.266620558,137.658,0.0321
m,5.266620558,134.558,0.0321
m,5.238521432,135.296,0.0322
m,5.235081661,135.18,0.0323
m,5.231643648,137.223,0.0323
m,5.227932663,144.591,0.0323
m,5.47460954,131.411,0.0344
m,5.468681682,137.853,0.0344
m,5.465458109,135.977,0.0345
m,5.462331852,126.424,0.0345
m,5.462332106,130.579,0.0347
m,5.436614351,128.497,0.0346
m,5.433313607,128.605,0.0346
m,5.430058713,129.129,0.0343
m,5.423792087,128.876,0.0342
m,5.420682928,132.461,0.0341
m,5.398121151,144.097,0.0341
m,5.398121151,132.102,0.0341
m,5.391277046,135.103,0.034
m,5.387998416,135.888,0.034
m,5.365053644,135.915,0.0341
m,5.361689423,141.839,0.0341
m,5.358326899,142.211,0.0342
m,5.355105971,129.646,0.0343
m,5.348331604,136.915,0.0343
m,5.332262488,132.112,0.0342
m,5.329053099,132.714,0.0342
m,5.322261032,129.854,0.0341
m,5.318678502,128.766,0.034
m,5.315812024,130.735,0.0337
m,5.292636785,130.388,0.0329
m,5.289584464,133.608,0.0329
m,5.286355666,130.209,0.0328
m,5.282790799,137.075,0.0326
m,5.259613135,135.159,0.0321
m,5.255923988,131.259,0.0321
m,5.252336846,130.208,0.0321
m,5.248613822,139.613,0.0321
m,5.241825337,134.023,0.0321
m,5.224360994,137.176,0.0321
m,5.220791412,138.242,0.032
m,5.213968742,138.772,0.0319
m,5.213968742,129.548,0.0319
m,5.207391049,129.6,0.0319
m,5.203831167,128.901,0.0321
m,5.200171897,131.958,0.032
m,5.196615922,143.015,0.0321
m,5.193198641,138.901,0.0322
m,5.189919828,127.03,0.0323
m,5.169330329,131.661,0.0325
m,5.162867679,134.143,0.0325
m,5.162867769,135.924,0.0326
m,5.155733992,126.772,0.0326
m,5.152339992,125.74,0.0326
m,5.127079386,127.139,0.0326
m,5.123598801,128.887,0.0325
m,5.119850143,123.399,0.0325
m,5.116508473,120.556,0.0326
m,5.094000347,123.728,0.0331
m,5.09061144,134.969,0.0332
m,5.087224844,130.06,0.0333
m,5.080385232,129.375,0.0333
m,5.077035646,133.092,0.0334
m,5.061148645,121.335,0.0336
m,5.05493311,118.257,0.0335
m,5.051598595,128.642,0.0336
m,5.048161678,119.573,0.0335
m,5.044726782,123.628,0.0335
s,5.037492172,125.567,0.0334
s,5.037387737,125.596,0.0334
s,5.037387845,125.438,0.0335
s,5.037387955,125.28,0.0336
s,5.037208043,125.273,0.0339
s,5.037208161,124.987,0.034
s,5.036866397,125.273,0.0341
s,5.036866519,125.295,0.0342
s,5.036866519,125.293,0.0342
s,5.036334767,125.581,0.0345
s,5.036230335,125.509,0.0345
s,5.036230335,125.549,0.0345
s,5.036068724,125.75,0.0345
s,5.035831395,125.302,0.0346
m,5.183059554,125.307,0.0324
m,5.179513466,128.755,0.0324
m,5.176105795,134.2,0.0325
m,5.172699939,133.208,0.0325
m,5.148947834,130.855,0.0325
m,5.145048827,134.196,0.0326
m,5.141356711,127.718,0.0326
m,5.133840769,123.873,0.0325
m,5.130459144,125.385,0.0326
m,5.110447865,124.881,0.0327
m,5.110447865,126.474,0.0327
m,5.103817126,127.789,0.0328
m,5.100587721,128.578,0.0328
m,5.097360153,126.017,0.0328
m,5.073687972,124.913,0.0334
m,5.070342426,129.229,0.0335
m,5.067266109,126.856,0.0334
m,5.064087915,124.404,0.0336
m,5.041693034,124.302,0.0334
m,5.039326141,126.18,0.0334
m,5.037625091,125.167,0.0333
m,5.037492172,125.357,0.0334
s,5.037492172,125.511,0.0334
s,5.037312126,125.343,0.0336
s,5.037312126,125.408,0.0336
s,5.037312238,125.3,0.0337
s,5.037207927,125.524,0.0338
s,5.037207927,125.277,0.0338
s,5.036733606,125.444,0.0343
s,5.036733606,125.474,0.0343
s,5.036600699,125.254,0.0344
s,5.036467667,125.631,0.0344
s,5.035698379,125.511,0.0346
s,5.035432356,125.39,0.0346
s,5.035432356,125.699,0.0346
s,5.035166344,125.785,0.0346
s,5.035033345,125.452,0.0346
s,5.03492889,125.99,0.0346
s,5.034795891,125.789,0.0346
s,5.034529901,126.178,0.0346
s,5.034529901,125.702,0.0346
s,5.034472734,125.012,0.0345
s,5.034472606,124.897,0.0344
s,5.034472606,125.268,0.0344
s,5.034368136,125.111,0.0344
s,5.034368136,125.124,0.0344
s,5.03429219,124.895,0.0344
s,5.03418773,125.127,0.0344
s,5.034320726,125.125,0.0344
s,5.034349399,125.048,0.0345
s,5.034349399,125.256,0.0345
s,5.035280501,125.769,0.0345
s,5.03541353,125.62,0.0345
s,5.035546561,125.75,0.0345
s,5.035679595,125.836,0.0345
s,5.036819613,125.428,0.0344
s,5.036952542,125.156,0.0343
s,5.037085602,125.111,0.0343
s,5.037085478,125.239,0.0342
s,5.037322942,125.079,0.0342
s,5.037427225,125.968,0.0341
s,5.037560285,125.031,0.0341
s,5.037560285,125.349,0.0341
s,5.037560285,125.418,0.0341
s,5.03766469,125.44,0.0341
s,5.037797996,124.926,0.0343
s,5.037798122,125.459,0.0344
s,5.037798122,125.444,0.0344
s,5.037826914,125.291,0.0345
s,5.038093587,125.278,0.0349
s,5.037960792,125.145,0.0351
s,5.037723326,125.054,0.0351
s,5.037457334,125.422,0.0352
s,5.037324415,125.291,0.0353
s,5.034501377,125.563,0.0346
s,5.034501247,125.467,0.0345
s,5.034472734,125.6,0.0345
s,5.034472606,125.391,0.0344
s,5.034472606,125.228,0.0344
s,5.034263668,124.615,0.0344
s,5.034263668,124.764,0.0344
s,5.034263668,124.732,0.0344
s,5.03429219,124.714,0.0344
s,5.034482404,125.018,0.0345
s,5.034748424,125.035,0.0345
s,5.034776998,125.232,0.0345
s,5.034910019,125.41,0.0345
s,5.035043042,125.415,0.0345
s,5.035945674,125.502,0.0345
s,5.036183007,125.375,0.0344
s,5.036316052,125.382,0.0344
s,5.0364491,125.275,0.0344
s,5.036582152,125.433,0.0344
s,5.037322942,125.293,0.0342
s,5.037322942,125.526,0.0342
s,5.037322942,125.7,0.0342
s,5.037322942,125.216,0.0342
s,5.03766469,125.247,0.0341
s,5.037664936,124.838,0.0343
s,5.037664936,125.07,0.0343
s,5.037797996,125.28,0.0343
s,5.037797996,125.031,0.0343
s,5.037827044,125.296,0.0346
s,5.038064509,125.561,0.0346
s,5.038064641,125.12,0.0347
s,5.038093317,125.013,0.0347
s,5.038093451,125.388,0.0348
s,5.037086951,125.438,0.0353
s,5.036954037,125.478,0.0354
s,5.036821129,125.509,0.0355
s,5.036821129,125.953,0.0355
s,5.036821129,126.368,0.0355
s,5.036821129,126.434,0.0355
s,5.036821279,125.985,0.0356
s,5.036688228,125.686,0.0356
s,5.03668838,125.095,0.0357
s,5.036080256,125.166,0.0356
s,5.036080408,124.678,0.0357
s,5.035947363,125.41,0.0357
s,5.035710054,125.251,0.0358
s,5.034836024,125.363,0.0358
s,5.034807428,125.321,0.0358
s,5.03467456,125.748,0.0359
s,5.03467456,125.161,0.0359
s,5.034674717,125.429,0.036
s,5.0343044,125.105,0.0361
s,5.034171546,125.271,0.0362
s,5.034067105,125.323,0.0362
s,5.034067105,125.151,0.0362
s,5.034095687,125.298,0.0362
s,5.034286089,126.142,0.0363
s,5.034181668,125.702,0.0363
s,5.034314875,125.835,0.0364
s,5.034181834,125.984,0.0364
s,5.034106384,125.446,0.0366
s,5.034106555,125.617,0.0367
s,5.034106555,125.068,0.0367
s,5.034002145,125.333,0.0367
s,5.033869094,125.025,0.0367
s,5.034002494,125.041,0.0369
s,5.034002671,125.207,0.037
s,5.034002851,124.911,0.0371
s,5.034002851,125.046,0.0371
s,5.034107443,124.868,0.0372
m,5.034525294,125.031,0.0373
m,5.034525294,124.623,0.0373
m,5.034040628,128.892,0.0374
m,5.033318563,128.507,0.0374
s,5.03668838,125.077,0.0357
s,5.036555179,125.299,0.0356
s,5.036450765,125.191,0.0356
s,5.036317717,125.207,0.0356
s,5.036213303,125.472,0.0356
s,5.035577014,125.533,0.0358
s,5.035206518,125.431,0.0358
s,5.035073483,125.507,0.0358
s,5.035073483,125.341,0.0358
s,5.034940453,125.606,0.0358
s,5.034541697,125.505,0.036
s,5.03440868,125.509,0.036
s,5.03440868,125.687,0.036
s,5.0343044,125.137,0.0361
s,5.034095687,125.405,0.0362
s,5.033991254,125.427,0.0362
s,5.034124445,125.612,0.0363
s,5.034257476,125.695,0.0363
s,5.034286089,125.323,0.0363
s,5.034077415,125.559,0.0364
s,5.034077583,125.643,0.0365
s,5.034210628,125.406,0.0365
s,5.034210797,125.5,0.0366
s,5.034106384,125.278,0.0366
s,5.033869094,125.278,0.0367
s,5.033869268,124.828,0.0368
s,5.033869268,125.598,0.0368
s,5.033869444,125.488,0.0369
s,5.034107443,124.935,0.0372
s,5.034211857,124.782,0.0372
m,5.034345091,124.859,0.0373
m,5.034345091,125.583,0.0373
m,5.034449503,122.045,0.0373
m,5.031533409,123.666,0.0375
m,5.028742853,127.772,0.0376
m,5.025688194,123.359,0.0377
m,5.020086621,121.633,0.0378
m,5.017302013,119.47,0.0378
m,5.014386579,121.908,0.0379
m,5.011737414,123.23,0.0379
m,5.009089986,122.135,0.0381
m,5.006680637,118.872,0.038
m,5.001629196,116.709,0.0381
m,4.987878263,119.732,0.0388
m,4.981687491,124.481,0.0388
m,4.978529369,120.596,0.0389
m,4.97537322,121.332,0.039
m,4.972219049,123.86,0.0391
m,4.951028021,118.468,0.0391
m,4.947888749,121.759,0.0391
m,4.944621034,117.722,0.0392
m,4.94161623,116.928,0.0391
m,4.916255112,115.699,0.0389
m,4.913138691,115.517,0.0388
m,4.910001959,113.374,0.0388
m,4.906997437,114.336,0.0389
m,4.883765468,121.013,0.0383
m,4.880433814,125.384,0.0381
m,4.876975893,121.975,0.0381
m,4.87008743,121.565,0.038
m,4.866872696,117.704,0.0379
m,4.846902704,118.922,0.0368
m,4.843320698,122.458,0.0367
m,4.84332035,119.118,0.0365
m,4.836146007,123.181,0.0362
m,4.832572789,130.346,0.036
m,4.809743465,120.288,0.0352
m,4.805920802,120.936,0.0352
m,4.802372323,123.467,0.0351
m,4.798970551,120.513,0.0351
m,4.796060299,122.439,0.0351
m,4.774487761,121.513,0.0357
m,4.768672901,126.151,0.0357
m,4.76576904,127.689,0.0357
m,4.762962965,122.82,0.0357
m,5.001629398,123.424,0.0382
m,4.996610074,118.729,0.0383
m,4.993732903,118.101,0.0383
m,4.990804507,115.819,0.0385
m,4.968960785,125.689,0.0391
m,4.965966622,116.819,0.039
m,4.963080191,117.508,0.039
m,4.957312566,121.013,0.0391
m,4.957312566,118.974,0.0391
m,4.938482769,114.475,0.039
m,4.932352691,114.166,0.039
m,4.929225432,114.916,0.039
m,4.922907277,115.363,0.039
m,4.919633309,114.953,0.0389
m,4.900498885,118.272,0.0389
m,4.897263956,116.985,0.0388
m,4.893794743,116.814,0.0388
m,4.890456767,121.055,0.0387
m,4.887099468,130.027,0.0386
m,4.863551924,121.231,0.0377
m,4.860104954,124.207,0.0375
m,4.856896677,117.468,0.0372
m,4.850359719,118.385,0.037
m,4.828638718,118.997,0.0358
m,4.824835347,119.762,0.0357
m,4.81721978,117.326,0.0356
m,4.813534541,117.192,0.0353
m,4.789647545,120.665,0.0352
m,4.7896474,115.149,0.0351
m,4.783463414,123.773,0.0354
m,4.780421794,118.108,0.0355
m,4.7773986,119.565,0.0356
m,4.760034617,128.429,0.0358
m,4.757234446,127.225,0.0358
m,4.754547846,127.493,0.0358
m,4.748823431,136.293,0.0359
m,4.745896667,137.979,0.0359
m,4.74589683,135.572,0.036
m,4.740178484,130.045,0.036
m,4.737373445,127.887,0.036
m,4.734696603,133.715,0.0361
m,4.731886469,140.066,0.0363
m,4.716234962,135.793,0.0368
m,4.71428176,147.168,0.0368
m,4.71222044,134.997,0.0369
m,4.710408849,130.561,0.037
m,4.708477638,147.037,0.0372
m,4.69541246,131.554,0.0382
m,4.693370994,131.84,0.0384
m,4.689909688,132.638,0.0387
m,4.689909911,135.567,0.0388
m,4.680017063,145.386,0.0395
m,4.677566317,137.584,0.0395
m,4.676403524,142.627,0.0396
m,4.676404012,142.764,0.0398
m,4.673013492,144.418,0.0399
m,4.665510744,138.589,0.0405
m,4.664601629,140.951,0.0405
m,4.66369824,140.655,0.0406
m,4.662680946,134.488,0.0405
m,4.661788378,135.456,0.0405
m,4.657332106,150.209,0.0399
m,4.656950465,150.1,0.0398
m,4.656574129,137.374,0.0394
m,4.656183995,143.905,0.0392
m,4.656764365,139.699,0.0377
m,4.657018047,141.806,0.0376
m,4.657425618,138.941,0.0374
m,4.65769058,143.525,0.0373
m,4.657844307,148.914,0.0371
m,4.658989736,141.516,0.0368
m,4.658989555,135.017,0.0367
m,4.659611882,134.164,0.0366
m,4.660040445,140.252,0.0364
m,4.660127394,139.899,0.0362
m,4.726278284,126.535,0.0364
m,4.72349255,139.742,0.0364
m,4.720946154,131.549,0.0365
m,4.718415376,131.73,0.0367
m,4.70496202,136.434,0.0373
m,4.703143832,146.473,0.0376
m,4.701461556,143.342,0.0377
m,4.699405948,141.255,0.0378
m,4.697345469,136.829,0.0379
m,4.686941267,130.464,0.0389
m,4.685526815,134.653,0.0389
m,4.684237051,131.694,0.039
m,4.682829521,143.601,0.0392
m,4.681418027,138.561,0.0394
m,4.671851084,142.272,0.04
m,4.67057908,140.551,0.0402
m,4.669311447,141.802,0.0404
m,4.666659459,133.936,0.0405
m,4.660253195,138.967,0.0404
m,4.659613713,138.38,0.0405
m,4.659613452,135.366,0.0404
m,4.658228452,142.283,0.0404
m,4.657719044,134.593,0.0402
m,4.656053901,139.349,0.039
m,4.655929002,137.394,0.0388
m,4.655809076,139.392,0.0385
m,4.655811269,144.047,0.0383
m,4.656051954,140.685,0.0381
m,4.658115756,136.013,0.037
m,4.658278666,139.374,0.037
m,4.658560917,139.57,0.0369
m,4.658620869,136.628,0.0368
m,4.660565297,138.958,0.0361
m,4.661007514,132.809,0.0359
m,4.662364338,132.63,0.0357
m,4.662819659,131.341,0.0355
m,4.662702775,129.747,0.0354
m,4.662702624,122.9,0.0353
m,4.663060435,125.423,0.0353
m,4.663064229,119.791,0.0352
m,4.663065439,132.446,0.0351
m,4.663266538,124.413,0.0344
m,4.662620245,127.373,0.0342
m,4.662721071,139.007,0.034
m,4.66290294,135.599,0.0339
m,4.662902821,128.339,0.0338
m,4.658150024,121.725,0.0331
m,4.656802067,121.208,0.033
m,4.65699516,129.604,0.0328
m,4.65676591,142.267,0.0326
m,4.656178302,135.831,0.0325
m,4.651070286,128.017,0.0308
m,4.649788828,129.436,0.0307
m,4.648553319,123.502,0.0307
m,4.644646887,123.65,0.0303
m,4.633705907,120.742,0.0294
m,4.63196169,129.452,0.0293
m,4.630206008,124.907,0.0293
m,4.628455407,123.053,0.029
m,4.624828508,120.563,0.0288
m,4.614945967,123.886,0.0284
m,4.610851343,125.131,0.0283
m,4.608757976,122.124,0.0282
m,4.606772957,127.645,0.0282
m,4.604667692,119.417,0.0282
m,4.589657764,124.662,0.0275
m,4.587434879,123.093,0.0274
m,4.585215253,123.132,0.0273
m,4.582874001,132.744,0.0272
m,4.564746242,126.827,0.0265
m,4.56245958,117.381,0.0263
m,4.560403343,117.738,0.0263
m,4.558375139,124.636,0.0262
m,4.556099274,119.562,0.0261
m,4.662950959,127.868,0.0349
m,4.662845351,127.085,0.0348
m,4.662741753,121.335,0.0347
m,4.662873224,121.115,0.0346
m,4.663128077,125.154,0.0346
m,4.661394679,128.142,0.0338
m,4.660998332,126.772,0.0336
m,4.660385725,126.16,0.0334
m,4.659678517,121.808,0.0333
m,4.655486029,130.231,0.0322
m,4.654677455,135.206,0.0321
m,4.652857283,138.709,0.032
m,4.652857204,130.046,0.0319
m,4.650813318,131.629,0.0313
m,4.643309033,128.898,0.0302
m,4.641868776,131.693,0.0297
m,4.638774629,132.951,0.0296
m,4.63724343,125.586,0.0295
m,4.635472121,130.619,0.0295
m,4.624828499,127.984,0.0287
m,4.620887021,125.703,0.0286
m,4.618914565,126.249,0.0285
m,4.616928089,126.307,0.0284
m,4.602441965,116.979,0.028
m,4.600323613,116.622,0.0278
m,4.596221463,127.869,0.0277
m,4.593885412,117.86,0.0277
m,4.593885428,124.815,0.0276
m,4.578143642,128.896,0.0271
m,4.575812307,130.156,0.027
m,4.57363235,125.768,0.0268
m,4.571354052,121.971,0.0267
m,4.569205122,117.675,0.0265
m,4.553927948,132.613,0.0259
m,4.548965351,122.62,0.0256
m,4.548965413,116.142,0.0255
m,4.544565746,118.963,0.0255
m,4.543386703,117.727,0.0254
m,4.542684415,117.429,0.0252
m,4.542609919,118.075,0.0252
s,4.54250961,117.964,0.0252
s,4.542509681,117.933,0.0251
s,4.542535601,117.998,0.025
s,4.542535528,117.924,0.0251
s,4.542535528,117.881,0.0251
s,4.542435231,117.915,0.0251
s,4.542936999,118.178,0.0248
s,4.542936999,118.203,0.0248
s,4.543137734,117.969,0.0247
s,4.543238069,118.025,0.0247
s,4.543338491,118.01,0.0246
s,4.545611184,117.944,0.0252
s,4.545436328,119.186,0.0288
s,4.54313948,118.287,0.027
s,4.542331041,118.179,0.0266
s,4.542358822,117.844,0.0238
s,4.541701895,118.2,0.0204
s,4.541702072,117.986,0.0203
s,4.541451185,118.145,0.0196
s,4.541199797,118.107,0.0192
s,4.540874479,118.136,0.0175
s,4.540950564,117.951,0.017
s,4.540925996,118.4,0.0166
s,4.540774887,118.077,0.0164
s,4.540724048,118.007,0.0163
s,4.539265114,118.231,0.0187
s,4.539517139,118.125,0.0188
s,4.539517139,118.03,0.0188
s,4.539692154,118.052,0.0188
s,4.539818056,117.953,0.0189
s,4.540352798,118.125,0.0215
s,4.540426833,118.118,0.0217
s,4.540827787,118.027,0.0218
s,4.540827502,118.158,0.022
s,4.542509681,118.077,0.0251
s,4.542509681,118.127,0.0251
s,4.542409374,118.134,0.0251
s,4.542409374,117.968,0.0251
s,4.542535528,117.95,0.0251
s,4.542535601,117.869,0.025
s,4.542435304,117.93,0.025
s,4.542535677,117.948,0.0249
s,4.542309223,118.079,0.0249
s,4.542836602,118.059,0.0249
s,4.543338176,118.03,0.025
s,4.543897432,118.064,0.0251
s,4.543845606,117.991,0.0252
s,4.544146585,117.973,0.0251
s,4.542153977,117.942,0.0226
s,4.541877132,118.008,0.0218
s,4.541978286,118.014,0.0213
s,4.541953072,118.091,0.021
s,4.541827643,117.994,0.0206
s,4.541074325,118.03,0.0189
s,4.540823227,118.114,0.0184
s,4.540571505,117.939,0.0182
s,4.540571731,118.2,0.0181
s,4.54044565,118.12,0.0181
s,4.540824825,118.05,0.0162
s,4.543276139,118.102,0.0172
s,4.543274241,118.43,0.018
s,4.539240028,118.905,0.0184
s,4.539843583,118.095,0.019
s,4.539969292,117.955,0.0192
s,4.54019558,118.14,0.0193
s,4.542600634,118.174,0.0201
s,4.54027961,118.149,0.0208
s,4.540927512,118.107,0.0222
s,4.54115383,117.959,0.0223
s,4.541253991,118.048,0.0224
s,4.541354034,118.044,0.0226
s,4.541554652,117.971,0.0226
s,4.541680674,118.11,0.0227
s,4.54168055,118.085,0.0228
s,4.543199084,118.039,0
s,4.543718055,118.077,0.0234
s,4.544222508,118.048,0.0235
s,4.544325376,117.907,0.024
s,4.544451258,118.215,0.0243
s,4.544224633,118.16,0.0245
s,4.544224466,118.084,0.0247
s,4.543897581,118.027,0.0249
s,4.543117328,118.117,0.0259
s,4.542991049,118.213,0.0261
s,4.542991,118.254,0.0262
s,4.542664206,118.148,0.0264
s,4.5418585,118.066,0.027
s,4.541858471,118.13,0.0271
s,4.541632038,118.106,0.0271
s,4.541632038,118.035,0.0271
s,4.54150583,118.082,0.0272
s,4.541227496,118.112,0.0275
s,4.541227496,118.014,0.0275
s,4.541101306,118.06,0.0276
s,4.541101306,118.399,0.0276
s,4.541075414,118.088,0.0276
s,4.540923356,118.377,0.0277
s,4.540797211,118.27,0.0276
s,4.540797211,118.101,0.0276
s,4.540897526,118.317,0.0275
s,4.540871742,118.069,0.0272
s,4.540771465,118.178,0.0271
s,4.540771465,118.053,0.0271
s,4.540771495,118.042,0.027
s,4.540897651,118.097,0.027
s,4.541250363,118.142,0.0267
s,4.541250363,118.119,0.0267
s,4.541250363,118.085,0.0267
s,4.541150033,118.144,0.0268
s,4.541276193,118.128,0.0268
s,4.544021764,117.932,0.0236
s,4.543795199,118.007,0.0237
s,4.543921454,118.032,0.0236
s,4.544299709,117.983,0.0238
s,4.543897432,118.153,0.0251
s,4.543670847,118.163,0.0253
s,4.54367078,118.103,0.0254
s,4.543570382,118.08,0.0256
s,4.543217708,118.003,0.0257
s,4.54253803,118.119,0.0264
s,4.542437687,117.987,0.0266
s,4.542311472,118.018,0.0267
s,4.542085,118.039,0.0268
s,4.541858531,118.108,0.0269
s,4.54150583,118.154,0.0272
s,4.541379626,117.987,0.0273
s,4.541379604,118.012,0.0274
s,4.541253427,118.014,0.0274
s,4.541075414,118.016,0.0276
s,4.541075414,118.215,0.0276
s,4.540949233,118.147,0.0277
s,4.541049517,118.318,0.0277
s,4.541049517,118.222,0.0277
s,4.540771391,118.231,0.0274
s,4.540771391,117.837,0.0274
s,4.540771413,118.411,0.0273
s,4.540771413,118.208,0.0273
s,4.540771438,118.296,0.0272
s,4.540997984,118.121,0.0269
s,4.540998017,118.169,0.0268
s,4.540998053,118.213,0.0267
s,4.541124207,118.142,0.0267
s,4.541276159,118.143,0.0269
s,4.536197828,118.217,0
s,4.537914456,118.219,0.0249
s,4.538545654,118.197,0.0256
s,4.538971158,118.261,0.0259
s,4.538971053,118.228,0.0261
s,4.538374747,118.32,0.0312
s,4.538376221,118.297,0.033
s,4.540444517,118.338,0.033
s,4.542576843,118.379,0.0324
s,4.542676987,118.25,0.0324
s,4.542877202,118.248,0.0323
s,4.542825081,118.315,0.0323
s,4.542825638,118.14,0.0329
s,4.543635694,118.186,0.0334
s,4.543230794,118.265,0.0333
s,4.543330846,118.186,0.0332
m,4.543330953,118.259,0.0333
m,4.543531181,118.272,0.0332
m,4.543608882,122.373,0.0327
m,4.543887361,123.181,0.0326
m,4.54406576,114.767,0.0325
m,4.542917344,120.455,0.0326
m,4.530755293,119.524,0.0321
m,4.529178671,116.668,0.032
m,4.527731664,114.677,0.0318
m,4.5260619,116.212,0.0316
m,4.522182031,120.466,0.0314
m,4.512669131,113.886,0.0303
m,4.510867459,116.337,0.0301
m,4.509195921,117.188,0.0299
m,4.505831187,114.097,0.0297
m,4.50404022,121.165,0.0296
m,4.492543958,115.172,0.0283
m,4.490966182,118.346,0.0281
m,4.489486991,115.773,0.028
m,4.487881607,118.288,0.0279
m,4.478520331,115.65,0.0263
m,4.476962658,112.52,0.0261
m,4.475407299,113.711,0.0258
m,4.47343968,118.609,0.0257
m,4.470509844,118.892,0.0255
s,4.54069205,118.366,0.0326
s,4.541018258,118.411,0.0323
s,4.541950043,118.34,0.0325
s,4.542250417,118.359,0.0325
s,4.542276534,118.306,0.0325
s,4.544245115,118.27,0.0333
s,4.544092809,118.163,0.0334
s,4.543940527,118.075,0.0335
s,4.543788042,118.105,0.0334
m,4.543404854,118.596,0.0331
m,4.543378713,121.149,0.033
m,4.543478797,116.999,0.0329
m,4.543252298,121.057,0.0328
m,4.543630853,117.93,0.0327
m,4.541643621,118.136,0.0325
m,4.539845258,117.374,0.0325
m,4.535908761,121.526,0.0324
m,4.535908674,115.373,0.0323
m,4.532461334,119.013,0.0321
m,4.520169359,124.405,0.0313
m,4.518414092,121.663,0.0311
m,4.518414033,121.897,0.031
m,4.514698954,116.689,0.0307
m,4.50234916,117.3,0.0294
m,4.500660547,113.486,0.0292
m,4.49897435,114.736,0.0287
m,4.4957062,118.609,0.0286
m,4.494123966,115.391,0.0284
m,4.486502599,118.749,0.0275
m,4.485125408,117.4,0.0272
m,4.482439731,118.339,0.0269
m,4.481259272,115.208,0.0267
m,4.480080302,114.079,0.0264
m,4.470509979,115.024,0.0253
m,4.467369202,115.842,0.0251
m,4.465769369,117.151,0.0248
m,4.464077822,121.712,0.0247
m,4.462578268,119.591,0.0243
m,4.460986994,118.404,0.0241
m,4.457942227,119.573,0.0239
m,4.456265876,122.531,0.0237
m,4.454463104,115.971,0.0236
m,4.443116812,120.958,0.0229
m,4.441599483,117.125,0.0229
m,4.440085457,119.255,0.0229
m,4.438520251,121.623,0.023
m,4.428462413,122.751,0.0224
m,4.426248476,117.738,0.0224
m,4.425650069,118.096,0.0224
m,4.424703286,123.037,0.0223
m,4.423538873,129.938,0.0223
m,4.416631451,115.863,0.0227
m,4.415406779,120.239,0.0227
m,4.414054571,120.808,0.023
m,4.41162396,118.878,0.0231
m,4.410371758,117.681,0.0233
m,4.403951316,121.966,0.0237
m,4.403951316,123.575,0.0237
m,4.402280092,117.235,0.0238
m,4.401431019,124.481,0.0239
m,4.396119766,136.893,0.0237
m,4.395531314,115.435,0.0237
m,4.394899957,121.578,0.0237
m,4.394139982,119.892,0.0236
m,4.393602609,121.163,0.0236
m,4.390150463,123.591,0.0232
m,4.389676347,120.36,0.0231
m,4.389205482,117.395,0.0232
m,4.388738356,121.754,0.0231
m,4.387832752,116.588,0.0231
m,4.386678933,116.76,0.0231
m,4.386483834,125.517,0.0231
m,4.386270675,119.556,0.0232
m,4.385872352,121.805,0.0233
m,4.385397186,119.993,0.0235
m,4.452792887,116.152,0.0235
m,4.451032559,119.109,0.0233
m,4.447744692,116.472,0.0232
m,4.446254083,120.115,0.0231
m,4.446254204,119.232,0.023
m,4.436775297,116.807,0.0228
m,4.433873483,121.598,0.0228
m,4.432325515,123.972,0.0227
m,4.430912103,118.819,0.0226
m,4.429685325,122.058,0.0226
m,4.422468619,118.471,0.0224
m,4.420601995,120.133,0.0224
m,4.420601859,118.983,0.0225
m,4.418081581,139.913,0.0226
m,4.409388636,117.121,0.0234
m,4.408367371,117.827,0.0235
m,4.407351267,122.341,0.0235
m,4.406560088,121.042,0.0236
m,4.404772741,123.063,0.0236
m,4.40045488,121.143,0.0237
m,4.399616401,119.695,0.0236
m,4.399002141,121.022,0.0236
m,4.397483842,121.083,0.0236
m,4.396799161,121.564,0.0236
m,4.392851382,118.787,0.0235
m,4.391797984,120.121,0.0235
m,4.391277753,120.407,0.0234
m,4.39071221,127.012,0.0233
m,4.387832752,134.612,0.0231
m,4.387034367,121.139,0.0231
m,4.386927755,118.794,0.0231
m,4.386692296,121.69,0.0231
m,4.385397418,125.185,0.0233
m,4.384571203,122.214,0.0233
m,4.384056877,118.817,0.0233
m,4.383493133,123.787,0.0231
m,4.383014032,121.911,0.023
m,4.382012275,121.181,0.0229
m,4.381544168,120.472,0.023
m,4.381079891,122.447,0.0231
m,4.380595021,127.111,0.0233
m,4.382150583,126.504,0.024
m,4.382268609,123.381,0.024
m,4.382527177,129.114,0.0238
m,4.382575819,127.708,0.0238
m,4.38243488,130.381,0.0237
m,4.380803379,137.18,0.0234
m,4.380490882,137.462,0.0234
m,4.380190888,140.427,0.0234
m,4.379970938,136.573,0.0232
m,4.379845746,133.108,0.0231
m,4.924677095,117.87,0.0255
m,4.925126843,117.308,0.0258
m,4.925419774,125.963,0.0258
m,4.925812422,123.253,0.0258
m,4.933266827,123.379,0.0259
m,4.936432375,121.836,0.0258
m,4.93817728,121.171,0.0258
m,4.940060374,120.651,0.026
m,4.941866546,117.918,0.0261
m,4.951710601,118.063,0.0263
m,4.954953701,118.131,0.0263
m,4.957021109,119.468,0.0263
m,4.959253114,119.954,0.0262
m,4.961515589,116.176,0.026
m,4.977193931,137.501,0.0259
m,4.979243373,131.709,0.0258
m,4.98113188,128.804,0.0258
m,4.98315779,128.007,0.0257
m,4.995084687,139.48,0.0261
m,4.996663978,127.956,0.0262
m,4.998295948,145.304,0.0265
m,5.001514655,129.894,0.0266
m,5.003235463,129.816,0.0268
m,4.380170352,129.875,0.0237
m,4.380237233,131.157,0.0238
m,4.380524082,133.339,0.024
m,4.381384389,125.01,0.0241
m,4.381384389,131.655,0.0241
m,4.38200993,132.821,0.0236
m,4.381667685,131.268,0.0236
m,4.381466106,127.475,0.0236
m,4.3811326,130.726,0.0235
m,4.379875485,125.198,0.0226
m,4.379875895,124.706,0.0224
m,4.379906858,124.523,0.0223
m,4.380028756,124.588,0.0223
m,4.379952702,124.316,0.0224
m,4.926634088,124.698,0.0259
m,4.927713312,127.452,0.0259
m,4.929243983,119.302,0.026
m,4.931845279,115.317,0.026
m,4.933266827,125.267,0.0259
m,4.945382073,121.87,0.0261
m,4.947035226,124,0.0261
m,4.948474971,120.161,0.0261
m,4.950131931,129.055,0.0262
m,4.963917267,119.278,0.0261
m,4.966188417,119.784,0.026
m,4.968382564,129.329,0.026
m,4.970715573,123.769,0.0259
m,4.975013359,125.77,0.0259
m,4.984969633,125.635,0.0258
m,4.988436071,138.301,0.0259
m,4.990090198,128.222,0.0259
m,4.990090116,129.796,0.0261
m,4.993373181,133.67,0.0261
m,5.004991707,148.601,0.0268
m,5.006967982,124.84,0.0268
m,5.008812966,131.662,0.0271
m,5.01141725,130.337,0.0273
m,5.011921903,138.061,0.0274
m,5.012090168,133.402,0.0274
m,5.012090181,134.114,0.0273
m,5.012124826,134.088,0.0271
m,5.012124846,133.98,0.027
s,5.012595352,135.942,0.0263
s,5.012595388,136.456,0.0262
s,5.012595425,136.784,0.0261
s,5.012679679,134.597,0.0259
s,5.012813691,135.713,0.0252
s,5.012947413,135.632,0.0251
s,5.012863304,135.497,0.025
s,5.012863366,135.29,0.0249
s,5.012779203,135.347,0.0249
s,5.012829054,135.884,0.0244
s,5.012829128,135.643,0.0243
s,5.012695454,135.692,0.0243
s,5.012611378,136.23,0.0242
s,5.012695607,136.317,0.0241
s,5.011908783,136.532,0.0237
s,5.011908783,136.896,0.0237
s,5.011824726,136.031,0.0236
s,5.011691138,137.031,0.0235
s,5.011389269,136.103,0.0234
s,5.011171453,136.818,0.0234
s,5.011171453,136.027,0.0234
s,5.011171453,136.671,0.0234
s,5.011305228,136.822,0.0233
s,5.011305421,135.666,0.0231
s,5.011305421,136.023,0.0231
s,5.011389555,135.657,0.0231
s,5.011473793,135.394,0.023
s,5.011473793,137.61,0.023
s,5.011860225,136.452,0.0227
s,5.011810714,136.802,0.0227
s,5.011810714,136.493,0.0227
s,5.011810714,136.623,0.0227
s,5.012209044,133.094,0.0268
s,5.012293228,134.05,0.0267
s,5.012377422,137.153,0.0266
s,5.01251112,136.695,0.0265
s,5.012511152,135.848,0.0264
s,5.012679722,136.761,0.0258
s,5.012679768,135.993,0.0257
s,5.012897658,136.84,0.0256
s,5.012897707,135.349,0.0255
s,5.012897812,136.436,0.0253
s,5.012912937,135.733,0.0248
s,5.01291307,135.704,0.0246
s,5.012828914,136.124,0.0246
s,5.012828983,136.189,0.0245
s,5.012695686,136.575,0.024
s,5.012562095,136.189,0.0239
s,5.012344267,136.427,0.0239
s,5.012126524,136.46,0.0238
s,5.012126524,136.66,0.0238
s,5.011691138,137.02,0.0235
s,5.011557461,136.385,0.0235
s,5.011473317,135.852,0.0235
s,5.011473317,138.728,0.0235
s,5.011389269,136.268,0.0234
s,5.011305228,135.98,0.0233
s,5.011305324,136.062,0.0232
s,5.011305324,136.829,0.0232
s,5.011305324,136.191,0.0232
s,5.011558039,136.302,0.0229
s,5.011691716,138.292,0.0229
s,5.011691819,136.104,0.0228
s,5.011775966,136.315,0.0228
s,5.01186012,136.333,0.0228
s,5.011677044,136.987,0.0227
s,5.011677044,137.012,0.0227
s,5.011677044,136.992,0.0227
s,5.011677044,137.477,0.0227
s,5.011543376,137.646,0.0227
s,5.011627545,136.666,0.0227
s,5.011627545,137.318,0.0227
s,5.011627653,137.309,0.0226
s,5.011627653,136.715,0.0226
s,5.011627762,136.691,0.0225
s,5.011494097,136.854,0.0225
s,5.011494097,138.62,0.0225
s,5.011360433,134.233,0.0225
s,5.011360433,137.799,0.0225
s,5.011360433,136.562,0.0225
s,5.010741493,138.176,0.0226
s,5.010607831,138.36,0.0226
s,5.01052365,136.59,0.0226
s,5.010389988,140.802,0.0226
s,5.009820428,138.786,0.0228
s,5.009820428,136.923,0.0228
s,5.009820324,139.024,0.0229
s,5.009820324,138.396,0.0229
s,5.009820324,137.657,0.0229
s,5.009736049,139.041,0.023
s,5.009736049,140.144,0.023
s,5.00973595,139.472,0.0231
s,5.009820026,140.615,0.0232
s,5.009735852,138.8,0.0232
s,5.009784984,138.113,0.0236
s,5.009784984,138.242,0.0236
s,5.009869063,138.347,0.0237
s,5.010002646,139.05,0.0238
s,5.01042338,137.402,0.024
s,5.010289723,137.424,0.024
s,5.010458125,137.754,0.024
s,5.010591699,137.966,0.0241
s,5.010542254,137.967,0.0241
s,5.01109687,137.422,0.0243
s,5.011096796,137.606,0.0244
s,5.011181035,136.733,0.0244
s,5.01126528,137.691,0.0244
s,5.011398845,137.518,0.0245
s,5.011627762,136.948,0.0225
s,5.011627762,136.473,0.0225
s,5.011494097,135.542,0.0225
s,5.011494097,138.434,0.0225
s,5.011226769,137.966,0.0225
s,5.011226769,136.055,0.0225
s,5.011093108,137.432,0.0225
s,5.011093108,138.014,0.0225
s,5.010875264,137.548,0.0225
s,5.01038988,137.759,0.0227
s,5.010172037,137.246,0.0227
s,5.010172037,140.026,0.0227
s,5.010038269,137.944,0.0228
s,5.009904606,137.38,0.0228
s,5.009736151,135.616,0.0229
s,5.009736151,142.956,0.0229
s,5.009736049,140.493,0.023
s,5.009736049,139.093,0.023
s,5.009735757,137.57,0.0233
s,5.009735663,137.775,0.0234
s,5.009735663,141.325,0.0234
s,5.009785073,136.706,0.0235
s,5.009785073,138.282,0.0235
s,5.010086814,138.285,0.0238
s,5.010170988,137.687,0.0238
s,5.010255169,137.593,0.0238
s,5.010255085,137.784,0.0239
s,5.01033927,137.465,0.0239
s,5.010626391,137.564,0.0242
s,5.010710613,137.68,0.0242
s,5.010794762,137.312,0.0243
s,5.01109687,137.264,0.0243
s,5.011483093,137.728,0.0245
s,5.011483024,137.909,0.0246
s,5.01161659,137.887,0.0247
s,5.01161659,137.119,0.0247
s,5.01161659,137.481,0.0247
s,5.011616524,137.547,0.0248
s,5.011616461,137.121,0.0249
s,5.011482766,137.277,0.025
s,5.011482766,137.072,0.025
s,5.011314049,137.226,0.0254
s,5.011096172,136.818,0.0254
s,5.011011887,136.828,0.0255
s,5.011011887,136.967,0.0255
s,5.011011887,136.432,0.0255
s,5.010189699,137.356,0.0258
m,5.010105448,137.72,0.0259
m,5.009887548,137.293,0.026
m,5.009585496,139.257,0.026
m,5.009585457,129.67,0.0261
m,5.014237833,124.9,0.0265
m,5.015554453,121.359,0.0266
m,5.016654002,130.635,0.0266
m,5.017633865,120.327,0.0267
m,5.026112358,121.183,0.0272
m,5.02752349,121.513,0.0272
m,5.028983606,123.949,0.0276
m,5.032163085,120.456,0.0276
m,5.034006454,120.167,0.0276
m,5.045195972,121.19,0.0284
m,5.047272877,115.298,0.0285
m,5.049219215,117.505,0.0285
m,5.051213972,116.568,0.0286
m,5.053210664,118.308,0.0286
m,5.067319293,115.433,0.0291
m,5.069156223,117.786,0.0293
m,5.072573728,114.669,0.0293
m,5.074373674,112.393,0.0293
m,5.084549032,118.68,0.0294
m,5.088352061,116.26,0.0295
m,5.090124845,115.645,0.0296
m,5.092163091,115.702,0.0297
m,5.093850987,121.717,0.0296
s,5.011482707,137.161,0.0251
s,5.011398458,137.199,0.0251
s,5.011398401,137.114,0.0252
s,5.011314158,136.746,0.0252
s,5.011314102,136.652,0.0253
s,5.010709739,137.11,0.0256
s,5.010709692,137.049,0.0257
s,5.010491824,137.076,0.0257
s,5.010485467,137.011,0
m,5.0094518,125.901,0.0261
m,5.009704414,128.788,0.0261
m,5.01034335,131.882,0.0263
m,5.01123534,138.201,0.0264
m,5.013090992,126.88,0.0265
m,5.018783655,129.776,0.0269
m,5.02095215,116.285,0.0268
m,5.022140719,130.051,0.0267
m,5.022140694,128.985,0.0268
m,5.024872567,122.642,0.027
m,5.035851867,138.967,0.0278
m,5.037699341,117.945,0.0279
m,5.039330045,117.108,0.0282
m,5.04312123,135.382,0.0283
m,5.057557231,126.423,0.0287
m,5.057557231,122.318,0.0287
m,5.061690105,119.663,0.0288
m,5.063607273,116.928,0.0289
m,5.065439683,123.453,0.029
m,5.076175427,117.761,0.0293
m,5.077890993,118.162,0.0294
m,5.079520041,119.365,0.0294
m,5.081150496,119.804,0.0293
m,5.082738778,126.106,0.0293
m,5.095761379,119.424,0.0296
m,5.097495617,120.265,0.0297
m,5.099231419,126.756,0.0297
m,5.102707838,124.141,0.0298
m,5.102707875,117.836,0.0299
m,5.105969731,124.508,0.0299
m,5.107492498,122.814,0.0299
m,5.109237743,127.263,0.0299
m,5.110763571,133.229,0.03
m,5.123406314,129.167,0.0295
m,5.125206742,128.541,0.0294
m,5.127149548,131.956,0.0293
m,5.127149575,139.786,0.0294
m,5.143285243,145.351,0.0289
m,5.145246615,134.916,0.0288
m,5.147209948,136.81,0.0289
m,5.149083415,139.491,0.029
m,5.150997029,128.809,0.0291
m,5.163375596,128.795,0.0291
m,5.166004088,131.731,0.029
m,5.168543375,136.596,0.029
m,5.171085911,140.45,0.029
m,5.173631665,142.142,0.0289
m,5.188938487,138.725,0.0291
m,5.191073208,137.081,0.0291
m,5.194772173,134.754,0.0294
m,5.196688859,139.611,0.0295
m,5.208293152,138.271,0.0306
m,5.208293152,128.407,0.0306
m,5.21206372,132.381,0.0306
m,5.213899662,138.93,0.0305
m,5.215893196,140.945,0.0304
m,5.228315196,136.778,0.031
m,5.230419795,141.482,0.0312
m,5.23239812,137.999,0.0311
m,5.236330935,145.751,0.0314
m,5.239630346,136.689,0.0314
m,5.252698941,146.789,0.0311
m,5.254637566,141.137,0.031
m,5.259073214,138.252,0.031
m,5.261535097,134.316,0.0308
m,5.114081934,126.31,0.03
m,5.115522048,127.472,0.03
m,5.117053607,132.012,0.03
m,5.11862744,127.518,0.0299
m,5.120202476,134.467,0.0297
m,5.130830595,134.385,0.0297
m,5.132870465,131.044,0.0294
m,5.135134255,137.085,0.0292
m,5.137269695,134.111,0.029
m,5.141234404,124.32,0.029
m,5.15287382,144.595,0.0292
m,5.154660256,135.474,0.0292
m,5.156448234,133.027,0.0292
m,5.160712865,136.715,0.0291
m,5.178230343,140.972,0.0289
m,5.180375735,138.394,0.0289
m,5.180375735,134.71,0.0289
m,5.184393749,131.96,0.0291
m,5.186711902,138.395,0.0291
m,5.198642251,136.414,0.0297
m,5.200373632,131.34,0.0299
m,5.202011952,132.917,0.03
m,5.203651541,131.727,0.0303
m,5.206616006,132.441,0.0307
m,5.218112877,138.168,0.0306
m,5.222396733,132.91,0.0306
m,5.224399273,157.508,0.0307
m,5.226308495,132.874,0.0309
m,5.241138083,140.199,0.0312
m,5.242840092,135.29,0.0311
m,5.244833404,135.378,0.0311
m,5.246957046,139.312,0.0309
m,5.250890029,145.027,0.031
m,5.263999707,137.03,0.0308
m,5.266114256,146.216,0.0308
m,5.268388783,143.471,0.0308
m,5.272464345,138.766,0.0309
m,5.274422138,139.305,0.0308
m,5.27638181,136.565,0.0307
m,5.278372556,137.102,0.0307
m,5.280394042,136.039,0.0309
m,5.282162571,133.773,0.0312
m,5.285506844,143.604,0.0311
m,5.295387386,137.68,0.0311
m,5.297393806,127.647,0.0313
m,5.300832549,135.36,0.0312
m,5.302518412,128.613,0.0312
m,5.304078999,138.702,0.0313
m,5.31482239,133.277,0.0313
m,5.318992304,131.699,0.031
m,5.321494044,137.719,0.0308
m,5.324199148,132.962,0.0306
m,5.339363005,139.109,0.0302
m,5.343832264,135.023,0.0302
m,5.345981082,139.773,0.0304
m,5.347904599,131.42,0.0304
m,5.349829791,135.526,0.0305
m,5.360819625,139.195,0.0312
m,5.362449246,136.671,0.0313
m,5.364080014,137.781,0.0314
m,5.365790751,134.148,0.0315
m,5.367730403,145.862,0.0317
m,5.381361763,140.391,0.0335
m,5.385105052,137.475,0.0337
m,5.387059865,133.048,0.0341
m,5.387060228,141.687,0.0344
m,5.401945205,135.517,0.0354
m,5.403810246,136.957,0.0355
m,5.405884306,134.684,0.0357
m,5.408063789,137.443,0.0358
m,5.41034911,141.68,0.0359
m,5.423267592,141.934,0.0353
m,5.425148798,142.216,0.0355
m,5.427135733,139.285,0.0355
m,5.429143456,140.294,0.0356
m,5.431028603,132.799,0.0356
m,5.28730804,132.156,0.031
m,5.28730804,136.934,0.031
m,5.2911821,128.122,0.031
m,5.293283954,134.064,0.0312
m,5.305867007,137.719,0.0314
m,5.307629312,131.029,0.0314
m,5.309519844,135.072,0.0313
m,5.31128561,129.391,0.0313
m,5.31482239,135.164,0.0313
m,5.326907632,136.841,0.0305
m,5.329745347,149.035,0.0301
m,5.332385167,134.631,0.03
m,5.337018,154.069,0.03
m,5.339362918,141.894,0.03
m,5.35178076,141.223,0.0307
m,5.35560899,141.787,0.0309
m,5.357462156,136.718,0.031
m,5.359089412,141.259,0.0311
m,5.371534925,134.717,0.0319
m,5.373604421,145.658,0.0323
m,5.375550265,144.178,0.0325
m,5.377520069,143.995,0.0326
m,5.379491712,135.848,0.0332
m,5.391055437,134.611,0.0346
m,5.393117938,140.272,0.0346
m,5.395079071,138.998,0.0347
m,5.396814054,145.299,0.0349
m,5.39867518,138.302,0.0352
m,5.412511782,138.887,0.0356
m,5.414820783,142.001,0.0353
m,5.417112028,136.333,0.0352
m,5.421283693,136.525,0.0353
m,5.435012928,134.235,0.0356
m,5.437322333,136.898,0.0355
m,5.43732219,132.643,0.0354
m,5.441736944,136.133,0.0353
m,5.44396552,133.969,0.0354
m,5.445966791,133.803,0.0354
m,5.447970185,132.229,0.0358
m,5.451751686,135.452,0.0359
m,5.453635998,140.285,0.036
m,5.465556717,127.417,0.0363
m,5.467362446,138.783,0.0362
m,5.471207581,140.361,0.0365
m,5.472894532,136.876,0.0366
m,5.474721544,136.992,0.0366
m,5.484038521,131.374,0.0367
m,5.485856086,129.909,0.0365
m,5.489265793,143.273,0.0364
m,5.49108711,134.068,0.0363
m,5.492802227,131.095,0.0361
m,5.504602581,138.555,0.0356
m,5.509005656,133.469,0.0354
m,5.511055141,139.305,0.0353
m,5.513214245,138.579,0.0353
m,5.52749079,135.656,0.034
m,5.52987962,146.327,0.0339
m,5.532366512,137.142,0.0339
m,5.534855751,132.732,0.0338
m,5.537590172,137.519,0.0337
m,5.552222188,139.746,0.033
m,5.554522455,133.317,0.0335
m,5.558424379,140.108,0.0336
m,5.562366466,138.211,0.0339
m,5.564224342,130.776,0.0341
m,5.577718527,134.55,0.0344
m,5.579375155,145.909,0.0345
m,5.581023049,135.306,0.0348
m,5.582782251,136.431,0.0348
m,5.598621658,141.467,0.0356
m,5.598621803,141.918,0.0357
m,5.602969374,147.786,0.0358
m,5.604973803,141.686,0.0358
m,5.607210807,144.898,0.0358
m,5.455750739,152.232,0.036
m,5.457850073,141.448,0.0361
m,5.459845261,144.481,0.0361
m,5.461859383,139.063,0.0362
m,5.463769076,136.23,0.0364
m,5.476427183,136.988,0.0368
m,5.478362912,136.529,0.0368
m,5.480283575,132.982,0.0366
m,5.482221838,135.526,0.0367
m,5.494625732,132.865,0.0359
m,5.496572414,132.715,0.0355
m,5.498535434,136.596,0.0354
m,5.502435349,138.636,0.0354
m,5.504602727,145.403,0.0357
m,5.515266917,144.716,0.0353
m,5.51893012,134.346,0.0352
m,5.520648586,132.158,0.0351
m,5.522706615,137.73,0.0349
m,5.524982777,137.98,0.0345
m,5.5424837,137.686,0.0335
m,5.544994255,151.917,0.0333
m,5.547518901,141.547,0.0332
m,5.549924305,132.377,0.0331
m,5.566324917,135.347,0.0342
m,5.568195586,146.819,0.034
m,5.570188396,149.731,0.0341
m,5.574066714,161.152,0.0341
m,5.575831807,135.657,0.0342
m,5.586636695,150.436,0.0349
m,5.58863097,140.537,0.035
m,5.58863124,142.902,0.0352
m,5.592391976,133.838,0.035
m,5.594279439,137.81,0.0354
m,5.609441022,135.645,0.0359
m,5.611561182,132.659,0.036
m,5.613674441,143.848,0.0359
m,5.615916601,141.365,0.0356
m,5.620853132,142.138,0.0354
m,5.620853132,136.934,0.0354
m,5.625557198,138.1,0.0352
m,5.627687196,138.266,0.0349
m,5.629818605,139.813,0.0346
m,5.643533498,138.667,0.0344
m,5.648157549,135.77,0.0341
m,5.65030252,140.267,0.0339
m,5.652562114,139.86,0.0339
m,5.666373394,149.79,0.0338
m,5.66852559,152.863,0.034
m,5.670684138,142.356,0.0341
m,5.675237637,150.024,0.0344
m,5.675237637,135.549,0.0344
m,5.687541473,144.045,0.0354
m,5.689484137,145.369,0.0359
m,5.691423438,138.778,0.0359
m,5.695424194,141.454,0.0361
m,5.695424657,143.475,0.0364
m,5.709651792,145.566,0.0373
m,5.713446322,146.312,0.0373
m,5.715405278,139.734,0.0374
m,5.715405808,152.258,0.0377
m,5.7314449,155.829,0.0382
m,5.733643717,142.991,0.0383
m,5.73584383,141.391,0.0385
m,5.738392245,150.538,0.0386
m,5.740940991,153.496,0.0387
m,5.755222043,144.054,0.0393
m,5.757433925,148.14,0.0396
m,5.759530027,151.145,0.0397
m,5.761627094,150.805,0.0396
m,5.76570956,149.685,0.0398
m,5.782082159,144.704,0.0403
m,5.787123406,145.047,0.0403
m,5.789590319,161.307,0.0406
m,5.792175068,145.932,0.0409
m,5.631832102,138.055,0.0343
m,5.634086374,136.973,0.0346
m,5.636335061,138.079,0.0348
m,5.641174655,138.029,0.035
m,5.643533873,140.421,0.0347
m,5.654596721,135.077,0.0336
m,5.658670195,138.042,0.0335
m,5.66059023,147.616,0.0336
m,5.662517001,140.201,0.0338
m,5.664212596,142.832,0.0338
m,5.679331969,136.467,0.0345
m,5.681383334,149.025,0.0346
m,5.68355011,141.51,0.0348
m,5.685604114,144.815,0.035
m,5.699548001,141.616,0.0364
m,5.7016118,142.392,0.0366
m,5.703676808,143.49,0.0368
m,5.705745815,143.017,0.0369
m,5.707813298,142.346,0.0372
m,5.719093456,146.097,0.0378
m,5.720704826,143.057,0.0379
m,5.722547952,149.234,0.0381
m,5.724624441,142.732,0.038
m,5.729247185,146.96,0.0381
m,5.746043375,137.068,0.0387
m,5.7484807,153.962,0.0389
m,5.7484809,140.888,0.039
m,5.753012624,144.404,0.0393
m,5.768044345,145.956,0.04
m,5.774939509,142.616,0.04
m,5.774939509,144.464,0.04
m,5.779621498,147.945,0.0401
m,5.782081936,144.566,0.0402
m,5.794760379,155.32,0.0407
m,5.800056918,150.004,0.0408
m,5.802649606,146.447,0.0406
m,5.805358514,141.734,0.0407
m,5.808069964,148.172,0.0402
m,5.810784179,145.66,0.0401
m,5.813500473,140.421,0.0401
m,5.815984883,143.871,0.0401
m,5.820953405,149.707,0.0402
m,5.820952967,141.343,0.04
m,5.835869446,140.76,0.0401
m,5.840979494,143.861,0.0401
m,5.843477643,152.588,0.0402
m,5.845981428,146.407,0.0403
m,5.845981207,152.907,0.0402
m,5.866407108,139.407,0.0404
m,5.868802044,142.521,0.0408
m,5.871557327,141.257,0.041
m,5.874314415,154.65,0.0412
m,5.892225008,151.312,0.0423
m,5.894393819,146.765,0.0427
m,5.896556372,144.043,0.0428
m,5.901131667,152.369,0.0428
m,5.903779639,144.682,0.0428
m,5.924809044,155.211,0.0426
m,5.924809566,153.864,0.0428
m,5.930391726,142.924,0.0429
m,5.933185561,141.761,0.043
m,5.936337504,145.839,0.0431
m,5.955357007,153.984,0.0446
m,5.960507732,143.204,0.0449
m,5.963441898,154.4,0.0447
m,5.966369051,152.153,0.0448
m,5.983724147,148.991,0.0455
m,5.98630356,150.811,0.0449
m,5.988987553,147.444,0.0449
m,5.991918794,143.922,0.0449
m,5.994738416,143.325,0.0446
m,6.010377213,150.035,0.0437
m,6.012860413,138.959,0.0437
m,6.015332872,147.677,0.0436
m,6.017919925,150.672,0.0441
m,6.020271354,156.874,0.0441
m,5.826040002,140.339,0.0402
m,5.82852629,139.74,0.0403
m,5.830895242,141.831,0.0404
m,5.833380108,146.924,0.0403
m,5.850869629,139.085,0.04
m,5.853607458,143.168,0.0398
m,5.85898367,136.471,0.0399
m,5.858984103,147.499,0.0401
m,5.864008988,144.457,0.0402
m,5.880067601,146.167,0.0413
m,5.882829391,145.584,0.0412
m,5.88523984,149.711,0.0417
m,5.88764477,154.904,0.0418
m,5.89005155,151.102,0.0421
m,5.906912117,150.317,0.0428
m,5.913076398,142.209,0.0427
m,5.915980624,140.039,0.0428
m,5.919120888,142.642,0.0427
m,5.939134929,148.953,0.0432
m,5.942056645,145.767,0.0436
m,5.944857354,149.685,0.0436
m,5.950333008,156.483,0.0436
m,5.955356139,138.521,0.0443
m,5.968950198,156.679,0.0449
m,5.971766613,145.883,0.0445
m,5.974218662,150.146,0.0447
m,5.97668285,144.442,0.0451
m,5.979035602,146.5,0.0453
m,5.997672993,146.763,0.0448
m,6.003072435,149.283,0.0441
m,6.005763075,141.688,0.0439
m,6.005763075,152.22,0.0439
m,6.024853719,140.106,0.0441
m,6.02709701,145.017,0.0441
m,6.029688732,142.114,0.0442
m,6.032405148,150.548,0.0441
m,6.035233934,147.15,0.0439
m,6.037952067,140.584,0.0435
m,6.040783044,148.378,0.0432
m,6.043367081,147.896,0.0431
m,6.048094262,151.023,0.0432
m,6.062552115,145.507,0.0434
m,6.064937877,148.811,0.0433
m,6.067186415,139.36,0.0434
m,6.071700836,145.633,0.0436
m,6.07384127,144.653,0.0435
m,6.087511058,138.455,0.0435
m,6.090130396,142.478,0.0433
m,6.090130396,137.401,0.0433
m,6.095012022,141.224,0.0433
m,6.097273898,144.462,0.0434
m,6.119170924,133.807,0.0436
m,6.122452967,139.647,0.0436
m,6.128879962,150.915,0.0436
m,6.132024502,138.491,0.0436
m,6.152481522,145.042,0.0438
m,6.155275599,141.068,0.0437
m,6.158071652,154.741,0.0438
m,6.161014133,141.59,0.0438
m,6.164067729,146.367,0.0439
m,6.179979961,139.271,0.0437
m,6.182503706,145.955,0.0437
m,6.185138515,147.887,0.0438
m,6.187775458,136.7,0.0439
m,6.190522675,139.362,0.0439
m,6.212495672,142.842,0.0444
m,6.215604697,137.441,0.0446
m,6.218586294,144.041,0.0446
m,6.221785842,136.753,0.0448
m,6.245086971,139.957,0.0455
m,6.248062269,137.486,0.0455
m,6.250780146,136.74,0.0455
m,6.255683184,135.483,0.0454
m,6.257761101,138.768,0.0451
m,6.050570239,145.703,0.0431
m,6.052701642,146.117,0.0434
m,6.055068707,145.658,0.0433
m,6.057561847,142.437,0.0433
m,6.060181247,147.147,0.0434
m,6.075968782,144.029,0.0436
m,6.078111277,145.856,0.0435
m,6.080240926,143.96,0.0437
m,6.082496789,140.312,0.0439
m,6.099662757,140.001,0.0436
m,6.102162325,137.985,0.0436
m,6.107322075,147.071,0.0436
m,6.110092819,140.036,0.0436
m,6.112991341,145.261,0.0437
m,6.132024502,135.706,0.0436
m,6.138226032,137.566,0.0436
m,6.141283118,142.458,0.0435
m,6.144089416,148.831,0.0437
m,6.147006468,139.977,0.0438
m,6.166905064,147.91,0.044
m,6.169634846,154.227,0.0439
m,6.175029256,139.945,0.0437
m,6.175029256,139.503,0.0437
m,6.193143763,141.228,0.0439
m,6.19600349,145.062,0.044
m,6.20249824,139.838,0.044
m,6.202498792,145.893,0.0442
m,6.209132028,144.462,0.0444
m,6.228596865,152.724,0.0449
m,6.232058853,144.486,0.0449
m,6.235415344,143.235,0.045
m,6.238774043,142.157,0.0452
m,6.242005097,138.454,0.0453
m,6.259649018,142.286,0.0447
m,6.261241308,145.23,0.0444
m,6.262065366,143.057,0.0442
m,6.262183128,148.731,0.0442
m,6.26159413,146.623,0.0443
m,6.259384634,141.457,0.0446
m,6.259384917,139.824,0.0447
m,6.256012245,141.475,0.0449
m,6.254002726,143.901,0.045
m,6.234855222,146.293,0.0452
m,6.23485493,149.598,0.0451
m,6.228890491,140.729,0.045
m,6.225686152,141.565,0.0451
m,6.206403369,145.038,0.0448
m,6.206403082,141.565,0.0447
m,6.20083412,140.419,0.0446
m,6.197880535,138.608,0.0446
m,6.195165349,140.19,0.0445
m,6.177851048,153.427,0.044
m,6.175068113,144.446,0.0438
m,6.172447308,137.021,0.0438
m,6.170066115,140.669,0.0438
m,6.165652482,134.289,0.0437
m,6.154621254,143.317,0.0435
m,6.150966669,135.167,0.0433
m,6.149248036,140.289,0.0432
m,6.147694462,145.49,0.0429
m,6.141695484,141.558,0.0419
m,6.141597749,148.388,0.0418
m,6.141637917,140.837,0.0417
m,6.141784824,138.115,0.0415
m,6.141935322,150.138,0.0413
m,6.142662636,148.789,0.0409
m,6.142803133,140.539,0.0407
m,6.143050569,150.023,0.0405
m,6.143506773,145.827,0.0402
m,6.14379844,152.749,0.0401
m,6.145709169,146.238,0.0392
m,6.146104189,150.385,0.039
m,6.146504818,146.785,0.0388
m,6.146875457,157.154,0.0385
m,6.251864347,139.867,0.0451
m,6.249253241,144.294,0.0451
m,6.246406656,146.925,0.0451
m,6.243537652,150.559,0.0453
m,6.240587525,145.517,0.0452
m,6.222719759,153.607,0.045
m,6.219992805,139.46,0.0452
m,6.214410669,144.629,0.0452
m,6.211898248,150.835,0.045
m,6.209150189,145.815,0.0449
m,6.192319453,148.95,0.0443
m,6.186422025,141.125,0.0442
m,6.183370144,139.985,0.0441
m,6.180557121,144.619,0.044
m,6.165652754,139.105,0.0438
m,6.161695067,135.304,0.0438
m,6.159876578,134.792,0.0439
m,6.158087867,136.423,0.0438
m,6.156406114,132.786,0.0438
m,6.146382821,141.888,0.043
m,6.145237102,138.114,0.0428
m,6.144125493,140.342,0.0427
m,6.143151825,144.625,0.0425
m,6.142419599,140.969,0.042
m,6.142089637,147.255,0.0412
m,6.142267181,144.559,0.041
m,6.142497332,142.965,0.041
m,6.142497106,146.86,0.0409
m,6.144188085,147.293,0.04
m,6.144422279,146.139,0.04
m,6.144592626,144.486,0.04
m,6.144592415,154.727,0.0399
m,6.145354683,149.763,0.0396
m,6.147555187,148.198,0.0384
m,6.147724646,146.971,0.0383
m,6.147962027,148.58,0.0383
m,6.148173295,148.366,0.0382
m,6.148489502,147.344,0.0386
m,6.148607177,146.713,0.0389
m,6.148764262,152.088,0.0388
m,6.14902582,145.534,0.0388
m,6.149835253,158.045,0.0389
m,6.150245326,148.797,0.0388
m,6.154005144,159.347,0.0385
m,6.154108211,160.627,0.0385
m,6.154108588,144.953,0.0387
m,6.155057266,151.638,0.0389
m,6.155802559,146.364,0.039
m,6.174525869,153.207,0.0421
m,6.178457397,158.998,0.0425
m,6.182488097,147.762,0.0428
m,6.186479455,154.831,0.0431
m,6.214730425,145.143,0.0439
m,6.218700666,149.462,0.0439
m,6.222671193,144.678,0.044
m,6.226740905,151.221,0.044
m,6.238651528,148.338,0.0439
m,6.259590401,155.311,0.0434
m,6.26405507,153.914,0.0433
m,6.268321171,152.13,0.0433
m,6.276693682,151.899,0.0431
m,6.276693425,148.22,0.043
m,6.303065376,145.909,0.0425
m,6.309697435,157.202,0.0423
m,6.312915696,146.905,0.0423
m,6.31627342,148.808,0.0421
m,6.337741919,152.389,0.0387
m,6.340967841,149.987,0.0385
m,6.344234977,144.064,0.038
m,6.347403695,149.244,0.037
m,6.353887351,145.389,0.037
m,6.368657129,150.524,0.0367
m,6.371793265,149.902,0.0361
m,6.374973217,145.579,0.0362
m,6.3809994,143.002,0.0361
m,6.384224102,151.241,0.0358
m,6.150897064,148.241,0.0386
m,6.151791061,151.428,0.0386
m,6.15231265,149.58,0.0386
m,6.153037695,150.908,0.0386
m,6.157026103,148.78,0.0393
m,6.158788533,152.558,0.04
m,6.164222111,142.331,0.0405
m,6.167477564,146.26,0.0411
m,6.170852917,155.462,0.0417
m,6.194679274,145.09,0.0434
m,6.194679274,147.929,0.0434
m,6.202580802,141.185,0.0436
m,6.206689755,146.368,0.0436
m,6.210798712,146.538,0.0436
m,6.242522385,149.554,0.0439
m,6.24663141,149.831,0.0439
m,6.250878862,145.631,0.0438
m,6.255265009,149.224,0.0437
m,6.284808466,147.26,0.043
m,6.2886178,143.564,0.0429
m,6.292328734,146.342,0.043
m,6.296079258,140.492,0.0429
m,6.299552453,158.866,0.0428
m,6.319532792,148.26,0.0418
m,6.322454616,142.706,0.0409
m,6.328444217,156.051,0.0406
m,6.328443572,149.074,0.0403
m,6.334337777,147.814,0.0395
m,6.35676557,147.113,0.037
m,6.359645276,144.665,0.0371
m,6.359645116,144.135,0.037
m,6.365619394,145.551,0.0368
m,6.387547743,152.057,0.0353
m,6.391153122,142.612,0.0347
m,6.394759884,144.481,0.0341
m,6.398087311,146.595,0.0337
m,6.401892463,150.599,0.0333
m,6.405460092,148.624,0.0325
m,6.408931569,153.387,0.0321
m,6.415835308,146.909,0.0316
m,6.419310427,155.451,0.0313
m,6.439199296,149.558,0.0299
m,6.442206627,150.129,0.031
m,6.446679268,150.523,0.0317
m,6.449355146,149.139,0.0323
m,6.469057317,153.978,0.0352
m,6.469057582,147.346,0.0354
m,6.47500754,149.246,0.0355
m,6.477842708,152.395,0.0359
m,6.480820433,153.219,0.0362
m,6.499085966,158.398,0.0369
m,6.4990852,144.129,0.0364
m,6.506195799,142.289,0.0363
m,6.509562534,147.437,0.0363
m,6.51293032,151.85,0.0363
m,6.536384007,145.617,0.0367
m,6.539284117,150.82,0.0366
m,6.542423794,148.175,0.0366
m,6.545326121,145.215,0.0366
m,6.566672476,139.745,0.0368
m,6.569773505,149.681,0.0369
m,6.572636832,149.672,0.0369
m,6.57559632,156.632,0.037
m,6.581517578,154.557,0.0372
m,6.597913874,151.184,0.0369
m,6.60097743,140.618,0.0369
m,6.607584164,139.918,0.0366
m,6.607584013,141.244,0.0365
m,6.614195743,143.625,0.0366
m,6.635396826,151.005,0.0359
m,6.640679192,147.085,0.036
m,6.640679192,146.862,0.036
m,6.646590856,152.417,0.036
m,6.422786632,147.251,0.0308
m,6.426025818,152.978,0.0304
m,6.429461015,145.593,0.03
m,6.432897329,149.642,0.0298
m,6.43609633,152.717,0.0296
m,6.45198781,144.196,0.0327
m,6.454718616,147.194,0.0332
m,6.457264812,151.398,0.034
m,6.460139007,144.673,0.0345
m,6.466224924,145.489,0.0348
m,6.483702329,148.031,0.0363
m,6.486540313,148.168,0.0367
m,6.489617237,146.638,0.0369
m,6.49259819,151.294,0.0368
m,6.516203104,148.217,0.0363
m,6.519477178,145.456,0.0364
m,6.525504851,146.707,0.0362
m,6.528354711,146.796,0.0363
m,6.533723003,149.977,0.0366
m,6.551372399,143.884,0.0367
m,6.554278279,146.993,0.037
m,6.557422789,144.968,0.0368
m,6.560663855,147.693,0.0367
m,6.563810837,156.655,0.0368
m,6.584909076,143.666,0.0371
m,6.588158189,148.369,0.037
m,6.591457039,157.485,0.0371
m,6.59461334,153.408,0.0371
m,6.617359349,143.454,0.0366
m,6.620523953,157.306,0.0366
m,6.623451009,149.971,0.0365
m,6.626567937,148.161,0.0364
m,6.632327619,151.798,0.0363
m,6.649619968,160.602,0.0359
m,6.652411582,148.283,0.0358
m,6.655059878,153.243,0.0358
m,6.657709125,155.651,0.0359
m,6.660214329,146.814,0.0357
m,6.665227488,153.827,0.0357
m,6.665227626,161.192,0.0358
m,6.669954532,153.279,0.0358
m,6.672267982,148.486,0.0357
m,6.674582225,144.101,0.0358
m,6.689056329,147.806,0.0353
m,6.689056329,145.285,0.0353
m,6.693930738,142.727,0.0352
m,6.696684551,158.054,0.0353
m,6.698962995,144.225,0.0359
m,6.718183808,147.994,0.0372
m,6.720944313,144.657,0.0373
m,6.723799065,142.427,0.0377
m,6.726508593,150.765,0.0378
m,6.743835995,143.906,0.0388
m,6.746312223,144.609,0.0391
m,6.749026824,137.52,0.0391
m,6.754695885,142.353,0.039
m,6.75469645,144.835,0.0393
m,6.768800431,144.736,0.0435
m,6.771007227,149.502,0.0439
m,6.773122571,146.462,0.0443
m,6.775237992,156.847,0.0444
m,6.777354809,146.876,0.0447
m,6.792432081,149.086,0.0466
m,6.794702587,152.895,0.0468
m,6.79706764,145.968,0.0476
m,6.799303183,154.585,0.0478
m,6.816993211,144.842,0.0492
m,6.82040724,142.045,0.049
m,6.82364064,146.101,0.0492
m,6.827077995,151.764,0.0495
m,6.830187318,147.695,0.0499
m,6.8479461,148.873,0.0496
m,6.851277836,144.452,0.0495
m,6.85442857,148.658,0.0494
m,6.85781857,149.433,0.0493
m,6.861267891,152.04,0.0497
m,6.676896568,137.542,0.0356
m,6.679305109,140.334,0.0354
m,6.68413279,146.315,0.0354
m,6.686594204,149.476,0.0353
m,6.701531972,146.272,0.0363
m,6.706858252,146.211,0.0365
m,6.709667886,143.181,0.0367
m,6.712665097,152.425,0.0371
m,6.715424177,143.163,0.0372
m,6.72927112,145.938,0.0379
m,6.734268796,139.9,0.038
m,6.736742349,141.112,0.0381
m,6.739123641,140.636,0.0382
m,6.741598715,143.825,0.0385
m,6.759867483,142.268,0.0401
m,6.7613565,149.304,0.0412
m,6.763084148,145.249,0.042
m,6.764958376,147.216,0.0427
m,6.779710298,149.117,0.0448
m,6.782067746,149.267,0.0453
m,6.782828175,160.818,0.0457
m,6.785187399,151.257,0.0461
m,6.789778021,151.906,0.0465
m,6.801521931,147.792,0.0481
m,6.804071095,150.857,0.0483
m,6.80647553,152.836,0.0489
m,6.808842264,150.763,0.0489
m,6.813909383,146.499,0.0493
m,6.832946785,156.105,0.05
m,6.838377331,145.128,0.0502
m,6.838378032,148.814,0.0504
m,6.844470337,153.171,0.0504
m,6.864751707,150.412,0.0499
m,6.871784168,147.556,0.0487
m,6.871783197,145.575,0.0484
m,6.879707877,155.948,0.0483
m,6.883423747,153.304,0.0483
m,6.886845417,154.735,0.0482
m,6.890063028,154.565,0.048
m,6.895853499,153.905,0.0479
m,6.898810796,152.823,0.0476
m,6.917246453,152.736,0.0494
m,6.920804674,149.828,0.0497
m,6.927832963,155.51,0.0499
m,6.931154743,148.979,0.0498
m,6.934180735,150.733,0.0497
m,6.952292191,153.349,0.0451
m,6.956302873,160.535,0.0445
m,6.964181533,157.872,0.0441
m,6.96789932,152.98,0.0438
m,6.971439478,155.918,0.0435
m,6.990819514,149.601,0.0399
m,6.999397174,155.654,0.0387
m,7.002647302,155.877,0.0382
m,7.0064609,157.212,0.0374
m,7.024020972,150.166,0.0425
m,7.028184118,158.231,0.0443
m,7.030075596,150.778,0.0461
m,7.0320284,149.872,0.0477
m,7.033662893,150.026,0.0514
m,7.051523104,155.17,0.0594
m,7.055122646,154.035,0.0604
m,7.058426136,153.292,0.0619
m,7.061580878,149.214,0.0634
m,7.064761442,149.079,0.0646
m,7.083322445,154.43,0.0726
m,7.086655567,151.272,0.0733
m,7.090315904,152.186,0.0741
m,7.090320682,155.645,0.0748
m,7.113417221,155.722,0.0767
m,7.119782132,151.396,0.0777
m,7.122923767,160.307,0.0784
m,7.126239741,155.223,0.0789
m,7.129532439,152.758,0.0794
m,6.901260972,149.636,0.0477
m,6.903533569,146.712,0.0484
m,6.903534863,146.856,0.0488
m,6.909748446,155.34,0.0493
m,6.913451706,146.82,0.0493
m,6.937533573,151.568,0.049
m,6.940769126,148.202,0.0481
m,6.944334113,155.948,0.0475
m,6.948254921,150.638,0.0467
m,6.974207866,147.813,0.0436
m,6.975489638,154.089,0.0437
m,6.977187407,153.532,0.0424
m,6.981234115,152.454,0.0415
m,6.990820514,151.548,0.0404
m,7.00962282,155.107,0.0379
m,7.012785499,161.014,0.0385
m,7.01651218,151.354,0.0381
m,7.022811513,154.501,0.0391
m,7.024018062,152.781,0.0412
m,7.039320339,161.405,0.0557
m,7.039327246,154.617,0.0573
m,7.0444517,154.617,0.0578
m,7.044455807,154.195,0.0587
m,7.067891256,148.654,0.066
m,7.070961588,157.352,0.0676
m,7.073535017,155.478,0.0688
m,7.076028586,159.454,0.0697
m,7.078710658,154.357,0.0709
m,7.097461386,148.683,0.0755
m,7.10094663,155.258,0.0761
m,7.104513222,157.738,0.0757
m,7.107969101,150.259,0.0755
m,7.110605634,156.797,0.0762
m,7.132915035,148.529,0.0801
m,7.135915398,153.682,0.0815
m,7.139231848,155.548,0.0816
m,7.145954261,159.925,0.0818
m,7.149147159,156.845,0.0821
m,7.152316488,157.817,0.0823
m,7.155098496,157.321,0.0826
m,7.157642446,151.395,0.0828
m,7.160338823,160.773,0.0831
m,7.184041551,157.343,0.0836
m,7.18922605,151.707,0.0832
m,7.193395218,155.3,0.083
m,7.197006338,158.948,0.0832
m,7.219534708,160.371,0.0838
m,7.222801147,156.565,0.0834
m,7.230267394,155.585,0.0827
m,7.23439634,160.057,0.0817
m,7.238119161,156.274,0.0811
m,7.255648698,160.991,0.0815
m,7.25936143,154.624,0.0815
m,7.262750158,155.91,0.0813
m,7.266387447,157.595,0.0798
m,7.275500701,160.156,0.0794
m,7.29631383,159.916,0.0788
m,7.299293125,159.288,0.0787
m,7.301950611,160.414,0.0787
m,7.304524831,156.517,0.0789
m,7.330411145,155.39,0.0766
m,7.333283403,161.088,0.0775
m,7.338498566,155.327,0.0784
m,7.338504346,160.217,0.0792
m,7.343162852,151.253,0.0801
m,7.356252007,152.746,0.0826
m,7.362019153,156.991,0.0826
m,7.365152606,157.58,0.083
m,7.368199255,159.551,0.083
m,7.370856752,157.412,0.0831
m,7.392373455,154.283,0.0829
m,7.395024635,158.184,0.0832
m,7.397592045,162.782,0.0834
m,7.400158196,157.503,0.0833
m,7.161976109,156.055,0.0836
m,7.167282847,153.64,0.0838
m,7.167286085,157.253,0.0842
m,7.174475112,155.713,0.0842
m,7.17914141,159.855,0.0842
m,7.204120527,152.673,0.0832
m,7.207065672,155.756,0.0836
m,7.207065672,160.004,0.0836
m,7.213492558,157.178,0.0836
m,7.216352797,159.113,0.0839
m,7.241609597,152.137,0.0811
m,7.245102386,155.556,0.0813
m,7.248529339,156.131,0.0814
m,7.251851121,162,0.0815
m,7.280609232,156.56,0.0784
m,7.28060564,157.687,0.0779
m,7.288319004,159.809,0.0779
m,7.290852085,159.613,0.0781
m,7.29386245,161.949,0.0784
m,7.310792699,152.09,0.0788
m,7.310791252,153.069,0.0786
m,7.318449019,152.113,0.0781
m,7.322446693,155.409,0.0775
m,7.326664441,159.055,0.0768
m,7.343171073,148.63,0.0812
m,7.348256091,148.981,0.082
m,7.351151666,152.393,0.0829
m,7.353852316,150.99,0.0825
m,7.373481707,159.502,0.0829
m,7.377160851,150.791,0.0831
m,7.380039313,159.805,0.0827
m,7.38660365,156.602,0.0829
m,7.386604425,155.931,0.083
m,7.402556101,158.888,0.083
m,7.40512373,159.449,0.0828
m,7.407837746,161.392,0.0815
m,7.410806585,158.123,0.0805
m,7.413860144,156.378,0.0795
m,7.419690373,154.772,0.0791
m,7.422873677,156.964,0.078
m,7.42558649,158.45,0.0773
m,7.428427656,155.474,0.0764
m,7.431354524,160.527,0.0755
m,7.446102647,150.99,0.0701
m,7.448014902,152.937,0.0695
m,7.450011173,159.27,0.0687
m,7.451927533,149.917,0.068
m,7.455540055,151.29,0.0674
m,7.468230246,152.385,0.0639
m,7.469784613,159.228,0.0635
m,7.471495897,151.831,0.0631
m,7.473281709,152.028,0.0626
m,7.48620919,158.391,0.0598
m,7.488678489,153.894,0.0594
m,7.491327173,154.806,0.059
m,7.494059482,154.817,0.059
m,7.500666517,155.284,0.059
m,7.521503879,156.58,0.0578
m,7.526342533,155.54,0.0577
m,7.53047145,161.925,0.0579
m,7.538098652,154.057,0.0579
m,7.541124046,159.035,0.058
m,7.567765123,154.497,0.0595
m,7.567765573,160.934,0.0596
m,7.576502275,161.728,0.0599
m,7.5807892,156.504,0.0601
m,7.609434328,155.497,0.0633
m,7.614039787,156.335,0.063
m,7.618410761,157.896,0.0632
m,7.622784454,152.193,0.0639
m,7.627003452,157.496,0.0646
m,7.654211793,154.414,0.0652
m,7.654213883,160.111,0.0656
m,7.663691984,157.449,0.066
m,7.667931596,159.547,0.0663
m,7.672337282,161.156,0.0667
m,7.43408353,154.163,0
m,7.436891082,155.764,0.0732
m,7.439261871,155.797,0.0715
m,7.44172441,155.142,0.0708
m,7.458122078,157.552,0.0668
m,7.460124188,156.87,0.0656
m,7.461823393,150.079,0.0652
m,7.463441606,154.05,0.0647
m,7.466605154,151.505,0.0643
m,7.475234188,161.141,0.0622
m,7.477031471,153.344,0.0614
m,7.480335012,153.721,0.061
m,7.48033313,151.39,0.0606
m,7.484214808,152.676,0.0602
m,7.504539307,155.65,0.0586
m,7.508419869,149.742,0.0582
m,7.512538917,155.146,0.0581
m,7.517057974,158.701,0.0579
m,7.54438632,154.25,0.058
m,7.548588933,154.605,0.058
m,7.55201741,155.663,0.0585
m,7.555910264,154.649,0.0586
m,7.559887396,158.656,0.0592
m,7.585086074,155.502,0.0605
m,7.589148464,153.121,0.0614
m,7.597424105,159.326,0.0621
m,7.601401504,157.058,0.0622
m,7.60514589,158.153,0.0631
m,7.631456318,159.007,0.0646
m,7.635754508,161.107,0.0646
m,7.645218252,155.348,0.0646
m,7.649756051,154.812,0.0649
m,7.676411966,161.459,0.0668
m,7.68047777,157.54,0.0671
m,7.684553769,154.441,0.0673
m,7.693230718,156.936,0.0674
m,7.697534932,154.379,0.0677
m,7.697536035,161.365,0.0679
m,7.706382066,153.295,0.0684
m,7.710605014,160.324,0.0688
m,7.714508205,160.378,0.0692
m,7.739131815,152.757,0.0701
m,7.747980797,152.945,0.0702
m,7.752915778,158.703,0.0702
m,7.7580175,155.02,0.0703
m,7.763285544,159.554,0.0704
m,7.789816169,155.866,0.0699
m,7.799299539,161.181,0.0699
m,7.803598027,161.674,0.0702
m,7.807291131,156.448,0.0703
m,7.811910066,151.975,0.0705
m,7.841916124,152.039,0.0725
m,7.846063233,158.397,0.0729
m,7.850304397,154.937,0.0729
m,7.854617636,158.645,0.0731
m,7.887702448,159.184,0.0732
m,7.892410151,155.971,0.0736
m,7.896961843,160.558,0.0736
m,7.901670048,160.526,0.074
m,7.909813124,156.959,0.0743
m,7.92677958,159.226,0.0761
m,7.934533595,156.114,0.0763
m,7.938447086,161.752,0.0766
m,7.93844579,161.289,0.0764
m,7.946493984,157.219,0.0766
m,7.970013403,159.846,0.0768
m,7.974248109,156.396,0.0768
m,7.978399625,152.177,0.0769
m,7.982704754,156.834,0.077
m,8.014301772,162.071,0.077
m,8.018621025,158.561,0.0767
m,8.026451277,155.839,0.0766
m,8.029737991,154.18,0.0765
m,8.032941851,158.441,0.0766
m,7.71856442,154.713,0.0693
m,7.723095361,153.281,0.0694
m,7.72692797,156.053,0.0699
m,7.735063983,161.545,0.0701
m,7.739132395,154.206,0.0702
m,7.768860946,155.183,0.0702
m,7.774198812,159.241,0.0699
m,7.784711754,156.731,0.0697
m,7.789815596,153.78,0.0698
m,7.816304799,156.682,0.0708
m,7.820449441,152.748,0.071
m,7.828907696,159.629,0.0717
m,7.832982833,159.161,0.072
m,7.832984631,160.102,0.0723
m,7.859166723,160.829,0.073
m,7.868504962,158.603,0.0731
m,7.87305548,155.529,0.0731
m,7.87791399,158.719,0.0731
m,7.882844185,160.213,0.0733
m,7.913556613,159.447,0.0744
m,7.916840933,160.171,0.0748
m,7.920126094,154.521,0.0753
m,7.923408923,157.976,0.0754
m,7.950252416,158.198,0.0766
m,7.95416267,160.675,0.0763
m,7.957852536,160.412,0.0764
m,7.962171192,155.472,0.0765
m,7.966015108,157.639,0.0766
m,7.991176833,157.41,0.0772
m,7.994615201,157.936,0.0771
m,8.001663335,156.738,0.0773
m,8.005815434,154.655,0.0773
m,8.009981478,159.224,0.0771
m,8.036313893,155.754,0.0766
m,8.039547863,151.284,0.0765
m,8.042561587,157.018,0.0766
m,8.04526577,158.607,0.0761
m,8.047345575,158.229,0.0761
m,8.048645434,156.727,0.0762
m,8.049802285,153.887,0.0764
m,8.04965891,161.158,0.0763
m,8.048735633,159.587,0.0761
m,8.038704033,153.936,0.0744
m,8.036628617,154.09,0.0743
m,8.03470711,149.084,0.0741
m,8.032635363,153.351,0.0739
m,8.018414393,156.747,0.0729
m,8.016728976,151.533,0.0726
m,8.01465393,158.446,0.072
m,8.012734274,155.603,0.0717
m,8.008664102,162.068,0.0714
m,7.996709819,153.943,0.0701
m,7.994176252,153.34,0.0696
m,7.992033716,152.536,0.0691
m,7.989807966,158.415,0.0689
m,7.985536427,152.836,0.0688
m,7.97144224,154.366,0.0666
m,7.969104046,156.682,0.0662
m,7.966615174,163.179,0.0654
m,7.961499042,159.824,0.0649
m,7.946889652,162.502,0.0623
m,7.942025573,148.877,0.0621
m,7.942024179,152.222,0.0618
m,7.937256023,157.28,0.0615
m,7.93501091,157.58,0.0611
m,7.922775185,154.397,0.0596
m,7.917591808,150.308,0.0595
m,7.917590941,147.915,0.0593
m,7.912593796,155.907,0.0591
m,7.910098094,146.193,0.0588
m,7.89070486,144.989,0.0572
m,7.890703243,155.633,0.0568
m,7.884774507,152.038,0.0566
m,7.8819477,148.71,0.0563
m,8.047407056,157.54,0.0759
m,8.04608013,156.6,0.0757
m,8.044601483,153.846,0.0754
m,8.04126701,149.173,0.0749
m,8.041265151,152.425,0.0746
m,8.030565786,149.68,0.0737
m,8.028261254,148.522,0.0736
m,8.024220435,153.483,0.0735
m,8.022311635,157.676,0.0733
m,8.022310432,153.494,0.0731
m,8.006597457,152.442,0.071
m,8.004144404,155.727,0.0708
m,8.00184537,156.778,0.0707
m,7.999309172,161.51,0.0704
m,7.983099661,152.466,0.0685
m,7.980814826,158.133,0.068
m,7.97846936,161.475,0.0678
m,7.976275321,158.021,0.0673
m,7.973783052,153.81,0.0671
m,7.958718769,152.595,0.0647
m,7.957154344,158.628,0.0643
m,7.954403375,156.963,0.064
m,7.951866896,150.937,0.0634
m,7.94941919,152.278,0.0625
m,7.932829466,159.049,0.0607
m,7.930412525,145.893,0.0605
m,7.92793522,147.706,0.0602
m,7.925309586,153.277,0.0598
m,7.907693245,149.181,0.0584
m,7.905054171,149.064,0.0583
m,7.902178746,155.43,0.058
m,7.899306352,148.312,0.0578
m,7.896198015,156.424,0.0575
m,7.878886161,152.499,0.0561
m,7.875826889,149.689,0.0557
m,7.873067407,148.666,0.0552
m,7.870516525,149.135,0.0543
m,7.865190117,147.291,0.0542
m,7.862796996,153.883,0.0539
m,7.862795904,149.796,0.0536
m,7.858880831,150.904,0.0534
m,7.856436475,146.273,0.0531
m,7.851433787,151.439,0.0528
m,7.837000853,148.832,0.0519
m,7.83174252,145.927,0.052
m,7.829179338,145.596,0.052
m,7.826437042,149.01,0.052
m,7.826437386,144.153,0.0521
m,7.804811021,151.32,0.0529
m,7.802090086,144.926,0.0529
m,7.799518717,144.559,0.053
m,7.799518717,143.427,0.053
m,7.781713611,142.656,0.0536
m,7.779799681,148.411,0.0535
m,7.777779209,144.761,0.0534
m,7.775961332,146.153,0.0534
m,7.773999473,139.875,0.0535
m,7.761177245,143.706,0.0532
m,7.758977249,147.544,0.0532
m,7.756924645,157.207,0.053
m,7.754729579,143.474,0.053
m,7.752535944,139.575,0.0527
m,7.73817938,140.182,0.052
m,7.736815779,139.42,0.0518
m,7.733518078,146.503,0.0516
m,7.731729265,144.722,0.0516
m,7.723511946,139.847,0.0509
m,7.722458706,141.812,0.0509
m,7.720039169,139.357,0.0508
m,7.718617358,144.069,0.0509
m,7.717103346,143.866,0.0509
m,7.710249008,145.113,0.0511
m,7.708989967,139.097,0.0512
m,7.706858539,144.91,0.0512
m,7.705653401,140.864,0.0513
m,7.70440178,139.245,0.0515
m,7.84650588,141.442,0.0525
m,7.844074121,149.824,0.0522
m,7.84173645,146.688,0.0522
m,7.839367333,148.627,0.052
m,7.820960403,139.529,0.0522
m,7.818282168,142.215,0.0524
m,7.815458629,160.463,0.0525
m,7.812785524,151.401,0.0529
m,7.807387442,150.803,0.0529
m,7.794730852,143.386,0.0531
m,7.792368009,150.36,0.0533
m,7.790299849,139.755,0.0534
m,7.788380285,143.427,0.0536
m,7.784013534,148.205,0.0536
m,7.77180005,147.105,0.0533
m,7.769695217,144.296,0.0532
m,7.767446442,139.784,0.0531
m,7.763379376,144.957,0.0531
m,7.747867611,138.832,0.0527
m,7.745868505,154.082,0.0526
m,7.745868153,142.378,0.0525
m,7.741733509,147.903,0.0524
m,7.740218888,145.759,0.0521
m,7.730232155,139.418,0.0514
m,7.728644052,137.482,0.0512
m,7.727391211,143.154,0.0511
m,7.726047236,142.733,0.051
m,7.724706268,151.611,0.051
m,7.715690288,149.328,0.0508
m,7.714374013,143.375,0.0508
m,7.713059777,140.147,0.0508
m,7.711653595,156.527,0.051
m,7.703199942,141.446,0.0516
m,7.702142991,142.21,0.0517
m,7.701087191,143.152,0.0517
m,7.69989038,155.474,0.0519
m,7.698742719,142.411,0.052
m,7.6975968,146.211,0.0522
m,7.695261209,143.046,0.0525
m,7.694357251,153.01,0.0525
m,7.693216667,145.224,0.0526
m,7.684958245,139.654,0.054
m,7.682197678,157.131,0.0541
m,7.680751073,143.882,0.0542
m,7.679353227,143.53,0.0542
m,7.678004089,143.346,0.0542
m,7.671803602,140.702,0.055
m,7.669458592,139.937,0.0551
m,7.668263375,141.988,0.0552
m,7.667069609,138.158,0.0552
m,7.665966605,144.23,0.0551
m,7.659210015,140.609,0.056
m,7.658269317,145.063,0.0559
m,7.657376575,138.095,0.0564
m,7.656483446,135.195,0.0564
m,7.651018927,140.714,0.0566
m,7.650082339,134.494,0.0566
m,7.648158387,140.14,0.0567
m,7.64815962,138.908,0.057
m,7.640235161,144.92,0.0581
m,7.638313944,142.999,0.0583
m,7.636246898,144.241,0.0584
m,7.635167766,146.118,0.0585
m,7.629127597,153.288,0.0583
m,7.628244571,144.465,0.0584
m,7.628245004,144.978,0.0585
m,7.626502699,143.071,0.0585
m,7.619617952,150.008,0.0589
m,7.618815566,146.921,0.0587
m,7.618816003,133.35,0.0588
m,7.617419127,143.983,0.0588
m,7.616623995,138.986,0.0587
m,7.692079887,142.72,0.0531
m,7.690754797,140.722,0.0535
m,7.689194586,145.406,0.0537
m,7.687732394,147.184,0.0537
m,7.68646296,143.562,0.0538
m,7.676561968,139.799,0.0544
m,7.675405867,138.463,0.0545
m,7.674156283,135.474,0.0548
m,7.67300451,141.064,0.0549
m,7.665103731,143.401,0.0551
m,7.664243042,138.624,0.0553
m,7.663524717,157.865,0.0554
m,7.661430741,148.075,0.0558
m,7.661431139,146.047,0.0559
m,7.654832645,134.447,0.0565
m,7.654029455,146.47,0.0562
m,7.653369859,142.311,0.0563
m,7.652473096,138.953,0.0564
m,7.651956019,156.465,0.0564
m,7.64605754,138.788,0.0571
m,7.644610171,137.69,0.0575
m,7.643834379,139.942,0.0573
m,7.642501616,146.624,0.0576
m,7.641268801,153.649,0.0578
m,7.63432909,140.719,0.0586
m,7.633295367,144.084,0.0587
m,7.632361446,158.128,0.0586
m,7.631469909,137.966,0.0584
m,7.630720508,156.957,0.0584
m,7.625586093,139.081,0.0587
m,7.624631826,141.456,0.0589
m,7.62360023,143.408,0.059
m,7.622471766,141.715,0.059
m,7.621445052,145.285,0.0589
m,7.615869519,142.245,0.0586
m,7.615216933,145.88,0.0585
m,7.614094209,149.09,0.0583
m,7.613486121,150.744,0.0583
m,7.612741511,139.144,0.0582
m,7.61227468,141.582,0.0581
m,7.611809168,144.018,0.0579
m,7.611445695,144.062,0.0577
m,7.610983315,140.537,0.0574
m,7.608304691,143.655,0.0566
m,7.607921741,143.954,0.0565
m,7.606879932,141.536,0.0562
m,7.606395757,153.243,0.0561
m,7.603933524,159.177,0.0551
m,7.603612787,149.902,0.0551
m,7.602955989,148.747,0.0555
m,7.60209892,144.816,0.0562
m,7.60168391,147.366,0.0567
m,7.600883923,139.276,0.0564
m,7.601092025,149.71,0.0562
m,7.601473409,142.838,0.056
m,7.601515371,145.424,0.0552
m,7.601800398,145.724,0.055
m,7.603766304,140.632,0.0535
m,7.60386834,138.377,0.0534
m,7.604210678,139.078,0.0533
m,7.604974782,140.51,0.0532
m,7.606721659,148.034,0.0522
m,7.606953179,149.376,0.0519
m,7.607157608,140.212,0.0518
m,7.607739936,145.958,0.0517
m,7.608325569,138.274,0.0519
m,7.610588843,142.609,0.0526
m,7.610748229,142.298,0.0529
m,7.610749317,135.542,0.0532
m,7.611103983,147.82,0.0536
m,7.611298972,144.711,0.0537
m,7.612969201,139.918,0.0552
m,7.612975004,140.764,0.0558
m,7.613220275,143.851,0.0564
m,7.61344191,138.122,0.0574
m,7.609864587,140.971,0.0572
m,7.60986417,144.696,0.0571
m,7.609530576,147.526,0.0571
m,7.609415523,141.119,0.0568
m,7.608927353,140.02,0.0566
m,7.605643649,146.677,0.0557
m,7.605440995,144.093,0.0555
m,7.605276423,147.714,0.0553
m,7.604912378,150.64,0.0553
m,7.604550039,145.842,0.0552
m,7.601371179,152.67,0.0569
m,7.601088335,149.04,0.0568
m,7.600984235,141.125,0.0567
m,7.600983824,150.491,0.0566
m,7.602683802,153.07,0.0549
m,7.6028746,143.22,0.0547
m,7.603170683,145.495,0.0545
m,7.603169166,154.999,0.0541
m,7.603564907,148.809,0.0538
m,7.605293149,146.99,0.053
m,7.605614012,143.495,0.0527
m,7.605835229,142.554,0.0526
m,7.605834518,154.368,0.0524
m,7.606492512,135.402,0.0524
m,7.608883754,140.822,0.052
m,7.609340823,147.41,0.052
m,7.609622961,137.996,0.0521
m,7.609907536,136.396,0.0522
m,7.611468088,149.054,0.0539
m,7.611668218,134.116,0.0541
m,7.612074301,145.016,0.0542
m,7.612414476,144.699,0.0545
m,7.61262497,135.934,0.055
m,7.61385926,138.174,0.058
m,7.613861414,134.976,0.0585
m,7.614342386,133.629,0.0591
m,7.614259279,140.217,0.0599
m,7.614021512,143.189,0.0611
m,7.614232347,140.944,0.0619
m,7.614423452,138.431,0.0635
m,7.614507114,140.708,0.0641
m,7.614600487,142.036,0.0648
m,7.614137506,142.662,0.0653
m,7.614804231,140.808,0.0682
m,7.61528835,149.263,0.0683
m,7.615506995,152.672,0.0684
m,7.615834234,133.771,0.0684
m,7.616082395,139.153,0.0684
m,7.618470122,159.472,0.0686
m,7.618677291,137.924,0.0686
m,7.619015298,138.591,0.0684
m,7.619590872,130.596,0.068
m,7.622392271,137.227,0.0676
m,7.622961721,146.884,0.0675
m,7.623532646,149.593,0.0673
m,7.62387272,148.684,0.0678
m,7.624876673,137.847,0.0679
m,7.626830356,143.396,0.0678
m,7.627291647,147.388,0.0677
m,7.627648278,144.654,0.0678
m,7.628135006,136.508,0.0678
m,7.629222836,141.88,0.0679
m,7.632958864,146.754,0.0681
m,7.633445976,144.584,0.0681
m,7.633446535,142.021,0.0682
m,7.63442834,144.465,0.0684
m,7.636985615,152.043,0.0683
m,7.637744182,147.516,0.068
m,7.637744182,154.683,0.068
m,7.638570325,140.898,0.0682
m,7.639303817,147.63,0.0681
m,7.643078998,145.319,0.0673
m,7.643829966,149.394,0.0674
m,7.643829418,145.083,0.0673
m,7.645337902,145.656,0.0674
m,7.645970305,148.638,0.0676
m,7.614125589,138.299,0.0658
m,7.614065284,139.399,0.0663
m,7.614248057,143.537,0.0673
m,7.614802553,140.349,0.0679
m,7.616571823,142.533,0.0687
m,7.616849713,141.495,0.0688
m,7.617647667,136.676,0.0687
m,7.617955539,141.824,0.0687
m,7.617954972,155.066,0.0686
m,7.620169923,141.043,0.0679
m,7.621096004,151.984,0.0676
m,7.62123105,140.997,0.0678
m,7.621581482,140.668,0.0679
m,7.62158037,135.711,0.0677
m,7.625457544,146.789,0.068
m,7.625932787,142.522,0.0681
m,7.626387569,137.002,0.068
m,7.626607868,142.942,0.0679
m,7.629715349,136.35,0.0679
m,7.630318517,147.326,0.068
m,7.630923144,139.338,0.068
m,7.631402146,139.338,0.0681
m,7.632010311,140.995,0.068
m,7.634687222,162.476,0.0687
m,7.635311718,148.23,0.0689
m,7.636065215,141.656,0.069
m,7.636345079,143.699,0.0686
m,7.636483207,152.669,0.0686
m,7.639802933,141.988,0.0679
m,7.64066689,149.122,0.0676
m,7.640935134,141.731,0.0675
m,7.642441022,140.301,0.0674
m,7.646260462,155.089,0.068
m,7.647021151,147.042,0.0677
m,7.648772483,141.584,0.0676
m,7.649761141,145.306,0.0674
m,7.65073682,146.212,0.0672
m,7.657604987,151.133,0.0652
m,7.658947995,143.942,0.0652
m,7.661640788,154.812,0.0648
m,7.662976474,140.673,0.0644
m,7.675491637,144.965,0.062
m,7.676956793,151.533,0.0618
m,7.678550101,151.921,0.0617
m,7.680146432,145.198,0.0615
m,7.681511798,144.964,0.0615
m,7.68966378,149.912,0.0608
m,7.691309696,139.529,0.0608
m,7.692958479,145.255,0.0608
m,7.694610585,148.472,0.0609
m,7.696276753,138.009,0.0611
m,7.707834444,155.546,0.0622
m,7.709426178,144.243,0.0622
m,7.711142132,140.317,0.0622
m,7.712748106,145.044,0.0624
m,7.725292597,151.174,0.0625
m,7.727492337,153.217,0.0621
m,7.729817318,141.511,0.0621
m,7.733654552,151.001,0.0621
m,7.735756749,157.321,0.0619
m,7.746285262,143.069,0.0601
m,7.750401859,149.06,0.0597
m,7.750400532,153.263,0.0594
m,7.75475721,144.108,0.0591
m,7.757107753,145.317,0.0589
m,7.772719018,142.732,0.0572
m,7.772717791,143.636,0.0569
m,7.777435307,150.301,0.0568
m,7.780026917,145.069,0.0566
m,7.799095008,146.798,0.0542
m,7.802043386,148.872,0.0541
m,7.804643736,156.256,0.0537
m,7.807360738,154.105,0.0534
m,7.812228034,149.174,0.0531
m,7.665546726,145.301,0.0636
m,7.665545236,140.696,0.0633
m,7.668187873,139.908,0.063
m,7.66954091,154.613,0.0627
m,7.673656409,141.22,0.062
m,7.682891344,143.254,0.0612
m,7.6853379,139.152,0.0609
m,7.686615854,145.017,0.0608
m,7.686615854,146.939,0.0608
m,7.697945502,149.778,0.0613
m,7.699616831,147.675,0.0615
m,7.702863556,148.049,0.0616
m,7.702864974,147.071,0.0619
m,7.706253644,148.087,0.062
m,7.714233164,155.143,0.0625
m,7.715842143,158.062,0.0626
m,7.719177667,145.75,0.0627
m,7.719177667,141.718,0.0627
m,7.723093141,148.196,0.0626
m,7.737972759,146.275,0.0615
m,7.740077362,146.072,0.0612
m,7.742296807,151.124,0.0609
m,7.744289909,141.817,0.0604
m,7.759339308,144.67,0.0588
m,7.761578421,145.11,0.0585
m,7.763825668,146.606,0.0582
m,7.76833056,146.355,0.0577
m,7.770467503,138.876,0.0575
m,7.782504322,143.843,0.056
m,7.786029924,150.649,0.0557
m,7.791446154,147.811,0.0552
m,7.793793576,144.61,0.0548
m,7.796503662,151.419,0.0546
m,7.812227322,150.33,0.0529
m,7.816867925,153.079,0.0529
m,7.819249914,145.413,0.0528
m,7.821632735,144.994,0.0525
m,7.823902586,158.596,0.0523
m,7.826292653,151.091,0.052
m,7.830966855,147.12,0.0517
m,7.833245765,147.384,0.0514
m,7.835296833,150.558,0.0514
m,7.849579655,150.383,0.0495
m,7.851526207,154.428,0.0493
m,7.853355168,151.463,0.0491
m,7.855303783,147.909,0.049
m,7.869652936,145.211,0.0487
m,7.871607397,153.472,0.0489
m,7.873561965,152.52,0.0488
m,7.875634165,149.684,0.049
m,7.888900087,156.352,0.0517
m,7.890400199,152.59,0.0531
m,7.892482539,152.873,0.0539
m,7.894562316,159.05,0.054
m,7.898726955,151.474,0.0544
m,7.908699195,150.265,0.0551
m,7.910906968,156.331,0.0552
m,7.915558897,158.758,0.0551
m,7.915558141,153.271,0.0549
m,7.920214363,151.981,0.0547
m,7.934915024,148.993,0.0542
m,7.939708941,147.084,0.0541
m,7.939709307,152.137,0.0542
m,7.944160164,149.704,0.0544
m,7.959788382,144.646,0.0563
m,7.962025135,146.682,0.0568
m,7.964031935,141.206,0.0573
m,7.966156581,142.161,0.0576
m,7.96851541,145.141,0.0579
m,7.982818144,142.461,0.0587
m,7.985186045,154.988,0.0588
m,7.988019208,146.951,0.0586
m,7.990738778,149.203,0.0584
m,7.993343697,145.191,0.0579
m,7.837466506,150.725,0.051
m,7.839403932,158.852,0.0508
m,7.841460478,149.142,0.0504
m,7.843398958,157.87,0.0499
m,7.845458375,155.028,0.0498
m,7.85748347,155.149,0.0487
m,7.859313602,148.655,0.0489
m,7.861264358,158.069,0.0486
m,7.8656321,154.94,0.0485
m,7.865632398,149.523,0.0486
m,7.87782714,147.456,0.0498
m,7.881395839,145.326,0.0502
m,7.883123803,149.627,0.0507
m,7.884969484,149.484,0.0509
m,7.88497014,152.633,0.0511
m,7.900696387,154.022,0.0549
m,7.902781166,151.714,0.0548
m,7.904867438,157.179,0.0545
m,7.90649241,158.918,0.0551
m,7.922777907,150.605,0.0547
m,7.925342568,145.78,0.0546
m,7.927792092,159.088,0.0545
m,7.930126137,149.084,0.0544
m,7.932694825,144.259,0.0543
m,7.946388294,143.761,0.0547
m,7.948733976,141.551,0.0548
m,7.950964008,146.165,0.0549
m,7.953081015,142.638,0.0554
m,7.955312948,145.463,0.0553
m,7.973238066,145.207,0.0582
m,7.973240163,147.178,0.0587
m,7.977735835,148.092,0.0584
m,7.9802198,142.479,0.0588
m,7.996541697,154.883,0.0573
m,7.99903299,146.392,0.057
m,8.003651526,146.993,0.0569
m,8.005322651,146.45,0.057
m,8.007104515,148.664,0.0568
m,8.008540231,146.042,0.0566
m,8.010209149,152.455,0.0564
m,8.011997659,147.293,0.0564
m,8.015580352,148.956,0.0572
m,8.02584159,148.223,0.0565
m,8.029182393,146.172,0.0562
m,8.030851615,148.551,0.0561
m,8.032294826,146.31,0.0563
m,8.034324441,144.034,0.0561
m,8.045345685,143.56,0.0568
m,8.049553614,154.105,0.0572
m,8.051484655,148.538,0.0576
m,8.053652077,155.726,0.0575
m,8.055712891,148.289,0.0574
s,8.059309971,147.614,0.0564
s,8.059190423,149.486,0.0562
s,8.058958484,148.441,0.0562
s,8.058844928,146.74,0.0561
s,8.058261125,146.855,0.0558
s,8.058029572,145.475,0.0559
s,8.058029572,146.913,0.0559
s,8.058029572,146.149,0.0559
s,8.057916407,145.544,0.0559
s,8.057921636,146.643,0.0558
s,8.057808095,148.381,0.0557
s,8.058039266,146.045,0.0555
s,8.058039266,145.87,0.0555
s,8.058039266,145.837,0.0555
s,8.0578122,146.17,0.0553
s,8.05793098,145.581,0.0553
s,8.05793098,145.528,0.0553
s,8.057817832,145.122,0.0553
s,8.058178331,145.72,0.0549
s,8.058296748,144.784,0.0548
s,8.058296748,146.061,0.0548
s,8.058302034,146.461,0.0547
s,8.058302034,145.644,0.0547
m,8.017367842,154.163,0.0573
m,8.017367842,145.701,0.0573
m,8.020943261,140.315,0.0571
m,8.022613799,157.013,0.057
m,8.024284176,144.383,0.0567
m,8.03659634,142.497,0.0559
m,8.038753589,149.071,0.0564
m,8.041023933,152.921,0.0565
m,8.045345685,152.206,0.0568
m,8.057747029,147.262,0.0572
m,8.059064427,145.069,0.0572
m,8.05954948,147.152,0.0569
s,8.059661856,146.735,0.0567
s,8.059661069,146.189,0.0565
s,8.058725386,146.678,0.0559
s,8.058611834,145.255,0.0558
s,8.058493064,146.697,0.0558
s,8.058374295,144.868,0.0558
s,8.058374295,146.359,0.0558
s,8.057916407,147.364,0.0559
s,8.057803245,148.383,0.0559
s,8.057803245,146.842,0.0559
s,8.057802861,146.288,0.0558
s,8.057807333,146.149,0.0555
s,8.057806954,143.757,0.0554
s,8.057812578,147.329,0.0554
s,8.057812578,145.296,0.0554
s,8.0578122,146.075,0.0553
s,8.057817455,146.991,0.0552
s,8.057936237,145.427,0.0552
s,8.057941503,145.546,0.0551
s,8.057941503,145.326,0.0551
s,8.058173058,146.386,0.055
s,8.058307697,146.37,0.0547
s,8.058307328,145.278,0.0546
s,8.058425757,144.74,0.0545
s,8.058538884,145.203,0.0545
s,8.058657311,144.582,0.0544
s,8.058656946,145.177,0.0543
s,8.058775378,146.29,0.0542
s,8.059006937,145.548,0.0541
s,8.059006937,145.886,0.0541
s,8.059467925,145.16,0.0533
s,8.059467223,145.819,0.0531
s,8.059466873,147.662,0.053
s,8.059579309,147.345,0.0528
s,8.059918988,145.989,0.0512
s,8.059918338,147.334,0.051
s,8.059917372,148.54,0.0507
s,8.060029871,145.942,0.0505
s,8.060029239,146.027,0.0503
s,8.06048316,148.268,0.0489
s,8.060482567,146.862,0.0487
s,8.060595123,148.205,0.0485
s,8.060707981,147.64,0.0484
s,8.060939331,149.041,0.0482
s,8.061858062,146.934,0.047
s,8.0622085,144.713,0.0469
s,8.062321116,145.104,0.0467
s,8.06255198,144.446,0.0463
s,8.078097169,144.998,0.0412
s,8.077747572,144.394,0.0442
s,8.077016439,147.72,0.0455
s,8.076424406,148.361,0.0461
s,8.075600741,148.892,0.0468
s,8.073252581,146.856,0.0483
s,8.072671091,145.406,0.0487
s,8.072089321,149.139,0.049
s,8.072089921,147.395,0.0492
s,8.071044211,144.184,0.0495
s,8.069992781,148.924,0.0497
s,8.069647217,150.198,0.0496
s,8.06930166,147.573,0.0495
s,8.069301356,146.622,0.0494
s,8.059006575,146.664,0.054
s,8.059125011,146.209,0.0539
s,8.059124294,145.347,0.0537
s,8.059237064,146.281,0.0536
s,8.059355151,147.061,0.0534
s,8.059578619,146.995,0.0526
s,8.059578276,145.494,0.0525
s,8.059690387,147.334,0.0522
s,8.059689713,147.031,0.052
s,8.059806838,148.555,0.0515
s,8.060141437,145.471,0.05
s,8.060258989,145.962,0.0496
s,8.060258076,148.786,0.0493
s,8.060370614,148.103,0.0491
s,8.061051907,148.326,0.048
s,8.061163926,146.817,0.0476
s,8.061395579,146.06,0.0475
s,8.061626955,145.819,0.0473
s,8.061858337,148.121,0.0471
s,8.062783652,145.573,0.0462
s,8.063128491,144.512,0.0461
s,8.063241136,145.444,0.0459
s,8.063472815,144.806,0.0458
s,8.077650896,145.833,0.0417
s,8.075250877,147.884,0.0471
s,8.074895304,147.571,0.0473
s,8.074658172,148.017,0.0474
s,8.074190482,147.796,0.048
s,8.070926429,147.124,0.0498
s,8.070808038,146.658,0.0499
s,8.070576369,146.923,0.05
s,8.070112099,148.395,0.0499
s,8.069993398,148.983,0.0499
s,8.069063645,146.233,0.0493
s,8.068831364,145.84,0.0492
s,8.068598787,146.422,0.049
s,8.068021264,145.544,0.0489
s,8.067562462,145.842,0.0488
s,8.06709822,146.839,0.0487
s,8.066752695,146.843,0.0486
s,8.066293632,145.831,0.0484
s,8.066292764,145.577,0.0481
s,8.065946974,145.18,0.0479
s,8.064579621,146.366,0.0468
s,8.064347124,146.781,0.0466
s,8.064351318,145.615,0.0461
s,8.064237583,146.099,0.0459
s,8.064123855,144.816,0.0457
s,8.064130973,146.312,0.0441
s,8.064130265,145.485,0.0438
s,8.064130031,144.957,0.0437
s,8.064129567,146.048,0.0435
s,8.063180764,145.429,0.044
s,8.063062498,145.7,0.0442
s,8.062712283,144.693,0.0444
s,8.062594028,145.574,0.0446
s,8.062358039,148.597,0.0452
s,8.060948979,147.129,0.047
s,8.060831356,146.783,0.0474
s,8.06071347,147.962,0.0477
s,8.060827275,145.103,0.0479
s,8.060709121,147.957,0.0481
s,8.060824111,149.192,0.0487
s,8.06093765,148.224,0.0488
s,8.061169618,151.002,0.0488
s,8.061051193,149.836,0.0489
s,8.061170213,146.359,0.049
s,8.061170213,149.776,0.049
s,8.061288637,148.432,0.0489
s,8.061288637,147.891,0.0489
s,8.061520903,150.939,0.049
s,8.062913313,148.066,0.0492
s,8.063145583,146.328,0.0493
s,8.063377554,145.701,0.0493
s,8.063841798,148.457,0.0494
s,8.064068618,147.504,0.0495
s,8.065380207,145.1,0.0477
s,8.065379644,146.639,0.0475
s,8.064920387,145.467,0.0472
s,8.064693388,145.025,0.047
s,8.064010134,146.825,0.0455
s,8.064009625,145.877,0.0453
s,8.064009122,145.274,0.0451
s,8.063895171,147.247,0.0448
s,8.064013429,147.169,0.0446
s,8.064123789,146.441,0.0434
s,8.064123789,147.238,0.0434
s,8.063886525,145.249,0.0435
s,8.063886989,146.44,0.0437
s,8.063417779,145.755,0.0438
s,8.061889624,148.985,0.0456
s,8.061653191,147.853,0.046
s,8.061654248,145.562,0.0464
s,8.061185897,146.234,0.0468
s,8.060709699,148.521,0.0483
s,8.06070999,147.429,0.0484
s,8.060710283,148.177,0.0485
s,8.060823817,149.152,0.0486
s,8.060823817,149.128,0.0486
s,8.061051491,147.158,0.049
s,8.061051491,148.306,0.049
s,8.061170213,147.798,0.049
s,8.061169915,149.862,0.0489
s,8.061170213,147.126,0.049
s,8.061639625,150.296,0.049
s,8.061753169,147.589,0.0491
s,8.061871892,147.773,0.0491
s,8.062449373,147.188,0.0492
s,8.064527424,147.778,0.0496
s,8.064986246,147.391,0.0497
s,8.065331808,146.796,0.0498
s,8.065331808,146.457,0.0498
s,8.065445394,146.525,0.0499
s,8.065445705,146.757,0.05
s,8.065672581,146.468,0.0501
s,8.065673209,147.811,0.0503
s,8.065781404,148.711,0.0504
s,8.065768128,148.956,0.0513
s,8.065882422,147.491,0.0516
s,8.065759034,148.869,0.0518
s,8.065527377,147.272,0.0519
s,8.065528049,144.287,0.0521
s,8.065168703,147.025,0.0527
s,8.065282372,145.909,0.0528
s,8.064942758,148.528,0.0529
s,8.064716478,145.777,0.053
s,8.064716478,148.501,0.053
s,8.064264661,145.773,0.0534
s,8.064265015,145.32,0.0535
s,8.06403842,145.573,0.0535
s,8.064038775,148.335,0.0536
s,8.064164303,146.395,0.054
s,8.064277593,147.079,0.054
s,8.064509577,147.962,0.054
s,8.064397011,148.01,0.0542
s,8.064057517,147.412,0.0543
s,8.063852354,147.547,0.0542
s,8.063971068,148.503,0.0542
s,8.063971068,149.878,0.0542
s,8.06373946,148.045,0.0543
s,8.06362657,148.492,0.0544
s,8.0639729,149.941,0.0547
s,8.063854556,147.685,0.0548
s,8.063968189,144.672,0.0549
s,8.063963116,146.031,0.055
s,8.064310621,147.977,0.0556
s,8.064311385,147.238,0.0558
s,8.064198115,144.704,0.0558
s,8.064656634,144.177,0.0558
s,8.064656634,146.388,0.0558
s,8.065782039,149.163,0.0506
s,8.065895652,148.924,0.0507
s,8.065777603,146.965,0.0509
s,8.065772535,146.366,0.051
s,8.065886487,148.163,0.0512
s,8.065291368,145.539,0.0523
s,8.065054696,146.455,0.0525
s,8.065168016,146.299,0.0525
s,8.065168359,146.92,0.0526
s,8.064603518,148.138,0.0531
s,8.064722551,146.245,0.0532
s,8.064496296,147.535,0.0533
s,8.064269699,145.556,0.0533
s,8.064156757,145.917,0.0534
s,8.06369926,145.724,0.0537
s,8.063586332,146.257,0.0538
s,8.063705029,149.227,0.0538
s,8.063818673,147.002,0.0539
s,8.064051015,148.09,0.054
s,8.063717683,149.117,0.0543
s,8.063151714,147.704,0.0544
s,8.063151349,146.266,0.0543
s,8.06361493,147.081,0.0542
s,8.063739826,149.195,0.0544
s,8.063853083,150.421,0.0544
s,8.063853083,148.869,0.0544
s,8.063740192,147.838,0.0545
s,8.063740192,148.547,0.0545
s,8.063963865,146.783,0.0552
s,8.06408295,146.068,0.0553
s,8.064083328,146.364,0.0554
s,8.064196971,149.018,0.0555
s,8.064197351,148.294,0.0556
s,8.06500227,146.947,0.0559
s,8.065234634,147.321,0.056
s,8.065347914,147.021,0.056
s,8.0653483,146.6,0.0561
s,8.0653483,146.787,0.0561
s,8.0653483,148.399,0.0561
s,8.06546197,148.293,0.0562
s,8.06546197,148.521,0.0562
s,8.06534366,146.787,0.0563
s,8.06673094,145.601,0.0565
s,8.066962926,148.959,0.0565
s,8.067076617,148.959,0.0566
s,8.067076617,148.032,0.0566
s,8.067310185,146.171,0.057
s,8.067310185,147.462,0.057
s,8.067311384,148.149,0.0573
s,8.067079801,148.604,0.0574
s,8.066734921,150.495,0.0575
s,8.064901956,148.665,0.0578
s,8.064902365,149.931,0.0579
s,8.06397991,149.186,0.0579
s,8.063634678,148.913,0.0579
s,8.063634269,148.803,0.0578
s,8.063283584,148.313,0.0578
s,8.063283584,149.002,0.0578
s,8.063396436,148.88,0.0577
s,8.06339603,150.165,0.0576
s,8.062227908,148.486,0.0569
s,8.062108405,148.042,0.0567
s,8.062108011,148.443,0.0566
s,8.061988908,148.635,0.0565
s,8.061875253,147.936,0.0564
s,8.061874474,150.312,0.0562
s,8.061874087,147.091,0.0561
s,8.061874087,149.682,0.0561
s,8.061868254,147.853,0.056
s,8.061868254,147.445,0.056
s,8.061743339,146.353,0.0558
s,8.06185623,145.698,0.0557
s,8.06185623,146.397,0.0557
s,8.061974934,147.091,0.0557
s,8.065462749,146.442,0.0564
s,8.065576033,148.041,0.0564
s,8.066040388,148.054,0.0565
s,8.06626697,147.214,0.0565
s,8.066612251,149.462,0.0565
s,8.067076617,147.773,0.0566
s,8.067195699,148.913,0.0567
s,8.067422693,149.975,0.0568
s,8.067309391,149.107,0.0568
s,8.06719649,148.034,0.0569
s,8.066622032,147.292,0.0576
s,8.066395858,150.004,0.0577
s,8.065705736,149.743,0.0578
s,8.065134341,149.278,0.0579
s,8.063515555,145.168,0.0578
s,8.063515555,146.943,0.0578
s,8.063283584,149.075,0.0578
s,8.063283584,150.503,0.0578
s,8.063283584,150.35,0.0578
s,8.063163653,147.774,0.0575
s,8.062931276,147.966,0.0574
s,8.062812162,147.495,0.0573
s,8.06269305,149.091,0.0572
s,8.062460277,146.82,0.057
s,8.061875253,147.449,0.0564
s,8.061875253,146.151,0.0564
s,8.061875253,146.112,0.0564
s,8.061874863,146.056,0.0563
s,8.061749546,145.109,0.056
s,8.061635894,145.862,0.0559
s,8.061635894,145.34,0.0559
s,8.061630453,147.455,0.0559
s,8.061743339,146.287,0.0558
s,8.06185623,148.314,0.0557
s,8.061861663,146.572,0.0557
s,8.061748394,148.153,0.0557
s,8.061635127,146.812,0.0557
s,8.061521864,146.863,0.0557
s,8.061408604,150.273,0.0557
s,8.061408604,147.464,0.0557
s,8.061295346,146.539,0.0557
s,8.061295346,148.614,0.0557
s,8.061295346,147.537,0.0557
s,8.060253831,146.51,0.0556
s,8.060135112,146.752,0.0556
s,8.060135112,145.721,0.0556
s,8.06012965,146.258,0.0556
s,8.06012965,148.046,0.0556
s,8.060831022,147.367,0.0556
s,8.060830642,145.071,0.0555
s,8.060830642,148.155,0.0555
s,8.060949359,146.392,0.0555
s,8.06131061,147.228,0.0554
s,8.061428955,147.345,0.0553
s,8.061316092,147.262,0.0554
s,8.061315715,145.865,0.0553
s,8.061428955,146.628,0.0553
s,8.061072037,147.824,0.0551
s,8.061304005,148.366,0.0551
s,8.061304005,145.736,0.0551
s,8.061422352,147.29,0.055
s,8.061422352,146.784,0.055
s,8.062009741,147.033,0.0548
s,8.06200937,147.527,0.0547
s,8.06200937,149.075,0.0547
s,8.061890648,150.402,0.0547
s,8.061873139,148.719,0.0544
s,8.061986033,148.186,0.0543
s,8.062212558,147.109,0.0543
s,8.062325098,146.561,0.0541
s,8.06290232,146.058,0.0541
s,8.064045249,146.226,0.0539
s,8.064163942,146.492,0.0539
s,8.064508858,145.328,0.0538
s,8.064740485,146.132,0.0537
s,8.064853423,145.754,0.0536
s,8.061062994,148.576,0.0556
s,8.060949739,147.168,0.0556
s,8.060717769,147.857,0.0556
s,8.0604858,146.78,0.0556
s,8.060361621,148.369,0.0556
s,8.060480336,148.445,0.0556
s,8.060480336,147.385,0.0556
s,8.060480336,145.897,0.0556
s,8.060712307,145.691,0.0556
s,8.060949359,147.697,0.0555
s,8.060954826,147.495,0.0555
s,8.061186795,147.136,0.0555
s,8.061423855,150.137,0.0554
s,8.061423855,149.762,0.0554
s,8.061310232,149.32,0.0553
s,8.061191134,148.353,0.0552
s,8.061191134,150.601,0.0552
s,8.061190758,148.98,0.0551
s,8.061541073,149.491,0.055
s,8.061772667,146.892,0.0549
s,8.061772667,149.484,0.0549
s,8.061891018,148.637,0.0548
s,8.062122984,147.309,0.0548
s,8.061890648,146.654,0.0547
s,8.061771556,147.033,0.0546
s,8.061765716,150.466,0.0545
s,8.061878601,146.235,0.0544
s,8.061991855,148.088,0.0544
s,8.063128509,146.206,0.054
s,8.06312887,148.071,0.0541
s,8.063819033,147.482,0.054
s,8.063931959,145.43,0.0539
s,8.064972114,148.186,0.0536
s,8.065203744,147.07,0.0535
s,8.06520339,148.126,0.0534
s,8.065435022,146.702,0.0533
s,8.06554832,147.311,0.0533
s,8.06554832,145.838,0.0533
s,8.065547969,147.652,0.0532
s,8.065779606,148.016,0.0531
s,8.065665958,145.756,0.053
s,8.066133255,148.066,0.0524
s,8.066019622,149.186,0.0523
s,8.066024347,147.361,0.0521
s,8.066023675,147.872,0.0519
s,8.066023341,149.38,0.0518
s,8.066603698,147.228,0.0511
s,8.066370426,146.445,0.0507
s,8.066488484,148.625,0.0505
s,8.066369156,148.532,0.0503
s,8.066368528,147.042,0.0501
s,8.066144315,147.252,0.0491
s,8.066144016,147.679,0.049
s,8.066143421,147.931,0.0488
s,8.066142537,148.177,0.0485
s,8.065802132,147.579,0.0483
s,8.06592055,148.23,0.0482
s,8.06603897,146.892,0.0481
s,8.066038397,146.718,0.0479
s,8.066157106,147.354,0.0479
s,8.06662537,148.482,0.0475
s,8.066975221,146.181,0.0472
s,8.06720637,145.02,0.0469
s,8.067783312,148.733,0.0468
s,8.068015288,144.779,0.0468
s,8.069015149,146.648,0.0467
s,8.069015149,145.1,0.0467
s,8.067721025,148.054,0.0468
s,8.067494203,146.265,0.0468
s,8.069732144,144.899,0.0467
s,8.069500124,144.572,0.0467
s,8.069974124,145.398,0.0465
s,8.069990189,144.735,0.0466
s,8.069775128,147.038,0.047
s,8.06566561,148.018,0.0529
s,8.065783608,147.509,0.0527
s,8.06601525,147.583,0.0526
s,8.06601525,149.458,0.0526
s,8.066133597,146.626,0.0525
s,8.066023008,150.555,0.0517
s,8.066254329,148.733,0.0515
s,8.066485984,146.604,0.0514
s,8.066485329,146.201,0.0512
s,8.06625493,147.484,0.05
s,8.066141336,147.988,0.0499
s,8.066027131,147.385,0.0496
s,8.066145526,147.436,0.0495
s,8.066026218,145.657,0.0493
s,8.065910558,146.572,0.0485
s,8.066029261,146.459,0.0485
s,8.066142245,145.067,0.0484
s,8.066142245,144.474,0.0484
s,8.065570448,147.031,0.0484
s,8.066043558,146.916,0.0478
s,8.06639396,145.94,0.0477
s,8.066393678,145.695,0.0476
s,8.06662537,147.375,0.0475
s,8.068015288,147.408,0.0468
s,8.067896581,146.168,0.0468
s,8.067767295,147.135,0.0469
s,8.067373767,147.077,0.047
s,8.066689671,147.731,0.0467
s,8.067839914,147.406,0.0469
s,8.069613244,147.699,0.0466
s,8.069618756,147.5,0.0467
s,8.069500124,146.197,0.0467
s,8.069500124,144.631,0.0467
s,8.069667082,147.899,0.047
s,8.069203071,146.085,0.047
s,8.069089454,144.772,0.0469
s,8.068863047,143.807,0.047
s,8.06864789,146.001,0.0473
s,8.068195174,145.846,0.0475
s,8.068087801,144.945,0.0477
s,8.067981312,144.963,0.0482
s,8.0676423,144.426,0.0485
s,8.066258805,148.236,0.0495
s,8.065682489,145.972,0.0498
s,8.065564096,146.369,0.0499
s,8.065213415,145.33,0.0499
s,8.063478818,145.279,0.0507
s,8.063473703,144.916,0.0508
s,8.063241726,144.28,0.0508
s,8.063473703,146.608,0.0508
s,8.063474348,146.5,0.051
s,8.062095022,145.683,0.0515
s,8.061869173,146.528,0.0517
s,8.061750457,146.548,0.0517
s,8.061519153,147.352,0.0519
s,8.061281722,146.283,0.0519
s,8.061401447,146.606,0.0522
s,8.061520164,145.233,0.0522
s,8.061520503,148.124,0.0523
s,8.061757938,147.131,0.0523
s,8.06211924,146.08,0.0522
s,8.062125068,145.906,0.0523
s,8.062243795,146.848,0.0523
s,8.06189894,150.424,0.0524
s,8.061904443,149.677,0.0524
s,8.061333846,150.309,0.0527
s,8.061334539,147.963,0.0529
s,8.061108109,152.002,0.0529
s,8.060995594,150.599,0.0531
s,8.060769181,148.999,0.0531
s,8.059966737,147.882,0.0534
s,8.059740708,148.294,0.0535
s,8.059621953,147.925,0.0535
s,8.059508763,151.529,0.0535
s,8.067535008,145.391,0.0487
s,8.06719004,146.105,0.0488
s,8.067071638,145.734,0.0489
s,8.066840255,144.403,0.0491
s,8.066602858,147.369,0.0491
s,8.064976325,147.158,0.05
s,8.06463169,145.758,0.0502
s,8.064405454,145.957,0.0503
s,8.06417411,145.958,0.0505
s,8.063937339,146.789,0.0507
s,8.063480434,146.199,0.0512
s,8.062677022,145.596,0.0513
s,8.062445379,148.727,0.0514
s,8.062445708,145.413,0.0515
s,8.061395316,149.797,0.052
s,8.061163343,148.433,0.052
s,8.061044967,146.318,0.0521
s,8.060812995,149.062,0.0521
s,8.060932047,147.272,0.0522
s,8.06163922,145.542,0.0523
s,8.061757938,148.447,0.0523
s,8.061876657,147.926,0.0523
s,8.062114099,145.895,0.0523
s,8.06211376,146.103,0.0522
s,8.061904785,148.828,0.0525
s,8.061791559,150.648,0.0525
s,8.061791902,148.023,0.0526
s,8.061792247,156.096,0.0527
s,8.060656328,148.409,0.0532
s,8.060543479,147.542,0.0533
s,8.06031153,150.632,0.0533
s,8.060198685,148.611,0.0534
s,8.059966737,148.736,0.0534
s,8.05939036,149.053,0.0536
s,8.059271962,149.653,0.0537
s,8.059153206,147.328,0.0537
s,8.059148008,146.364,0.0538
s,8.059029975,148.233,0.054
s,8.059030337,147.714,0.0541
s,8.0590307,145.736,0.0542
s,8.058799847,146.97,0.0545
s,8.058913784,148.443,0.0547
s,8.059027355,147.649,0.0548
s,8.05937552,147.531,0.0556
s,8.059376284,148.451,0.0558
s,8.059376668,151.614,0.0559
s,8.059377053,150.56,0.056
s,8.059258696,149.412,0.0561
s,8.059029087,146.049,0.0567
s,8.058916276,145.939,0.0568
s,8.058797926,147.764,0.0569
s,8.058797926,146.727,0.0569
s,8.058441297,147.852,0.0568
s,8.058327691,147.699,0.0567
s,8.058321766,147.374,0.0566
s,8.058321373,149.62,0.0565
s,8.058202241,145.051,0.0564
s,8.058082333,147.668,0.0561
s,8.057968731,146.626,0.056
s,8.058082333,146.802,0.0561
s,8.057850377,150.095,0.0561
s,8.057850377,146.206,0.0561
s,8.057733197,148.371,0.0565
s,8.05773359,148.664,0.0566
s,8.057733984,151.584,0.0567
s,8.057734776,150.214,0.0569
s,8.057844885,145.834,0.0575
s,8.05784529,147.41,0.0576
s,8.057846104,147.708,0.0578
s,8.057965248,147.453,0.0579
s,8.057966069,147.974,0.0581
s,8.057617451,149.606,0.0586
s,8.057617869,146.751,0.0587
s,8.057736605,149.412,0.0587
s,8.057736605,149.85,0.0587
s,8.057968984,149.85,0.0588
s,8.0590281,151.616,0.055
s,8.059141305,150.185,0.055
s,8.059260801,149.229,0.0552
s,8.05937514,147.281,0.0555
s,8.059377828,146.374,0.0562
s,8.059259472,146.391,0.0563
s,8.059259863,146.744,0.0564
s,8.059147439,144.712,0.0566
s,8.059028693,146.643,0.0566
s,8.058911134,149.85,0.0569
s,8.058910738,148.288,0.0568
s,8.058791994,147.5,0.0568
s,8.058791994,147.03,0.0568
s,8.058560041,147.546,0.0568
s,8.05808311,148.216,0.0563
s,8.05808311,147.388,0.0563
s,8.058201461,145.812,0.0562
s,8.058201074,146.819,0.0561
s,8.057850377,150.126,0.0561
s,8.057850765,148.355,0.0562
s,8.057845633,146.583,0.0563
s,8.057846023,147.628,0.0564
s,8.057733197,148.268,0.0565
s,8.057848391,147.427,0.057
s,8.05784919,146.221,0.0572
s,8.05784919,147.451,0.0572
s,8.057849592,150.231,0.0573
s,8.057844481,146.662,0.0574
s,8.057966482,146.06,0.0582
s,8.057848161,145.481,0.0583
s,8.057848576,145.465,0.0584
s,8.057617033,149.11,0.0585
s,8.057968984,148.274,0.0588
s,8.05808772,149.495,0.0588
s,8.05808772,150.701,0.0588
s,8.058206457,147.89,0.0588
s,8.058206037,148.907,0.0587
s,8.058323939,150.161,0.0585
s,8.058436742,146.811,0.0584
s,8.058555064,147.407,0.0583
s,8.058554651,146.611,0.0582
s,8.059014897,147.491,0.0573
s,8.059013299,145.996,0.0569
s,8.059363201,147.669,0.0567
s,8.059594372,146.411,0.0565
s,8.059593981,147.539,0.0564
s,8.059815827,143.605,0.0552
s,8.059815452,145.065,0.0551
s,8.059696345,145.099,0.055
s,8.059695973,145.284,0.0549
s,8.059576499,144.765,0.0547
s,8.05863033,144.441,0.0542
s,8.058274158,145.379,0.0542
s,8.058155073,145.018,0.0541
s,8.058155073,144.595,0.0541
s,8.057684941,145.254,0.0539
s,8.057452614,144.813,0.0538
s,8.057452256,146.562,0.0537
s,8.057451899,145.112,0.0536
s,8.057451544,145.583,0.0535
s,8.057687928,145.33,0.0532
s,8.057687928,144.806,0.0532
s,8.057806302,143.997,0.0531
s,8.057805604,144.918,0.0529
s,8.057923982,144.357,0.0528
s,8.058742374,143.728,0.0523
s,8.058742374,143.952,0.0523
s,8.058973999,142.667,0.0522
s,8.059092726,144.903,0.0522
s,8.059912498,144.402,0.0521
s,8.060026072,145.199,0.0522
s,8.0601448,146.344,0.0522
s,8.0601448,148.316,0.0522
s,8.060377102,145.706,0.0523
s,8.058786194,145.819,0.0581
s,8.058785373,146.632,0.0579
s,8.058784964,147.009,0.0578
s,8.059016515,146.684,0.0577
s,8.059015703,146.065,0.0575
s,8.059592814,147.003,0.0561
s,8.059824,147.635,0.0559
s,8.059823233,148.504,0.0557
s,8.059822093,144.194,0.0554
s,8.059457768,143.481,0.0547
s,8.059337935,145.005,0.0544
s,8.058987243,144.736,0.0544
s,8.058749421,143.963,0.0543
s,8.05863033,143.879,0.0542
s,8.05803599,145.215,0.054
s,8.057804023,145.944,0.054
s,8.057684941,144.054,0.0539
s,8.057684941,144.726,0.0539
s,8.057684941,145.051,0.0539
s,8.057451544,147.388,0.0535
s,8.057569911,147.695,0.0534
s,8.057569911,146.027,0.0534
s,8.057569558,144.738,0.0533
s,8.058042362,144.181,0.0527
s,8.058273982,144.81,0.0526
s,8.058392366,145.476,0.0525
s,8.058392024,145.87,0.0524
s,8.058623988,144.116,0.0524
s,8.059211115,145.275,0.0521
s,8.059443079,144.737,0.0521
s,8.059443079,145.014,0.0521
s,8.059561807,144.343,0.0521
s,8.059793433,144.552,0.052
s,8.060495831,145.062,0.0523
s,8.060614901,145.414,0.0524
s,8.060846863,143.417,0.0524
s,8.060846863,144.444,0.0524
s,8.060965593,143.527,0.0524
s,8.061084324,144.624,0.0524
s,8.061203397,144.465,0.0525
s,8.061203397,143.599,0.0525
s,8.061322131,147.013,0.0525
s,8.062260989,145.316,0.0525
s,8.062260648,145.658,0.0524
s,8.062260648,147.365,0.0524
s,8.062379385,146.353,0.0524
s,8.062849847,147.007,0.0527
s,8.062963066,144.204,0.0527
s,8.062962722,148.837,0.0526
s,8.062968242,147.434,0.0526
s,8.063086983,146.208,0.0526
s,8.063550211,148.203,0.0524
s,8.063663429,146.087,0.0524
s,8.063663429,146.049,0.0524
s,8.063895045,143.556,0.0523
s,8.064014124,144.505,0.0524
s,8.064365161,146.027,0.0525
s,8.064478379,147.459,0.0525
s,8.064591945,145.321,0.0526
s,8.064824248,145.47,0.0527
s,8.064457057,147.937,0.0527
s,8.064456712,147.377,0.0526
s,8.064213438,149.194,0.0525
s,8.064207966,144.603,0.0525
s,8.064089247,147.811,0.0525
s,8.064071858,144.965,0.0522
s,8.064066416,145.001,0.0522
s,8.064066416,144.029,0.0522
s,8.063947709,146.327,0.0522
s,8.063947709,148.045,0.0522
m,8.063941268,139.992,0.0519
m,8.063833096,144.751,0.0518
m,8.063730732,146.57,0.0518
m,8.063730399,146.83,0.0517
s,8.061554091,145.714,0.0525
s,8.061672825,146.21,0.0525
s,8.061791559,148.9,0.0525
s,8.062023519,145.675,0.0525
s,8.062142253,147.217,0.0525
s,8.062498123,145.923,0.0524
s,8.062498123,145.693,0.0524
s,8.062730422,145.693,0.0525
s,8.062730765,148.793,0.0526
s,8.062849847,147.112,0.0527
s,8.063200199,145.074,0.0526
s,8.063199856,147.725,0.0525
s,8.063199515,149.261,0.0524
s,8.063318254,149.437,0.0524
s,8.063900907,144.088,0.0524
s,8.064019307,145.533,0.0523
s,8.064132863,146.597,0.0524
s,8.064132863,145.445,0.0524
s,8.064365161,146.921,0.0525
s,8.064592634,145.716,0.0528
s,8.06470586,147.091,0.0528
s,8.064577273,147.027,0
s,8.06458678,146.181,0.0527
s,8.064462548,148.213,0.0527
s,8.064083442,146.276,0.0524
s,8.063846013,146.904,0.0524
s,8.064077987,145.103,0.0524
s,8.064072197,145.478,0.0523
s,8.064055215,144.736,0.0521
m,8.063936514,145.391,0.0521
m,8.06394194,144.028,0.0521
m,8.063823237,153.969,0.0521
m,8.063828329,150.109,0.052
m,8.06448087,153.016,0.0516
m,8.067234239,156.609,0.0515
m,8.070979214,149.586,0.0513
m,8.075203821,152.638,0.0512
m,8.077725089,154.65,0.0512
m,8.08082966,152.414,0.0511
m,8.083358848,144.225,0.051
m,8.085313273,144.695,0.051
m,8.08750053,156.009,0.0509
m,8.090046496,145.502,0.0508
m,8.105349438,143.357,0.0505
m,8.107794871,146.017,0.0506
m,8.107795509,145.838,0.0508
m,8.112780542,156.598,0.0508
m,8.117431606,147.462,0
m,8.131472663,148.506,0.0507
m,8.135901173,141.257,0.0506
m,8.138716638,142.249,0.0505
m,8.141422837,156.501,0.0505
m,8.158267635,142.617,0.0517
m,8.161921479,143.069,0.0521
m,8.163843706,151.515,0.0523
m,8.165758208,145.582,0.0525
m,8.167684993,152.255,0.0528
m,8.180614614,148.219,0.0533
m,8.182645843,148.596,0.0538
m,8.185425181,150.072,0.054
m,8.185425899,145.566,0.0542
m,8.189243289,142.571,0.0544
m,8.20141768,145.145,0.0557
m,8.20312697,154.548,0.0557
m,8.20312697,149.94,0.0557
m,8.206793413,146.084,0.0557
m,8.218641391,144.499,0.0565
m,8.220640988,154.044,0.0569
m,8.22064138,142.416,0.057
m,8.224400987,152.863,0.057
m,8.226973572,148.872,0.0569
m,8.238694423,150.005,0.0568
m,8.240652998,142.979,0.0567
m,8.240652998,144.373,0.0567
m,8.245943526,152.327,0.0567
m,8.247805763,147.505,0.0569
m,8.092706917,145.196,0.0508
m,8.09572607,149.836,0.0507
m,8.100822805,147.929,0.0507
m,8.103032701,140.275,0.0506
m,8.11986566,150.116,0.051
m,8.122073017,148.626,0.051
m,8.124641344,150.724,0.0512
m,8.12707418,157.295,0.051
m,8.129627859,160.872,0.0508
m,8.144250541,142.815,0.0504
m,8.147200198,145.375,0.0503
m,8.150160862,147.908,0.0502
m,8.155768331,153.892,0.0509
m,8.158265355,145.094,0.051
m,8.169593693,150.933,0.0531
m,8.172952868,151.682,0.0532
m,8.174865676,146.343,0.0532
m,8.178453627,148.085,0
m,8.191073686,142.064,0.0547
m,8.192772888,139.46,0.0548
m,8.194474198,158.581,0.055
m,8.196067522,147.777,0.0551
m,8.197785354,148.779,0.0556
m,8.208859597,154.753,0.0557
m,8.210806119,141.801,0.0557
m,8.211942288,142.517,0.0557
m,8.213714939,149.572,0.0561
m,8.216875036,144.632,0.0563
m,8.228750554,145.554,0.0568
m,8.230652673,156.331,0.0569
m,8.234355944,139.867,0.0569
m,8.236889728,156.477,0.0568
m,8.249273369,143.638,0.057
m,8.250147214,145.685,0.0572
m,8.253277057,144.172,0.0572
m,8.254583987,150.021,0.0571
m,8.255344398,146.191,0.0573
m,8.257680393,149.185,0.0571
m,8.259044477,148.424,0.0571
m,8.2600767,140.617,0.0574
m,8.260865207,140.659,0.0575
m,8.270570687,152.005,0.0607
m,8.272072376,138.417,0
m,8.273641773,148.918,0.0615
m,8.274271924,142.715,0.0615
m,8.274801565,144.23,0.0618
m,8.282920793,143.525,0.0618
m,8.283177309,142.999,0.0621
m,8.283189389,146.462,0.0622
m,8.283706377,147.976,0.0623
m,8.283358517,143.526,0.0626
m,8.28534186,150.058,0.0616
m,8.285340526,152.011,0.0613
m,8.285612352,148.945,0.061
m,8.28590053,141.023,0.061
m,8.288362714,146.149,0.0584
m,8.28856355,142.056,0.058
m,8.288867624,156.196,0.0572
m,8.288947982,146.236,0.0567
m,8.28965131,143.731,0.0562
m,8.290318301,147.472,0.0542
m,8.290519802,152.896,0.0538
m,8.290950569,146.517,0.0534
m,8.291055255,147.795,0.053
m,8.290921519,143.892,0.0528
m,8.291936458,143.924,0.0516
m,8.292317778,147.167,0.0515
m,8.292725236,158.481,0.0515
m,8.293260166,152.215,0.0514
m,8.298868596,145.727,0.0499
m,8.300441163,156.686,0.0491
m,8.300965133,146.621,0.0489
m,8.301364273,142.734,0.0487
m,8.261919619,140.255,0.0578
m,8.264334731,147.86,0.0584
m,8.265539578,143.814,0.0588
m,8.267205399,148.92,0.0591
m,8.269633656,146.673,0.0602
m,8.27649773,141.152,0.0618
m,8.278349597,139.797,0.0617
m,8.278349597,150.389,0.0617
m,8.281632875,147.675,0.0619
m,8.283781188,146.517,0.0626
m,8.283792778,143.071,0.0629
m,8.283911002,152.669,0.063
m,8.284340126,142.961,0.0623
m,8.285336887,143.393,0.062
m,8.286352158,150.66,0.0603
m,8.286807697,145.416,0.0598
m,8.287172985,144.086,0.0595
m,8.287513684,158.165,0.0592
m,8.287936961,143.494,0.0588
m,8.28965055,147.84,0.056
m,8.28983018,149.856,0.0556
m,8.289899354,151.062,0.0552
m,8.290119823,149.598,0.0548
m,8.290920841,147.383,0.0526
m,8.291804999,149.016,0.0524
m,8.292124264,142.245,0.0522
m,8.291765543,148.511,0.052
m,8.291862824,137.549,0.0519
m,8.293142984,145.571,0.0512
m,8.293685017,148.165,0.0511
m,8.294957244,140.274,0.051
m,8.295852516,152.197,0.0508
m,8.296522998,146.777,0.0505
m,8.301991061,152.902,0.0485
m,8.302945284,139.086,0.0484
m,8.304452157,138.24,0.0482
m,8.305380396,143.283,0.0477
m,8.305379842,141.653,0.0475
m,8.306214082,141.642,0.0473
m,8.30679528,145.287,0.0471
m,8.307729892,139.041,0.0468
m,8.308566465,136.844,0.0465
m,8.309403994,140.709,0.0461
m,8.312185019,143.795,0.0441
m,8.312932296,140.907,0.0437
m,8.313582542,139.922,0.0434
m,8.314263206,137.136,0.0433
m,8.314875918,135.469,0.0433
m,8.322816439,156.768,0.0429
m,8.324151578,149.179,0.0428
m,8.326682118,151.322,0.0425
m,8.327120405,136.457,0.0424
m,8.33440377,151.245,0.0419
m,8.335406155,140.256,0.0418
m,8.336283136,146.459,0.0419
m,8.337162056,136.616,0.042
m,8.339343402,142.734,0.042
m,8.34407581,140.309,0.0426
m,8.34516198,148.778,0.0427
m,8.346121166,138.625,0.0426
m,8.347178087,142.136,0.0425
m,8.349200637,144.607,0.0425
m,8.357598652,140.053,0.0415
m,8.358513045,140.739,0.0413
m,8.359524937,141.138,0.0412
m,8.361140297,142.029,0.0413
m,8.367263971,142.254,0.0408
m,8.368900033,140.831,0.0407
m,8.369896594,136.547,0.0406
m,8.370989237,140.009,0.0405
m,8.371954252,140.063,0.0404
m,8.377258073,136.657,0.0402
m,8.379372093,139.816,0.0403
m,8.380785896,139.267,0.0405
m,8.382014815,139.792,0.0407
m,8.383340025,146.677,0.0407
m,8.310016183,155.923,0.0454
m,8.310278321,144.824,0.0452
m,8.31122979,151.252,0.0448
m,8.311228588,141.638,0.0443
m,8.315744224,138.672,0.043
m,8.317772138,136.782,0.043
m,8.319087888,146.788,0.043
m,8.319087888,147.589,0.043
m,8.321708382,142.867,0.0429
m,8.328874107,145.109,0.0422
m,8.329994162,142.29,0.0421
m,8.33131118,148.301,0.0421
m,8.332532525,151.348,0.042
m,8.333530913,138.299,0.0419
m,8.340003736,142.168,0.0423
m,8.340986829,140.686,0.0424
m,8.340987043,151.084,0.0425
m,8.343023148,148.106,0.0426
m,8.350165756,145.802,0.0423
m,8.352742669,138.164,0.0419
m,8.353969737,145.007,0.0418
m,8.355231304,147.033,0.0417
m,8.356461887,140.551,0.0416
m,8.362477114,143.752,0.0414
m,8.362476713,136.716,0.0412
m,8.36457824,132.541,0.0412
m,8.365471649,146.899,0.041
m,8.366366764,149.958,0.0408
m,8.373143919,137.064,0.0402
m,8.374017668,145.249,0.0403
m,8.374892719,140.823,0.0403
m,8.377258261,136.833,0.0403
m,8.384445393,149.46,0.0409
m,8.38551725,146.035,0.0409
m,8.388207239,146.61,0.0405
m,8.389416669,139.019,0.0406
m,8.390555532,144.188,0.0406
m,8.39191881,142.397,0.0403
m,8.393284224,138.718,0.04
m,8.395799535,144.721,0.0398
m,8.395799535,140.854,0.0398
m,8.406186257,133.581,0.0392
m,8.407314893,139.805,0.0391
m,8.408576048,144.369,0.0392
m,8.408575873,140.516,0.0391
m,8.410751886,140.077,0.0393
m,8.417639762,143.49,0.0385
m,8.418697457,145.519,0.0387
m,8.421130592,137.215,0.0382
m,8.42241556,137.197,0.038
m,8.423480894,133.969,0.0378
m,8.43237562,136.386,0.0364
m,8.43237562,143.589,0.0364
m,8.435074307,154.504,0.0361
m,8.436602771,134.167,0.036
m,8.445967409,137.804,0.0358
m,8.447158081,133.564,0.0356
m,8.449013461,143.217,0.0355
m,8.450428472,133.952,0.0351
m,8.45149341,135.852,0.0349
m,8.458151183,138.468,0.0345
m,8.459541684,147.87,0.0345
m,8.460844463,136.251,0.0345
m,8.462660696,130.784,0.0344
m,8.464659527,137.009,0.0344
m,8.471649656,144.21,0.0349
m,8.472967164,143.062,0.0351
m,8.474198565,136.193,0.0354
m,8.475827621,138.372,0.0356
m,8.483802372,136.808,0.0374
m,8.485049736,149.202,0.0375
m,8.486651264,134.267,0.0378
m,8.487815736,141.712,0.0382
m,8.48889452,138.703,0.0382
m,8.398100595,132.105,0.0394
m,8.399477671,130.077,0.0396
m,8.400726522,151.206,0.0396
m,8.402291725,132.173,0.0393
m,8.403544542,126.331,0.0393
m,8.411888495,147.649,0.0392
m,8.412935543,139.115,0.0392
m,8.414167434,149.328,0.0389
m,8.41521822,139.289,0.0387
m,8.424638947,132.941,0.0374
m,8.425930022,140.885,0.0372
m,8.427223127,142.521,0.037
m,8.428387588,134.236,0.0369
m,8.429865765,137.735,0.0366
m,8.437780766,135.806,0.0358
m,8.439182001,137.269,0.0357
m,8.440232849,138.351,0.0356
m,8.442389024,135.895,0.0357
m,8.443583495,145.832,0.0357
m,8.452781347,139.865,0.035
m,8.45474692,138.809,0.0348
m,8.455908133,147.684,0.0345
m,8.456939868,140.362,0.0345
m,8.465484693,142.605,0.0344
m,8.466442988,143.966,0.0345
m,8.467579365,149.883,0.0346
m,8.468760144,135.494,0.0346
m,8.470641421,150.551,0.0347
m,8.477413899,144.991,0.0357
m,8.478606143,149.848,0.0359
m,8.4804686,137.339,0.0364
m,8.480469325,135.155,0.0369
m,8.482381757,137.945,0.0372
m,8.491539237,142.099,0.0383
m,8.492798347,136.8,0.0384
m,8.49279868,141.396,0.0386
m,8.495460188,141.664,0.0388
m,8.496990235,149.107,0.0387
m,8.498171003,132.478,0.0389
m,8.499353667,137.588,0.039
m,8.500405514,148.383,0.039
m,8.502508354,136.518,0.039
m,8.507197595,137.633,0.0386
m,8.507158847,139.172,0.0386
s,8.50715868,137.296,0.0385
s,8.507111749,138.395,0.0386
s,8.5068457,138.643,0.0385
s,8.5068457,140.72,0.0385
s,8.506455224,137.877,0.0385
s,8.506369386,136.776,0.0385
s,8.506197552,138.392,0.0384
s,8.505720972,138.897,0.0382
s,8.505986878,137.296,0.0382
s,8.505986878,138.124,0.0382
s,8.506072697,138.747,0.0382
s,8.506072534,138.926,0.0381
s,8.503752231,138.372,0.0383
s,8.503095784,136.142,0.0382
s,8.502658269,138.416,0.0382
s,8.502306548,137.197,0.0382
s,8.503069445,137.717,0.0376
s,8.502850665,138.067,0.0376
s,8.502412953,138.361,0.0375
s,8.502412953,140.125,0.0375
s,8.501975401,137.909,0.0375
s,8.501053176,139.812,0.0375
s,8.501224826,138.505,0.0375
s,8.502099789,138.937,0.0374
s,8.502099789,138.311,0.0374
s,8.501966844,137.857,0.0374
s,8.501966691,138.76,0.0373
s,8.50205253,137.75,0.0373
s,8.502271314,136.824,0.0373
s,8.502404257,138.629,0.0373
m,8.503519411,138.345,0.0391
m,8.504881819,137.22,0.0389
m,8.505756712,140.944,0.0387
m,8.50649229,138.928,0.0388
m,8.507048093,145.082,0.0386
s,8.507111749,139.363,0.0386
s,8.507111749,139.475,0.0386
s,8.507330536,141.628,0.0386
s,8.507463476,139.236,0.0386
s,8.5068457,140.96,0.0385
s,8.506111723,137.33,0.0384
s,8.505940074,139.957,0.0384
s,8.505939909,138.596,0.0383
s,8.505854089,136.887,0.0383
s,8.506072534,138.72,0.0381
s,8.505986716,138.049,0.0381
s,8.505853762,136.736,0.0381
s,8.505549177,137.385,0.0381
s,8.504846058,136.14,0.0383
s,8.501954828,136.511,0.0382
s,8.501821702,139.36,0.0381
s,8.502554971,138.122,0.0379
s,8.502812272,138.82,0.0378
s,8.502812114,138.898,0.0377
s,8.501842451,139.534,0.0375
s,8.501623676,136.962,0.0375
s,8.501404901,136.265,0.0375
s,8.501053176,139.053,0.0375
s,8.501833899,138.079,0.0374
s,8.501833899,138.494,0.0374
s,8.501833899,140.704,0.0374
s,8.501615117,137.615,0.0374
s,8.501833746,138.449,0.0373
s,8.5024901,136.751,0.0373
s,8.503850075,137.058,0.0374
s,8.504553687,137.579,0.0375
s,8.504553687,138.015,0.0375
s,8.504858488,138.782,0.0376
s,8.505257301,136.431,0.0376
s,8.505257301,137.927,0.0376
s,8.505476093,137.893,0.0376
s,8.505561949,137.785,0.0376
s,8.505561949,138.336,0.0376
s,8.505836314,136.319,0.0377
s,8.505703372,136.474,0.0377
s,8.505703216,135.57,0.0376
s,8.505836157,136.541,0.0376
s,8.505969101,136.581,0.0376
s,8.505141244,135.928,0.0377
s,8.505093972,136.505,0.0376
s,8.505141087,136.747,0.0376
s,8.505093972,136.548,0.0376
s,8.505054796,137.847,0.0373
s,8.505187746,137.114,0.0373
s,8.505539319,139.298,0.0372
s,8.50567227,136.902,0.0372
s,8.505672119,137.544,0.0371
s,8.505814928,138.358,0.038
s,8.505948372,137.239,0.0383
s,8.505948372,138.365,0.0383
s,8.505948208,138.613,0.0382
s,8.505815252,138.583,0.0382
s,8.506433718,137.167,0.0387
s,8.506567189,139.189,0.039
s,8.50648173,139.945,0.0392
s,8.506529065,140.077,0.0393
s,8.507405561,139.201,0.0401
s,8.507491184,138.964,0.04
s,8.507710136,138.729,0.0401
s,8.507796322,138.554,0.0403
s,8.507882139,138.521,0.0403
s,8.507702816,137.577,0.0407
s,8.507569865,136.69,0.0407
s,8.507569865,137.112,0.0407
s,8.507570059,136.567,0.0408
s,8.507570059,135.463,0.0408
s,8.505561949,137.893,0.0376
s,8.505789217,138.063,0.0377
s,8.505836472,136.828,0.0378
s,8.505836472,139.403,0.0378
s,8.505968945,136.555,0.0375
s,8.505711749,137.735,0.0377
s,8.505578801,137.083,0.0377
s,8.50549297,136.288,0.0377
s,8.505360022,136.171,0.0377
s,8.505093816,136.375,0.0375
s,8.504922154,137.486,0.0375
s,8.504789051,138.403,0.0374
s,8.504703224,136.85,0.0374
s,8.504836021,137.469,0.0373
s,8.505938021,137.369,0.0371
s,8.505852201,139.382,0.0371
s,8.505414964,137.447,0.0373
s,8.505549015,136.607,0.038
s,8.505948208,138.432,0.0382
s,8.505948208,137.88,0.0382
s,8.506034019,137.705,0.0382
s,8.506034019,139.256,0.0382
s,8.506300426,137.223,0.0385
s,8.50652942,138.735,0.0395
s,8.506529599,139.918,0.0396
s,8.506748721,138.272,0.0398
s,8.506967665,137.591,0.0399
s,8.507272418,137.542,0.04
s,8.507882327,138.337,0.0404
s,8.507882517,138.075,0.0405
s,8.507749754,138.043,0.0406
s,8.507835575,137.477,0.0406
s,8.507570059,136.228,0.0408
s,8.507570059,136.394,0.0408
s,8.507570253,136.63,0.0409
s,8.507570253,134.948,0.0409
s,8.507656079,135.241,0.0409
s,8.507656079,137.455,0.0409
s,8.507656079,138.266,0.0409
s,8.507523131,136.556,0.0409
s,8.507608962,137.792,0.0409
s,8.507952124,135.596,0.0408
s,8.508037777,136.421,0.0407
s,8.508037777,137.004,0.0407
s,8.508037777,138.722,0.0407
s,8.508123628,138.64,0.0407
s,8.508342035,140.984,0.0405
s,8.508427702,138.707,0.0404
s,8.508427702,140.737,0.0404
s,8.508427702,139.516,0.0404
s,8.508427702,141.999,0.0404
m,8.508646307,137.3,0.0403
m,8.508646307,156.528,0.0403
m,8.50856045,140.92,0.0403
m,8.508568782,142.219,0.0403
m,8.516576609,141.47,0.0399
m,8.518031911,143.129,0.0396
m,8.520615613,146.345,0.0393
m,8.520615437,145.771,0.0392
m,8.52280604,146.516,0.039
m,8.529969859,135.288,0.0383
m,8.531256407,148.011,0.0382
m,8.533809587,143.562,0.0381
m,8.535450645,134.342,0.038
m,8.535797931,139.725,0.0378
m,8.54387589,131.758,0.0372
m,8.54387574,132.586,0.0371
m,8.546121854,137.425,0.037
m,8.547305916,143.737,0.0369
m,8.554243895,154.12,0.037
m,8.555170738,133.648,0.0371
m,8.556851532,141.545,0.0368
m,8.558450336,129.421,0.0364
m,8.560982839,136.583,0.0364
s,8.507476016,137.644,0.0409
s,8.507475821,138.35,0.0408
s,8.50778044,137.091,0.0408
s,8.507866279,135.964,0.0408
s,8.507952124,136.253,0.0408
s,8.508123436,138.609,0.0406
s,8.508342226,137.447,0.0406
s,8.508342035,139.867,0.0405
s,8.508342035,141.433,0.0405
s,8.508427702,137.928,0.0404
s,8.508427702,139.851,0.0404
s,8.508427702,139.943,0.0404
s,8.508646307,139.15,0.0403
s,8.508646307,140.609,0.0403
m,8.510369741,139.588,0.0403
m,8.511952689,139.81,0.0401
m,8.513356608,139.69,0.04
m,8.514590425,132.941,0.04
m,8.515473542,137.899,0.0399
m,8.523879184,138.283,0.0387
m,8.524905815,133.257,0.0386
m,8.526018472,130.315,0.0384
m,8.528114257,132.617,0.0383
m,8.537054451,128.674,0.0378
m,8.538530055,137.919,0.0378
m,8.53910004,143.433,0.0377
m,8.540325109,133.876,0.0375
m,8.541467654,137.269,0.0374
m,8.548407803,142.792,0.037
m,8.549594482,146.113,0.0369
m,8.550648716,136.173,0.0369
m,8.552861868,135.259,0.037
m,8.553535739,130.883,0.037
m,8.560982418,137.398,0.0361
m,8.563603009,133.499,0.0361
m,8.564620971,140.739,0.036
m,8.565557335,129.596,0.036
m,8.566928646,132.906,0.0359
m,8.568435377,140.116,0.0359
m,8.570810478,138.64,0.0357
m,8.573550491,136.804,0.0354
m,8.575330266,129.529,0.0353
m,8.582906895,134.187,0.0348
m,8.585510104,142.025,0.0348
m,8.586436472,131.245,0.0347
m,8.587580662,128.579,0.0346
m,8.606406576,134.519,0.0345
m,8.606830522,147.845,0.0344
m,8.608929026,132.913,0.0339
m,8.609949648,144.684,0.0336
m,8.611404507,134.287,0.0334
m,8.618075751,131.09,0.0326
m,8.619059971,140.08,0.0326
m,8.620100973,140.083,0.0325
m,8.621199698,134.9,0.0329
m,8.622005824,131.785,0.0337
m,8.628898062,133.608,0.0353
m,8.63012089,142.609,0.0356
m,8.631187389,132.698,0.0363
m,8.632526617,144.56,0.0365
m,8.642232193,147.461,0.037
m,8.644954837,148.748,0.0371
m,8.644954988,135.996,0.0372
m,8.64834845,134.107,0.0373
m,8.64967669,145.389,0.0377
m,8.657020656,139.555,0.0382
m,8.65939085,134.698,0.0392
m,8.660480315,138.888,0.0394
m,8.661494293,136.221,0.0401
m,8.662936336,139.494,0.0402
m,8.671109713,137.394,0.0416
m,8.671887035,134.601,0.0419
m,8.672992143,139.675,0.0422
m,8.674389343,142.738,0.0427
m,8.57533001,136.841,0.0351
m,8.577584837,136.094,0.035
m,8.57882327,142.065,0.0349
m,8.580145866,132.783,0.035
m,8.581417524,137.75,0.035
m,8.587580542,135.188,0.0345
m,8.591819807,139.605,0.0345
m,8.592620386,132.269,0.0344
m,8.594932166,139.35,0.0345
m,8.598485605,143.522,0.0345
m,8.612861538,141.004,0.0333
m,8.613672736,130.794,0.0328
m,8.615349526,149.218,0.0324
m,8.616813035,137.339,0.0325
m,8.623189806,131.969,0.0341
m,8.624807274,140.982,0.0342
m,8.625727258,135.813,0.0345
m,8.625727747,132.801,0.0349
m,8.627677418,130.563,0.0352
m,8.635155432,136.338,0.0367
m,8.636444775,139.756,0.0367
m,8.637815236,141.129,0.0367
m,8.639323266,139.121,0.0366
m,8.640776819,142.646,0.0368
m,8.65102658,133.541,0.0376
m,8.65216412,136.658,0.0378
m,8.653439331,138.712,0.0381
m,8.65572164,133.163,0.0383
m,8.663874836,140.215,0.0405
m,8.666124218,140.105,0.0406
m,8.667144451,135.126,0.0408
m,8.66802998,134.273,0.0411
m,8.669266866,145.986,0.0414
m,8.675710349,135.87,0.043
m,8.677732016,143.076,0.0431
m,8.679116092,136.849,0.0432
m,8.680364316,137.716,0.043
m,8.681674606,131.244,0.0431
m,8.682986211,132.508,0.0431
m,8.684299131,142.655,0.043
m,8.685826618,149.04,0.0429
m,8.688400136,141.792,0.043
m,8.688400355,141.584,0.0431
m,8.698548441,145.829,0.0428
m,8.70000118,148.756,0.0428
m,8.701469518,135.468,0.0426
m,8.702939647,138.721,0.0425
m,8.704486753,154.858,0.0424
m,8.714957498,137.688,0.042
m,8.716916074,140.216,0.0419
m,8.718739515,135.933,0.0419
m,8.722729462,148.332,0.0419
m,8.73243166,137.367,0.0417
m,8.734070553,137.039,0.0416
m,8.735785224,131.868,0.0416
m,8.738997692,132.625,0.0417
m,8.740432051,136.358,0.0418
m,8.74855546,142.459,0.0419
m,8.750145797,138.059,0.0418
m,8.751599949,144.378,0.0418
m,8.754787628,141.983,0.0416
m,8.756172463,133.785,0.0414
m,8.764511039,143.823,0.0422
m,8.765073612,135.604,0.0424
m,8.765078006,149.469,0.0423
m,8.764459474,142.552,0.0423
m,8.750446571,148.258,0.0419
m,8.747790881,138.635,0.0417
m,8.744792356,138.584,0.0414
m,8.741026182,137.535,0.0417
m,8.734267343,143.204,0.0417
m,8.715662127,139.446,0.0419
m,8.712669623,149.299,0.0417
m,8.708283609,143.52,0.0416
m,8.707310008,142.797,0.0415
m,8.707033068,144.35,0.0413
m,8.691237664,148.188,0.0431
m,8.692696791,138.537,0.0431
m,8.69415728,137.522,0.043
m,8.69548269,134.207,0.043
m,8.706308998,135.826,0.0421
m,8.707647299,140.287,0.0423
m,8.71053947,138.01,0.0421
m,8.710539678,151.721,0.0422
m,8.713562376,135.035,0.0421
m,8.72457032,142.976,0.0419
m,8.726326828,145.115,0.0419
m,8.727810533,141.576,0.0419
m,8.729232969,140.583,0.0419
m,8.730720401,147.36,0.0419
m,8.742079435,149.17,0.0419
m,8.74380244,139.673,0.0422
m,8.745314846,138.363,0.0421
m,8.747040199,140.665,0.0421
m,8.757697092,135.15,0.0414
m,8.759223069,142.705,0.0413
m,8.760612647,152.55,0.0412
m,8.762003917,144.777,0.0412
m,8.763955606,151.301,0.0412
m,8.763289559,142.068,0.0421
m,8.761917542,135.242,0.0422
m,8.75795052,141.524,0.0421
m,8.755492998,134.581,0.042
m,8.753035963,140.058,0.042
m,8.73426775,144.516,0.0419
m,8.726950385,143.655,0.0419
m,8.723045416,138.131,0.0418
m,8.719351091,138.884,0.0419
m,8.706894404,144.221,0.0411
m,8.706966101,142.333,0.041
m,0.302759011,103.79,0.0124
m,0.302935382,103.294,0.0125
m,0.303111803,101.904,0.0126
m,0.303314295,100.114,0.0127
m,0.303490769,103.524,0.0128
m,0.303699031,105.412,0.0128
m,0.304691774,105.412,0
m,0.303864383,104.667,0.0131
m,0.304041025,103.827,0.0132
m,0.305833323,104.345,0
m,0.304800229,103.361,0.0136
m,0.304971728,103.361,0.0138
m,0.304971728,103.626,0.0138
m,0.305174797,104.999,0.0139
m,0.305174797,103.998,0.0139
m,0.751077456,95.065,0.0125
m,0.75268346,97.108,0.0122
m,0.75339687,102.462,0.0122
m,0.754277909,98.898,0.0124
m,0.756371506,99.289,0.0125
m,0.75957557,99.383,0.0123
m,0.767535149,97.904,0.0122
m,0.771369344,98.611,0.0119
m,0.774814967,99.166,0.0117
m,0.777103344,97.891,0.0115
m,0.778808541,102.66,0.0112
m,0.781319536,111.921,0.0119
m,0.782735532,115.249,0.0118
m,0.784173378,118.556,0.0119
m,0.785876868,125.332,0.0119
m,0.78743783,118.798,0.0122
m,0.789108778,125.761,0.0123
m,0.792309039,105.233,0.0124
m,0.792309039,107.814,0.0124
m,0.795382431,117.202,0.0128
m,0.797201936,107.922,0.013
m,0.798893643,108.822,0.0131
m,0.80029276,104.978,0.0132
m,0.802835709,109.982,0.0132
m,0.803734664,107.449,0.0133
m,0.804796155,113.39,0.0135
m,0.806114303,112.024,0.0135
m,0.807121269,106.834,0.0136
m,0.809955969,123.387,0.0137
m,0.811807932,115.647,0.0137
m,0.81509535,113.942,0.0137
m,0.816862967,108.106,0.0137
m,0.818518546,118.128,0.0136
m,0.819989605,118.021,0.0137
m,0.821642588,107.728,0.0139
m,0.823444136,111.103,0.014
m,0.82535111,114.057,0.014
m,0.827422489,114.15,0.0138
m,0.829937981,116.219,0.0137
m,0.82994192,116.907,0.0135
m,0.830657481,118.882,0.0134
m,0.830825523,117.805,0.0134
m,0.830890693,117.652,0.0133
m,0.830890693,117.263,0.0133
m,0.830722664,114.687,0.0133
m,0.830724674,107.671,0.0132
m,0.830959947,124.793,0.013
m,0.831130011,114.319,0.0129
m,0.831509917,109.055,0.0128
m,0.831750388,117.288,0.0127
m,0.832457883,125.605,0.0127
m,0.833679381,117.066,0.0127
m,0.834905464,129.2,0.0129
m,0.836418381,106.599,0.0131
m,0.839306886,106.555,0.013
m,0.840677391,109.005,0.0131
m,0.840673408,106.251,0.0133
m,0.8440255,100.864,0.0135
m,0.845381156,100.964,0.0135
m,0.846753163,100.4,0.0134
m,0.848189949,106.552,0.0136
m,0.8509891,100.5,0.0135
m,0.852407275,100.69,0.0133
m,0.853892152,101.859,0.0135
m,0.855388096,101.467,0.0138
m,0.856896973,107.125,0.0141
m,0.858250739,113.591,0.0141
m,0.861287471,119.751,0.0143
m,0.864577949,119.469,0.0143
m,0.865971637,105.564,0.0143
m,0.867426091,119.202,0.0146
m,0.86899694,108.96,0.0147
m,0.870586344,112.982,0.0145
m,0.874508697,103.213,0.0141
m,0.876537228,104.981,0.0139
m,0.878701868,116.481,0.0141
m,0.880751123,100.766,0.0142
m,0.882541486,116.22,0.0146
m,0.886393061,103.313,0.015
m,0.888355022,103.218,0.0154
m,0.890373735,100.596,0.0156
m,0.893016788,101.783,0.016
m,0.916989945,107.415,0.0164
m,0.92108511,106.467,0.0163
m,0.925002268,105.233,0.0164
m,0.932274666,108.162,0.0164
m,0.93584565,106.247,0.0164
m,0.956538901,107.033,0.0168
m,0.959592049,119.265,0.0168
m,0.959592049,110.755,0.0168
m,0.965924195,111.191,0.0166
m,0.969127476,119.478,0.0167
m,0.990458075,112.213,0.017
m,0.997202614,112.313,0.0172
m,1.000821794,122.663,0.0173
m,1.004415175,120.641,0.0174
m,1.028689579,108.261,0.0188
m,1.032152533,122.404,0.019
m,1.035592983,117.995,0.0192
m,1.039040312,116.871,0.0194
m,1.042523422,110.94,0.0195
m,1.062318264,119.25,0.0203
m,1.065317077,124.069,0.0206
m,1.071689615,120.101,0.0209
m,1.075009135,129.174,0.021
m,1.078171953,114.584,0.0212
m,1.099196889,111.144,0.023
m,1.100888593,107.127,0.0232
m,1.101734931,107.989,0.0233
s,1.101894629,108.079,0.0234
s,1.102306003,108.87,0.0235
s,1.102306003,108.368,0.0235
s,1.102306588,108.151,0.0234
s,1.102351767,108.179,0.0235
s,1.102351767,108.101,0.0235
m,0.895933235,105.325,0.0162
m,0.901792775,111.749,0.0163
m,0.905170384,109.181,0.0164
m,0.905170384,106.062,0.0164
m,0.912900178,117.641,0.0164
m,0.939419786,101.865,0.0164
m,0.942995596,104.093,0.0165
m,0.946396462,105.596,0.0165
m,0.949757557,115.85,0.0169
m,0.975510726,106.649,0.0167
m,0.978476138,105.748,0.0166
m,0.981376469,108.908,0.0165
m,0.987401119,120.065,0.0167
m,0.990459384,113.133,0.0169
m,1.008010616,113.451,0.0179
m,1.015081291,105.653,0.0181
m,1.018338625,109.608,0.0182
m,1.021752397,113.692,0.0184
m,1.025021504,116.09,0.0186
m,1.049379938,112.188,0.0197
m,1.05251456,109.94,0.0199
m,1.055862796,134.325,0.0202
m,1.059191538,119.153,0.0203
m,1.081469127,122.077,0.0215
m,1.084720101,121.321,0.0218
m,1.087972406,115.975,0.0224
m,1.091024227,117.816,0.0226
m,1.096797534,111.019,0.0228
s,1.102077765,107.919,0.0234
s,1.102100014,107.682,0.0235
s,1.102100014,107.997,0.0235
s,1.102100014,108.047,0.0235
s,1.102306003,108.781,0.0235
s,1.1023741,108.266,0.0236
s,1.102190412,107.779,0.0237
s,1.10216694,107.549,0.0238
s,1.102166391,108.188,0.0239
s,1.102189305,108.672,0.0239
s,1.102188764,108.519,0.024
s,1.102188764,108.291,0.024
s,1.102051545,108.34,0.024
s,1.102052085,108.283,0.0239
s,1.101617371,107.971,0.024
s,1.101617911,108.051,0.0239
s,1.101617911,108.112,0.0239
s,1.101594843,108.412,0.0239
s,1.101549869,108.161,0.0237
s,1.101915247,107.959,0
s,1.101710528,108.078,0.0236
s,1.101688116,108.596,0.0235
s,1.10187123,108.24,0.0235
s,1.102237447,107.924,0.0235
s,1.102238033,108.055,0.0234
s,1.102238033,107.975,0.0234
s,1.102398187,108.01,0.0234
s,1.102398782,108.265,0.0233
s,1.10242174,108.709,0.0233
s,1.102604846,108.651,0.0233
s,1.102604846,108.252,0.0233
s,1.10260545,108.231,0.0232
s,1.103109549,108.623,0.0231
s,1.103109549,108.099,0.0231
s,1.103109549,108.437,0.0231
s,1.103109549,109.587,0.0231
s,1.103109549,109.617,0.0231
s,1.103086655,109.794,0.0231
s,1.103086043,109.391,0.0232
s,1.103086043,109.036,0.0232
s,1.103085439,108.104,0.0233
s,1.1027415,108.108,0.0234
s,1.102234124,107.928,0.0241
s,1.10225658,108.475,0.0242
s,1.101890368,108.149,0.0242
s,1.101889855,107.947,0.0243
s,1.102074526,108.051,0.024
s,1.101914423,107.348,0.024
s,1.101937448,107.403,0.024
s,1.101777939,107.602,0.0239
s,1.101777399,107.698,0.024
s,1.101594843,108.081,0.0239
s,1.101572339,107.827,0.0238
s,1.101572339,107.968,0.0238
s,1.101549311,108.674,0.0238
s,1.101549869,107.101,0.0237
s,1.10187123,108.318,0.0235
s,1.10187123,107.337,0.0235
s,1.10187123,107.611,0.0235
s,1.102054337,108.11,0.0235
s,1.102398187,107.777,0.0234
s,1.102398782,108.566,0.0233
s,1.102398782,108.579,0.0233
s,1.10242174,108.739,0.0233
s,1.10242174,109.542,0.0233
s,1.102788566,108.946,0.0232
s,1.10276562,109.234,0.0232
s,1.102948739,108.749,0.0232
s,1.102948739,108.771,0.0232
s,1.103108937,108.778,0.0232
s,1.103109549,109.718,0.0231
s,1.103086655,109.911,0.0231
s,1.103086655,110.199,0.0231
s,1.103086655,110.317,0.0231
s,1.102740339,107.713,0.0236
s,1.102763261,107.455,0.0236
s,1.102579577,108.356,0.0237
s,1.102601965,108.056,0.0238
s,1.102418309,108.68,0.0239
s,1.10170624,107.292,0.0244
s,1.101705745,107.34,0.0245
s,1.101522641,107.581,0.0245
s,1.101499162,107.734,0.0246
s,1.101109494,108.658,0.0247
s,1.101109494,107.533,0.0247
s,1.100925916,108.076,0.0248
s,1.100925916,108.123,0.0248
s,1.100742342,107.239,0.0249
s,1.100742342,107.835,0.0249
s,1.100146194,108.106,0.0251
s,1.100146194,108.063,0.0251
s,1.100123254,107.542,0.0251
s,1.100123254,107.176,0.0251
s,1.100123254,107.057,0.0251
s,1.099596421,107.853,0.0252
s,1.099596854,107.761,0.0251
s,1.099573902,107.569,0.0251
s,1.099390783,107.592,0.0251
s,1.099138061,108.348,0.0253
s,1.099114768,107.942,0.0254
s,1.0992979,107.846,0.0254
s,1.0992979,108.141,0.0254
s,1.099091913,107.578,0.0254
s,1.099046259,108.041,0.0254
s,1.099023461,107.959,0.0254
s,1.099023461,107.746,0.0254
s,1.099023461,107.906,0.0254
s,1.099023461,108.093,0.0254
s,1.099091111,107.283,0.0256
s,1.098907594,107.702,0.0257
s,1.098930075,107.499,0.0258
s,1.09876946,107.385,0.0259
s,1.098858869,108.073,0.0266
s,1.098858869,108.292,0.0266
s,1.098675179,108.626,0.0268
s,1.098858286,108.759,0.0268
s,1.098858008,107.846,0.0269
s,1.098834776,108.764,0.027
s,1.09881157,108.184,0.0271
s,1.098788647,108.66,0.0271
s,1.098788647,108.653,0.0271
s,1.098788647,108.237,0.0271
s,1.100558786,107.373,0.025
s,1.100352703,107.807,0.025
s,1.100352703,108.006,0.025
s,1.10032931,108.115,0.0251
s,1.099963084,107.077,0.0251
s,1.099963084,108.635,0.0251
s,1.099962651,108.704,0.0252
s,1.099779963,108.525,0.0251
s,1.099779531,108.36,0.0252
s,1.09939035,107.019,0.0252
s,1.099367419,106.876,0.0252
s,1.099344081,108.052,0.0253
s,1.09932119,107.415,0.0253
s,1.09932119,107.833,0.0253
s,1.099091913,107.66,0.0254
s,1.099069074,107.631,0.0254
s,1.099069074,107.451,0.0254
s,1.099252214,107.426,0.0254
s,1.099023461,108.036,0.0254
s,1.099023461,107.848,0.0254
s,1.099046259,107.777,0.0254
s,1.099045854,107.709,0.0255
s,1.099068669,107.301,0.0255
s,1.098814929,108.093,0.026
s,1.098814578,108.111,0.0261
s,1.098837183,108.697,0.0262
s,1.098653735,108.502,0.0263
s,1.098653097,108.64,0.0265
s,1.0986749,108.649,0.0269
s,1.0986749,108.416,0.0269
s,1.098858008,108.529,0.0269
s,1.098857739,108.734,0.027
s,1.09894887,107.695,0.0271
s,1.09894887,108.016,0.0271
s,1.098926247,107.335,0.027
s,1.098903388,107.575,0.027
m,1.098926516,107.569,0.0269
m,1.098926794,108.961,0.0268
m,1.099109921,112.464,0.0268
m,1.099110208,115.155,0.0267
m,1.099293638,118.516,0.0266
m,1.116450386,119.272,0.027
m,1.119705962,109.134,0.027
m,1.122965826,128.923,0.0269
m,1.12588249,120.988,0.0269
m,1.128782126,121.394,0.027
m,1.148850764,112.195,0.0276
m,1.152328013,113.895,0.0278
m,1.155827471,109.45,0.0277
m,1.159347598,106.366,0.0277
m,1.163256346,114.265,0.0275
m,1.188959772,115.505,0.0281
m,1.191857793,120.289,0.0283
m,1.198176405,113.534,0.0284
m,1.20221467,114.22,0.0278
m,1.218305624,118.965,0.0272
m,1.218305624,120.54,0.0272
m,1.222344652,123.782,0.0272
m,1.224156132,121.565,0.0275
m,1.2261213,116.771,0.0279
m,1.24719269,132.047,0.0274
m,1.251205891,123.715,0.0273
m,1.255574479,126.15,0.027
m,1.265137671,127.788,0.0265
m,1.26990566,121.987,0.0262
m,1.292474711,127.371,0.0249
m,1.302199263,125.122,0.0248
m,1.307141874,129.931,0.0245
m,1.312084734,124.741,0.0243
m,1.317028228,127.407,0.0241
m,1.34803045,127.01,0.0234
m,1.352436296,127.71,0.0233
m,1.35722442,125.943,0.0232
m,1.362184316,125.401,0.0232
m,1.101125909,107.887,0.0267
m,1.103510143,109.197,0.0267
m,1.105691138,112.006,0.0267
m,1.107829943,114.252,0.027
m,1.110501265,113.192,0.0271
m,1.131664859,109.208,0.0275
m,1.134978892,113.682,0.0275
m,1.138276302,109.596,0.0276
m,1.145376743,111.836,0.0277
m,1.170981332,114.181,0.0275
m,1.17474519,114.274,0.0276
m,1.174744478,109.219,0.028
m,1.182277289,113.642,0.0279
m,1.185894393,117.274,0.028
m,1.205700103,113.678,0.0275
m,1.208264084,114.164,0.0274
m,1.210275418,124.086,0.0273
m,1.212286651,124.331,0.0273
m,1.216293809,117.577,0.0273
m,1.228241115,122.377,0.0282
m,1.235340789,126.848,0.0278
m,1.239337321,123.987,0.0277
m,1.243165071,120.944,0.0276
m,1.26990688,130.012,0.0258
m,1.278903834,127.562,0.0256
m,1.283304259,128.355,0.0253
m,1.287889267,122.617,0.0251
m,1.321800626,126.999,0.024
m,1.326205181,124.462,0.0237
m,1.330609207,128.686,0.0236
m,1.339417847,124.947,0.0235
m,1.339418325,122.81,0.0234
m,1.372647768,125.182,0.023
m,1.377634115,135.146,0.0229
m,1.382989406,126.468,0.0229
m,1.389269224,126.578,0.0227
m,1.3956852,128.571,0.0225
m,1.401588929,129.707,0.0224
m,1.412338635,135.782,0.0223
m,1.418581974,130.827,0.0226
m,1.418579988,130.546,0.023
m,1.428486157,120.259,0.0231
m,1.454585184,138.268,0.0225
m,1.459388016,130.505,0.0227
m,1.464202278,139.866,0.0229
m,1.469212683,130.478,0.0231
m,1.474258003,128.283,0.0231
m,1.505199528,137.551,0.0238
m,1.509173231,130.58,0.0237
m,1.516382589,138.982,0.0237
m,1.519976034,139.329,0.0237
m,1.54359327,126.303,0.0236
m,1.543593676,141.382,0.0235
m,1.550852465,152.906,0.0236
m,1.554319489,139.031,0.0233
m,1.561109691,133.642,0.0234
m,1.569649634,137.001,0.0234
s,1.569649634,136.786,0.0234
s,1.569635898,137.219,0.0234
s,1.569635898,137.45,0.0234
s,1.569635493,139.468,0.0235
s,1.569437244,138.575,0.0235
s,1.569451376,140.545,0.0234
s,1.56926686,142.729,0.0234
s,1.569267272,142.199,0.0233
s,1.569437649,135.274,0.0234
s,1.569252727,134.691,0.0235
s,1.569437244,135.1,0.0235
s,1.569437244,142.147,0.0235
s,1.569252727,135.769,0.0235
s,1.56946431,137.01,0.0236
s,1.569279404,136.083,0.0237
s,1.569463532,138.867,0.0238
s,1.569463532,138.504,0.0238
s,1.569292395,139.709,0.0239
m,1.432610214,127.772,0.0227
m,1.436342357,132.471,0.0222
m,1.440220379,134.18,0.0225
m,1.449596199,134.148,0.0226
m,1.479290705,132.886,0.0234
m,1.488457546,131.451,0.0235
m,1.488457124,135.846,0.0236
m,1.497093286,138.109,0.0237
m,1.501238789,136.074,0.0237
m,1.523397313,133.261,0.0237
m,1.526818764,140.796,0.0238
m,1.530056507,133.792,0.0238
m,1.536731267,133.777,0.0237
m,1.539971202,136.783,0.0236
m,1.561108488,142.184,0.0237
m,1.566559606,148.794,0.0236
m,1.568487231,136.942,0.0235
m,1.569436846,137.082,0.0236
s,1.569635898,135.279,0.0234
s,1.569621768,136.038,0.0235
s,1.569621768,135.44,0.0235
s,1.569437244,138.549,0.0235
s,1.569437244,138.262,0.0235
s,1.569451787,137.99,0.0233
s,1.569451787,138.017,0.0233
s,1.569253544,138.92,0.0233
s,1.569253544,133.881,0.0233
s,1.569253132,132.793,0.0234
s,1.569068208,135.052,0.0235
s,1.569266455,138.348,0.0235
s,1.569266455,134.252,0.0235
s,1.569266057,138.233,0.0236
s,1.569292395,138.038,0.0239
s,1.569292395,136.613,0.0239
s,1.569291654,136.344,0.0241
s,1.569277898,138.646,0.0241
s,1.569462412,138.136,0.0241
s,1.569462412,133.925,0.0241
s,1.569462052,136.652,0.0242
s,1.569277898,138.564,0.0241
s,1.569277898,133.779,0.0241
s,1.569251171,139.066,0.0239
s,1.569250797,134.925,0.024
s,1.569264525,134.459,0.024
s,1.569264159,138.892,0.0241
s,1.569264159,137.753,0.0241
s,1.56944796,141.188,0.0243
s,1.569447612,140.086,0.0244
s,1.569447271,137.615,0.0245
s,1.569447271,137.306,0.0245
s,1.569447271,136.521,0.0245
s,1.569631794,137.319,0.0245
s,1.569631459,135.665,0.0246
s,1.56963113,133.622,0.0247
s,1.569446607,135.703,0.0247
s,1.569446285,134.6,0.0248
s,1.569445969,136.598,0.0249
s,1.569630493,139.25,0.0249
s,1.569630183,135.119,0.025
s,1.56962988,135.981,0.0251
s,1.569615007,134.441,0.0255
s,1.569615007,138.906,0.0255
s,1.569615007,139.155,0.0255
s,1.569430211,141.622,0.0256
s,1.569416501,135.254,0.0256
s,1.569429946,137.351,0.0257
s,1.569429946,136.916,0.0257
s,1.569429946,136.325,0.0257
s,1.569231458,135.041,0.0258
s,1.568677895,134.269,0.0258
s,1.568677895,134.619,0.0258
s,1.568677895,135.318,0.0258
s,1.568493123,136.927,0.0259
s,1.568493123,141.112,0.0259
s,1.569277898,137.144,0.0241
s,1.569264525,138.437,0.024
s,1.569264525,141.07,0.024
s,1.569264525,138.005,0.024
s,1.569251171,141.91,0.0239
s,1.569448674,138.029,0.0241
s,1.569448674,137.27,0.0241
s,1.569448314,138.865,0.0242
s,1.56944796,137.889,0.0243
s,1.569447271,139.658,0.0245
s,1.569447271,135.848,0.0245
s,1.569447612,138.193,0.0244
s,1.569447271,136.061,0.0245
s,1.569632135,136.879,0.0244
s,1.569446607,136.094,0.0247
s,1.569446285,133.735,0.0248
s,1.569446285,136.307,0.0248
s,1.569446285,139.417,0.0248
s,1.569446285,135.634,0.0248
s,1.569629583,133.293,0.0252
s,1.569615859,137.829,0.0252
s,1.569615568,135.454,0.0253
s,1.569615284,134.35,0.0254
s,1.569416236,135.914,0.0257
s,1.569416236,134.955,0.0257
s,1.569416236,139.791,0.0257
s,1.569415978,136.138,0.0258
s,1.569415978,134.873,0.0258
s,1.569231458,134.991,0.0258
s,1.569046937,134.092,0.0258
s,1.569047195,138.386,0.0257
s,1.568862417,136.862,0.0258
s,1.568862417,135.116,0.0258
s,1.568479171,139.594,0.026
s,1.568479171,139.003,0.026
s,1.568308355,140.7,0.026
s,1.568308115,137.836,0.0261
s,1.568307882,137.127,0.0262
s,1.568137315,137.406,0.0261
s,1.568123594,137.421,0.0261
s,1.568123594,135.95,0.0261
s,1.568123594,140.683,0.0261
s,1.56829465,135.07,0.026
s,1.568280956,137.827,0.026
s,1.568280717,134.629,0.0261
s,1.568280956,137.902,0.026
s,1.568266807,135.418,0.0262
s,1.568267041,136.302,0.0261
s,1.568280484,141.295,0.0262
s,1.568294177,136.442,0.0262
s,1.568478471,137.243,0.0263
s,1.568690193,136.997,0.0264
s,1.568703926,133.66,0.0264
s,1.568703926,136.236,0.0264
s,1.568703926,136.337,0.0264
s,1.568717671,137.841,0.0264
s,1.568744991,138.938,0.0265
s,1.568744783,144.969,0.0266
s,1.568744783,136.882,0.0266
s,1.568731218,135.81,0.0265
s,1.568929718,136.625,0.0264
s,1.569114017,136.717,0.0265
m,1.569100247,139.807,0.0265
m,1.569100247,140.813,0.0265
m,1.569100681,135.104,0.0263
m,1.583142652,126.419,0.0264
m,1.587497868,121.524,0.0266
m,1.587497669,130.56,0.0267
m,1.595783884,127.751,0.0269
m,1.600111699,130.296,0.027
m,1.634536082,139.961,0.0259
m,1.639618747,134.104,0.0257
m,1.644731124,141.505,0.0256
m,1.649629649,140.448,0.0255
s,1.568307882,135.041,0.0262
s,1.568308115,137.075,0.0261
s,1.568308115,136.94,0.0261
s,1.56829465,138.524,0.026
s,1.56829465,135.654,0.026
s,1.568280956,137.836,0.026
s,1.568267041,136.955,0.0261
s,1.568266807,136.927,0.0262
s,1.568266807,140.72,0.0262
s,1.568266807,135.361,0.0262
s,1.568478251,138.037,0.0264
s,1.568491957,136.762,0.0264
s,1.568690193,138.48,0.0264
s,1.568690193,136.699,0.0264
s,1.568731432,143.86,0.0264
s,1.568731432,144.61,0.0264
s,1.568731432,139.391,0.0264
s,1.568731218,140.15,0.0265
s,1.568744991,136.667,0.0265
s,1.568929718,137.082,0.0264
s,1.568929718,137.993,0.0264
s,1.568929939,139.095,0.0263
s,1.568929939,136.091,0.0263
s,1.568929718,138.721,0.0264
m,1.569667561,128.678,0.0265
m,1.570248875,135.4,0.0264
m,1.571964943,123.364,0.0263
m,1.575170816,125.583,0.0263
m,1.610174599,129.998,0.0269
m,1.610174971,132.161,0.0267
m,1.61999782,131.15,0.0265
m,1.624894897,132.897,0.0265
m,1.629807503,126.033,0.0262
m,1.659242148,135.693,0.0256
m,1.659242148,139.468,0.0256
m,1.668671339,130.864,0.0256
m,1.673186693,141.392,0.0256
m,1.677886502,140.152,0.0256
m,1.682417122,135.637,0.0257
m,1.686748295,133.352,0.0258
m,1.69504287,141.894,0.0258
m,1.69842246,132.535,0.0257
m,1.700849639,142.775,0.0256
m,1.705891512,132.598,0.0243
m,1.706813394,128.038,0.0242
m,1.707919597,126.213,0.0241
m,1.709885535,137.949,0.0241
m,1.712912402,142.083,0.024
m,1.741111126,140.464,0.0234
m,1.745153311,125.981,0.0233
m,1.753620974,134.057,0.0233
m,1.753620974,129.648,0.0233
m,1.789099416,133.296,0.0233
m,1.793470476,130.194,0.0233
m,1.798013368,127.895,0.0231
m,1.802728092,123.686,0.0228
m,1.811974498,126.829,0.0226
m,1.834989406,129.958,0.022
m,1.839157539,139.8,0.0219
m,1.84295731,150.423,0.0218
m,1.850940821,130.682,0.0217
m,1.854952336,141.269,0.0217
m,1.882518377,131.82,0.0223
m,1.886879952,129.177,0.0224
m,1.890686333,124.875,0.023
m,1.894333891,126.278,0.0231
m,1.91465661,125.552,0.025
m,1.922251873,127.819,0.0252
m,1.926415056,129.456,0.0254
m,1.930774959,126.949,0.0256
m,1.935135843,135.766,0.0258
m,1.955876407,125.961,0.0265
m,1.963345804,124.903,0.0267
m,1.967168626,129.075,0.027
m,1.971361532,124.947,0.0277
m,1.975740523,123.25,0.0281
m,1.700849887,153.139,0.0255
m,1.704214612,135.611,0.0252
m,1.704968138,139.245,0.0249
m,1.705522256,145.695,0.0245
m,1.716324535,127.404,0.0238
m,1.724545777,126.638,0.0237
m,1.728771705,132.854,0.0236
m,1.732828351,133.713,0.0235
m,1.737054611,133.621,0.0234
m,1.762443057,133.394,0.0234
m,1.767024457,136.401,0.0234
m,1.771407284,133.635,0.0234
m,1.775790537,123.034,0.0234
m,1.784728579,123.874,0.0234
m,1.816677931,135.908,0.0225
m,1.821395958,129.104,0.0224
m,1.826102088,131.507,0.0222
m,1.830637164,137.695,0.0222
m,1.858767173,128.782,0.0217
m,1.862557386,130.149,0.0218
m,1.866385509,133.651,0.0219
m,1.874203922,128.978,0.022
m,1.878354758,129.559,0.0221
m,1.900706196,130.71,0.0234
m,1.900705541,124.204,0.0236
m,1.905970876,128.197,0.0239
m,1.908511249,129.571,0.0242
m,1.91141029,130.908,0.0245
m,1.939672071,129.434,0.026
m,1.943850179,124.034,0.0262
m,1.947865309,133.537,0.0262
m,1.955876745,134.967,0.0263
m,1.984714525,133.285,0.0286
m,1.989299448,125.436,0.0289
m,1.993894213,121.65,0.0293
m,1.998683643,119.581,0.0297
m,2.003463987,121.641,0.03
m,2.008078428,123.022,0.0307
m,2.012692901,124.214,0.031
m,2.022310296,120.534,0.0313
m,2.022310559,119.484,0.0316
m,2.057556215,118.206,0.0343
m,2.060358691,117.702,0.0346
m,2.063169724,118.856,0.0346
m,2.065592714,117.223,0.0347
m,2.066711378,117.181,0.0346
s,2.067692196,118.303,0.0348
s,2.067516315,117.808,0.0347
s,2.067516315,116.899,0.0347
s,2.067525637,116.856,0.0347
s,2.067350027,117.707,0.0347
s,2.067562078,117.422,0.0343
s,2.067376924,117.799,0.0342
s,2.067376924,117.327,0.0342
s,2.067201361,117.618,0.0342
s,2.067053196,116.815,0.0338
s,2.066868263,116.837,0.0338
s,2.066877495,117.286,0.0337
s,2.066877495,117.22,0.0337
s,2.066692564,116.923,0.0337
s,2.066692183,116.794,0.0335
s,2.066692183,117.174,0.0335
s,2.066692183,117.07,0.0335
s,2.066692,117.341,0.0334
s,2.066692183,117.093,0.0335
s,2.066867873,117.159,0.0336
s,2.066868066,117.248,0.0337
s,2.067052998,117.172,0.0337
s,2.067053196,116.919,0.0338
s,2.067229547,117.288,0.0342
s,2.067229769,117.308,0.0343
s,2.067229995,117.063,0.0344
s,2.067230704,116.976,0.0347
s,2.067221299,117.126,0.0347
m,2.03156748,121.759,0.0319
m,2.03637654,116.362,0.0322
m,2.040826015,116.63,0.0332
m,2.04545969,119.267,0.0336
m,2.054013805,117.028,0.0339
m,2.067478914,117.397,0.0346
s,2.067488188,116.882,0.0346
s,2.067682655,115.686,0.0347
s,2.067692196,115.881,0.0348
s,2.067350027,118.324,0.0347
s,2.067349786,117.028,0.0346
s,2.067543824,117.526,0.0345
s,2.067552944,117.466,0.0344
s,2.067552718,117.672,0.0343
s,2.067210744,117.701,0.0342
s,2.067210315,117.228,0.034
s,2.067034574,117.135,0.0339
s,2.067034574,117.123,0.0339
s,2.067043778,117.056,0.0338
s,2.066692564,117.424,0.0337
s,2.066692564,117.582,0.0337
s,2.066692564,117.094,0.0337
s,2.066692371,117.157,0.0336
s,2.066692183,117.022,0.0335
s,2.066692183,117.221,0.0335
s,2.066877302,117.248,0.0336
s,2.066867873,117.226,0.0336
s,2.066867873,117.204,0.0336
s,2.067043981,117.009,0.0339
s,2.067043981,116.893,0.0339
s,2.0670444,117.117,0.0341
s,2.067044617,117.184,0.0342
s,2.067044617,116.81,0.0342
s,2.067221545,116.707,0.0348
s,2.067221796,117.213,0.0349
s,2.067222051,116.659,0.035
s,2.067398115,116.99,0.0352
s,2.067398385,116.98,0.0353
s,2.067389277,117.065,0.0354
s,2.067389557,117.355,0.0355
s,2.067389841,117.286,0.0356
s,2.067390131,117.521,0.0357
s,2.067557228,117.388,0.036
s,2.067557537,116.955,0.0361
s,2.067557537,116.63,0.0361
s,2.067557537,116.718,0.0361
s,2.067381965,117.446,0.0361
s,2.067391337,116.771,0.0361
s,2.067206716,116.77,0.0362
s,2.0672161,116.931,0.0362
s,2.0672161,117.319,0.0362
s,2.067031169,117.718,0.0362
s,2.067031169,117.873,0.0362
s,2.067031169,117.457,0.0362
s,2.067021784,117.4,0.0362
s,2.067021784,117.623,0.0362
s,2.067187358,118.139,0.036
s,2.067187358,117.898,0.036
s,2.067372295,117.079,0.036
s,2.067372295,117.381,0.036
s,2.067381656,118.048,0.036
s,2.067566588,117.757,0.036
s,2.067566284,116.95,0.0359
s,2.067566284,118.277,0.0359
s,2.06775122,117.023,0.0359
s,2.067741265,117.326,0.0357
s,2.067740975,117.593,0.0356
s,2.067740975,117.438,0.0356
s,2.067731342,117.077,0.0355
s,2.067546404,116.802,0.0355
s,2.067720653,117.246,0.035
s,2.067711326,117.452,0.035
s,2.067526389,117.462,0.035
s,2.067526133,116.857,0.0349
s,2.067380759,117.115,0.0357
s,2.067381053,117.642,0.0358
s,2.067381352,117.475,0.0359
s,2.067557228,117.79,0.036
s,2.067557228,117.198,0.036
s,2.067372604,116.99,0.0361
s,2.067372604,117.285,0.0361
s,2.067372295,117.079,0.036
s,2.067372604,116.753,0.0361
s,2.067381965,117.078,0.0361
s,2.0672161,117.184,0.0362
s,2.0672161,117.989,0.0362
s,2.067031488,117.568,0.0363
s,2.067031169,117.749,0.0362
s,2.06702147,117.469,0.0361
s,2.067012097,117.731,0.0361
s,2.067197029,117.234,0.0361
s,2.067187667,117.654,0.0361
s,2.067187358,117.495,0.036
s,2.067372295,117.379,0.036
s,2.067372295,117.552,0.036
s,2.067372295,117.652,0.036
s,2.067372295,118.026,0.036
s,2.067372295,118.156,0.036
s,2.06775122,117.114,0.0359
s,2.067750921,117.272,0.0358
s,2.067750921,117.216,0.0358
s,2.067741265,117.294,0.0357
s,2.067546125,117.357,0.0354
s,2.067730517,117.498,0.0352
s,2.067730251,116.858,0.0351
s,2.067720913,117.266,0.0351
s,2.067720653,117.309,0.035
s,2.067341195,116.795,0.0349
s,2.067340945,117.114,0.0348
s,2.067340945,117.381,0.0348
s,2.067340945,117.197,0.0348
s,2.067341195,117.459,0.0349
s,2.067156256,117.519,0.0349
s,2.067165841,117.512,0.035
s,2.066980906,117.71,0.035
s,2.066990247,117.164,0.035
s,2.066990508,117.816,0.0351
s,2.067194423,116.405,0.0352
s,2.067194694,117.539,0.0353
s,2.067194694,117.543,0.0353
s,2.067195248,117.227,0.0355
s,2.067195248,117.466,0.0355
s,2.067381053,117.212,0.0358
s,2.067565985,117.616,0.0358
s,2.067575359,117.951,0.0358
s,2.067575658,117.83,0.0359
s,2.067575962,117.624,0.036
s,2.067575962,117.163,0.036
s,2.067566588,117.387,0.036
s,2.067566588,117.133,0.036
s,2.067566897,117.158,0.0361
m,2.067742471,118.463,0.0361
m,2.068492855,119.91,0.0365
m,2.070361269,127.456,0.0366
m,2.077231943,117.879,0.0366
m,2.080940671,113.304,0.0368
m,2.106594579,116.748,0.0373
m,2.110127447,115.078,0.0374
m,2.117766863,113.165,0.0376
m,2.121493768,118.399,0.0376
m,2.142904354,135.628,0.0381
m,2.150552484,134.547,0.038
m,2.154843887,119.79,0.038
m,2.158950423,121.835,0.038
m,2.163047387,118.148,0.038
m,2.181879143,118.095,0.0383
m,2.189508878,118.207,0.0383
m,2.193421476,116.877,0.0384
m,2.197333294,117.845,0.0383
m,2.201255291,118.944,0.0383
s,2.066990508,117.158,0.0351
s,2.066999862,117.008,0.0351
s,2.067000127,117.558,0.0352
s,2.067194423,117.373,0.0352
s,2.067195533,117.147,0.0356
s,2.067380469,117.058,0.0356
s,2.067380759,117.166,0.0357
s,2.067380759,116.87,0.0357
s,2.067380759,116.973,0.0357
s,2.067575658,117.341,0.0359
s,2.067575658,117.341,0.0359
s,2.067575962,117.373,0.036
s,2.067575962,117.315,0.036
s,2.067575962,117.532,0.036
m,2.067566897,117.26,0.0361
m,2.067567211,117.277,0.0362
m,2.067557537,118.594,0.0361
m,2.067557537,123.245,0.0361
m,2.084649417,118.426,0.037
m,2.08854312,113.112,0.0372
m,2.095978317,110.89,0.0373
m,2.099511171,116.456,0.0374
m,2.103237976,115.178,0.0374
m,2.125027445,114.061,0.0379
m,2.128755161,118.228,0.0381
m,2.132296403,127.879,0.0379
m,2.135829343,127.704,0.038
m,2.142903962,126.977,0.038
m,2.166959843,120.159,0.0381
m,2.174423879,134.86,0.0381
m,2.178151498,120.711,0.0382
m,2.181878748,123.148,0.0382
m,2.205362639,118.495,0.0384
m,2.213567263,122.008,0.0385
m,2.217859639,121.663,0.0386
m,2.222336959,126.284,0.0387
m,2.226814324,128.265,0.0388
m,2.231106023,125.316,0.0387
m,2.235019291,123.806,0.0389
m,2.242669295,133.134,0.0389
m,2.242668475,126.825,0.0387
m,2.26802231,124.82,0.0386
m,2.276258142,124.072,0.0387
m,2.280201295,129.634,0.0387
m,2.280201295,137.2,0.0387
m,2.288262355,125.031,0.0386
m,2.310601443,121.652,0.0386
m,2.314165838,123.29,0.0386
m,2.317740868,138.627,0.0386
m,2.321501304,125.12,0.0387
m,2.325446354,126.723,0.0387
m,2.350947764,131.54,0.039
m,2.354882998,127.201,0.039
m,2.362591175,134.982,0.0391
m,2.366330982,125.144,0.0391
m,2.393687164,129.752,0.0393
m,2.397439018,128.313,0.0394
m,2.401190153,125.861,0.0393
m,2.405137799,128.883,0.0393
m,2.409270372,139.637,0.0393
m,2.432026303,131.168,0.0396
m,2.435779684,122.347,0.0398
m,2.443112312,130.045,0.0399
m,2.44669162,123.463,0.0398
m,2.450456664,140.456,0.0399
m,2.475228099,127.285,0.0398
m,2.478612722,120.33,0.0399
m,2.481996605,122.568,0.0398
m,2.485380998,122.266,0.0398
m,2.512030204,140.211,0.04
m,2.515058499,139.088,0.0401
m,2.517717185,128.584,0.0401
m,2.519970844,125.443,0.0403
m,2.521288918,132.426,0.0405
m,2.25011376,124.692,0.0387
m,2.253461648,122.9,0.0387
m,2.256820351,124.059,0.0389
m,2.260362733,121.549,0.0388
m,2.264284931,119.956,0.0387
m,2.292576104,130.916,0.0387
m,2.296704762,130.705,0.0387
m,2.300463882,122.396,0.0387
m,2.307406856,127.059,0.0386
m,2.332566009,124.782,0.0388
m,2.336131103,126.966,0.0388
m,2.336131902,125.813,0.039
m,2.343632044,122.997,0.039
m,2.347197446,128.669,0.039
m,2.370266614,128.426,0.0391
m,2.374387132,123.958,0.0391
m,2.378323345,126.153,0.0392
m,2.382248586,124.837,0.0393
m,2.389935805,128.915,0.0393
m,2.413229648,126.908,0.0393
m,2.420930323,135.304,0.0394
m,2.424509216,139.51,0.0394
m,2.428446721,126.968,0.0395
m,2.453839854,127.642,0.0398
m,2.457408288,126.444,0.0398
m,2.461161541,127.839,0.0398
m,2.468483579,126.78,0.0398
m,2.468483579,130.668,0.0398
m,2.49233436,121.243,0.0397
m,2.495719033,123.518,0.0397
m,2.499091745,134.098,0.0397
m,2.502464912,134.727,0.0398
m,2.505653433,132.679,0.0399
m,2.521670514,129.928,0.0405
m,2.521682758,131.659,0.0405
m,2.521683196,131.316,0.0406
s,2.521683196,131.525,0.0406
s,2.521683639,131.959,0.0407
s,2.521868317,131.283,0.0407
s,2.521868317,131.652,0.0407
s,2.521868317,130.919,0.0407
s,2.521868317,133.408,0.0407
s,2.521881017,133.649,0.0408
s,2.522065692,130.912,0.0408
s,2.522065246,130.396,0.0407
s,2.522065692,130.531,0.0408
s,2.522041645,131.013,0.0409
s,2.522029406,130.486,0.0409
s,2.521832503,130.624,0.0409
s,2.521832503,129.983,0.0409
s,2.521820736,131.155,0.041
s,2.52125634,133.776,0.0414
s,2.521256814,133.544,0.0415
s,2.521441971,132.747,0.0416
s,2.521442453,131.73,0.0417
s,2.521246056,131.629,0.0418
s,2.520808195,129.371,0.0427
s,2.520612421,131.076,0.0429
s,2.520600819,130.412,0.043
s,2.52040508,132.701,0.0432
s,2.519193789,133.427,0.0442
s,2.518986184,132.738,0.0444
s,2.518790652,131.461,0.0446
s,2.51859575,131.118,0.0449
s,2.517994884,130.608,0.0451
s,2.517177475,130.781,0.0459
s,2.516981498,132.521,0.046
s,2.516958341,130.838,0.0461
s,2.516959002,132.717,0.0462
s,2.516577689,131.118,0.0462
s,2.515772381,132.425,0.0469
s,2.515772381,132.857,0.0469
s,2.515773074,131.154,0.047
s,2.515589059,130.943,0.0471
s,2.521867875,133.22,0.0406
s,2.521868317,132.348,0.0407
s,2.521868317,131.355,0.0407
s,2.521880571,132.218,0.0407
s,2.521881017,132.554,0.0408
s,2.522053888,130.201,0.0409
s,2.522041645,130.097,0.0409
s,2.522041645,132.338,0.0409
s,2.522041645,131.695,0.0409
s,2.522041195,132.474,0.0408
s,2.521636514,131.241,0.0411
s,2.521821194,132.311,0.0411
s,2.521636976,132.634,0.0412
s,2.521441019,133.394,0.0414
s,2.521246545,133.165,0.0419
s,2.521234842,131.261,0.042
s,2.521236347,132.761,0.0423
s,2.521039989,130.659,0.0424
s,2.52102884,131.795,0.0426
s,2.520209369,134.515,0.0434
s,2.520197811,132.9,0.0435
s,2.519804787,133.208,0.0436
s,2.519793828,134.998,0.0438
s,2.519794971,132.375,0.044
s,2.517786853,130.253,0.0452
s,2.517591442,130.917,0.0454
s,2.517383472,131.893,0.0455
s,2.517372173,132.307,0.0456
s,2.516381756,132.347,0.0463
s,2.516174637,133.993,0.0465
s,2.516175314,132.279,0.0466
s,2.516164134,131.353,0.0467
s,2.515980106,132.456,0.0468
s,2.515589761,131.24,0.0472
s,2.515405048,131.57,0.0472
s,2.515405753,132.269,0.0473
s,2.515406463,130.854,0.0474
s,2.515222461,130.357,0.0475
s,2.515222461,129.888,0.0475
s,2.515037747,131.481,0.0475
s,2.515037747,130.896,0.0475
s,2.515037747,130.979,0.0475
s,2.51484191,130.916,0.0476
s,2.514624632,131.438,0.048
s,2.514613562,131.806,0.0481
s,2.514614304,131.929,0.0482
s,2.514417787,134.251,0.0482
s,2.514417787,131.801,0.0482
s,2.514397225,132.217,0.0486
s,2.51438545,131.175,0.0486
s,2.514188966,130.616,0.0486
s,2.514177973,130.051,0.0487
s,2.513764678,133.657,0.0491
s,2.513568238,132.315,0.0491
s,2.513568238,132.56,0.0491
s,2.51356902,130.988,0.0492
s,2.513373375,129.989,0.0493
s,2.513189436,132.374,0.0494
s,2.513201935,130.757,0.0495
s,2.513018005,129.794,0.0496
s,2.513018807,130.698,0.0497
s,2.513018807,130.084,0.0497
s,2.513032953,132.911,0.05
s,2.513032953,132.452,0.05
s,2.513045494,132.248,0.0501
s,2.512860773,133.243,0.0501
s,2.512505537,130.235,0.0504
s,2.512505537,130.669,0.0504
s,2.512506371,133.598,0.0505
s,2.512506371,134.41,0.0505
s,2.512322486,132.122,0.0506
s,2.512151197,131.818,0.0508
s,2.512336768,131.388,0.0509
s,2.512335918,129.16,0.0508
s,2.512335918,131.367,0.0508
s,2.512150351,130.276,0.0507
s,2.51484191,129.476,0.0476
s,2.514842632,130.323,0.0477
s,2.514844087,131.226,0.0479
s,2.514832986,131.624,0.048
s,2.514418533,130.999,0.0483
s,2.514419282,130.548,0.0484
s,2.514408246,132.498,0.0485
s,2.514408246,133.358,0.0485
s,2.514396468,131.713,0.0485
s,2.514166991,131.132,0.0488
s,2.514166991,130.651,0.0488
s,2.513959572,131.18,0.0489
s,2.513774847,132.281,0.0489
s,2.513764678,132.553,0.0491
s,2.513373375,129.012,0.0493
s,2.513374165,131.118,0.0494
s,2.513374165,130.848,0.0494
s,2.513189436,130.093,0.0494
s,2.513018807,129.868,0.0497
s,2.513019613,131.162,0.0498
s,2.513019613,131.66,0.0498
s,2.513020422,130.385,0.0499
s,2.513020422,129.805,0.0499
s,2.512873328,132.404,0.0502
s,2.512688604,131.137,0.0502
s,2.512677695,130.835,0.0503
s,2.512689429,130.016,0.0503
s,2.512689429,135.711,0.0503
s,2.512323327,129.076,0.0507
s,2.512139451,133.914,0.0508
s,2.512139451,131.708,0.0508
s,2.512139451,129.726,0.0508
s,2.512150351,134.104,0.0507
s,2.512151197,136.23,0.0508
s,2.512151197,132.356,0.0508
s,2.512151197,135.171,0.0508
s,2.511967325,131.107,0.0509
s,2.5121529,130.57,0.051
s,2.5121529,130.54,0.051
s,2.512153758,130.815,0.0511
s,2.51215462,131.729,0.0512
s,2.511949901,133.129,0.0516
s,2.511950783,133.187,0.0517
s,2.511756106,131.34,0.0519
s,2.51155064,131.663,0.0522
s,2.511541663,131.267,0.0525
m,2.511140843,129.519,0.0529
m,2.511140843,130.935,0.0529
m,2.511140843,129.574,0.0529
m,2.511141777,127.737,0.053
m,2.511337248,133.234,0.0529
m,2.524193259,133.771,0.0517
m,2.526467378,135.804,0.0515
m,2.529297494,133.262,0.0515
m,2.536148575,136.762,0.0513
m,2.563679333,128.324,0.0468
m,2.567191982,134.815,0.0462
m,2.574029355,134.465,0.0458
m,2.577351212,130.702,0.0456
m,2.577349353,137.536,0.0453
m,2.597126001,130.62,0.0446
m,2.604187801,133.884,0.0445
m,2.60791927,128.196,0.0444
m,2.61163799,136.642,0.0443
m,2.615173672,130.788,0.0442
m,2.636556763,127.874,0.0437
m,2.639503777,145.262,0.0437
m,2.642621255,141.032,0.0438
m,2.64575531,136.326,0.044
m,2.67035661,132.373,0.0433
m,2.673496335,143.449,0.0431
m,2.679996073,136.373,0.0429
m,2.683154807,129.919,0.0427
m,2.686482699,135.4,0.0426
s,2.512142874,132.933,0.0512
s,2.512155485,133.354,0.0513
s,2.512143739,135.324,0.0513
s,2.512144609,134.874,0.0514
s,2.512145482,132.618,0.0515
s,2.511346159,132.216,0.0526
s,2.51134708,132.763,0.0527
m,2.511335393,131.354,0.0527
m,2.511336319,129.24,0.0528
m,2.512110306,134.878,0.0528
m,2.512107542,133.898,0.0525
m,2.516090512,129.85,0.0523
m,2.518907493,130.011,0.0522
m,2.521931112,125.946,0.0519
m,2.543872609,147.848,0.0494
m,2.547920643,143.208,0.0491
m,2.55198092,137.896,0.0486
m,2.555882581,135.227,0.048
m,2.559970268,135.72,0.0473
m,2.583417563,135.425,0.0451
m,2.586545593,139.303,0.045
m,2.590071139,134.673,0.0449
m,2.593597548,131.032,0.0447
m,2.618511207,124.171,0.044
m,2.621835296,135.026,0.0438
m,2.627905858,131.609,0.0438
m,2.627905858,138.659,0.0438
m,2.633610612,137.734,0.0437
m,2.65223855,134.404,0.0439
m,2.655190982,136.91,0.0441
m,2.661309876,133.658,0.0437
m,2.664279267,136.572,0.0436
m,2.667417934,142.264,0.0435
m,2.689626727,136.592,0.0424
m,2.692788696,146.796,0.0423
m,2.69610277,123.941,0.0423
m,2.701376008,127.174,0.0422
m,2.70333529,141.28,0.0422
m,2.70333482,137.679,0.0421
m,2.705863162,133.352,0.042
m,2.706448463,133.591,0.0418
m,2.707436418,131.829,0.0417
m,2.730992945,141.901,0.0417
m,2.73895616,141.182,0.0415
m,2.743030342,142.5,0.0413
m,2.747105617,141.134,0.0412
m,2.769566326,140.609,0.0408
m,2.773094472,140.762,0.0407
m,2.776605062,134.881,0.0406
m,2.780317637,135.821,0.0403
m,2.787930655,130.606,0.0402
m,2.80844537,137.292,0.0394
m,2.812917739,136.404,0.0391
m,2.82151781,141.35,0.039
m,2.82151747,138.018,0.0389
m,2.828979302,134.371,0.0387
m,2.856700491,140.573,0.0375
m,2.861181315,136.337,0.0373
m,2.865866602,135.189,0.0372
m,2.870367966,138.606,0.0367
m,2.902109425,148.718,0.0351
m,2.906046515,140.957,0.0347
m,2.913127775,144.973,0.0345
m,2.916658846,144.763,0.0344
m,2.920190222,150.852,0.0342
m,2.939469533,143.639,0.033
m,2.94361807,143.618,0.0328
m,2.951853583,141.22,0.0325
m,2.955982876,144.37,0.0323
m,2.960296025,146.388,0.0319
m,2.988189657,144.891,0.0297
m,2.992508398,141.486,0.0287
m,2.996827743,148.06,0.0285
m,3.005651443,153.642,0.0282
m,2.709362878,131.98,0.0418
m,2.715509712,136.163,0.0418
m,2.719362205,146.439,0.0417
m,2.723233244,128.129,0.0418
m,2.727104369,130.749,0.0418
m,2.750980246,143.256,0.0412
m,2.754670981,142.887,0.0411
m,2.757810332,130.274,0.041
m,2.763485422,133.966,0.0409
m,2.763485007,134.383,0.0408
m,2.791829884,129.28,0.0401
m,2.79572975,139.107,0.04
m,2.799832409,130.027,0.0398
m,2.804138806,143.871,0.0397
m,2.832537176,139.357,0.0386
m,2.836240517,138.54,0.0384
m,2.840127488,138.447,0.038
m,2.848127866,138.275,0.0379
m,2.852404047,131.994,0.0377
m,2.879395088,147.677,0.0364
m,2.884286931,143.404,0.0361
m,2.884286244,135.683,0.0358
m,2.893502517,143.519,0.0356
m,2.898009518,143.167,0.0353
m,2.92374295,140.44,0.034
m,2.927458837,148.747,0.0338
m,2.931196175,139.393,0.0336
m,2.935321808,146.763,0.0332
m,2.964447822,157.669,0.0312
m,2.968212391,153.012,0.0309
m,2.975560371,146.119,0.0304
m,2.97969369,151.036,0.03
m,2.983849673,144.802,0.03
m,3.005651443,147.582,0.0282
m,3.013172514,146.255,0.0279
m,3.016739484,157.711,0.0278
m,3.020512712,151.846,0.0277
m,3.024264126,157.425,0.0274
m,3.030212129,144.486,0.0273
m,3.031768287,145.261,0.0272
m,3.03236319,145.464,0.0272
s,3.032546219,148.35,0.0274
s,3.032523451,146.424,0.0275
s,3.033644799,146.685,0.0282
s,3.034011091,146.102,0.0283
s,3.034194225,146.494,0.0284
s,3.034377358,151.677,0.0285
s,3.034377335,147.545,0.0286
s,3.035155317,150.306,0.0293
s,3.035155319,147.061,0.0294
s,3.035338487,146.613,0.0295
s,3.035338487,149.547,0.0295
s,3.035704869,148.273,0.0299
s,3.035521728,145.618,0.03
s,3.035521728,149.351,0.03
s,3.035521728,145.21,0.03
s,3.035521753,144.813,0.0301
s,3.03586538,146.179,0.0301
s,3.035865409,145.412,0.0302
s,3.035865409,146.463,0.0302
s,3.035682275,144.021,0.0303
s,3.035865441,151.447,0.0303
s,3.036094007,146.854,0.0303
s,3.036094007,147.548,0.0303
s,3.036094042,155.436,0.0304
s,3.036094081,149.307,0.0305
s,3.036437706,148.627,0.0305
s,3.036620866,148.858,0.0305
s,3.036620866,143.509,0.0305
s,3.036620866,144.278,0.0305
s,3.036620866,143.635,0.0305
s,3.036781341,144.186,0.0305
s,3.036781341,146.596,0.0305
s,3.036781341,146.929,0.0305
s,3.036781382,143.386,0.0306
s,3.036781382,150.532,0.0306
s,3.032706556,143.474,0.0276
s,3.032889665,147.337,0.0277
s,3.033072687,147.256,0.028
s,3.03325581,149.476,0.0281
s,3.034560478,147.965,0.0287
s,3.034743612,147.289,0.0289
s,3.034949463,152.071,0.029
s,3.034949456,147.917,0.0291
s,3.034949452,143.662,0.0292
s,3.03552165,147.929,0.0295
s,3.035521659,150.242,0.0296
s,3.035521659,145.529,0.0296
s,3.035704835,148.533,0.0297
s,3.03570485,153.368,0.0298
s,3.035704917,148.228,0.0301
s,3.035704917,148.188,0.0301
s,3.035704917,148.402,0.0301
s,3.03586538,145.03,0.0301
s,3.035865441,147.421,0.0303
s,3.035704978,148.225,0.0303
s,3.035888139,147.425,0.0303
s,3.035888139,146.882,0.0303
s,3.036071302,147.704,0.0303
s,3.036277246,144.063,0.0305
s,3.036277246,145.158,0.0305
s,3.036254542,144.592,0.0305
s,3.036437748,147.204,0.0306
s,3.036437706,147.445,0.0305
s,3.036598174,144.717,0.0305
s,3.036598174,143.79,0.0305
s,3.036598174,147.766,0.0305
s,3.036781341,146.272,0.0305
s,3.036781382,147.224,0.0306
s,3.036781428,147.501,0.0307
s,3.036781428,150.156,0.0307
s,3.036621002,149.384,0.0308
s,3.036621002,145.44,0.0308
s,3.036621054,148.516,0.0309
s,3.036643755,145.185,0.0309
s,3.036643755,142.652,0.0309
s,3.03664381,142.932,0.031
s,3.036345761,145.851,0.0312
s,3.036345826,144.928,0.0313
s,3.036345826,143.581,0.0313
s,3.036345826,145.836,0.0313
s,3.036345894,144.503,0.0314
s,3.03614008,148.001,0.0315
s,3.036140154,145.98,0.0316
s,3.036117435,144.437,0.0316
s,3.036117435,145.289,0.0316
s,3.036117435,145.257,0.0316
s,3.036278048,146.596,0.0318
s,3.036278048,147.255,0.0318
s,3.036278048,153.903,0.0318
s,3.036438593,152.858,0.0319
s,3.036576648,148.528,0.0322
s,3.036759916,153.127,0.0323
s,3.036737239,146.885,0.0323
s,3.036920405,148.764,0.0323
s,3.036920405,148.295,0.0323
s,3.037081112,144.208,0.0325
s,3.037081112,145.446,0.0325
s,3.037058453,147.94,0.0325
s,3.037058561,146.94,0.0326
s,3.037058561,145.308,0.0326
s,3.036714882,152.507,0.0326
s,3.036714882,145.224,0.0326
s,3.036531711,147.314,0.0326
s,3.036531711,146.12,0.0326
s,3.036004771,148.033,0.0325
s,3.036004771,153.665,0.0325
s,3.035821604,147.147,0.0325
s,3.035798825,147.408,0.0324
s,3.035615655,145.075,0.0324
s,3.036483359,144.497,0.031
s,3.036483359,147.026,0.031
s,3.036483418,144.26,0.0311
s,3.036506194,147.919,0.0312
s,3.036506194,146.857,0.0312
s,3.036345894,144.566,0.0314
s,3.036162734,149.989,0.0314
s,3.03614008,147.206,0.0315
s,3.03614008,147.862,0.0315
s,3.036300676,144.658,0.0317
s,3.036300676,146.369,0.0317
s,3.036300676,144.099,0.0317
s,3.036277966,146.469,0.0317
s,3.036278048,146.864,0.0318
s,3.036438593,149.609,0.0319
s,3.036415984,149.874,0.032
s,3.036415984,146.694,0.032
s,3.036393299,156.325,0.032
s,3.036576553,149.843,0.0321
s,3.036920405,143.408,0.0323
s,3.036897838,149.151,0.0324
s,3.037081112,143.171,0.0325
s,3.037081112,145.344,0.0325
s,3.037058561,147.609,0.0326
s,3.03708122,149.205,0.0326
s,3.036898051,148.727,0.0326
s,3.036898051,151.208,0.0326
s,3.036714774,148.201,0.0325
s,3.036554381,144.882,0.0326
s,3.036371217,144.264,0.0326
s,3.036188049,144.021,0.0326
s,3.036188049,145.847,0.0326
s,3.036004771,147.786,0.0325
s,3.035615655,146.261,0.0324
s,3.035432486,148.11,0.0324
s,3.035432486,147.074,0.0324
s,3.035432486,146.574,0.0324
s,3.035432486,147.164,0.0324
s,3.035432486,150.225,0.0324
s,3.035432486,146.289,0.0324
s,3.035409814,145.704,0.0324
s,3.035226645,146.757,0.0324
s,3.03518112,147.434,0.0322
s,3.03518112,144.505,0.0322
s,3.034997853,144.727,0.0321
s,3.035158372,142.901,0.0321
m,3.035318998,148.48,0.0322
m,3.035318903,143.772,0.0321
m,3.035502079,157.169,0.0321
m,3.035502079,145.281,0.0321
m,3.035685162,161.183,0.032
m,3.048797067,144.544,0.0313
m,3.052115852,146.888,0.0312
m,3.055640964,146.444,0.0312
m,3.05898315,144.946,0.031
m,3.065279451,151.547,0.0309
m,3.083396846,147.096,0.031
m,3.086329109,152.941,0.031
m,3.092217607,142.096,0.031
m,3.095356935,142.015,0.031
m,3.119304694,145.821,0.0318
m,3.122994917,144.174,0.0321
m,3.12686812,143.953,0.0322
m,3.130582493,144.007,0.0324
m,3.138146749,145.603,0.0324
m,3.157518709,144.836,0.0332
m,3.16160071,152.278,0.0334
m,3.169278448,144.904,0.0336
m,3.17310549,142.544,0.0338
m,3.177322557,138.518,0.034
m,3.206880472,142.571,0.0349
m,3.211024872,140.456,0.035
m,3.215169277,140.476,0.0351
m,3.219313683,138.019,0.0352
s,3.035226645,150.485,0.0324
s,3.035203977,150.378,0.0324
s,3.035203876,147.35,0.0323
s,3.035203876,145.839,0.0323
s,3.035203876,145.593,0.0323
s,3.035158467,143.104,0.0322
s,3.035158467,145.824,0.0322
s,3.035158467,146.977,0.0322
s,3.035318998,146.548,0.0322
s,3.035318998,146.041,0.0322
m,3.036462887,148.951,0.0317
m,3.038041326,150.643,0.0314
m,3.040192199,144.107,0.0313
m,3.045844761,145.13,0.0313
m,3.068233494,149.188,0.031
m,3.071187754,161.17,0.031
m,3.074165511,143.09,0.0311
m,3.07730341,155.332,0.0311
m,3.080441499,152.47,0.031
m,3.098679574,151.47,0.0311
m,3.102185444,153.456,0.0312
m,3.105485024,144.694,0.0314
m,3.108991369,138.65,0.0316
m,3.115797739,144.248,0.0316
m,3.138146958,156.23,0.0326
m,3.145529137,143.25,0.0327
m,3.14940359,145.837,0.0329
m,3.153461006,150.185,0.033
m,3.177322865,135.626,0.0342
m,3.185939683,137.491,0.0343
m,3.190181169,137.955,0.0344
m,3.194557163,139.937,0.0346
m,3.198726035,140.28,0.0348
m,3.223482657,141.461,0.0354
m,3.227444248,145.732,0.0355
m,3.231381467,150.036,0.0356
m,3.234977599,138.576,0.0358
m,3.238549371,140.324,0.036
m,3.245741284,139.117,0.0362
m,3.249520309,135.757,0.0364
m,3.253323763,136.803,0.0366
m,3.257309616,141.237,0.0366
m,3.26129526,139.068,0.0365
m,3.28532261,141.463,0.0375
m,3.289674455,142.296,0.0376
m,3.293660698,140.908,0.0377
m,3.297415396,139.384,0.0379
m,3.301195159,145.195,0.0383
m,3.343140766,135.879,0.0399
m,3.347212077,133.904,0.04
m,3.351283427,133.759,0.0401
m,3.355355156,133.375,0.0403
m,3.396874794,139.668,0.0402
m,3.405262956,139.51,0.04
m,3.408896574,134.576,0.0399
m,3.412188861,140.772,0.0399
m,3.415456309,138.65,0.0396
m,3.436888592,147.964,0.0385
m,3.440865317,146.952,0.0381
m,3.444636216,145.857,0.0379
m,3.452020346,151.315,0.0378
m,3.452020095,153.559,0.0377
m,3.485753286,150.073,0.0367
m,3.489893917,147.245,0.0365
m,3.493874739,144.736,0.0362
m,3.498039321,150.031,0.0361
m,3.52479421,147.831,0.0352
m,3.52774686,151.65,0.035
m,3.530333435,150.351,0.0349
m,3.534430801,152.002,0.0348
m,3.535346494,153.799,0.0348
s,3.535668356,152.919,0.0355
s,3.535668174,153.37,0.0354
s,3.535668356,158.732,0.0355
s,3.535462779,152.642,0.0357
s,3.53546297,154.886,0.0358
m,3.26509879,137.293,0.0367
m,3.269060711,138.823,0.0369
m,3.276825517,143.571,0.037
m,3.276826249,141.211,0.0373
m,3.30831394,134.874,0.0385
m,3.311885875,137.737,0.0387
m,3.326806365,133.115,0.0393
m,3.330695027,132.565,0.0395
m,3.334766547,133.264,0.0397
m,3.359219398,136.295,0.0404
m,3.367337769,133.175,0.0405
m,3.371409022,135.612,0.0405
m,3.392668886,144.137,0.0403
m,3.396875122,150.527,0.0403
m,3.421944449,137.564,0.0392
m,3.425347332,141.949,0.0388
m,3.42914082,146.616,0.0386
m,3.432935115,146.047,0.0386
m,3.459428563,141.208,0.0375
m,3.463407674,150.461,0.0374
m,3.467546654,150.718,0.0373
m,3.471868338,150.553,0.0369
m,3.48106362,147.395,0.0368
m,3.502203967,146.496,0.0359
m,3.510008073,155.781,0.0357
m,3.514013452,143.018,0.0356
m,3.514013267,151.232,0.0355
m,3.521498042,147.765,0.0353
m,3.535895913,152.959,0.0348
m,3.535873262,153.319,0.0349
s,3.535690458,156.43,0.0351
s,3.535690986,152.873,0.0354
s,3.535257412,157.163,0.036
s,3.535257611,149.953,0.0361
s,3.535052076,154.601,0.0363
s,3.535052494,154.287,0.0365
s,3.535029916,152.277,0.0366
s,3.53503035,153.882,0.0368
s,3.535030572,152.999,0.0369
s,3.535008467,152.851,0.0372
s,3.5350087,155.833,0.0373
s,3.534781453,153.378,0.0379
s,3.53478222,154.922,0.0382
s,3.534759712,151.685,0.0383
s,3.534737215,153.776,0.0384
s,3.534737482,152.691,0.0385
s,3.534555992,151.174,0.0391
s,3.534556279,155.225,0.0392
s,3.534533811,154.471,0.0393
s,3.534534103,151.779,0.0394
s,3.534511946,153.642,0.0396
s,3.534101374,151.697,0.04
s,3.534101374,154.186,0.04
s,3.534101374,157.573,0.04
s,3.534101374,150.619,0.04
s,3.533712954,158.932,0.0402
s,3.533713272,154.35,0.0403
s,3.533736008,152.265,0.0403
s,3.533713272,152.767,0.0403
s,3.53389675,153.029,0.0404
s,3.533691185,153.848,0.0405
s,3.533691185,152.979,0.0405
s,3.533691185,152.63,0.0405
s,3.53387467,155.577,0.0406
s,3.533691512,157.245,0.0406
s,3.533485959,155.407,0.0407
s,3.533485959,154.655,0.0407
s,3.53348563,154.838,0.0406
s,3.53348563,153.168,0.0406
s,3.533485304,153.74,0.0405
s,3.53348498,154.907,0.0404
s,3.53346194,154.171,0.0403
s,3.533461622,157.558,0.0402
s,3.533484027,156.381,0.0401
s,3.534825787,152.28,0.0374
s,3.534826026,157.894,0.0375
s,3.534803486,155.767,0.0376
s,3.534986879,153.667,0.0377
s,3.534803977,153.649,0.0378
s,3.534737752,151.961,0.0386
s,3.534738024,154.605,0.0387
s,3.534555427,156.471,0.0389
s,3.53457847,154.522,0.039
s,3.534512247,152.97,0.0397
s,3.534306652,149.734,0.0398
s,3.534306958,151.384,0.0399
s,3.53428422,152.149,0.0399
s,3.534101374,153.095,0.04
s,3.533895484,158.297,0.04
s,3.534078952,155.77,0.0401
s,3.533895796,154.339,0.0401
s,3.533895796,156.431,0.0401
s,3.533712954,154.137,0.0402
s,3.534079905,152.83,0.0404
s,3.534079905,154.193,0.0404
s,3.534080228,151.386,0.0405
s,3.533874344,152.035,0.0405
s,3.533691841,153.904,0.0407
s,3.533691841,152.472,0.0407
s,3.533669118,154.427,0.0407
s,3.533669118,157.766,0.0407
s,3.533485959,157.318,0.0407
s,3.533485304,154.994,0.0405
s,3.533668462,152.005,0.0405
s,3.533668462,154.686,0.0405
s,3.533485304,153.862,0.0405
s,3.533485304,152.875,0.0405
s,3.533667185,156.669,0.0401
s,3.533666873,156.837,0.04
s,3.533666873,155.269,0.04
s,3.533483714,155.75,0.04
s,3.533300867,157.668,0.0401
s,3.533300867,156.079,0.0401
s,3.533095303,157.092,0.0402
s,3.533095303,153.201,0.0402
s,3.533072589,157.57,0.0402
s,3.532317874,151.977,0.0404
s,3.532318198,149.492,0.0405
s,3.532135365,149.661,0.0406
s,3.532112985,152.343,0.0407
s,3.531862066,156.709,0.0408
s,3.531885091,153.592,0.0409
s,3.531701928,153.626,0.0409
s,3.531862066,154.497,0.0408
s,3.531862066,151.543,0.0408
s,3.532250095,151.891,0.0405
s,3.532250095,151.516,0.0405
s,3.532250095,151.343,0.0405
s,3.532250095,152.895,0.0405
s,3.532249772,152.526,0.0404
s,3.53263784,153.718,0.0401
s,3.53263784,156.804,0.0401
s,3.532660538,151.939,0.0401
s,3.532660538,151.736,0.0401
s,3.532066288,152.705,0.0403
s,3.532043918,150.694,0.0404
s,3.531860754,151.042,0.0404
s,3.531861078,151.355,0.0405
s,3.531677912,152.224,0.0405
s,3.531678568,151.636,0.0407
s,3.531700932,150.578,0.0406
s,3.531700605,153.27,0.0405
s,3.531539817,151.32,0.0404
s,3.531539817,151.69,0.0404
s,3.531401121,150.844,0.0401
s,3.531401121,156.918,0.0401
s,3.531240371,153.804,0.04
s,3.531240062,152.593,0.0399
s,3.533095303,156.545,0.0402
s,3.532911831,153.323,0.0401
s,3.532706269,156.401,0.0402
s,3.532706587,152.167,0.0403
s,3.532500714,151.94,0.0403
s,3.531907121,154.546,0.0407
s,3.531884756,150.389,0.0408
s,3.531884756,150.567,0.0408
s,3.531862066,152.56,0.0408
s,3.531862066,151.492,0.0408
s,3.531862066,155.691,0.0408
s,3.531862066,154.156,0.0408
s,3.531861404,153.334,0.0406
s,3.532044568,156.662,0.0406
s,3.532455308,153.483,0.0403
s,3.532455308,150.541,0.0403
s,3.53245499,153.843,0.0402
s,3.532454675,154.357,0.0401
s,3.532454675,160.411,0.0401
s,3.532660538,151.418,0.0401
s,3.532454675,153.958,0.0401
s,3.532271512,151.649,0.0401
s,3.532271827,153.7,0.0402
s,3.53206597,150.002,0.0402
s,3.531677912,151.033,0.0405
s,3.531678239,151.77,0.0406
s,3.531678239,151.367,0.0406
s,3.531678568,152.133,0.0407
s,3.531562202,153.989,0.0403
s,3.531561569,154.816,0.0401
s,3.531378409,150.674,0.0401
s,3.531401436,150.023,0.0402
s,3.531584596,150.385,0.0402
s,3.531056597,155.315,0.0398
s,3.531055694,154.495,0.0395
s,3.531055106,155.66,0.0393
s,3.530871659,153.185,0.0392
s,3.530871372,151.764,0.0391
s,3.530893535,150.785,0.0389
s,3.530893257,152.614,0.0388
s,3.530892981,152.603,0.0387
s,3.530892709,153.928,0.0386
s,3.530709282,151.706,0.0385
m,3.530457683,155.164,0.0384
m,3.530824003,150.335,0.0384
m,3.532106665,147.542,0.0386
m,3.534143883,143.775,0.0385
m,3.541378068,148.07,0.0385
m,3.567055899,160.613,0.0368
m,3.571449958,151.726,0.0366
m,3.575661173,146.394,0.0365
m,3.583878127,148.973,0.0364
m,3.608507956,156.641,0.0359
m,3.612424116,154.346,0.0364
m,3.616523533,151.631,0.0368
m,3.624173679,147.821,0.0374
m,3.624174389,154.265,0.0377
m,3.647383685,151.441,0.0385
m,3.651348783,151.051,0.0384
m,3.659351059,152.7,0.0381
m,3.66389494,149.36,0.0371
m,3.663893861,153.013,0.0366
m,3.701761099,149.108,0.0338
m,3.706490266,152.136,0.0336
m,3.710988309,148.354,0.0335
m,3.71530386,153.536,0.0334
m,3.746470192,143.404,0.0331
m,3.751128967,148.245,0.0332
m,3.755762778,143.709,0.033
m,3.760189046,145.586,0.0327
m,3.769358177,145.265,0.0327
m,3.794532015,148.522,0.0323
m,3.798443746,149.524,0.0321
m,3.806267508,146.529,0.032
m,3.810154542,144.441,0.032
m,3.814041531,155.604,0.0319
s,3.530686551,153.05,0.0385
s,3.530503127,151.564,0.0384
m,3.530480404,152.537,0.0384
m,3.530480404,150.445,0.0384
m,3.541377277,148,0.0382
m,3.550189965,151.12,0.0381
m,3.554721292,154.088,0.0378
m,3.558908796,150.52,0.0374
m,3.562890519,151.436,0.037
m,3.583878127,146.416,0.0364
m,3.592095368,150.308,0.0363
m,3.596146363,150.696,0.036
m,3.600380846,152.544,0.0358
m,3.60443274,160.929,0.0358
m,3.631961275,154.059,0.0378
m,3.635878956,153.627,0.0381
m,3.639820547,145.487,0.0385
m,3.643808011,153.345,0.0384
m,3.673443829,157.901,0.036
m,3.678081148,150.374,0.0355
m,3.682743514,152.325,0.0349
m,3.688004028,149.338,0.0342
m,3.69262122,157.22,0.034
m,3.719619865,152.788,0.0334
m,3.724094401,154.405,0.0334
m,3.732703165,155.671,0.0333
m,3.732703048,142.91,0.0332
m,3.74160425,144.456,0.0331
m,3.773735086,152.419,0.0326
m,3.782306278,158.28,0.0324
m,3.786450681,149.364,0.0323
m,3.790595175,154.964,0.0323
m,3.817928711,153.641,0.032
m,3.821608168,144.331,0.0319
m,3.825312449,153.409,0.0317
m,3.829016913,144.187,0.0317
m,3.832696514,147.593,0.0316
m,3.836218223,146.853,0.0315
m,3.843419823,149.398,0.0315
m,3.846916854,159.165,0.0314
m,3.850206438,147.832,0.0313
m,3.870301294,148.825,0.0315
m,3.876906085,156.139,0.0315
m,3.880220937,149.909,0.0316
m,3.883901342,147.875,0.0316
m,3.887581953,144.325,0.0318
m,3.91133582,157.943,0.032
m,3.915772237,144.989,0.0318
m,3.920025956,145.271,0.0317
m,3.92837516,147.051,0.0316
m,3.928375089,144.489,0.0315
m,3.95715288,142.812,0.0307
m,3.961248348,146.651,0.0305
m,3.969073763,144.905,0.0304
m,3.969073686,148.66,0.0302
m,4.001215482,143.965,0.029
m,4.005018291,150.663,0.0289
m,4.024081455,141.776,0.0281
m,4.027311563,146.21,0.0279
m,4.027311609,159.789,0.0277
m,4.036112223,145.022,0.0276
s,4.036112196,144.072,0.0277
s,4.035746549,145.774,0.0277
s,4.035746525,145.533,0.0278
s,4.035563701,146.163,0.0278
s,4.034966338,145.906,0.028
s,4.034966321,142.106,0.0281
s,4.034941903,142.318,0.0281
s,4.034941903,144.197,0.0281
s,4.034710207,146.275,0.0286
s,4.034685803,146.756,0.0286
s,4.034685801,144.13,0.0287
s,4.034970858,145.967,0
s,4.034844236,149.974,0.0289
m,3.853703587,156.783,0.0312
m,3.857018137,145.491,0.0313
m,3.860357362,150.803,0.0313
m,3.866986519,147.862,0.0313
m,3.870301226,147.556,0.0314
m,3.895284121,149.688,0.0318
m,3.899147655,155.532,0.0319
m,3.903011252,145.11,0.032
m,3.907082195,151.133,0.0321
m,3.936541556,148.86,0.0314
m,3.940636973,149.468,0.0313
m,3.944708052,142.915,0.0312
m,3.948986348,147.855,0.0311
m,3.95308182,141.223,0.031
m,3.976374881,150.46,0.0301
m,3.980311886,150.296,0.03
m,3.984614572,146.061,0.0298
m,3.988941505,144.029,0.0293
m,3.993268517,143.026,0.0291
m,4.032077527,153.235,0.0277
m,4.034161852,144.931,0.0277
m,4.035490489,145.599,0.0276
m,4.036087799,145.541,0.0276
s,4.035563701,147.468,0.0278
s,4.035356451,145.382,0.0278
s,4.035173607,146.041,0.0279
s,4.035149183,146.332,0.0279
s,4.034966357,147.033,0.0279
s,4.034941888,143.816,0.0282
s,4.034941877,144.195,0.0283
s,4.034734636,145.599,0.0283
s,4.034734627,145.111,0.0284
s,4.034710211,144.7,0.0285
s,4.034844241,148.665,0.029
s,4.035027073,148.198,0.029
s,4.035027081,151.511,0.0291
s,4.035027081,149.213,0.0291
s,4.03520992,149.926,0.0292
s,4.03520992,149.714,0.0292
s,4.035209934,148.896,0.0293
s,4.035392765,150.165,0.0293
s,4.035392781,147.995,0.0294
s,4.035575726,145.858,0.0299
s,4.035575726,146.696,0.0299
s,4.035758588,147.349,0.03
s,4.035575756,147.783,0.03
s,4.035368606,144.041,0.0302
s,4.035368606,145.57,0.0302
s,4.035185774,147.167,0.0302
s,4.035161388,147.614,0.0302
s,4.034978557,146.535,0.0302
s,4.034771343,149.444,0.0302
s,4.034771343,147.42,0.0302
s,4.03458851,149.413,0.0302
s,4.034588548,148.752,0.0303
s,4.034588548,150.017,0.0303
s,4.034588588,146.148,0.0304
s,4.034588588,146.044,0.0304
s,4.034588588,146.614,0.0304
s,4.034588588,146.225,0.0304
s,4.034795845,152.285,0.0305
s,4.034954344,151.613,0.0306
s,4.034954344,151.427,0.0306
s,4.034954392,149.436,0.0307
s,4.034954392,154.8,0.0307
s,4.035161653,150.956,0.0308
s,4.035161653,152.054,0.0308
s,4.035137274,148.264,0.0308
s,4.035137274,149.497,0.0308
s,4.035137274,149.613,0.0308
s,4.035161653,149.708,0.0308
s,4.035368871,146.519,0.0308
s,4.035368871,151.34,0.0308
s,4.035368871,147.089,0.0308
s,4.035392799,147.048,0.0295
s,4.035392819,147.151,0.0296
s,4.035575673,150.125,0.0297
s,4.035575673,147.638,0.0297
s,4.035575698,146.302,0.0298
s,4.035575789,146.749,0.0301
s,4.035575789,146.674,0.0301
s,4.035575825,146.717,0.0302
s,4.035368606,144.807,0.0302
s,4.035368606,144.354,0.0302
s,4.034978557,146.465,0.0302
s,4.034954178,148.591,0.0302
s,4.034954178,151.195,0.0302
s,4.034771343,154.028,0.0302
s,4.034588548,150.681,0.0303
s,4.034588548,149.777,0.0303
s,4.03461293,147.677,0.0303
s,4.03461293,148.46,0.0303
s,4.03461297,149.462,0.0304
s,4.034588588,146.113,0.0304
s,4.034771421,148.262,0.0304
s,4.034771464,147.403,0.0305
s,4.034771464,148.886,0.0305
s,4.034771464,149.683,0.0305
s,4.034954392,151.721,0.0307
s,4.035137224,149.663,0.0307
s,4.035137224,148.901,0.0307
s,4.035137274,148.989,0.0308
s,4.035137274,151.282,0.0308
s,4.035137274,147.773,0.0308
s,4.035137274,147.353,0.0308
s,4.035137274,148.613,0.0308
s,4.035161603,148.925,0.0307
s,4.035393259,149.448,0.0308
s,4.035393209,149.257,0.0307
s,4.035393209,146.902,0.0307
s,4.035393209,146.272,0.0307
s,4.035393209,146.653,0.0307
s,4.035393209,148.66,0.0307
s,4.035393209,148.553,0.0307
s,4.035576039,150.114,0.0307
s,4.035576039,150.051,0.0307
s,4.035600433,148.181,0.0307
s,4.035600385,147.98,0.0306
s,4.035600385,148.808,0.0306
s,4.035600385,150.813,0.0306
s,4.035417556,153.102,0.0306
s,4.035417556,151.324,0.0306
s,4.035441955,154.812,0.0306
s,4.035441955,151.96,0.0306
s,4.035441955,150.485,0.0306
s,4.035441955,150.577,0.0306
s,4.035441955,149.461,0.0306
s,4.035441955,152.671,0.0306
s,4.035441955,147.73,0.0306
s,4.035441955,153.825,0.0306
s,4.035441955,152.813,0.0306
s,4.035259173,152.568,0.0307
s,4.035259173,149.488,0.0307
s,4.035076397,155.046,0.0308
s,4.035051995,150.489,0.0308
s,4.035051995,149.688,0.0308
s,4.034844717,148.195,0.0307
s,4.034820325,150.19,0.0307
s,4.034820325,147.348,0.0307
s,4.034820277,147.064,0.0306
s,4.034637401,150.187,0.0305
s,4.034637401,147.054,0.0305
s,4.034637318,149.671,0.0303
s,4.034637318,150.518,0.0303
s,4.034795724,150.071,0.0302
s,4.034771216,147.58,0.0298
m,4.034771216,148.187,0.0298
m,4.034771216,145.45,0.0298
m,4.034771191,154.616,0.0297
m,4.034978489,152.906,0.03
s,4.035600433,148.48,0.0307
s,4.035600433,147.27,0.0307
s,4.035600433,147.436,0.0307
s,4.035600433,151.804,0.0307
s,4.035417556,154.171,0.0306
s,4.035417556,150.127,0.0306
s,4.035417556,150.484,0.0306
s,4.035441955,149.3,0.0306
s,4.035441955,151.475,0.0306
s,4.035441955,151.993,0.0306
s,4.035441955,148.872,0.0306
s,4.035441955,150.569,0.0306
s,4.035441955,150.165,0.0306
s,4.035441955,150.159,0.0306
s,4.035259125,149.695,0.0306
s,4.035259173,148.516,0.0307
s,4.035259173,147.165,0.0307
s,4.035259173,150.321,0.0307
s,4.035051995,148.344,0.0308
s,4.035051995,149.186,0.0308
s,4.034869165,152.199,0.0308
s,4.034869115,150.924,0.0307
s,4.034844717,148.041,0.0307
s,4.034820277,149.87,0.0306
s,4.034820277,152.659,0.0306
s,4.034820277,151.369,0.0306
s,4.034637401,149.954,0.0305
s,4.034637401,151.223,0.0305
s,4.034795688,149.144,0.0301
s,4.034795688,146.442,0.0301
s,4.034795655,148.451,0.03
s,4.034795655,149.261,0.03
m,4.036099935,146.292,0.0302
m,4.038757089,154.637,0.0301
m,4.042169968,148.294,0.03
m,4.049958692,147.014,0.0297
m,4.054151763,151.762,0.0296
m,4.058527673,154.853,0.0294
m,4.062537984,144.493,0.0292
m,4.066365524,144.486,0.0289
m,4.070351469,154.81,0.0284
m,4.097255271,154.81,0.027
m,4.101266099,157.542,0.0267
m,4.105276987,156.822,0.0264
m,4.113274055,148.665,0.0262
m,4.117260377,144.716,0.026
m,4.136851311,145.555,0.0252
m,4.144665942,151.859,0.0251
m,4.144666029,146.823,0.025
m,4.153419225,154.342,0.025
m,4.157820695,144.271,0.0249
m,4.181938609,148.77,0.0242
m,4.185559696,150.081,0.0242
m,4.193765454,146.399,0.0241
m,4.197777075,154.037,0.024
m,4.231275139,144.965,0.0234
m,4.231275139,146.799,0.0234
m,4.237970097,151.151,0.0233
m,4.240835894,145.268,0.0232
m,4.243336198,142.306,0.0232
m,4.255240506,154.731,0.0227
m,4.257350471,144.417,0.0227
m,4.257741095,143.16,0.0226
m,4.257741095,145.547,0.0226
m,4.257741095,149.481,0.0226
m,4.264933749,145.561,0.0229
m,4.268139794,144.867,0.0229
m,4.274602063,148.265,0.023
m,4.274602063,141.762,0.023
m,4.298726073,159.521,0.0233
m,4.306177693,158.395,0.0234
m,4.3101901,155.564,0.0235
m,4.314359889,146.07,0.0236
m,4.318580189,147.284,0.0238
m,4.077982316,155.875,0.0281
m,4.081785543,148.801,0.0279
m,4.085588799,155.554,0.0277
m,4.089416653,152.145,0.0274
m,4.093427335,151.614,0.0272
m,4.121064014,150.114,0.0257
m,4.125050313,144.048,0.0256
m,4.128878521,147.9,0.0255
m,4.132864866,157.918,0.0254
m,4.16242975,144.641,0.0248
m,4.166831351,152.671,0.0247
m,4.170842811,146.844,0.0245
m,4.174696396,155.822,0.0243
m,4.178317439,150.263,0.0243
m,4.202154071,148.111,0.024
m,4.210750578,161.032,0.0238
m,4.210750811,147.898,0.0236
m,4.215152967,141.29,0.0235
m,4.223591906,149.148,0.0234
m,4.245811454,148.256,0.0232
m,4.248519704,152.492,0.0231
m,4.253495515,143.257,0.023
m,4.255240234,149.866,0.0229
m,4.257583553,144.671,0.0226
m,4.257766229,143.987,0.0226
m,4.25815658,145.552,0.0227
m,4.259510599,155.298,0.0228
m,4.262143475,144.752,0.0228
m,4.281662863,145.957,0.023
m,4.285127158,147.733,0.023
m,4.288566295,146.126,0.023
m,4.291797454,144.371,0.0231
m,4.295261613,149.085,0.0233
m,4.322592699,143.493,0.0239
m,4.326579914,160.122,0.024
m,4.33040985,152.055,0.0241
m,4.338176481,158.966,0.0242
m,4.341981225,152.923,0.0242
m,4.345968612,148.91,0.0242
m,4.350163823,147.209,0.0244
m,4.354566913,145.092,0.0248
m,4.358970249,151.554,0.025
m,4.388729429,145.691,0.0259
m,4.392742476,149.117,0.026
m,4.401108323,146.713,0.0262
m,4.405121454,143.121,0.0263
m,4.43593434,143.291,0.0274
m,4.440809347,150.798,0.0277
m,4.445841452,151.242,0.0279
m,4.45087357,144.191,0.0284
m,4.455905737,158.411,0.0285
m,4.484439433,138.917,0.0292
m,4.489005067,153.622,0.0292
m,4.493180251,142.808,0.0293
m,4.497512938,136.969,0.0294
m,4.50643738,140.904,0.0294
m,4.529320902,142.613,0.0292
m,4.530416993,145.614,0.0293
s,4.530391871,145.156,0.0293
s,4.530391893,144.852,0.0294
s,4.529793596,147.159,0.0293
s,4.529793596,146.054,0.0293
s,4.529610914,145.245,0.0293
s,4.529428233,146.108,0.0293
s,4.529428214,143.715,0.0292
s,4.528855058,146.399,0.0292
s,4.528855058,147.385,0.0292
s,4.528697492,147.123,0.0292
s,4.52867236,150.802,0.0291
s,4.52867236,150.774,0.0291
s,4.528489695,149.778,0.0292
s,4.528489695,148.82,0.0292
s,4.528489695,148.047,0.0292
s,4.528307015,147.03,0.0292
m,4.367751872,151.803,0.0251
m,4.372129896,148.338,0.0253
m,4.376325489,145.712,0.0253
m,4.380546445,152.348,0.0255
m,4.384559368,143.069,0.0257
m,4.409266156,158.463,0.0263
m,4.41343627,148.24,0.0266
m,4.417789001,145.009,0.0269
m,4.42211623,147.43,0.0271
m,4.431110413,157.285,0.0272
m,4.460912421,146.952,0.0286
m,4.470458856,144.04,0.0288
m,4.475075045,143.618,0.0289
m,4.479848504,147.937,0.0291
m,4.50643738,142.657,0.0294
m,4.515545109,138.829,0.0294
m,4.519903962,136.848,0.0294
m,4.523947918,145.729,0.0294
m,4.527103708,138.638,0.0295
s,4.530391893,145.716,0.0294
s,4.530209211,145.376,0.0294
s,4.530184094,145.034,0.0294
s,4.530001393,143.961,0.0293
s,4.529793596,145.285,0.0293
s,4.529428233,146.018,0.0293
s,4.529428214,147.53,0.0292
s,4.529245534,148.046,0.0292
s,4.529062853,147.23,0.0292
s,4.52867236,148.657,0.0291
s,4.52867236,152.028,0.0291
s,4.52867236,148.097,0.0291
s,4.52867236,151.142,0.0291
s,4.528489679,149.549,0.0291
s,4.528307015,147.174,0.0292
s,4.528307034,148.729,0.0293
s,4.528307034,150.35,0.0293
s,4.528489736,148.046,0.0294
s,4.528578616,149.906,0
s,4.528489736,150.13,0.0294
s,4.528489736,149.141,0.0294
s,4.528489736,151.367,0.0294
s,4.528489736,152.722,0.0294
s,4.528307055,150.867,0.0294
s,4.528307055,147.942,0.0294
s,4.528514876,148.155,0.0295
s,4.528514876,149.838,0.0295
s,4.528514876,146.914,0.0295
s,4.528514876,147.516,0.0295
s,4.528357373,147.441,0.0297
s,4.528514929,146.186,0.0297
s,4.528540052,145.22,0.0297
s,4.528514929,145.825,0.0297
s,4.528540082,145.371,0.0298
s,4.528540052,145.434,0.0297
s,4.528697609,144.01,0.0297
s,4.528697609,146.288,0.0297
s,4.528697609,147.971,0.0297
s,4.528722703,146.091,0.0296
s,4.528722703,147.8,0.0296
s,4.528722703,145.966,0.0296
s,4.528722703,145.378,0.0296
s,4.528722703,148.575,0.0296
s,4.528539999,146.947,0.0295
s,4.528539999,148.935,0.0295
s,4.528539999,148.172,0.0295
s,4.528722678,146.253,0.0295
s,4.528905334,148.372,0.0294
s,4.528905334,148,0.0294
s,4.528905334,148.294,0.0294
s,4.528905334,147.766,0.0294
s,4.528930458,145.943,0.0294
s,4.529270716,152.861,0.0295
s,4.529270716,152.677,0.0295
s,4.529245623,152.953,0.0296
s,4.529428304,148.413,0.0296
s,4.529428304,153.037,0.0296
s,4.528307055,152.509,0.0294
s,4.528307055,152.764,0.0294
s,4.528307055,153.615,0.0294
s,4.528489736,148.675,0.0294
s,4.528332222,146.072,0.0296
s,4.528332222,144.87,0.0296
s,4.528357346,145.524,0.0296
s,4.528357346,145.35,0.0296
s,4.528357346,145.703,0.0296
s,4.528514929,146.947,0.0297
s,4.528514929,145.195,0.0297
s,4.528514959,146.403,0.0298
s,4.528514959,144.888,0.0298
s,4.528540082,145.254,0.0298
s,4.528722731,148.513,0.0297
s,4.528722731,145.744,0.0297
s,4.528697609,146.791,0.0297
s,4.528722731,146.001,0.0297
s,4.528722703,153.475,0.0296
s,4.528722678,145.137,0.0295
s,4.528539999,147.182,0.0295
s,4.528539999,152.28,0.0295
s,4.528539999,148.12,0.0295
s,4.528722654,146.665,0.0294
s,4.528722654,147.048,0.0294
s,4.528722654,145.4,0.0294
s,4.528905334,147.911,0.0294
s,4.528905334,147.42,0.0294
s,4.529113137,147.549,0.0294
s,4.52911316,147.58,0.0295
s,4.52911316,150.182,0.0295
s,4.529088036,151.67,0.0295
s,4.529428304,151.359,0.0296
s,4.529428304,150.383,0.0296
s,4.529610985,150.115,0.0296
s,4.529610985,150.747,0.0296
s,4.529610985,149.128,0.0296
s,4.529610985,149.717,0.0296
s,4.529793666,146.964,0.0296
s,4.529793666,145.663,0.0296
s,4.529768557,143.834,0.0296
s,4.52995124,147.73,0.0296
s,4.529976348,144.044,0.0296
s,4.529976348,146.098,0.0296
s,4.529976348,145.027,0.0296
s,4.529976323,144.229,0.0295
s,4.530209235,145.868,0.0295
s,4.530209235,144.263,0.0295
s,4.530209235,145.371,0.0295
s,4.530209211,144.982,0.0294
s,4.530026556,144.091,0.0295
s,4.530209211,145.795,0.0294
s,4.530209211,143.899,0.0294
s,4.530209211,143.505,0.0294
s,4.530209211,146.237,0.0294
s,4.530234313,148.53,0.0293
s,4.530051655,146.07,0.0294
s,4.530051655,147.047,0.0294
s,4.530051655,147.058,0.0294
s,4.530051655,149.241,0.0294
s,4.530026511,151.879,0.0293
s,4.530001393,148.532,0.0293
s,4.529818712,150.89,0.0293
s,4.529793596,151.577,0.0293
s,4.529793596,154.886,0.0293
m,4.529585804,144.311,0.0293
m,4.529585825,141.085,0.0294
m,4.529585825,154.268,0.0294
m,4.53088971,146.096,0.0294
m,4.553353583,140.348,0.0294
m,4.556692252,138.663,0.0294
m,4.560055937,134.763,0.0294
m,4.563236899,137.991,0.0293
m,4.566600589,140.662,0.0293
s,4.529768557,143.556,0.0296
s,4.529768557,144.663,0.0296
s,4.529768557,146.591,0.0296
s,4.52995124,145.816,0.0296
s,4.52995124,148.908,0.0296
s,4.530184117,146.023,0.0295
s,4.530184117,144.485,0.0295
s,4.530001437,145.122,0.0295
s,4.530026556,147.887,0.0295
s,4.530209235,142.948,0.0295
s,4.530184117,143.309,0.0295
s,4.530209211,143.743,0.0294
s,4.530209211,144.132,0.0294
s,4.530209211,143.644,0.0294
s,4.530209211,145.806,0.0294
s,4.53020919,143.676,0.0293
s,4.53020919,143.919,0.0293
s,4.530234313,146.335,0.0293
s,4.530234313,146.133,0.0293
s,4.530051655,149.985,0.0294
s,4.530051634,149.644,0.0293
s,4.530026511,149.801,0.0293
s,4.530026511,148.739,0.0293
s,4.529610914,152.164,0.0293
s,4.529610895,149.732,0.0292
s,4.529610895,148.032,0.0292
m,4.529610895,150.131,0.0292
m,4.529610914,147.262,0.0293
m,4.533264604,145.978,0.0294
m,4.536395368,149.27,0.0294
m,4.539526164,143.415,0.0294
m,4.543022376,143.926,0.0294
m,4.550014931,143.18,0.0294
m,4.56998926,137.064,0.0292
m,4.573037546,143.522,0.0292
m,4.580022646,139.294,0.0292
m,4.583984479,135.945,0.0293
m,4.588336698,138.324,0.0292
m,4.592531276,138.294,0.0292
m,4.596700838,137.226,0.0292
m,4.604491931,136.737,0.0293
m,4.608113431,138.643,0.0292
m,4.632809458,140.54,0.0297
m,4.641041794,147.299,0.0298
m,4.644871487,141.713,0.03
m,4.648934263,152.461,0.0301
m,4.671649487,140.559,0.031
m,4.68016684,142.993,0.0311
m,4.684595712,145.053,0.0313
m,4.689232692,141.303,0.0315
m,4.693738262,139.963,0.032
m,4.719734414,131.876,0.0331
m,4.72405887,134.158,0.0334
m,4.728200802,137.024,0.0335
m,4.736693751,135.608,0.0337
m,4.736693986,134.447,0.0339
m,4.770025667,151.516,0.0347
m,4.774222732,132.676,0.0349
m,4.778237746,129.857,0.0351
m,4.782044284,133.695,0.0351
m,4.81091004,127.474,0.0348
m,4.81529266,129.719,0.035
m,4.819622496,127.491,0.035
m,4.828856507,148.243,0.035
m,4.833943076,140.985,0.035
m,4.865373504,142.479,0.0343
m,4.870799012,154.23,0.034
m,4.880739482,141.876,0.0339
m,4.885227222,144.627,0.0337
m,4.889715124,147.799,0.0335
m,4.916868941,147.808,0.0319
m,4.927426742,154.909,0.0315
m,4.932300628,152.351,0.0312
m,4.936992246,149.675,0.0309
m,4.611734989,140.992,0.0293
m,4.615772122,146.651,0.0294
m,4.619809293,138.798,0.0294
m,4.624211906,138.487,0.0295
m,4.628406785,136.972,0.0297
m,4.65255614,143.732,0.0302
m,4.655970192,141.715,0.0304
m,4.659617395,138.268,0.0306
m,4.667560841,135.644,0.0307
m,4.67164943,135.903,0.0309
m,4.702749533,141.164,0.0322
m,4.707047486,145.093,0.0324
m,4.711345725,145.845,0.0327
m,4.715618583,137.41,0.033
m,4.745136449,134.497,0.0341
m,4.749253821,137.738,0.0342
m,4.753397268,137.856,0.0343
m,4.757697832,151.199,0.0346
m,4.766037765,131.2,0.0347
m,4.785980963,129.408,0.0349
m,4.790074223,129.861,0.0348
m,4.798235021,133.209,0.0347
m,4.798235021,139.991,0.0347
m,4.806528079,131.987,0.0348
m,4.839029601,140.915,0.0348
m,4.849488477,140.276,0.0346
m,4.854731442,143.478,0.0345
m,4.860130248,149.835,0.0344
m,4.894176332,149.908,0.0333
m,4.898819955,141.056,0.0331
m,4.903436695,143.268,0.0328
m,4.907688752,145.939,0.0323
m,4.9168691,143.958,0.0321
m,4.94131931,152.902,0.0306
m,4.945646305,146.797,0.0301
m,4.950027228,155.24,0.0297
m,4.959673828,151.662,0.0295
m,4.96457476,153.191,0.0292
m,4.964574701,157.849,0.0289
m,4.973985173,154.569,0.0286
m,4.978676941,152.802,0.0283
m,4.983551015,154.481,0.028
m,4.988242818,152.729,0.0278
m,5.014092832,146.889,0.0265
m,5.022248396,157.047,0.0265
m,5.026103656,148.584,0.0265
m,5.033503312,147.8,0.0266
m,5.037020828,149.458,0.0268
s,5.047826513,154.167,0.0265
s,5.047982158,150.771,0.0264
s,5.047982158,152.232,0.0264
s,5.048164492,152.664,0.0264
s,5.048582509,155.869,0.0267
s,5.048582509,152.09,0.0267
s,5.048582509,152.466,0.0267
s,5.048582484,153.15,0.0268
s,5.048582461,154.025,0.0269
s,5.048426782,148.134,0.0273
s,5.048271183,148.105,0.0273
s,5.048271159,152.276,0.0275
s,5.048244419,151.801,0.0276
s,5.048244419,149.659,0.0276
s,5.04831986,148.1,0.028
s,5.048293152,150.31,0.028
s,5.048293153,149.178,0.0281
s,5.048293156,150.466,0.0282
s,5.048319909,150.297,0.0287
s,5.048502244,150.622,0.0287
s,5.048502244,150.98,0.0287
s,5.048502244,150.956,0.0287
s,5.048502259,150.588,0.0288
s,5.048528987,150.487,0.0289
s,5.048502276,151.634,0.0289
s,5.048502276,154.077,0.0289
s,5.048475553,152.255,0.0288
s,5.048475553,149.764,0.0288
m,4.997181095,156.254,0.0278
m,5.001454531,152.201,0.0276
m,5.005910302,145.272,0.0273
m,5.010001502,146.533,0.0271
m,5.040329312,148.759,0.0268
m,5.043246419,150.407,0.0268
m,5.045563101,153.125,0.0268
m,5.046994997,148.495,0.0267
m,5.047697635,153.927,0.0265
s,5.048346826,150.832,0.0264
s,5.048373511,148.441,0.0265
s,5.048555844,158.504,0.0265
s,5.048582535,153.594,0.0266
s,5.048582535,154.423,0.0266
s,5.048582461,150.398,0.0269
s,5.048426814,150.016,0.0271
s,5.048426814,151.998,0.0271
s,5.048426797,148.612,0.0272
s,5.048244408,151.447,0.0278
s,5.048217681,148.958,0.0278
s,5.048190957,149.93,0.0279
s,5.048346574,149.295,0.0279
s,5.048319861,149.309,0.0279
s,5.048293161,149.394,0.0283
s,5.048293177,151.807,0.0285
s,5.048346608,149.35,0.0286
s,5.048346608,151.745,0.0286
s,5.048346621,153.083,0.0287
s,5.048502259,152.287,0.0288
s,5.048502259,149.975,0.0288
s,5.04852897,151.459,0.0288
s,5.048528987,149.945,0.0289
s,5.048657889,152.375,0.0288
s,5.048684612,150.555,0.0289
s,5.048711322,150.308,0.0289
s,5.048711322,149.496,0.0289
s,5.048711341,151.23,0.029
s,5.048684612,149.685,0.0289
s,5.048684631,149.671,0.029
s,5.048657925,150.295,0.029
s,5.048684631,151.528,0.029
s,5.048475684,152.869,0.0294
s,5.048293375,150.219,0.0295
s,5.048293405,152.186,0.0296
s,5.048293438,151.813,0.0297
s,5.048293473,152.922,0.0298
s,5.047848698,149.753,0.0298
s,5.047848698,151.842,0.0298
s,5.047822005,154.047,0.0298
s,5.047822005,149.072,0.0298
s,5.047822005,150.867,0.0298
s,5.047483987,156.207,0.0297
s,5.047483987,152.209,0.0297
s,5.047510653,152.437,0.0296
s,5.047510622,151.081,0.0295
s,5.047719632,151.341,0.0294
s,5.047719661,152.459,0.0295
s,5.047719661,152.001,0.0295
s,5.047719661,150.857,0.0295
s,5.047719661,152.676,0.0295
s,5.047719632,151.457,0.0294
s,5.047746312,152.587,0.0293
s,5.047563977,152.11,0.0293
s,5.04753727,152.131,0.0293
s,5.047354935,151.549,0.0293
s,5.046963509,156.209,0.0291
s,5.046963509,154.24,0.0291
s,5.046963509,152.231,0.0291
s,5.04675447,149.324,0.0291
s,5.046545456,151.079,0.0292
s,5.046518761,154.44,0.0292
s,5.046336423,153.554,0.0292
s,5.046336423,152.222,0.0292
s,5.046336423,151.583,0.0292
s,5.048684651,150.515,0.0291
s,5.048684674,150.454,0.0292
s,5.048684674,150.795,0.0292
s,5.048684699,148.938,0.0293
s,5.04850239,150.111,0.0294
s,5.048293473,153.766,0.0298
s,5.048266769,151.371,0.0298
s,5.048057732,153.006,0.0298
s,5.048031037,150.343,0.0298
s,5.047795318,148.728,0.0298
s,5.047639666,148.975,0.0298
s,5.047639666,151.047,0.0298
s,5.047639631,150.228,0.0297
s,5.047457292,152.126,0.0297
s,5.047510622,150.152,0.0295
s,5.047510622,151.37,0.0295
s,5.047537325,150.17,0.0295
s,5.047719661,149.109,0.0295
s,5.047719661,153.1,0.0295
s,5.047719661,150.531,0.0295
s,5.047746368,154.717,0.0295
s,5.047746368,153.673,0.0295
s,5.047746368,152.789,0.0295
s,5.04735491,149.884,0.0292
s,5.04735491,152.052,0.0292
s,5.04717255,153.068,0.0291
s,5.047145846,151.271,0.0291
s,5.047145846,152.999,0.0291
s,5.04675447,152.164,0.0291
s,5.046754492,147.941,0.0292
s,5.046545434,150.769,0.0291
s,5.046545434,150.014,0.0291
s,5.046545434,150.992,0.0291
s,5.046154084,153.154,0.0292
s,5.046154084,150.977,0.0292
s,5.046180781,151.945,0.0292
s,5.046154084,153.26,0.0292
s,5.045971723,151.208,0.0291
s,5.045998421,150.615,0.0291
s,5.045971702,150.204,0.029
s,5.045971702,149.474,0.029
s,5.0459984,151.203,0.029
s,5.045971667,152.115,0.0288
s,5.045971667,150.311,0.0288
s,5.045971667,151.495,0.0288
s,5.045762634,150.672,0.0288
s,5.0452912,154.626,0.0287
s,5.0452912,152.537,0.0287
s,5.0452912,152.967,0.0287
s,5.0452912,154.798,0.0287
s,5.0452912,156.191,0.0287
s,5.045108872,148.433,0.0288
s,5.045108872,152.508,0.0288
s,5.044899852,149.67,0.0288
s,5.044899852,151.689,0.0288
s,5.044926531,156.72,0.0288
s,5.044690837,149.753,0.0288
s,5.044664168,155.352,0.0288
s,5.044481824,152.164,0.0288
s,5.044481824,157.902,0.0288
m,5.044299452,144.678,0.0286
m,5.044637475,149.655,0.0286
m,5.046069608,148.983,0.0287
m,5.051304565,154.115,0.0287
m,5.054404641,149.429,0.0286
m,5.071988568,146.306,0.0284
m,5.076157015,161.087,0.0285
m,5.084520777,161.038,0.0285
m,5.088872071,143.13,0.0285
m,5.097627854,151.622,0.0286
m,5.124054252,151.069,0.0284
m,5.131873537,148.467,0.0284
m,5.135522717,147.859,0.0283
m,5.135522717,151.171,0.0283
s,5.0459984,150.637,0.029
s,5.045998381,150.123,0.0289
s,5.045971684,152.427,0.0289
s,5.046065292,152.095,0.002
s,5.045971684,150.649,0.0289
s,5.045762619,150.046,0.0287
s,5.045735929,152.795,0.0287
s,5.045735929,150.362,0.0287
s,5.045526903,152.394,0.0287
s,5.04550022,154.178,0.0287
s,5.045108858,154.988,0.0287
s,5.045108858,152.336,0.0287
s,5.045108872,152.47,0.0288
s,5.045108872,153.765,0.0288
s,5.044899852,151.384,0.0288
s,5.044899852,150.69,0.0288
s,5.04471751,153.407,0.0288
s,5.044690837,153.132,0.0288
s,5.044690837,150.959,0.0288
s,5.044481824,151.79,0.0288
m,5.044481809,149.361,0.0287
m,5.044299452,152.083,0.0286
m,5.044299465,156.434,0.0287
m,5.044299465,145.741,0.0287
m,5.05440463,150.128,0.0285
m,5.061098985,150.295,0.0285
m,5.064719884,150.121,0.0284
m,5.06834092,155.767,0.0284
m,5.101979603,156.123,0.0286
m,5.106175372,146.168,0.0285
m,5.110553705,157.767,0.0286
m,5.115114583,156.607,0.0286
m,5.119675577,149.11,0.0285
m,5.143003807,153.103,0.0283
m,5.146809641,147.934,0.0283
m,5.150250638,145.034,0.0282
m,5.153665725,150.359,0.0282
m,5.160939306,152.28,0.0281
m,5.164954225,142.911,0.028
m,5.16881269,146.856,0.0279
m,5.172827796,147.31,0.0275
m,5.176660481,153.172,0.0274
m,5.184691156,148.182,0.0272
m,5.205083328,153.053,0.0259
m,5.209256247,145.884,0.0256
m,5.213298164,156.568,0.0254
m,5.22130509,143.463,0.0251
m,5.225295988,151.986,0.0248
m,5.25427674,155.837,0.023
m,5.258685014,147.787,0.0226
m,5.26306792,160.251,0.0222
m,5.267633461,160.181,0.0219
m,5.296099742,153.559,0.0203
m,5.299986693,152.89,0.0197
m,5.303350449,154.396,0.0195
m,5.31026015,161.643,0.0194
m,5.313988897,149.838,0.0194
m,5.334631375,146.087,0.0188
m,5.343412588,157.29,0.0187
m,5.347816163,153.367,0.0185
m,5.352635925,151.797,0.0182
m,5.35724761,147.692,0.018
m,5.389137349,150.807,0.0162
m,5.393775229,153.775,0.016
m,5.398595797,160.404,0.0158
m,5.40341646,156.186,0.0156
m,5.436614597,151.662,0.0148
m,5.441410041,148.187,0.0147
m,5.446048482,153.606,0.0147
m,5.450661267,146.552,0.0147
m,5.455066044,153.309,0.0146
m,5.479928865,153.666,0.0146
m,5.483629754,145.295,0.0145
m,5.487304609,151.144,0.0145
m,5.490770873,151.959,0.0146
m,5.497886734,156.319,0.0145
m,5.188680788,153.172,0.0271
m,5.192696406,147.485,0.0269
m,5.19668632,154.543,0.0267
m,5.200884728,151.276,0.0264
m,5.22928704,156.26,0.0245
m,5.233460752,147.701,0.0243
m,5.237660423,149.161,0.0238
m,5.245694321,148.91,0.0236
m,5.249894172,142.784,0.0233
m,5.271834269,151.516,0.0213
m,5.275852097,148.114,0.0211
m,5.283837058,152.651,0.0209
m,5.287829872,143.795,0.0207
m,5.292056093,151.489,0.0205
m,5.313989055,147.538,0.0193
m,5.321755753,149.196,0.0192
m,5.326108445,148.016,0.0191
m,5.330461144,159.503,0.019
m,5.361884942,157.586,0.0177
m,5.366522386,148.108,0.0174
m,5.371134514,144.13,0.0171
m,5.37540715,145.374,0.0167
m,5.380044717,150.03,0.0165
m,5.408211635,159.236,0.0154
m,5.413032466,145.721,0.0152
m,5.417827541,150.612,0.0151
m,5.427494571,152.507,0.015
m,5.427494806,148.515,0.0149
m,5.463744275,148.528,0.0146
m,5.46796642,150.202,0.0146
m,5.472006079,152.617,0.0146
m,5.476071621,152.801,0.0146
m,5.501926796,158.232,0.0145
m,5.506175599,144.959,0.0144
m,5.510241499,150.338,0.0145
m,5.521971571,156.875,0.0144
m,5.525829446,144.27,0.0144
m,5.529687373,150.14,0.0144
m,5.533544879,153.799,0.0146
m,5.540400821,147.541,0.0146
m,5.543138094,159.5,0.0146
s,5.546266715,143.642,0.0145
s,5.546084253,145.079,0.0145
s,5.545901092,145.233,0.0148
s,5.545901092,144.784,0.0148
s,5.545900862,144.67,0.0149
s,5.545900634,144.366,0.015
s,5.545874505,146.621,0.015
s,5.545692042,145.93,0.015
s,5.545483453,146.023,0.015
s,5.545483453,145.701,0.015
s,5.54530099,145.335,0.015
s,5.54530099,145.601,0.015
s,5.545300764,145.787,0.0151
s,5.545300764,144.238,0.0151
s,5.545092404,143.893,0.015
s,5.545092404,144.037,0.015
s,5.545118756,145.277,0.0149
s,5.545118756,144.626,0.0149
s,5.544936292,144.364,0.0149
s,5.544962421,145.413,0.0149
s,5.544779959,144.149,0.0149
s,5.544779732,145.456,0.015
s,5.544779732,146.185,0.015
s,5.544779505,144.761,0.0151
s,5.544050344,145.76,0.0148
s,5.544050344,145.753,0.0148
s,5.543867883,145.445,0.0148
s,5.543841749,145.007,0.0148
s,5.543477291,146.668,0.0146
s,5.543477526,146.002,0.0145
s,5.543295065,146.31,0.0145
s,5.543295302,145.458,0.0144
s,5.543295065,145.124,0.0145
m,5.545276024,146.618,0.0145
m,5.546266952,144.427,0.0144
m,5.546449414,143.978,0.0144
m,5.546449414,145.567,0.0144
s,5.546266952,145.681,0.0144
s,5.545718399,144.033,0.0149
s,5.545718399,145.751,0.0149
s,5.545718172,145.442,0.015
s,5.545900634,146.091,0.015
s,5.545483453,147.062,0.015
s,5.545483453,146.079,0.015
s,5.545300764,144.53,0.0151
s,5.54530099,145.654,0.015
s,5.54530099,144.594,0.015
s,5.545300764,144.713,0.0151
s,5.545274867,143.993,0.015
s,5.545092404,143.569,0.015
s,5.545092404,145.111,0.015
s,5.545092404,145.5,0.015
s,5.544936292,146.114,0.0149
s,5.544936292,145.684,0.0149
s,5.544936064,146.566,0.015
s,5.544936064,144.774,0.015
s,5.544779505,144.544,0.0151
s,5.544597044,145.515,0.0151
s,5.544414808,145.725,0.015
s,5.544415036,145.339,0.0149
s,5.544232574,145.413,0.0149
s,5.543659519,147.251,0.0147
s,5.543477291,145.919,0.0146
s,5.54345116,145.149,0.0146
s,5.54345116,145.469,0.0146
s,5.543477291,145.441,0.0146
s,5.543503662,145.34,0.0145
s,5.543503427,147.516,0.0146
s,5.543503427,145.789,0.0146
s,5.543685888,144.507,0.0146
s,5.543685888,145.48,0.0146
s,5.543686123,144.908,0.0145
s,5.54368636,145.121,0.0144
s,5.54368636,146.89,0.0144
s,5.54368636,145.338,0.0144
s,5.5439211,146.377,0.0144
s,5.543947246,145.68,0.0144
s,5.543947246,144.668,0.0144
s,5.543947246,144.648,0.0144
s,5.544390618,145.397,0.0144
s,5.544390618,146.225,0.0144
s,5.544390618,146.684,0.0144
s,5.544390618,147.165,0.0144
s,5.54475553,146.516,0.0144
s,5.545094771,146.232,0.0142
s,5.545095013,146.565,0.0141
s,5.545068863,146.516,0.0141
s,5.545068863,146.278,0.0141
s,5.545433781,147.398,0.0141
s,5.545616239,149.511,0.0141
s,5.545616239,147.251,0.0141
s,5.545642385,147.819,0.0141
s,5.545642385,147.641,0.0141
s,5.545876664,146.628,0.0143
s,5.545876904,145.411,0.0142
s,5.54587739,144.917,0.014
s,5.54587739,146.318,0.014
s,5.545877636,147.407,0.0139
s,5.54606059,146.895,0.0137
s,5.546060841,146.154,0.0136
s,5.546060841,147.287,0.0136
s,5.546061094,146.237,0.0135
s,5.545878638,145.495,0.0135
s,5.546060841,145.018,0.0136
s,5.546060841,145.244,0.0136
s,5.54606059,148.066,0.0137
s,5.54606059,146.793,0.0137
s,5.543712499,146.703,0.0144
s,5.543894721,146.997,0.0145
s,5.543894721,146.27,0.0145
s,5.543920863,145.568,0.0145
s,5.5439211,145.934,0.0144
s,5.544182006,144.014,0.0144
s,5.544181769,144.939,0.0145
s,5.544181769,146.272,0.0145
s,5.544181769,146.052,0.0145
s,5.544208162,144.335,0.0144
s,5.54475553,146.919,0.0144
s,5.544937986,146.206,0.0144
s,5.545147233,146.804,0
s,5.54509453,146.896,0.0143
s,5.545433539,148.877,0.0142
s,5.545615997,148.201,0.0142
s,5.545615997,145.997,0.0142
s,5.545798457,147.43,0.0142
s,5.545798699,149.146,0.0141
s,5.545642385,147.541,0.0141
s,5.545824602,146.094,0.0142
s,5.54585051,146.703,0.0143
s,5.54585051,148.306,0.0143
s,5.545850272,147.201,0.0144
s,5.545877636,145.328,0.0139
s,5.545877636,147.613,0.0139
s,5.54606034,146.853,0.0138
s,5.546060093,145.624,0.0139
s,5.54606034,145.88,0.0138
s,5.545878638,145.787,0.0135
s,5.545878638,146.959,0.0135
s,5.545878638,145.152,0.0135
s,5.545878638,146.431,0.0135
s,5.545878638,145.938,0.0135
s,5.54606059,146.433,0.0137
s,5.54606059,146.497,0.0137
s,5.545878385,147.439,0.0136
s,5.545696182,146.708,0.0135
s,5.545722339,146.078,0.0135
s,5.545540138,148.796,0.0134
s,5.545540138,146.712,0.0134
s,5.545540395,146.315,0.0133
s,5.545566557,146.225,0.0133
s,5.545774413,145.653,0.0136
s,5.545800332,145.901,0.0137
s,5.545800332,146.539,0.0137
s,5.545800332,144.606,0.0137
s,5.545618129,145.863,0.0136
s,5.545800332,145.235,0.0137
s,5.545774162,145.396,0.0137
s,5.545773912,145.863,0.0138
s,5.545773912,143.651,0.0138
s,5.546137361,147.173,0.0144
s,5.546111197,145.777,0.0144
s,5.546085037,144.706,0.0144
m,5.546085037,146.04,0.0144
m,5.546085276,145.54,0.0143
m,5.549161054,150.257,0.0145
m,5.553749301,150.57,0.0145
m,5.556252071,146.966,0.0145
m,5.558545983,155.662,0.0146
m,5.578176847,147.989,0.015
m,5.581070694,148.098,0.0151
m,5.583938294,155.267,0.0152
m,5.586832413,147.613,0.0152
m,5.589909429,145.46,0.015
m,5.611291664,150.612,0.0143
m,5.61533323,153.402,0.0143
m,5.62362507,151.081,0.0144
m,5.627848946,152.369,0.0145
m,5.627848946,150.551,0.0145
m,5.658906636,146.42,0.0149
m,5.662557027,159.753,0.0151
m,5.666207671,145.411,0.0152
m,5.669884912,143.666,0.0153
s,5.545566301,147.99,0.0134
s,5.545566301,145.647,0.0134
s,5.545566046,145.82,0.0135
s,5.545774413,146.384,0.0136
s,5.545774413,145.41,0.0136
s,5.545800583,144.538,0.0136
s,5.545800583,147.12,0.0136
s,5.545800583,146.031,0.0136
s,5.545618382,144.834,0.0135
s,5.545618382,144.735,0.0135
s,5.545956118,144.818,0.0139
s,5.545955872,146.033,0.014
s,5.546138083,145.139,0.0141
s,5.54613784,145.185,0.0142
m,5.546085276,148.77,0.0143
m,5.54590282,154.108,0.0143
m,5.546267256,155.219,0.0145
m,5.546658326,149.274,0.0145
m,5.547440469,151.022,0.0145
m,5.56123123,145.871,0.0146
m,5.564125144,148.326,0.0146
m,5.569886599,153.958,0.0147
m,5.572571683,151.33,0.0148
m,5.575256784,145.735,0.0149
m,5.593351327,148.58,0.0148
m,5.6006783,149.278,0.0147
m,5.604146612,147.778,0.0145
m,5.607614966,151.298,0.0143
m,5.635932259,155.555,0.0146
m,5.639791707,150.503,0.0146
m,5.643833591,151.682,0.0146
m,5.64769268,151.355,0.0148
m,5.651369894,148.75,0.0148
m,5.673562425,146.397,0.0153
m,5.67723999,153.63,0.0153
m,5.684960208,149.902,0.0152
m,5.684960425,148.797,0.0151
m,5.692316142,150.215,0.015
m,5.696176758,143.354,0.0148
m,5.699854863,149.185,0.0147
m,5.703897473,144.582,0.0147
m,5.707940349,143.472,0.0146
m,5.715532264,142.43,0.0146
m,5.734288457,142.447,0.0145
m,5.737940055,154.269,0.0145
m,5.741591684,144.884,0.0145
m,5.745060812,154.979,0.0146
m,5.752546292,143.676,0.0147
m,5.779443789,150.443,0.0154
m,5.779443583,153.375,0.0155
m,5.787530497,154.618,0.0156
m,5.791600914,149.058,0.0157
m,5.8192853,145.332,0.0165
m,5.819285114,147.878,0.0166
m,5.826826269,148.038,0.0167
m,5.830715094,147.431,0.0168
m,5.834576654,145.504,0.017
m,5.859397176,157.122,0.0172
m,5.863314018,152.103,0.0172
m,5.866629772,160.374,0.0172
m,5.869554057,151.848,0.0171
m,5.874801178,147.989,0.0171
m,5.894843688,152.475,0.0167
m,5.898706603,143.699,0.0166
m,5.906669232,144.324,0.0166
m,5.91074173,141.86,0.0166
m,5.934786592,150.334,0.0164
m,5.941183008,146.778,0.0164
m,5.944080495,155.381,0.0164
m,5.946823271,149.344,0.0165
m,5.949693043,154.092,0.0166
s,5.956972473,150.497,0.0168
s,5.956972473,148.978,0.0168
s,5.956790169,149.593,0.0169
s,5.956789997,148.479,0.017
s,5.956789997,150.486,0.017
m,5.719419732,144.241,0.0145
m,5.723097959,146.795,0.0145
m,5.723097959,153.613,0.0145
m,5.730610086,150.263,0.0145
m,5.756434079,145.954,0.0147
m,5.760321726,154.665,0.0148
m,5.76420945,142.272,0.0149
m,5.768070326,151.154,0.015
m,5.771721606,147.585,0.0153
m,5.79548894,157.62,0.0159
m,5.79940428,155.386,0.016
m,5.803265429,153.799,0.0162
m,5.811379838,150.305,0.0164
m,5.815423578,149.473,0.0165
m,5.838465617,146.866,0.0171
m,5.846790777,152.241,0.0171
m,5.851044385,158.095,0.0172
m,5.855325469,151.593,0.0172
m,5.874801178,147.545,0.0171
m,5.880722667,143.591,0.017
m,5.883956621,143.91,0.017
m,5.887427647,147.955,0.0169
m,5.891108258,143.301,0.0168
m,5.91074173,144.379,0.0166
m,5.91909674,148.171,0.0165
m,5.923169441,142.868,0.0165
m,5.927242389,141.672,0.0164
m,5.931105543,142.544,0.0164
m,5.952408116,148.145,0.0168
m,5.956244131,150.127,0.0167
m,5.956790519,148.185,0.0167
m,5.956790519,151.41,0.0167
s,5.956762393,148.023,0.017
s,5.95673479,147.749,0.017
s,5.95673479,148.408,0.017
s,5.956734963,148.46,0.0169
s,5.95670754,149.774,0.0168
s,5.956680122,149.106,0.0167
s,5.956680299,148.858,0.0166
s,5.956498345,147.652,0.0165
s,5.956498708,150.176,0.0163
s,5.95610722,149.917,0.0161
s,5.95610722,151.152,0.0161
s,5.956107034,149.516,0.0162
s,5.955924901,150.101,0.0162
s,5.955952493,149.248,0.0162
s,5.95556082,149.884,0.0161
s,5.955379064,149.618,0.0159
s,5.95522472,151.522,0.0158
s,5.95519751,148.701,0.0156
s,5.955042975,149.992,0.0156
s,5.955015574,149.571,0.0155
s,5.955042975,151.164,0.0156
s,5.95486104,150.363,0.0155
s,5.954860844,148.974,0.0156
s,5.954524581,151.601,0.0154
s,5.954524581,151.443,0.0154
s,5.954524383,149.723,0.0155
s,5.954733923,149.809,0.0156
s,5.954733728,148.159,0.0157
s,5.954888059,151.008,0.0158
s,5.954888059,151.573,0.0158
s,5.954706122,151.331,0.0157
s,5.954706122,151.261,0.0157
s,5.954888252,150.748,0.0157
s,5.95522434,150.247,0.016
s,5.95522434,148.112,0.016
s,5.95522434,148.734,0.016
s,5.95522434,149.896,0.016
s,5.955433513,150.308,0.0163
s,5.955433331,150.991,0.0164
s,5.955433331,149.022,0.0164
s,5.955433331,149.926,0.0164
s,5.9552512,150.031,0.0164
s,5.956289167,150.445,0.0162
s,5.956107034,148.557,0.0162
s,5.956107034,149.456,0.0162
s,5.956107034,150.109,0.0162
s,5.95610722,147.825,0.0161
s,5.955952309,151.07,0.0163
s,5.955952309,150.719,0.0163
s,5.955952493,148.452,0.0162
s,5.955770361,148.145,0.0162
s,5.955015574,147.613,0.0155
s,5.955015574,148.179,0.0155
s,5.955043171,148.588,0.0155
s,5.955015574,148.208,0.0155
s,5.955015574,147.755,0.0155
s,5.954860844,150.456,0.0156
s,5.954706317,150.479,0.0156
s,5.954706513,150.739,0.0155
s,5.95470671,149.269,0.0154
s,5.95470671,150.496,0.0154
s,5.954915665,150.143,0.0158
s,5.954888059,153.078,0.0158
s,5.954915665,150.445,0.0158
s,5.954888059,149.751,0.0158
s,5.954888252,149.814,0.0157
s,5.954888059,148.985,0.0158
s,5.955042397,149.059,0.0159
s,5.955042208,150.449,0.016
s,5.95522434,150.296,0.016
s,5.955042208,150.08,0.016
s,5.95506981,149.721,0.016
s,5.955251753,149.077,0.0161
s,5.955251567,148.094,0.0162
s,5.955433513,152.555,0.0163
s,5.955278805,150.432,0.0164
s,5.955278805,150.397,0.0164
s,5.955278805,150.762,0.0164
s,5.955460753,148.368,0.0165
s,5.955488361,149.277,0.0165
s,5.955460574,149.401,0.0166
s,5.955670134,147.453,0.0167
s,5.955670134,149.181,0.0167
s,5.955670134,150.292,0.0167
s,5.955488361,149.976,0.0165
s,5.955515972,150.199,0.0165
s,5.955515972,149.535,0.0165
s,5.955488542,149.288,0.0164
s,5.95530678,148.608,0.0162
s,5.955306596,149.635,0.0163
s,5.955306596,148.356,0.0163
s,5.955124467,149.379,0.0163
s,5.955124651,150.496,0.0162
s,5.954970321,147.803,0.0161
s,5.954970321,147.78,0.0161
s,5.954788194,149.825,0.0161
s,5.954788381,147.067,0.016
s,5.954606254,148.143,0.016
s,5.95424238,150.802,0.0158
s,5.95424238,149.68,0.0158
s,5.954060445,152.177,0.0157
s,5.954060445,152.14,0.0157
s,5.953851487,149.592,0.0153
s,5.953851688,149.725,0.0152
s,5.953669562,149.127,0.0152
s,5.953669562,148.868,0.0152
s,5.953669562,149.975,0.0152
s,5.953487637,148.441,0.0151
s,5.953487637,149.876,0.0151
s,5.953487637,149.797,0.0151
s,5.953487637,149.859,0.0151
s,5.953487637,150.561,0.0151
s,5.953514854,151,0.0153
s,5.953514854,149.689,0.0153
s,5.953669361,151.546,0.0153
s,5.953696979,151.944,0.0153
s,5.955488182,146.908,0.0166
s,5.955488361,147.636,0.0165
s,5.955488361,150.845,0.0165
s,5.955488361,149.748,0.0165
s,5.955488361,151.523,0.0165
s,5.955516335,150.505,0.0163
s,5.955306596,150.279,0.0163
s,5.955306596,148.846,0.0163
s,5.95530678,150.15,0.0162
s,5.95530678,149.006,0.0162
s,5.954942708,149.309,0.0161
s,5.954942708,148.085,0.0161
s,5.954760579,148.391,0.0161
s,5.954760393,148.549,0.0162
s,5.954606254,149.575,0.016
s,5.954424127,149.611,0.016
s,5.954424127,149.369,0.016
s,5.954424127,150.036,0.016
s,5.954242,150.498,0.016
s,5.954060252,150.352,0.0158
s,5.954060252,149.96,0.0158
s,5.954060252,149.738,0.0158
s,5.954060445,151.184,0.0157
s,5.954060835,150.148,0.0155
s,5.953669562,149.936,0.0152
s,5.953669562,149.437,0.0152
s,5.953487434,151.088,0.0152
s,5.953487637,148.955,0.0151
s,5.953487637,151.068,0.0151
s,5.953487637,150.219,0.0151
s,5.953487434,150.199,0.0152
s,5.953487233,152.577,0.0153
s,5.953487233,152.084,0.0153
s,5.953696979,149.999,0.0153
s,5.95369678,149.345,0.0154
s,5.953696979,149.268,0.0153
s,5.95369678,148.687,0.0154
s,5.95369678,147.711,0.0154
s,5.95369678,146.984,0.0154
s,5.953696582,150.139,0.0155
s,5.953906134,150.085,0.0156
s,5.953906134,150.158,0.0156
s,5.953878512,150.257,0.0156
m,5.953878708,150.757,0.0155
m,5.953878708,151.937,0.0155
m,5.953906134,151.429,0.0156
m,5.95427,159.261,0.0158
m,5.955445438,154.462,0.0159
m,5.975619324,145.419,0.0156
m,5.982954864,147.166,0.0156
m,5.986636542,150.744,0.0156
m,5.990135973,151.263,0.0157
m,6.014312905,147.678,0.0161
m,6.017785065,153.133,0.0161
m,6.021229428,149.854,0.0161
m,6.024911731,147.251,0.016
m,6.028775784,155.415,0.0161
m,6.050813503,145.167,0.0163
m,6.054468029,148.843,0.0163
m,6.058094464,148.735,0.0164
m,6.061748852,146.81,0.0165
m,6.06519344,147.353,0.0165
m,6.090803812,147.942,0.0167
m,6.09464079,151.279,0.0166
m,6.102006491,146.914,0.0166
m,6.10200632,147.26,0.0167
m,6.134858559,147.685,0.0173
m,6.139087669,146.645,0.0174
m,6.143134967,153.215,0.0174
m,6.143134967,158.285,0.0174
m,6.151229819,150.582,0.0173
m,6.173945228,148.897,0.0177
m,6.177838928,144.439,0.0178
m,6.181704418,149.409,0.0179
m,6.185569948,151.3,0.018
m,6.189617343,149.22,0.0182
s,5.953878708,150.776,0.0155
s,5.953878708,150.975,0.0155
s,5.953878708,149.105,0.0155
s,5.953878512,150.543,0.0156
m,5.95813333,161.835,0.0159
m,5.961395052,149.377,0.016
m,5.96468501,150.472,0.0158
m,5.968129269,153.574,0.0157
m,5.975619324,151.421,0.0156
m,5.993425811,151.921,0.0157
m,5.996743243,155.099,0.0158
m,6.003295146,147.962,0.0159
m,6.006976893,146.001,0.016
m,6.010812978,149.072,0.0161
m,6.03653207,159.698,0.0162
m,6.040032311,141.411,0.0162
m,6.043686584,142.64,0.0163
m,6.04734124,144.218,0.0162
m,6.071746518,149.287,0.0165
m,6.075009105,149.421,0.0165
m,6.078509539,146.776,0.0166
m,6.082556317,146.453,0.0166
m,6.086784989,143.428,0.0167
m,6.11018451,151.849,0.0167
m,6.114259667,151.146,0.0167
m,6.118306606,156.789,0.0168
m,6.12235358,145.106,0.0169
m,6.126400589,150.325,0.017
m,6.155249175,148.249,0.0172
m,6.159268227,150.976,0.0173
m,6.163105153,145.627,0.0175
m,6.17026181,149.953,0.0176
m,6.193482949,147.727,0.0183
m,6.197348735,147.068,0.0183
m,6.201214418,147.755,0.0184
m,6.209281463,146.727,0.0186
m,6.213511152,144.911,0.0187
m,6.217530554,143.136,0.0188
m,6.221339782,143.493,0.0188
m,6.22499531,149.577,0.0189
m,6.228679246,154.65,0.019
m,6.256208402,153.415,0.0196
m,6.260103213,147.255,0.0197
m,6.267864713,153.8,0.0197
m,6.271549234,152.691,0.0198
m,6.275262594,151.566,0.0197
m,6.293533173,153.206,0.0199
m,6.297792311,154.61,0.02
m,6.306310953,152.245,0.02
m,6.310177803,150.247,0.0201
m,6.313891509,155.126,0.0202
m,6.33872122,145.27,0.0207
m,6.347451381,145.401,0.0208
m,6.351892921,143.478,0.021
m,6.356181585,153.018,0.0211
m,6.380794438,145.508,0.023
m,6.38906722,149.131,0.0233
m,6.393021964,141.246,0.0235
m,6.397005675,140.483,0.0241
m,6.40059714,139.432,0.0243
m,6.421873112,142.455,0.0259
m,6.425342377,154.86,0.0267
m,6.432340358,143.184,0.027
m,6.435869174,150.407,0.0274
m,6.435869198,155.276,0.0276
m,6.461786557,156.974,0.03
m,6.465014992,151.128,0.0304
m,6.468214359,147.711,0.0308
m,6.471443977,143.219,0.0312
m,6.494338387,152.635,0.0336
m,6.497300319,152.656,0.0338
m,6.500626904,145.316,0.0346
m,6.506071209,155.37,0.0349
m,6.508643796,156.359,0.0354
m,6.236524931,152.888,0.0191
m,6.240447855,151.06,0.0192
m,6.240447732,154.425,0.0193
m,6.248265637,147.677,0.0193
m,6.252131729,158.364,0.0195
m,6.279129226,147.819,0.0197
m,6.279129112,148.834,0.0198
m,6.286134901,151.91,0.0198
m,6.289637866,151.265,0.0198
m,6.317787051,153.341,0.0204
m,6.321654136,156.226,0.0204
m,6.325731754,151.072,0.0205
m,6.330020035,148.496,0.0206
m,6.338721317,160.834,0.0206
m,6.360680923,146.816,0.0213
m,6.364787517,145.195,0.0219
m,6.372762093,142.378,0.0222
m,6.376658524,144.261,0.0224
m,6.380794624,145.425,0.0227
m,6.407933237,139.336,0.0247
m,6.411525108,142.775,0.025
m,6.414964518,144.751,0.0252
m,6.418404123,149.723,0.0255
m,6.442535222,142.668,0.028
m,6.445672475,149.979,0.0285
m,6.448810055,150.199,0.0288
m,6.451948081,153.499,0.0293
m,6.45840667,159.159,0.0297
m,6.474644437,151.813,0.0316
m,6.481014549,147.048,0.0323
m,6.484306528,152.104,0.0327
m,6.484306812,147.69,0.033
m,6.49101419,150.32,0.0333
m,6.511005037,147.438,0.0356
m,6.513336788,157.574,0.0359
m,6.51333722,144.616,0.0362
m,6.516366232,155.247,0.0364
m,6.517063439,146.024,0.0367
m,6.51754943,152.94,0.0374
m,6.518489268,155.928,0.0377
m,6.522460498,144.335,0.0381
m,6.525250537,148.712,0.0384
m,6.548178458,147.934,0.04
m,6.548179077,152.293,0.0403
m,6.554657267,151.118,0.0404
m,6.557701559,148.898,0.0406
m,6.572602094,155.263,0.0421
m,6.572996199,153.247,0.0422
m,6.572964847,153.534,0.0423
s,6.573145987,152.989,0.0423
s,6.572901678,154.27,0.0423
s,6.572925921,155.171,0.0427
s,6.572925921,155.041,0.0427
s,6.572925677,152.806,0.0426
s,6.57307526,157.477,0.0426
s,6.573224849,157.129,0.0426
s,6.573768053,157.231,0.0425
s,6.573767812,154.126,0.0424
s,6.573767812,155.08,0.0424
s,6.573767812,158.044,0.0424
s,6.573767098,157.051,0.0421
s,6.573830212,150.929,0.0421
s,6.573829977,154.582,0.042
s,6.573829977,153.327,0.042
s,6.573830212,152.687,0.0421
s,6.573704471,156.261,0.0423
s,6.57370471,154.237,0.0424
s,6.57370471,156.388,0.0424
s,6.573523801,151.052,0.0425
s,6.573555837,156.708,0.0427
s,6.573533481,149.704,0.0431
s,6.573533986,149.697,0.0433
s,6.573502674,148.692,0.0434
s,6.573503187,152.28,0.0436
m,6.52834583,152.702,0.0387
m,6.531774429,148.528,0.039
m,6.534961386,144.129,0.0394
m,6.541067678,159.375,0.0397
m,6.544712951,159.436,0.0398
m,6.560715845,153.035,0.0409
m,6.563518115,153.117,0.041
m,6.568424377,146.33,0.0412
m,6.570283941,155.146,0.0414
m,6.571687337,153.561,0.0418
s,6.573051478,151.998,0.0424
s,6.57298857,152.323,0.0425
s,6.572957243,153.964,0.0426
s,6.572925677,153.049,0.0426
s,6.573224849,155.485,0.0426
s,6.573374202,156.081,0.0425
s,6.57355535,154.202,0.0425
s,6.57355535,151.107,0.0425
s,6.573736501,153.126,0.0425
s,6.573767572,158.261,0.0423
s,6.57355487,152.774,0.0423
s,6.573554632,158.823,0.0422
s,6.573554396,158.723,0.0421
s,6.573767098,154.077,0.0421
s,6.573798653,152.687,0.0421
s,6.573767334,153.535,0.0422
s,6.573735783,156.615,0.0422
s,6.573735783,154.535,0.0422
s,6.573256652,152.321,0.0427
s,6.573288212,152.308,0.0427
s,6.573288212,153.26,0.0427
s,6.573320022,152.112,0.0428
s,6.573532983,149.702,0.0429
s,6.573322301,152.543,0.0437
s,6.573291523,150.737,0.044
s,6.573260228,152.015,0.0441
s,6.573228669,151.889,0.0441
s,6.573410085,148.889,0.0442
s,6.573378532,150.673,0.0442
s,6.573346981,149.626,0.0442
s,6.573347519,150.467,0.0444
s,6.573315972,148.882,0.0444
s,6.573071734,149.353,0.0444
s,6.572583835,153.287,0.0446
s,6.572584109,152.531,0.0447
s,6.572615639,149.329,0.0447
s,6.572615915,150.72,0.0448
s,6.572466573,157.785,0.0449
s,6.572318369,159.252,0.0454
s,6.572318656,153.207,0.0455
s,6.572318656,152.984,0.0455
s,6.572319234,155.674,0.0457
s,6.572321304,150.269,0.0464
s,6.572171996,152.332,0.0465
s,6.572353451,153.37,0.0466
s,6.572204151,154.557,0.0467
s,6.572480262,153.115,0.0468
s,6.572851732,156.096,0.0471
s,6.573064762,155.525,0.0472
s,6.573065076,152.817,0.0473
s,6.573065076,150.55,0.0473
s,6.573033815,150.688,0.0474
s,6.573090291,155.269,0.0479
s,6.573089968,155.955,0.0478
s,6.573302676,154.33,0.0478
s,6.573302676,157.34,0.0478
s,6.573451302,148.606,0.0475
s,6.573451302,152.035,0.0475
s,6.573663692,150.609,0.0474
s,6.573663692,152.505,0.0474
s,6.573694939,154.49,0.0473
s,6.573727137,150.908,0.0475
s,6.573908602,153.004,0.0476
s,6.573908602,153.453,0.0476
s,6.57394017,153.309,0.0476
s,6.574121312,150.422,0.0476
s,6.573040467,149.624,0.0445
s,6.572827779,150.871,0.0445
s,6.572796246,150.229,0.0445
s,6.572796519,151.562,0.0446
s,6.572466852,152.354,0.045
s,6.572498671,150.354,0.0451
s,6.572286262,150.4,0.0452
s,6.572318084,151.541,0.0453
s,6.572286545,161.171,0.0453
s,6.572351067,153.03,0.0458
s,6.572320112,153.947,0.046
s,6.572320408,157.114,0.0461
s,6.572320705,150.729,0.0462
s,6.572321004,152.8,0.0463
s,6.572512128,154.362,0.0469
s,6.572543999,153.997,0.047
s,6.572788276,151.656,0.047
s,6.572819847,151.389,0.047
s,6.573034133,150.301,0.0475
s,6.573002879,151.961,0.0476
s,6.572971951,152.977,0.0478
s,6.572940708,153.319,0.0479
s,6.573090291,152.477,0.0479
s,6.573333918,153.69,0.0477
s,6.573515064,153.645,0.0477
s,6.573514744,155.2,0.0476
s,6.573483181,156.778,0.0476
s,6.573482862,153.113,0.0475
s,6.573694625,153.455,0.0472
s,6.573726504,150.613,0.0473
s,6.573726504,151.016,0.0473
s,6.57372682,153.147,0.0474
s,6.574121312,154.715,0.0476
s,6.574153204,153.359,0.0477
s,6.574121633,147.248,0.0477
s,6.573940812,150.585,0.0478
s,6.573909243,152.352,0.0478
s,6.573940812,150.163,0.0478
s,6.573940812,151.758,0.0478
s,6.573972382,152.856,0.0478
s,6.574003637,152.037,0.0477
s,6.573493413,149.44,0.0482
s,6.573493413,151.052,0.0482
s,6.573493742,150.518,0.0483
s,6.573312933,149.829,0.0484
s,6.573312933,150.23,0.0484
s,6.573344518,148.826,0.0484
s,6.573344518,151.341,0.0484
s,6.573344518,149.482,0.0484
s,6.573344518,150.385,0.0484
s,6.573163379,152.475,0.0484
s,6.572642207,153.407,0.0481
s,6.572429492,152.942,0.0481
s,6.572429492,153.953,0.0481
s,6.572429166,153.295,0.048
m,6.572003093,154.66,0.0478
m,6.572003416,158.435,0.0479
m,6.571822596,150.135,0.048
m,6.572280249,146.331,0.0482
m,6.572524546,154.606,0.0482
m,6.573620099,160.666,0.0483
m,6.573833164,158.903,0.0484
m,6.573833164,154.317,0.0484
m,6.574077833,150.386,0.0485
m,6.574078167,149.175,0.0486
m,6.583323698,149.319,0.0489
m,6.583324037,152.969,0.049
m,6.5890176,152.587,0.0492
m,6.592487557,152.998,0.0492
m,6.613996141,149.908,0.0505
m,6.613996504,142.899,0.0506
m,6.620146083,148.233,0.0508
m,6.623130881,140.367,0.0509
m,6.626574696,136.276,0.051
s,6.574003958,151.554,0.0478
s,6.573823138,150.363,0.0479
s,6.573823138,149.003,0.0479
s,6.573642321,149.915,0.048
s,6.573461505,150.423,0.0481
s,6.573525328,151.559,0.0483
s,6.573556914,148.743,0.0483
s,6.573556914,148.711,0.0483
s,6.573556914,148.355,0.0483
s,6.57310021,152.75,0.0484
s,6.57309988,152.766,0.0483
s,6.572886501,154.001,0.0481
s,6.572886501,151.926,0.0481
s,6.572823352,158.881,0.0481
s,6.572429166,158.599,0.048
s,6.572216128,154.197,0.0479
s,6.572215805,157.52,0.0478
s,6.572215805,157.566,0.0478
m,6.572003093,156.859,0.0478
m,6.572949993,160.937,0.0482
m,6.573194308,161.685,0.0482
m,6.573407038,159.724,0.0482
m,6.573620099,161.377,0.0483
m,6.574078167,148.105,0.0486
m,6.574503647,146.461,0.0486
m,6.575173834,157.748,0.0487
m,6.576269912,151.045,0.0489
m,6.578185173,147.905,0.049
m,6.5957788,153.909,0.0497
m,6.598856669,147.589,0.0499
m,6.602115797,159.821,0.05
m,6.608177512,154.745,0.0502
m,6.610979911,154.959,0.0503
m,6.630168426,144.234,0.0513
m,6.633483918,141.038,0.0514
m,6.639752653,138.982,0.0513
m,6.642887591,139.99,0.0513
m,6.645809812,137.565,0.0514
m,6.648912781,138.973,0.0514
m,6.652229705,136.684,0.0515
m,6.655727383,139.558,0.0515
m,6.659258204,144.83,0.0516
m,6.689446106,144.086,0.0499
m,6.694061918,151.372,0.0494
m,6.69870943,148.823,0.0485
m,6.703654852,151.279,0.0481
m,6.737603521,144.328,0.0456
m,6.742303865,140.487,0.0454
m,6.746757848,142.075,0.0453
m,6.755945336,143.103,0.045
m,6.755944517,146.201,0.0447
m,6.786085365,141.907,0.0438
m,6.790801715,143.048,0.0436
m,6.799626929,149.063,0.0435
m,6.807990971,144.457,0.0431
m,6.811918621,146.83,0.043
m,6.836240262,151.941,0.0424
m,6.840283304,150.505,0.0424
m,6.844112735,156.586,0.0424
m,6.851985458,155.188,0.0424
m,6.881176802,142.59,0.0419
m,6.885730095,147.573,0.0418
m,6.88572987,143.388,0.0417
m,6.894771447,150.206,0.0415
m,6.899292678,150.011,0.0415
m,6.925369494,154.379,0.0411
m,6.92953013,145.205,0.0412
m,6.92953013,145.335,0.0412
m,6.938032027,144.637,0.0411
m,6.942373729,143.425,0.0411
m,6.970598462,143.68,0.0413
m,6.975335351,142.759,0.0413
m,6.980040077,143.99,0.0413
m,6.984744958,148.968,0.0413
m,6.66315105,139.554,0.0517
m,6.671297321,140.954,0.0514
m,6.675616418,152.453,0.0511
m,6.680083651,140.288,0.0507
m,6.684731999,143.251,0.0503
m,6.708419302,142.043,0.0476
m,6.717703983,144.311,0.0472
m,6.722469458,151.398,0.0469
m,6.727448473,148.102,0.0465
m,6.732542565,148.056,0.0461
m,6.765969955,151.074,0.0444
m,6.770900043,141.622,0.0442
m,6.776257658,158.281,0.044
m,6.781401778,149.992,0.0439
m,6.815993842,146.718,0.0428
m,6.820250108,152.706,0.0427
m,6.824358582,152.16,0.0426
m,6.828401205,143.362,0.0425
m,6.832411202,153.172,0.0425
m,6.855847461,145.796,0.0422
m,6.859857964,148.923,0.0422
m,6.864049126,146.844,0.0421
m,6.868240381,150.944,0.042
m,6.872431726,153.173,0.0419
m,6.90366539,147.229,0.0413
m,6.90800581,145.01,0.0412
m,6.912346582,158.284,0.0412
m,6.921209412,147.616,0.0412
m,6.946683138,139.701,0.0411
m,6.950663289,152.952,0.0411
m,6.958475584,142.552,0.0412
m,6.962275113,148.517,0.0412
m,6.966255681,143.688,0.0412
m,6.992888598,146.542,0.0414
m,6.992888598,146.786,0.0414
m,7.000702922,153.965,0.0415
m,7.004897884,146.294,0.0416
m,7.008911723,147.941,0.0416
m,7.012744868,152.588,0.0417
m,7.016396641,149.937,0.0416
m,7.022530346,141.881,0.0417
m,7.024191225,158.743,0.0416
m,7.02470212,154.228,0.0416
s,7.023945143,153.458,0.0412
s,7.023945143,151.169,0.0412
s,7.023944717,149.499,0.041
s,7.023763716,153.947,0.041
s,7.023763505,152.815,0.0409
s,7.023368571,152.819,0.0405
s,7.023187366,153.885,0.0404
s,7.023155264,151.59,0.0404
s,7.023155062,152.667,0.0403
s,7.022824171,150.476,0.0398
s,7.022643171,156.854,0.0398
s,7.022642977,151.395,0.0397
s,7.022642785,155.244,0.0396
s,7.022429488,155.368,0.0395
s,7.021491264,154.395,0.0389
s,7.021491083,154.067,0.0388
s,7.021491083,153.227,0.0388
s,7.021309902,152.045,0.0387
s,7.021309724,154.735,0.0386
s,7.020978624,158.852,0.0379
s,7.020978292,154.325,0.0377
s,7.020977965,155.767,0.0375
s,7.021010077,153.073,0.0375
s,7.020711524,151.55,0.037
s,7.020711524,153.47,0.037
s,7.020711369,155.618,0.0369
s,7.020711217,154.84,0.0368
s,7.020711217,158.378,0.0368
s,7.020710767,151.284,0.0365
s,7.020742889,150.728,0.0365
s,7.020742889,149.074,0.0365
s,7.020742742,154.031,0.0364
m,7.024701901,151.406,0.0415
m,7.024339681,155.935,0.0414
m,7.024339464,152.99,0.0413
s,7.02412636,154.288,0.0413
s,7.023731403,151.843,0.0409
s,7.023550193,159.258,0.0408
s,7.023549985,157.545,0.0407
s,7.023368983,157.084,0.0407
s,7.023368777,155.081,0.0406
s,7.023154861,150.396,0.0402
s,7.023186963,152.972,0.0402
s,7.022973659,152.171,0.0401
s,7.023005564,152.813,0.04
s,7.022824563,152.22,0.04
s,7.022248297,159.013,0.0394
s,7.022035005,155.744,0.0393
s,7.021853817,154.677,0.0392
s,7.021672447,158.298,0.039
s,7.021309372,154.166,0.0384
s,7.021128198,154.023,0.0383
s,7.021128026,151.072,0.0382
s,7.021127855,150.578,0.0381
s,7.021127685,156.215,0.038
s,7.020861033,151.353,0.0374
s,7.020861033,152.198,0.0374
s,7.020860873,150.573,0.0373
s,7.020711994,154.986,0.0373
s,7.020711679,151.024,0.0371
s,7.020743339,151.014,0.0368
s,7.020711066,157.537,0.0367
s,7.020743038,150.728,0.0366
s,7.020710916,152.142,0.0366
s,7.020710767,153.271,0.0365
s,7.020742597,150.232,0.0363
s,7.020742742,156.285,0.0364
s,7.020891618,153.861,0.0364
s,7.020891618,151.008,0.0364
s,7.020891618,153.478,0.0364
s,7.020891618,154.653,0.0364
s,7.020891618,153.806,0.0364
s,7.020891618,151.328,0.0364
s,7.02104035,153.265,0.0363
s,7.021040206,150.211,0.0362
s,7.021156837,152.091,0.0361
s,7.021156837,151.189,0.0361
s,7.02112473,152.651,0.0361
s,7.021305729,150.079,0.0361
s,7.021305588,153.758,0.036
s,7.021209146,151.055,0.0359
s,7.021209146,154.214,0.0359
s,7.021209146,155.706,0.0359
s,7.021209007,152.525,0.0358
s,7.021273069,152.973,0.0357
s,7.021272933,153.079,0.0356
s,7.021486038,154.6,0.0356
s,7.021485904,153.906,0.0355
s,7.021485904,154.325,0.0355
s,7.021517877,151.422,0.0354
s,7.021517877,153.501,0.0354
s,7.021517877,154.679,0.0354
s,7.021517745,159.017,0.0353
s,7.021517745,154.295,0.0353
s,7.021698487,151.072,0.0351
s,7.021698487,151.293,0.0351
s,7.021698487,149.804,0.0351
s,7.021698487,150.367,0.0351
s,7.021847005,151.667,0.0348
s,7.021846883,152.961,0.0347
s,7.021846883,152.461,0.0347
s,7.022027643,150.457,0.0345
s,7.022027643,151.134,0.0345
s,7.021995191,151.898,0.0342
s,7.021995076,152.121,0.0341
s,7.021995076,150.623,0.0341
s,7.021994964,150.853,0.034
s,7.022175855,149.955,0.0339
s,7.021008092,149.557,0.0362
s,7.021008092,151.45,0.0362
s,7.021008092,154.346,0.0362
s,7.021156837,151.315,0.0361
s,7.021273484,150.062,0.036
s,7.021273484,148.904,0.036
s,7.021241384,150.77,0.036
s,7.021241384,153.991,0.036
s,7.021241384,151.867,0.036
s,7.021209007,157.677,0.0358
s,7.02120887,150.038,0.0357
s,7.021240968,153.283,0.0357
s,7.021240968,150.501,0.0357
s,7.021240968,151.792,0.0357
s,7.021485904,154.845,0.0355
s,7.021485771,153.368,0.0354
s,7.021485771,155.156,0.0354
s,7.021517877,153.511,0.0354
s,7.021698745,152.55,0.0353
s,7.021698616,154.003,0.0352
s,7.021698616,149.325,0.0352
s,7.021698616,150.044,0.0352
s,7.021698487,150.429,0.0351
s,7.02169836,151.898,0.035
s,7.02166613,148.941,0.0349
s,7.02166613,152.598,0.0349
s,7.02166613,153.142,0.0349
s,7.021847005,152.171,0.0348
s,7.022027524,151.536,0.0344
s,7.022027524,151.705,0.0344
s,7.021995306,151.04,0.0343
s,7.021995306,155.045,0.0343
s,7.022175855,153.728,0.0339
s,7.021962645,151.618,0.0338
s,7.021962645,154.783,0.0338
s,7.022143649,151.559,0.0338
s,7.02214354,152.185,0.0337
s,7.02214354,150.047,0.0337
s,7.022143433,150.206,0.0336
s,7.022143433,154.6,0.0336
s,7.022143327,154.107,0.0335
s,7.022356118,151.486,0.0332
s,7.022324022,151.884,0.0332
s,7.022356018,151.494,0.0331
s,7.022356018,153.031,0.0331
s,7.02235592,152.78,0.033
s,7.02250454,155.884,0.0327
s,7.022504447,154.702,0.0326
s,7.022504447,154.041,0.0326
s,7.022472263,156.348,0.0325
s,7.022472263,152.264,0.0325
m,7.022588917,152.986,0.0323
m,7.02258883,151.652,0.0322
m,7.02258883,143.783,0.0322
m,7.022770012,145.311,0.0324
m,7.041830465,143.676,0.0329
m,7.045600349,149.008,0.033
m,7.049189227,138.151,0.033
m,7.052959477,150.538,0.0332
m,7.056942622,145.15,0.0332
m,7.082473583,143.916,0.0333
m,7.086851569,143.192,0.0334
m,7.095426608,147.617,0.0335
m,7.099804859,147.371,0.0336
m,7.104002094,143.82,0.0337
m,7.130141056,142.33,0.0336
m,7.139128693,148.505,0.0337
m,7.143429958,145.891,0.0337
m,7.147731383,156.1,0.0338
m,7.173611083,149.763,0.0339
m,7.182789005,142.775,0.0338
m,7.187506414,143.162,0.0336
m,7.192043677,154.772,0.0334
m,7.196794922,158.093,0.0332
s,7.022175423,154.023,0.0335
s,7.022175319,151.985,0.0334
s,7.022175319,150.312,0.0334
s,7.02214312,156.152,0.0333
s,7.02235622,153.637,0.0333
s,7.022355823,152.455,0.0329
s,7.022355727,152.126,0.0328
s,7.022355727,153.399,0.0328
s,7.022355633,150.917,0.0327
s,7.022472263,154.716,0.0325
s,7.022472263,151.387,0.0325
s,7.022440085,150.369,0.0324
m,7.022439996,149.963,0.0323
m,7.022439996,152.291,0.0323
m,7.023313123,141.176,0.0325
m,7.024942287,140.5,0.0326
m,7.027657543,144.579,0.0327
m,7.03425918,147.318,0.0328
m,7.037847688,156.341,0.0328
m,7.065484293,147.891,0.0332
m,7.065484394,138.63,0.0333
m,7.073962813,141.474,0.0333
m,7.078308678,147.007,0.0333
m,7.108199411,151.285,0.0338
m,7.112396589,156.405,0.0337
m,7.116838298,142.312,0.0336
m,7.12128015,158.665,0.0336
m,7.130141056,140.933,0.0336
m,7.15206456,146.391,0.0339
m,7.15628015,146.063,0.034
m,7.16067689,150.586,0.034
m,7.169267521,143.873,0.0339
m,7.173611083,153.851,0.0339
m,7.206365102,155.719,0.0332
m,7.210938607,152.867,0.0332
m,7.215480812,149.988,0.0332
m,7.220056052,149.049,0.033
m,7.224599986,150.151,0.0329
m,7.2289639,154.365,0.0328
m,7.233509618,156.558,0.0327
m,7.24281726,146.998,0.0326
m,7.24281726,155.544,0.0326
m,7.279952432,151.718,0.0324
m,7.284080238,153.479,0.0324
m,7.288389406,146.047,0.0323
m,7.288389318,147.371,0.0322
m,7.321222295,146.058,0.0318
m,7.325650933,148.099,0.0317
m,7.330079991,146.608,0.0315
m,7.334803751,149.901,0.0314
m,7.339494193,153.842,0.0312
m,7.370329293,145.285,0.0305
m,7.375789238,149.005,0.0304
m,7.38142972,142.565,0.0302
m,7.38670921,149.378,0.0301
m,7.391560067,145.963,0.0298
m,7.422844473,149.695,0.0292
m,7.427379935,149.749,0.0291
m,7.432095938,146.044,0.029
m,7.441133211,158.029,0.029
m,7.466622355,154.94,0.0287
m,7.470515193,149.392,0.0287
m,7.477658304,156.697,0.0288
m,7.4811228,153.831,0.0288
m,7.484620985,160.89,0.0288
m,7.507122473,147.944,0.0283
m,7.50712251,155.792,0.0284
m,7.512460446,146.474,0.0284
m,7.513543991,148.473,0.0283
m,7.513905151,147.764,0.0282
s,7.513543694,146.54,0.0273
s,7.513363074,147.487,0.0272
s,7.513182456,144.826,0.0271
s,7.513182436,146.739,0.027
m,7.252095857,152.632,0.0325
m,7.256859661,148.397,0.0325
m,7.261591603,145.281,0.0325
m,7.266357248,150.329,0.0325
m,7.270910146,145,0.0325
m,7.296515694,155.962,0.0321
m,7.300546446,148.176,0.032
m,7.304611007,152.169,0.032
m,7.308528577,150.198,0.0318
m,7.312841626,156.642,0.0318
m,7.344218566,148.41,0.0311
m,7.349270723,145.176,0.0309
m,7.354289539,142.602,0.0308
m,7.364835712,149.835,0.0306
m,7.40065295,145.477,0.0296
m,7.404894796,152.592,0.0294
m,7.404894796,149.893,0.0294
m,7.413739695,146.328,0.0292
m,7.418308968,148.251,0.0292
m,7.445601234,152.188,0.029
m,7.450035503,150.523,0.0289
m,7.454289264,146.351,0.0288
m,7.458509395,153.769,0.0288
m,7.462582683,148.681,0.0287
m,7.488299739,144.572,0.0287
m,7.492159114,150.756,0.0286
m,7.496199119,158.799,0.0285
m,7.49987804,146.667,0.0285
m,7.513905117,146.171,0.0281
s,7.513905083,147.413,0.028
s,7.513724366,145.733,0.0276
s,7.51372434,150.516,0.0275
s,7.513543717,148.787,0.0274
s,7.513148861,145.405,0.0269
s,7.513148844,144.786,0.0268
s,7.513148844,145.915,0.0268
s,7.512968231,147.701,0.0267
s,7.513001788,147.639,0.0267
s,7.513001773,146.805,0.0266
s,7.513001773,149.328,0.0266
s,7.51300176,146.303,0.0265
s,7.513035308,146.13,0.0264
s,7.513035308,147.12,0.0264
s,7.513249447,148.897,0.0262
s,7.513249447,146.935,0.0262
s,7.513215885,149.422,0.0262
s,7.513215885,147.25,0.0262
s,7.513215885,148.305,0.0262
s,7.513362932,147.858,0.0263
s,7.513362932,148.649,0.0263
s,7.513182336,148.897,0.0263
s,7.513182336,147.255,0.0263
s,7.513001738,146.381,0.0263
s,7.512968173,148.02,0.0262
s,7.512968173,147.071,0.0262
s,7.512968173,147.377,0.0262
s,7.512968165,147.35,0.0261
s,7.512720455,147.282,0.026
s,7.512720461,149.69,0.0261
s,7.512686912,146.899,0.0261
s,7.512686912,148.104,0.0261
s,7.512686905,145.047,0.026
s,7.512800425,150.265,0.0261
s,7.512766878,147.943,0.026
s,7.512766878,146.895,0.026
s,7.512766878,146.516,0.026
s,7.51312809,147.802,0.0261
s,7.51312809,147.442,0.0261
s,7.513128098,145.128,0.0262
s,7.513128098,146.099,0.0262
s,7.513128098,149.112,0.0262
s,7.513094555,145.046,0.0261
s,7.513094555,145.489,0.0261
s,7.513061023,146.273,0.0261
s,7.513061023,147.309,0.0261
s,7.513061023,146.02,0.0261
s,7.513035298,150.176,0.0263
s,7.513035298,146.68,0.0263
s,7.513035298,147.411,0.0263
s,7.513249456,147.862,0.0263
s,7.513215885,147.432,0.0262
s,7.513215895,149.762,0.0263
s,7.513182336,148.91,0.0263
s,7.513182336,148.352,0.0263
s,7.513182336,151.943,0.0263
s,7.513182327,147.605,0.0262
s,7.513182327,146.936,0.0262
s,7.513001738,146.149,0.0263
s,7.513001729,146.053,0.0262
s,7.513001738,147.659,0.0263
s,7.512968165,147.902,0.0261
s,7.512754012,146.836,0.0261
s,7.512754006,148.248,0.026
s,7.512720455,147.741,0.026
s,7.512686905,147.462,0.026
s,7.51265336,147.404,0.026
s,7.512833967,146.867,0.0261
s,7.512800418,148.19,0.026
s,7.512800425,147.752,0.0261
s,7.512766878,147.169,0.026
s,7.512947481,146.257,0.026
s,7.512947481,145.917,0.026
s,7.512947481,146.287,0.026
s,7.512947481,146.262,0.026
s,7.513128098,144.06,0.0262
s,7.513128098,146.287,0.0262
s,7.51312809,146.643,0.0261
s,7.513094563,145.744,0.0262
s,7.513061016,147.369,0.026
s,7.513061016,145.122,0.026
s,7.513061016,149.596,0.026
s,7.513061011,147.835,0.0259
s,7.513061011,146.762,0.0259
s,7.513061011,146.46,0.0259
s,7.513061011,146.562,0.0259
s,7.513027482,148.741,0.0259
s,7.513027487,147.396,0.026
s,7.513422221,149.06,0.0259
s,7.513422221,147.829,0.0259
s,7.513422221,146.384,0.0259
s,7.513422221,146.155,0.0259
s,7.513422221,146.279,0.0259
s,7.513703421,148.114,0.0258
s,7.513703421,149.566,0.0258
s,7.513703419,148.006,0.0257
s,7.513703419,146.958,0.0257
s,7.513736956,147.42,0.0257
s,7.513623442,145.628,0.0257
s,7.513623442,147.084,0.0257
s,7.513623442,145.77,0.0257
s,7.513656989,145.991,0.0257
s,7.51369054,145.995,0.0257
s,7.51369054,144.368,0.0257
s,7.513543494,145.362,0.0256
s,7.513543494,146.524,0.0255
s,7.513543494,146.668,0.0255
s,7.513215861,145.295,0.0254
s,7.513215864,146.721,0.0253
s,7.513259368,145.734,0
s,7.513215868,146.437,0.0252
s,7.513249429,147.576,0.0252
s,7.513035271,145.611,0.0252
s,7.512854675,146.963,0.0252
s,7.512854681,148.949,0.0251
s,7.512854681,147.115,0.0251
s,7.512821127,148.112,0.025
s,7.51264053,147.148,0.025
s,7.512640524,146.35,0.0251
s,7.512640524,144.503,0.0251
s,7.512640524,145.977,0.0251
s,7.513027482,147.268,0.0259
s,7.513208092,148.864,0.026
s,7.513208087,146.848,0.0259
s,7.513208087,148.36,0.0259
s,7.513208092,147.565,0.026
s,7.513455751,146.561,0.0259
s,7.513455751,145.467,0.0259
s,7.513489285,147.159,0.0259
s,7.513489281,145.709,0.0258
s,7.513556355,146.892,0.0257
s,7.513556355,146.302,0.0257
s,7.513589897,146.161,0.0257
s,7.513589897,145.44,0.0257
s,7.513623442,145.308,0.0257
s,7.513656989,146.621,0.0257
s,7.513656989,145.852,0.0257
s,7.513656989,145.665,0.0257
s,7.513700493,146.896,0
s,7.51369054,146.265,0.0257
s,7.513362897,145.601,0.0255
s,7.513362899,146.249,0.0254
s,7.513362897,147.408,0.0255
s,7.513362899,146.208,0.0254
s,7.513249429,146.739,0.0252
s,7.513068833,148.145,0.0252
s,7.513035271,146.279,0.0252
s,7.513035271,145.84,0.0252
s,7.513035271,145.195,0.0252
s,7.512854681,146.433,0.0251
s,7.512854681,146.883,0.0251
s,7.512854688,146.402,0.025
s,7.512854688,147.868,0.025
s,7.512821127,149.922,0.025
s,7.512640524,147.773,0.0251
s,7.512459928,146.554,0.0251
s,7.512459928,147.296,0.0251
s,7.512459928,147.298,0.0251
s,7.512459928,146.298,0.0251
s,7.512426363,146.126,0.0252
s,7.512426369,145.346,0.0251
s,7.512426363,149.069,0.0252
m,7.512392807,149.597,0.0252
m,7.512325703,149.138,0.0252
m,7.514165247,148.317,0.0253
m,7.514165245,151.509,0.0254
m,7.520767584,153.036,0.0254
m,7.548917868,154.139,0.0259
m,7.552778054,147.661,0.0259
m,7.552778054,155.044,0.0259
m,7.560531954,156.743,0.0259
m,7.564392259,153.79,0.0259
m,7.589936959,152.781,0.0256
m,7.594339609,160.256,0.0257
m,7.598922994,160.758,0.0257
m,7.603506449,143.843,0.0257
m,7.608484598,148.714,0.0257
m,7.638978041,147.49,0.0261
m,7.643562086,156.534,0.0262
m,7.648179335,151.279,0.0262
m,7.657167006,150.586,0.0262
m,7.683507778,154.657,0.0264
m,7.691740373,152.309,0.0264
m,7.695963646,153.487,0.0264
m,7.700006232,148.297,0.0265
m,7.704048852,149.473,0.0265
m,7.723358808,157.801,0.0266
m,7.732019873,152.534,0.0266
m,7.736062851,151.867,0.0266
m,7.740286663,156.006,0.0266
m,7.744477653,153.13,0.0266
m,7.780965947,146.065,0.027
m,7.785979093,149.905,0.027
m,7.791140334,142.709,0.027
m,7.796120813,146.892,0.027
m,7.512178654,147.929,0.0252
m,7.51217866,146.778,0.0251
m,7.51217866,146.914,0.0251
m,7.512145108,148.995,0.0251
m,7.512145108,148.646,0.0251
m,7.524627393,157.126,0.0255
m,7.528781482,150.43,0.0256
m,7.532969168,146.746,0.0256
m,7.537009782,153.423,0.0257
m,7.545057721,149.636,0.0258
m,7.568252609,152.042,0.0259
m,7.57250767,148.531,0.0259
m,7.580951203,146.986,0.0258
m,7.585353716,152.85,0.0257
m,7.613068199,150.816,0.0259
m,7.617651861,152.893,0.0259
m,7.626491215,147.183,0.026
m,7.630713676,157.1,0.0261
m,7.634755491,152.438,0.0262
m,7.661603695,149.797,0.0263
m,7.661603695,149.649,0.0263
m,7.670624823,148.729,0.0264
m,7.675028547,147.885,0.0263
m,7.679251618,151.808,0.0264
m,7.7078778,155.633,0.0266
m,7.71155901,150.696,0.0267
m,7.715026521,142.654,0.0267
m,7.723358825,157.529,0.0267
m,7.748520791,153.955,0.0266
m,7.757363252,152.637,0.0267
m,7.761981762,151.461,0.0267
m,7.771186144,159.413,0.0269
m,7.771186144,152.334,0.0269
m,7.801282199,154.666,0.0271
m,7.811243436,153.283,0.0271
m,7.816256807,145.517,0.027
m,7.81625683,146.643,0.0271
m,7.825839263,154.836,0.0272
m,7.830589109,157.923,0.0273
m,7.835338929,154.178,0.0273
m,7.840154158,151.806,0.0274
m,7.844755864,156.82,0.0275
m,7.84935761,159.443,0.0277
m,7.87571778,152.72,0.0282
m,7.88035236,152.733,0.0284
m,7.884838814,154.116,0.0284
m,7.893927131,156.923,0.0285
m,7.89838093,152.391,0.0286
m,7.925696249,146.511,0.0295
m,7.929870906,156.612,0.0296
m,7.938368162,151.719,0.0297
m,7.942690823,148.016,0.0298
m,7.97525296,155.462,0.0299
m,7.975253022,146.115,0.03
m,7.984754545,161.208,0.0299
m,7.989275618,152.832,0.0299
m,7.994010319,157.042,0.0299
m,8.021270108,149.164,0.0296
m,8.021270108,144.68,0.0296
m,8.029228911,149.97,0.0296
m,8.032995066,151.393,0.0296
m,8.036974722,150.555,0.0296
m,8.054373932,160.557,0.0294
s,8.054373932,155.377,0.0294
s,8.054373988,154.668,0.0295
s,8.054374046,156.751,0.0296
s,8.053799192,156.333,0.0301
s,8.053799257,154.174,0.0302
s,8.053766841,153.215,0.0302
s,8.053766907,152.469,0.0303
s,8.053734629,151.551,0.0305
s,8.053734917,152.553,0.0309
s,8.053702581,157.358,0.031
s,8.053702735,152.569,0.0312
s,8.053702735,150.408,0.0312
s,8.053702894,151.586,0.0314
m,7.853597659,147.328,0.0278
m,7.862143197,149.762,0.0279
m,7.86214327,151.722,0.0281
m,7.871050519,160.995,0.0281
m,7.902834704,151.074,0.0286
m,7.907288588,146.298,0.0288
m,7.911890502,158.578,0.029
m,7.916525285,157.231,0.0293
m,7.92112717,154.223,0.0294
m,7.946947896,158.052,0.0299
m,7.95120494,151.132,0.0299
m,7.955823707,144.806,0.03
m,7.965357388,147.369,0.03
m,7.970485994,158.119,0.03
m,7.998531632,145.653,0.0299
m,8.007820642,150.581,0.0298
m,8.012555696,157.336,0.0297
m,8.016929166,152.684,0.0297
m,8.040773518,142.93,0.0295
m,8.044210595,147.73,0.0294
m,8.049999615,149.367,0.0294
m,8.052351409,160.138,0.0293
m,8.054373876,159.579,0.0293
s,8.054374104,154.049,0.0297
s,8.054193251,153.062,0.0298
s,8.054193251,155.017,0.0298
s,8.054012398,151.283,0.0299
s,8.054012525,151.839,0.0301
s,8.053734699,154.586,0.0306
s,8.053734771,158.538,0.0307
s,8.053702432,152.406,0.0308
s,8.053702506,154.667,0.0309
s,8.053670485,154.014,0.0314
s,8.05348965,161.289,0.0315
s,8.053457325,156.068,0.0316
s,8.053457409,156.438,0.0317
s,8.053425177,154.263,0.0319
s,8.053244259,154.154,0.0319
s,8.053244346,160.045,0.032
s,8.053244346,158.124,0.032
s,8.053212033,159.163,0.0321
s,8.05306379,156.705,0.0324
s,8.05306379,160.444,0.0324
s,8.05306379,155.171,0.0324
s,8.05306379,156.243,0.0324
s,8.05306379,161.579,0.0324
s,8.053063979,152.067,0.0326
s,8.053063979,153.4,0.0326
s,8.053064075,152.044,0.0327
s,8.053096383,150.001,0.0326
s,8.052915562,151.681,0.0327
s,8.052734644,150.707,0.0327
s,8.052734742,150.878,0.0328
s,8.052734742,151.426,0.0328
s,8.052734742,150.962,0.0328
s,8.052470248,154.596,0.0329
s,8.052470149,153.197,0.0328
s,8.052502568,153.073,0.0328
s,8.052502568,153.093,0.0328
s,8.052502568,153.843,0.0328
s,8.052567513,153.184,0.0329
s,8.052567414,154.289,0.0328
s,8.052567513,158.261,0.0329
s,8.052567513,154.56,0.0329
s,8.052567513,154.995,0.0329
s,8.05260014,160.062,0.0331
s,8.052600242,155.887,0.0332
s,8.052632776,158.642,0.0333
s,8.052813687,154.499,0.0333
s,8.052846329,157.707,0.0335
s,8.052846329,153.852,0.0335
s,8.052846436,154.156,0.0336
s,8.052846436,156.289,0.0336
s,8.052846436,153.2,0.0336
s,8.053212033,160.756,0.0321
s,8.053031204,159.183,0.0322
s,8.053063606,154.32,0.0322
s,8.053063698,156.252,0.0323
s,8.053244708,158.895,0.0324
s,8.053063884,159.802,0.0325
s,8.053063884,155.249,0.0325
s,8.053212495,158.457,0.0326
s,8.053244897,151.64,0.0326
s,8.052915562,151.774,0.0327
s,8.052915562,152.066,0.0327
s,8.052734644,155.912,0.0327
s,8.052734644,149.975,0.0327
s,8.052734644,150.635,0.0327
s,8.052767251,154.654,0.0329
s,8.052767251,151.046,0.0329
s,8.052618747,151.872,0.0329
s,8.052618747,152.915,0.0329
s,8.052470248,152.539,0.0329
s,8.052502568,148.657,0.0328
s,8.052534989,149.434,0.0328
s,8.052534989,151.182,0.0328
s,8.052567414,151.129,0.0328
s,8.052599939,155.658,0.0329
s,8.052600039,155.108,0.033
s,8.052600039,158.667,0.033
s,8.05260014,160.465,0.0331
s,8.05260014,162.355,0.0331
s,8.052813792,159.951,0.0334
s,8.052813792,155.838,0.0334
s,8.052846223,159.037,0.0334
s,8.052846329,161.217,0.0335
s,8.052846329,157.907,0.0335
s,8.052846436,156.044,0.0336
s,8.052846436,149.85,0.0336
s,8.052846545,152.724,0.0337
s,8.052846545,154.019,0.0337
s,8.052846545,149.369,0.0337
s,8.052846545,150.053,0.0337
s,8.052846545,154.208,0.0337
s,8.052633203,157.924,0.0337
s,8.052452292,157.059,0.0337
s,8.051877239,154.6,0.0338
s,8.051696328,151.192,0.0338
s,8.051696218,160.826,0.0337
s,8.051663787,160.039,0.0337
s,8.051450126,150.688,0.0334
s,8.051450126,150.222,0.0334
s,8.051450021,148.585,0.0333
s,8.05126911,149.535,0.0333
s,8.051055667,149.668,0.0332
s,8.051022842,152.031,0.0328
s,8.051022744,153.304,0.0327
s,8.050990225,152.691,0.0326
s,8.050990225,157.063,0.0326
s,8.05099013,151.958,0.0325
s,8.050924751,159.495,0.0319
s,8.050924665,154.968,0.0318
s,8.050924665,150.519,0.0318
s,8.050892167,150.697,0.0317
s,8.051221505,150.715,0.0316
s,8.051402421,150.763,0.0316
s,8.051402339,152.126,0.0315
s,8.051402339,153.823,0.0315
s,8.051550851,153.84,0.0315
s,8.051518614,151.131,0.0317
s,8.051518614,154.79,0.0317
s,8.051518699,152.739,0.0318
s,8.051518699,155.281,0.0318
s,8.051699618,151.288,0.0318
m,8.051880799,150.989,0.0321
m,8.052061718,147.377,0.0321
m,8.052423468,158.4,0.032
m,8.053903225,151.843,0.032
s,8.052452402,160.033,0.0338
s,8.052271491,158.053,0.0338
s,8.052271491,153.523,0.0338
s,8.052058149,153.337,0.0338
s,8.051877239,150.464,0.0338
s,8.051450448,157.336,0.0337
s,8.051450448,153.224,0.0337
s,8.051450339,151.058,0.0336
s,8.051269321,152.25,0.0335
s,8.051450232,152.841,0.0335
s,8.051055667,152.331,0.0332
s,8.051055565,154.928,0.0331
s,8.051055464,149.12,0.033
s,8.051055464,152.657,0.033
s,8.050990037,151.22,0.0324
s,8.050989944,148.273,0.0323
s,8.050957526,151.673,0.0323
s,8.050957435,154.474,0.0322
s,8.050957256,160.166,0.032
s,8.051073082,148.386,0.0317
s,8.051073082,152.73,0.0317
s,8.051073082,152.842,0.0317
s,8.051073082,150.639,0.0317
s,8.051221505,149.962,0.0316
s,8.051550851,155.838,0.0315
s,8.051550851,151.569,0.0315
s,8.051550933,153.019,0.0316
s,8.05151853,151.171,0.0316
s,8.051702808,159.423,0
s,8.051667218,152.369,0.0318
s,8.051667218,154.525,0.0318
m,8.051848224,152.285,0.0319
m,8.051880623,151.433,0.0319
m,8.056403748,147.908,0.032
m,8.059447206,152.291,0.0321
m,8.062820176,144.46,0.0321
m,8.066225702,155.932,0.0322
m,8.072856026,148.014,0.0323
m,8.076294139,155.929,0.0324
m,8.079913186,147.325,0.0324
m,8.083894322,145.42,0.0325
m,8.087694498,147.755,0.0325
m,8.09134621,150.321,0.0327
m,8.112617306,147.509,0.033
m,8.11623718,149.522,0.0331
m,8.119857132,155.758,0.0332
m,8.123658161,148.153,0.0333
m,8.131292453,148.345,0.0334
m,8.159202166,148.257,0.0339
m,8.159202166,152.752,0.0339
m,8.167892057,146.212,0.0339
m,8.172418217,155.171,0.0339
m,8.203923913,148.9,0.0342
m,8.203924029,151.031,0.0343
m,8.213191206,152.519,0.0343
m,8.21808072,144.123,0.0343
m,8.22278927,150.622,0.0343
m,8.249988305,143.622,0.0345
m,8.254335544,152.794,0.0346
m,8.258682768,149.212,0.0346
m,8.262848839,158.878,0.0345
m,8.271724962,149.16,0.0345
m,8.300049933,153.518,0.0349
m,8.309928105,154.865,0.035
m,8.314820159,151.455,0.035
m,8.319350083,152.86,0.0351
m,8.349069127,158.423,0.0357
m,8.353268703,148.595,0.0358
m,8.357468346,148.531,0.0359
m,8.361880517,154.78,0.036
m,8.366623856,149.994,0.036
m,8.393010202,151.211,0.0364
m,8.397635139,147.248,0.0365
m,8.402109847,157.062,0.0365
m,8.406553725,155.009,0.0367
m,8.411028612,145.747,0.0368
m,8.098649408,149.445,0.0327
m,8.102301283,151.692,0.0329
m,8.102301283,161.25,0.0329
m,8.109178595,150.288,0.033
m,8.135125688,153.394,0.0334
m,8.138927031,155.198,0.0335
m,8.142909478,158.308,0.0336
m,8.146924042,147.961,0.0337
m,8.150874767,152.86,0.0339
m,8.176944608,149.841,0.034
m,8.18125806,149.661,0.034
m,8.185784703,143.284,0.0341
m,8.194838116,149.148,0.0341
m,8.199365114,150.967,0.0342
m,8.227316841,151.362,0.0343
m,8.236372333,144.033,0.0343
m,8.240932031,152.211,0.0344
m,8.245641175,158.84,0.0344
m,8.271724843,150.189,0.0344
m,8.281176393,146.367,0.0344
m,8.285886699,151.753,0.0345
m,8.290628607,152.78,0.0346
m,8.295339024,160.332,0.0346
m,8.319350083,149.493,0.0351
m,8.328047737,157.925,0.0352
m,8.332396656,154.479,0.0352
m,8.336745938,146.265,0.0354
m,8.340914111,148.042,0.0356
m,8.371429823,151.923,0.0361
m,8.37584215,158.037,0.0362
m,8.384122924,160.998,0.0362
m,8.384123065,157.325,0.0363
m,8.41532255,149.8,0.0371
m,8.419647319,153.364,0.0372
m,8.428146721,150.22,0.0374
m,8.428147032,152.913,0.0376
m,8.436770917,150.461,0.0378
m,8.441220355,151.169,0.038
m,8.445638521,158.427,0.0381
m,8.450300569,152.734,0.0384
m,8.459230286,146.165,0.0385
m,8.483939549,156.153,0.0391
m,8.487695308,147.816,0.0391
m,8.491663789,157.123,0.0392
m,8.499719299,147.529,0.0392
m,8.503262801,151.971,0.0392
s,8.507018691,159.161,0.0391
s,8.506987214,158.854,0.039
s,8.506987214,155.256,0.039
s,8.506987042,158.582,0.0389
s,8.506955741,155.481,0.0389
s,8.506593142,156.33,0.0388
s,8.506561671,157.837,0.0387
s,8.506561671,161.185,0.0387
s,8.506561503,150.879,0.0386
s,8.506379956,155.544,0.0384
s,8.506380122,155.742,0.0385
s,8.506379956,155.163,0.0384
s,8.506379956,153.605,0.0384
s,8.506348657,156.546,0.0384
s,8.505986561,156.765,0.0386
s,8.50598673,153.496,0.0387
s,8.50598707,160.003,0.0389
s,8.50598707,157.596,0.0389
s,8.505987242,154.291,0.039
s,8.505593688,152.601,0.0391
s,8.505381176,158.068,0.0391
s,8.505381176,151.771,0.0391
s,8.505412473,152.504,0.0391
s,8.505443946,160.353,0.0392
s,8.505444122,155.141,0.0393
s,8.505444122,150.67,0.0393
s,8.505263085,150.666,0.0394
s,8.505263085,152.714,0.0394
m,8.463529614,154.773,0.0386
m,8.467647913,145.216,0.0388
m,8.471766096,151.072,0.0389
m,8.475884158,143.498,0.0389
m,8.480002443,154.63,0.039
m,8.505837676,153.861,0.0392
m,8.507018866,154.031,0.0392
m,8.507412598,160.518,0.0392
s,8.507199905,158.755,0.0391
s,8.506955741,157.296,0.0389
s,8.506955741,153.225,0.0389
s,8.506955741,153.21,0.0389
s,8.506774356,152.143,0.0388
s,8.506774356,152.087,0.0388
s,8.506561503,153.588,0.0386
s,8.506561336,154.446,0.0385
s,8.506561336,151.072,0.0385
s,8.506561336,150.936,0.0385
s,8.506380122,153.402,0.0385
s,8.506348657,153.777,0.0384
s,8.506348823,157.162,0.0385
s,8.506348823,156.341,0.0385
s,8.506167777,158.594,0.0386
s,8.505806028,159.01,0.039
s,8.50577473,156.946,0.039
s,8.50577473,155.483,0.039
s,8.505593515,157.221,0.039
s,8.505593515,155.016,0.039
s,8.505412473,151.32,0.0391
s,8.505412473,157.181,0.0391
s,8.505412648,154.982,0.0392
s,8.505412648,153.958,0.0392
s,8.505412648,153.37,0.0392
s,8.505294387,149.434,0.0394
s,8.505294387,152.813,0.0394
s,8.50532587,152.844,0.0395
s,8.50532587,152.054,0.0395
s,8.50532587,150.336,0.0395
s,8.50532587,151.679,0.0395
s,8.50532587,152.73,0.0395
s,8.50532587,154.517,0.0395
s,8.505326049,150.951,0.0396
s,8.505144837,151.381,0.0396
s,8.505144837,154.176,0.0396
s,8.505144837,155.062,0.0396
s,8.505144837,156.772,0.0396
s,8.505389211,153.174,0.0399
s,8.505389211,157.862,0.0399
s,8.505389211,153.848,0.0399
s,8.505389211,156.724,0.0399
s,8.505389211,152.351,0.0399
s,8.50557024,160.874,0.0398
s,8.50557024,157.75,0.0398
s,8.50557024,156.584,0.0398
s,8.505570059,158.893,0.0397
s,8.505570059,153.579,0.0397
s,8.505569878,159.812,0.0396
s,8.505570059,160.822,0.0397
s,8.505388847,156.763,0.0397
s,8.505570059,149.916,0.0397
s,8.505357537,155.91,0.0397
s,8.505357537,152.314,0.0397
s,8.505357537,149.794,0.0397
s,8.505357357,152.59,0.0396
s,8.505357537,154.632,0.0397
s,8.50523895,154.662,0.0397
s,8.50523895,154.912,0.0397
s,8.50523895,154.028,0.0397
s,8.505270265,152.973,0.0397
s,8.505270265,150.282,0.0397
s,8.505120738,155.544,0.0399
s,8.505120922,155.682,0.04
s,8.505152244,155.711,0.04
s,8.505152244,159.683,0.04
s,8.505326049,147.944,0.0396
s,8.505326049,155.113,0.0396
s,8.505326049,152.163,0.0396
s,8.505144837,150.675,0.0396
s,8.505144837,151.764,0.0396
s,8.505145017,155.803,0.0397
s,8.505145017,153.297,0.0397
s,8.505176507,154.503,0.0398
s,8.505176507,161.837,0.0398
s,8.505389211,153.097,0.0399
s,8.505570423,151.826,0.0399
s,8.50557024,161.118,0.0398
s,8.505570423,155.254,0.0399
s,8.50557024,160.125,0.0398
s,8.505570059,158.173,0.0397
s,8.505569878,161.901,0.0396
s,8.505569878,158.609,0.0396
s,8.505569878,161.636,0.0396
s,8.505569878,161.521,0.0396
s,8.505570059,154.83,0.0397
s,8.505538749,159.249,0.0397
s,8.505538749,152.964,0.0397
s,8.505538749,154.806,0.0397
s,8.505538749,156.054,0.0397
s,8.505357537,151.426,0.0397
s,8.505176325,153.687,0.0397
s,8.505207637,152.959,0.0397
s,8.505207637,154.174,0.0397
s,8.505270446,153.728,0.0398
s,8.505270446,153.985,0.0398
s,8.505270629,152.115,0.0399
s,8.505270629,153.765,0.0399
s,8.505120738,155.405,0.0399
s,8.505152429,157.003,0.0401
s,8.505152429,158.703,0.0401
s,8.505152615,157.346,0.0402
s,8.505152615,158.201,0.0402
s,8.505152615,157.717,0.0402
s,8.505152615,162.356,0.0402
s,8.505152615,154.881,0.0402
s,8.505334011,157.335,0.0403
s,8.505334011,160.481,0.0403
s,8.505334011,155.214,0.0403
s,8.505728128,155.926,0.0405
s,8.505728128,153.683,0.0405
s,8.505909336,160.596,0.0405
s,8.505909336,159.205,0.0405
s,8.505909336,153.065,0.0405
s,8.505759453,159.098,0.0405
s,8.505578245,155.577,0.0405
s,8.50554692,161.565,0.0405
s,8.50554692,156.605,0.0405
s,8.505334011,158.661,0.0403
s,8.505333823,152.26,0.0402
s,8.505333823,150.642,0.0402
s,8.505302317,152.19,0.0401
s,8.505302132,152.026,0.04
m,8.505514477,146.373,0.0399
m,8.505726825,157.087,0.0398
m,8.507664202,156.39,0.0398
m,8.510782995,154.965,0.0399
m,8.518201531,151.089,0.0399
m,8.543734522,160.019,0.0403
m,8.552398149,154.808,0.0404
m,8.556548799,149.173,0.0404
m,8.560880688,151.037,0.0404
m,8.585810516,151.369,0.0407
m,8.59423092,148.242,0.0407
m,8.5983822,150.369,0.0407
m,8.606015357,157.595,0.0408
m,8.60992246,156.145,0.0408
m,8.630096998,151.204,0.0409
m,8.634611203,157.046,0.041
m,8.643757321,155.305,0.0411
m,8.643757321,152.235,0.0411
m,8.651998052,157.191,0.0412
s,8.505515407,153.256,0.0404
s,8.505515407,161.341,0.0404
s,8.505515407,157.314,0.0404
s,8.505728128,154.41,0.0405
s,8.50594066,157.53,0.0405
s,8.505759453,155.765,0.0405
s,8.505759453,158.457,0.0405
s,8.505759453,154.344,0.0405
s,8.505759453,159.013,0.0405
s,8.50554673,158.552,0.0404
s,8.50554673,161.51,0.0404
s,8.505365523,157.191,0.0404
s,8.505334011,154.985,0.0403
s,8.505334011,158.877,0.0403
m,8.505302132,155.114,0.04
m,8.50515206,153.978,0.0399
m,8.50515206,145.331,0.0399
m,8.505333452,149.726,0.04
m,8.518201531,150.892,0.0399
m,8.526620463,154.443,0.04
m,8.530952074,155.84,0.0401
m,8.535283753,149.751,0.0402
m,8.539584089,158.169,0.0403
m,8.560880688,155.724,0.0404
m,8.569544859,153.21,0.0405
m,8.573664278,147.829,0.0405
m,8.577783746,152.596,0.0405
m,8.581903454,151.107,0.0406
m,8.613680086,156.594,0.0408
m,8.617587267,151.808,0.0408
m,8.621494676,157.815,0.0409
m,8.625583046,154.576,0.0409
m,8.655905764,148.894,0.0413
m,8.659994411,152.093,0.0413
m,8.664115025,156.094,0.0414
m,8.672111585,158.485,0.0415
m,8.676019468,157.042,0.0416
m,8.680108269,154.193,0.0416
m,8.684016013,147.79,0.0416
m,8.688073285,146.265,0.0417
m,8.696219674,152.143,0.0419
m,8.71945454,149.691,0.042
m,8.723149856,152.235,0.0421
m,8.730934343,148.275,0.0422
m,8.735204577,146.398,0.0422
m,8.739506938,148.73,0.0423
m,8.765566718,152.107,0.0428
m,8.765566933,146.503,0.0429
m,8.774107925,148.595,0.0429
m,8.778378672,146.159,0.043
m,8.782649226,148.21,0.043
m,8.81256612,151.362,0.0437
m,8.817102756,149.179,0.0437
m,8.821639617,147.69,0.0438
m,8.826112659,154.983,0.044
m,8.858191244,147.935,0.0448
m,8.862015543,156.023,0.045
m,8.86583948,144.484,0.045
m,8.873552147,151.441,0.0451
m,8.873552147,160.144,0.0451
m,8.898509027,149.506,0.0456
m,8.902742035,152.469,0.0459
m,8.911208144,141.138,0.046
m,8.915442489,144.802,0.0463
m,8.919857687,158.944,0.0464
m,8.948196333,145.647,0.0471
m,8.952006926,149.833,0.0472
m,8.956064093,149.805,0.0473
m,8.959940621,156.878,0.0473
m,8.988292699,151.232,0.0483
m,8.99205879,154.904,0.0484
m,8.995316921,153.277,0.0487
m,8.998313172,150.848,0.0488
m,9.003305069,152.525,0.0487
m,8.700340414,148.12,0.0419
m,8.704461406,155.186,0.042
m,8.708337501,150.717,0.042
m,8.712064177,148.752,0.0419
m,8.715759451,149.742,0.042
m,8.743777435,145.376,0.0424
m,8.74826092,147.13,0.0425
m,8.752595531,148.037,0.0427
m,8.757111037,145.617,0.0428
m,8.786707214,148.332,0.0432
m,8.790978248,155.811,0.0434
m,8.795249087,158.396,0.0435
m,8.803726341,144.282,0.0435
m,8.808146226,145.039,0.0436
m,8.830798302,145.426,0.044
m,8.840383101,145.305,0.0442
m,8.845133009,150.772,0.0443
m,8.849947178,149.214,0.0445
m,8.854218065,149.625,0.0446
m,8.881148722,154.026,0.0452
m,8.885464222,153.426,0.0453
m,8.889960952,150.171,0.0454
m,8.89416045,150.436,0.0455
m,8.924059953,150.858,0.0465
m,8.928049477,150.268,0.0467
m,8.932104099,147.8,0.0468
m,8.936340057,154.356,0.0469
m,8.944353484,154.482,0.047
m,8.963966472,146.643,0.0476
m,8.96787696,154.983,0.0477
m,8.976192618,145.361,0.0479
m,8.976192888,150.301,0.048
m,8.984560184,150.521,0.0482
m,9.005333822,154.977,0.0485
m,9.007283197,155.745,0.0484
m,9.00847774,155.003,0.0482
m,9.009391965,148.898,0.0477
m,9.009926912,149.069,0.0476
m,9.010475572,146.913,0.0475
s,9.010475308,148.171,0.0474
s,9.010655657,149.926,0.0473
s,9.010655395,148.957,0.0472
s,9.010587117,149.248,0.0467
s,9.010553372,147.461,0.0466
s,9.010553118,148.447,0.0465
s,9.010519378,147.863,0.0464
s,9.010450671,151,0.0457
s,9.010450426,149.17,0.0456
s,9.010483908,150.819,0.0456
s,9.010483908,148.88,0.0456
s,9.010517148,149.585,0.0455
s,9.010369778,148.138,0.0454
s,9.010403509,149.874,0.0455
s,9.010403509,150.771,0.0455
s,9.010470495,148.233,0.0455
s,9.010684362,152.736,0.0454
s,9.010570269,148.571,0.0452
s,9.01057003,150.251,0.0451
s,9.010536529,148.646,0.0451
s,9.010536529,148.573,0.0451
s,9.010583162,151.874,0.0451
s,9.010402309,151.38,0.045
s,9.01036882,150.132,0.045
s,9.010549435,153.33,0.045
s,9.010515712,153.207,0.0449
s,9.010482228,150.976,0.0449
s,9.010662845,151.992,0.0449
s,9.010663081,152.94,0.045
s,9.010663081,151.772,0.045
s,9.010696565,150.844,0.045
s,9.010910194,151.69,0.0448
s,9.010910194,152.219,0.0448
s,9.010876474,148.969,0.0447
s,9.010876241,149.825,0.0446
s,9.010836008,148.142,0.0472
s,9.010835747,148.175,0.0471
s,9.010835487,148.276,0.047
s,9.010587631,146.915,0.0469
s,9.010587373,147.639,0.0468
s,9.010518875,148.345,0.0462
s,9.010485141,149.077,0.0461
s,9.010484892,150.632,0.046
s,9.010451163,150.608,0.0459
s,9.010450916,151.835,0.0458
s,9.010517148,150.72,0.0455
s,9.010517148,148.31,0.0455
s,9.010550635,153.355,0.0455
s,9.010369778,151.459,0.0454
s,9.010537249,151.061,0.0454
s,9.010537008,150.052,0.0453
s,9.010570509,149.421,0.0453
s,9.010570269,148.836,0.0452
s,9.010570269,148.457,0.0452
s,9.01050303,149.929,0.0451
s,9.01050303,147.803,0.0451
s,9.010469533,150.349,0.0451
s,9.010436039,149.201,0.0451
s,9.010616653,148.882,0.0451
s,9.010515712,153.525,0.0449
s,9.010515712,153.036,0.0449
s,9.010515712,154.172,0.0449
s,9.010481993,151.016,0.0448
s,9.010696802,152.761,0.0451
s,9.010696802,152.276,0.0451
s,9.010696565,148.458,0.045
s,9.010729814,150.584,0.0449
s,9.010910429,152.639,0.0449
s,9.010876008,150.965,0.0445
s,9.010876008,150.42,0.0445
s,9.010661678,150.221,0.0444
s,9.010661678,152.337,0.0444
s,9.010842295,151.801,0.0444
s,9.010842295,153.011,0.0444
s,9.010842065,152.621,0.0443
s,9.010841836,156.045,0.0442
s,9.010808356,155.008,0.0442
s,9.010808128,153.791,0.0441
s,9.010988746,152.695,0.0441
s,9.010988974,151.721,0.0442
s,9.010988974,149.802,0.0442
s,9.010989203,152.54,0.0443
s,9.010989203,151.095,0.0443
s,9.011204461,151.057,0.0448
s,9.011204461,150.418,0.0448
s,9.011385314,149.22,0.0449
s,9.011351836,149.086,0.0449
s,9.011318125,150.043,0.0448
s,9.011284651,150.306,0.0448
s,9.011284886,151.863,0.0449
s,9.011284651,151.735,0.0448
s,9.01125118,150.336,0.0448
s,9.011250945,150.027,0.0447
s,9.011250945,148.962,0.0447
s,9.011465036,153.082,0.0447
s,9.011465036,152.304,0.0447
s,9.011464803,151.398,0.0446
s,9.011826277,153.986,0.0447
s,9.011826277,152.625,0.0447
s,9.011826277,154.314,0.0447
s,9.011826277,155.705,0.0447
s,9.012007366,151.346,0.0449
s,9.012041074,151.809,0.045
s,9.012074547,149.846,0.045
s,9.012108023,152.657,0.045
s,9.01210826,152.112,0.0451
s,9.012175698,152.657,0.0453
s,9.012175939,153.539,0.0454
s,9.012028806,148.905,0.0454
s,9.012028806,151.812,0.0454
s,9.012028806,152.821,0.0454
s,9.010808128,152.315,0.0441
s,9.010807901,154.004,0.044
s,9.01098852,153.065,0.044
s,9.010988746,153.983,0.0441
s,9.010989433,151.02,0.0444
s,9.011170282,152.212,0.0445
s,9.011170514,152.704,0.0446
s,9.011203993,151,0.0446
s,9.011204227,155.706,0.0447
s,9.011352072,149.287,0.045
s,9.011351836,149.703,0.0449
s,9.01131836,151.471,0.0449
s,9.01131836,153.865,0.0449
s,9.01131836,154.262,0.0449
s,9.01125118,152.659,0.0448
s,9.01125118,152.287,0.0448
s,9.011250945,151.973,0.0447
s,9.011250945,149.391,0.0447
s,9.011498509,151.711,0.0447
s,9.011498509,151.775,0.0447
s,9.011498509,152.371,0.0447
s,9.011679129,150.891,0.0447
s,9.011645656,151.421,0.0447
s,9.011973428,151.048,0.0447
s,9.011973428,151.659,0.0447
s,9.011973662,152.351,0.0448
s,9.011973662,152.51,0.0448
s,9.012007131,151.181,0.0448
s,9.012141738,152.675,0.0451
s,9.012141977,153.966,0.0452
s,9.012175458,153.114,0.0452
s,9.012175698,156.092,0.0453
s,9.012062533,148.931,0.0455
s,9.012062776,148.929,0.0456
s,9.012096265,149.135,0.0456
s,9.012096265,153.541,0.0456
s,9.012063021,149.917,0.0457
s,9.012063021,151.45,0.0457
s,9.012063021,154.005,0.0457
s,9.012063021,154.414,0.0457
s,9.012243636,151.962,0.0457
s,9.012176181,154.015,0.0455
s,9.011962084,154.781,0.0455
s,9.011962084,153.092,0.0455
s,9.011962084,151.264,0.0455
s,9.011962084,149.681,0.0455
s,9.011895616,149.113,0.0457
m,9.011714997,150.23,0.0457
m,9.011681523,149.267,0.0457
m,9.011681768,145.318,0.0458
m,9.011682015,150.024,0.0459
m,9.014089212,158.768,0.0458
m,9.014290709,145.64,0.0457
m,9.014639465,152.657,0.0457
m,9.014875017,149.318,0.0457
m,9.017936075,147.752,0.0456
m,9.018071481,149.71,0.0456
m,9.01817306,148.266,0.0456
m,9.018477684,151.625,0.0455
m,9.018895676,153.421,0.0456
m,9.023183827,143.836,0.045
m,9.025501768,144.061,0.045
m,9.025501768,155.811,0.045
m,9.027740023,144.225,0.045
m,9.028806578,147.575,0.045
m,9.038206055,148.969,0.044
m,9.039192466,149.973,0.0448
m,9.040034044,145.849,0.0448
m,9.041797116,148.803,0.0448
m,9.04730723,156.442,0.0447
m,9.049315936,144.494,0.0447
m,9.04931617,144.368,0.0448
m,9.051011722,154.108,0.0448
m,9.051629703,158.862,0.0449
s,9.012243392,154.094,0.0456
s,9.012209907,153.784,0.0456
s,9.012209664,153.913,0.0455
s,9.012209664,151.874,0.0455
s,9.012176181,153.116,0.0455
s,9.011928605,150.446,0.0455
s,9.011928848,151.37,0.0456
s,9.011895371,150.94,0.0456
s,9.011895371,149.71,0.0456
m,9.011749214,147.526,0.046
m,9.012432013,154.684,0.0459
m,9.013082025,149.215,0.0459
m,9.013082025,147.755,0.0459
m,9.013820354,148.397,0.0458
m,9.015616081,147.158,0.0457
m,9.016268563,151.518,0.0456
m,9.016808759,144.864,0.0456
m,9.017428638,150.315,0.0456
m,9.017733036,150.71,0.0456
m,9.019200634,148.967,0.0455
m,9.019856255,147.817,0.0455
m,9.020862032,156.313,0.0452
m,9.022005282,148.746,0.0451
m,9.029875638,148.964,0.0451
m,9.030912143,148.047,0.0451
m,9.031916116,145.955,0.0451
m,9.033749772,145.587,0.0451
m,9.034759475,150.285,0.045
m,9.042753638,148.978,0.0448
m,9.043747395,141.998,0.0448
m,9.044562993,145.778,0.0448
m,9.045451556,147.104,0.0447
m,9.046342509,140.741,0.0447
m,9.052429776,145.459,0.0449
m,9.053016455,143.082,0.045
m,9.053980271,146.651,0.045
m,9.054537478,149.461,0.0451
m,9.054917247,141.768,0.0452
m,9.055552154,151.02,0.0452
m,9.056010204,143.339,0.0453
m,9.056576452,143.831,0.0453
m,9.05760461,145.451,0.0453
m,9.063354302,154.887,0.0453
m,9.064799134,150.675,0.0454
m,9.068127888,132.4,0.0454
m,9.069832883,141.715,0.0454
m,9.080900388,151.748,0.0456
m,9.082799036,140.468,0.0455
m,9.086168048,141.272,0.0455
m,9.087932218,140.35,0.0455
m,9.089839274,141.408,0.0455
m,9.097740263,154.035,0.0454
m,9.10130804,140.327,0.0454
m,9.103370388,149.069,0.0453
m,9.104959934,153.324,0.0453
m,9.106372147,144.323,0.0453
m,9.116459586,141.109,0.0457
m,9.118044038,151.565,0.0458
m,9.119451913,146.768,0.0459
m,9.12086269,150.54,0.0463
m,9.126378765,148.593,0.0478
m,9.126542547,146.693,0.0484
m,9.126220226,161.197,0.0486
m,9.126220779,143.307,0.0488
m,9.125788514,153.076,0.049
m,9.122709475,151.419,0.0502
m,9.121766055,150.948,0.0504
m,9.120783872,153.4,0.0506
m,9.119762707,142.936,0.0508
m,9.118702346,148.058,0.051
m,9.110342873,141.209,0.0521
m,9.108816931,141.321,0.0523
m,9.107732558,135.029,0.0525
m,9.106566306,135.556,0.0528
m,9.058282724,147.579,0.0453
m,9.058282724,148.673,0.0453
m,9.05996648,146.526,0.0453
m,9.06100894,147.124,0.0452
m,9.062091043,147.593,0.0453
m,9.07175705,139.324,0.0454
m,9.07175705,151.605,0.0454
m,9.075395028,137.784,0.0455
m,9.07732596,139.193,0.0456
m,9.079182779,156.641,0.0456
m,9.089839033,144.983,0.0454
m,9.093160672,142.103,0.0454
m,9.09463885,143.46,0.0455
m,9.096297415,155.204,0.0454
m,9.107785957,147.873,0.0453
m,9.10924057,146.341,0.0453
m,9.111915347,148.093,0.0453
m,9.113414989,147.212,0.0454
m,9.11341523,138.646,0.0455
m,9.123113741,145.142,0.0466
m,9.124034685,144.335,0.0468
m,9.124958339,150.892,0.0471
m,9.125567483,139.76,0.0474
m,9.126040761,139.58,0.0476
m,9.125405868,152.76,0.0491
m,9.125163456,155.074,0.0493
m,9.124567694,147.028,0.0498
m,9.123518269,151.986,0.05
m,9.117780642,155.89,0.0512
m,9.116641255,145.66,0.0514
m,9.115545008,150.848,0.0515
m,9.113180417,132.192,0.0517
m,9.111692668,142.216,0.0519
m,9.104432861,139.69,0.0528
m,9.103330116,136.006,0.0528
m,9.103330116,141.863,0.0528
m,9.101424179,144.448,0.053
m,9.10088458,148.361,0.0533
m,9.100211235,156.896,0.0535
m,9.099802978,150.246,0.0538
m,9.099396621,144.478,0.054
m,9.098014024,157.185,0.0541
m,9.097173566,142.455,0.0543
m,9.092047862,148.277,0.0552
m,9.090392121,152.008,0.0554
m,9.089436047,142.883,0.0556
m,9.088836877,152.931,0.0558
m,9.088152725,148.47,0.056
m,9.083762357,150.627,0.0569
m,9.083271443,145.963,0.057
m,9.082827205,138.407,0.0571
m,9.08234124,146.649,0.0572
m,9.079770603,149.712,0.058
m,9.0795755,145.812,0.0582
m,9.079252509,148.391,0.0585
m,9.079155026,146.213,0.0588
m,9.079106166,156.71,0.059
m,9.079076179,156.871,0.0596
m,9.079175507,161.156,0.0596
m,9.079101379,149.049,0.0596
m,9.079160633,161.981,0.0596
m,9.07914866,154.04,0.0595
m,9.077206942,155.037,0.0595
m,9.076464813,152.856,0.0594
m,9.076464418,150.985,0.0593
m,9.075910369,151.609,0.059
m,9.075577519,150.092,0.0587
m,9.075742603,154.387,0.0586
m,9.075742217,161.659,0.0585
m,9.075953785,155.261,0.0584
m,9.076000116,157.033,0.0583
m,9.07659946,155.679,0.0579
m,9.076972713,149.089,0.0574
m,9.077299316,148.477,0.0571
m,9.077580308,154.029,0.0569
m,9.077639504,151.15,0.0566
m,9.095589761,146.4,0.0545
m,9.094711948,152.164,0.0546
m,9.093792634,148.209,0.0546
m,9.093053944,144.525,0.055
m,9.087513723,151.544,0.0561
m,9.086964491,148.106,0.0563
m,9.086283741,151.05,0.0564
m,9.085516731,158.225,0.0567
m,9.084885079,142.465,0.0568
m,9.0819021,145.384,0.0573
m,9.081598418,145.053,0.0575
m,9.081164728,140.174,0.0577
m,9.080438449,143.098,0.0579
m,9.080438828,141.559,0.058
m,9.07923607,161.348,0.0591
m,9.079193266,154.007,0.0593
m,9.079284184,152.589,0.0594
m,9.07928458,153.885,0.0595
m,9.079039744,155.048,0.0595
m,9.078980367,153.897,0.0596
m,9.078709949,152.954,0.0595
m,9.078220944,156.946,0.0595
m,9.077735492,151.142,0.0595
m,9.075879068,153.961,0.059
m,9.075674882,151.645,0.059
m,9.075743727,153.814,0.0589
m,9.075897467,157.663,0.0589
m,9.07565516,153.153,0.0589
m,9.076177191,152.376,0.0582
m,9.076228991,159.01,0.0579
m,9.076393766,156.038,0.0582
m,9.07640723,152.133,0.058
m,9.077798168,155.984,0.0561
m,9.077727129,157.28,0.0558
m,9.077768868,150.362,0.0555
m,9.078087021,152.132,0.0552
m,9.078233789,149.845,0.055
m,9.078257597,152.208,0.0546
m,9.078410843,153.236,0.0543
m,9.078567776,153.493,0.0541
m,9.078727056,149.871,0.0536
m,9.079467241,161.728,0.0516
m,9.079580235,148.124,0.0513
m,9.079646312,150.748,0.0509
m,9.0800391,156.706,0.0508
m,9.080038204,161.048,0.0505
m,9.080585182,159.414,0.0501
m,9.080692892,153.185,0.0502
m,9.080802168,156.433,0.0502
m,9.080985669,152.74,0.0502
m,9.080985963,155.416,0.0503
m,9.082981559,154.49,0.0503
m,9.083435119,160.328,0.0503
m,9.083726615,156.142,0.0504
m,9.083726615,150.061,0.0504
m,9.085818227,151.182,0.0508
m,9.085849789,157.2,0.0508
m,9.086042064,159.045,0.051
m,9.086042064,151.144,0.051
m,9.086456528,152.796,0.0512
m,9.088667158,160.383,0.0519
m,9.08876437,152.565,0.052
m,9.089103448,151.757,0.0521
m,9.089271089,157.885,0.052
m,9.089495325,152.122,0.0521
m,9.091231713,148.601,0.0527
m,9.091584232,147.968,0.0527
m,9.091830875,152.068,0.0527
m,9.09202559,158.704,0.0527
m,9.094153475,155.544,0.0532
m,9.094697837,149.741,0.0531
m,9.095300858,150.548,0.0531
m,9.095907614,154.4,0.0532
m,9.096786937,159.957,0.0534
m,9.078890356,156.693,0.0533
m,9.079128572,158.948,0.0531
m,9.079251468,157.099,0.0527
m,9.079303261,154.352,0.0524
m,9.079358339,157.595,0.052
m,9.080241415,153.603,0.0504
m,9.080368998,151.35,0.0502
m,9.080448474,157.756,0.0501
m,9.080653604,154.376,0.05
m,9.08166138,154.04,0.0503
m,9.081742169,158.637,0.0503
m,9.081999784,146.913,0.0503
m,9.08226017,151.092,0.0503
m,9.08247129,153.032,0.0502
m,9.084437349,149.308,0.0504
m,9.084631057,155.097,0.0505
m,9.085000114,150.988,0.0505
m,9.085198066,158.363,0.0507
m,9.085571006,150.19,0.0507
m,9.086627676,151.05,0.0514
m,9.086975425,152.663,0.0515
m,9.087553383,153.97,0.0517
m,9.088226229,146.565,0.0518
m,9.089549348,155.936,0.0523
m,9.08977855,158.014,0.0524
m,9.090009901,154.863,0.0524
m,9.090588339,154.181,0.0525
m,9.090881317,149.038,0.0525
m,9.092313245,153.935,0.0528
m,9.092624296,154.336,0.0529
m,9.09262462,158.204,0.053
m,9.093300428,150.447,0.053
m,9.093666545,156.951,0.0531
m,9.097342717,157.431,0.0535
m,9.097343048,159.44,0.0536
m,9.098243334,160.261,0.0537
m,9.099113553,158.674,0.0538
m,9.099641662,159.998,0.0539
m,9.099303255,160.713,0.0541
m,9.099324112,161.033,0.0544
m,9.099739124,159.438,0.0545
m,9.100729027,160.201,0.0546
m,9.104300487,158.272,0.0564
m,9.105354325,154.88,0.0568
m,9.105342697,157.644,0.0572
m,9.105505505,157.626,0.0574
m,9.107978137,144.698,0.0586
m,9.109089047,157.424,0.0589
m,9.109505724,151.59,0.059
m,9.109755146,148.67,0.0594
m,9.110350366,148.216,0.0595
m,9.112575032,153.1,0.0596
m,9.114209064,156.396,0.0596
m,9.11511641,148.2,0.0596
m,9.1162542,158.879,0.0591
m,9.11739655,155.932,0.0589
m,9.121863895,159.777,0.0576
m,9.121986074,157.896,0.0573
m,9.121991664,148.559,0.0569
m,9.122110866,155.468,0.0567
m,9.122081079,148.692,0.056
m,9.121770264,146.586,0.0557
m,9.121146527,144.394,0.0555
m,9.121145131,144.65,0.0551
m,9.119818342,149.293,0.0547
m,9.114474558,145.585,0.0532
m,9.113380067,148.707,0.0529
m,9.112229296,149.589,0.0527
m,9.111177384,146.165,0.0525
m,9.110392352,154.422,0.0523
m,9.106724442,148.34,0.0516
m,9.106508462,145.872,0.0515
m,9.106447182,147.492,0.0515
m,9.106385596,157.759,0.0514
m,9.101150973,161.025,0.0548
m,9.102730675,158.488,0.0551
m,9.102705936,156.104,0.055
m,9.103745233,151.674,0.0555
m,9.10429905,155.681,0.056
m,9.105843724,154.48,0.0577
m,9.106185931,151.57,0.0581
m,9.107105546,156.577,0.0583
m,9.107454833,153.328,0.0584
m,9.107977752,152.69,0.0585
m,9.111149843,144.696,0.0596
m,9.111412118,157.213,0.0596
m,9.112018863,148.125,0.0595
m,9.112574637,155.804,0.0595
m,9.11831308,154.976,0.0587
m,9.120032626,149.884,0.0584
m,9.120605101,145.915,0.0582
m,9.121232362,151.6,0.058
m,9.121402927,149.216,0.0578
m,9.122449893,153.707,0.0565
m,9.122328236,152.003,0.0564
m,9.12242913,149.072,0.0564
m,9.122301158,154.177,0.0564
m,9.122012104,152.162,0.0563
m,9.118997458,157.539,0.0544
m,9.118120864,154.78,0.0539
m,9.117419922,146.179,0.0537
m,9.115452146,148.604,0.0535
m,9.109703482,150.401,0.052
m,9.109002736,156.247,0.0519
m,9.108350108,160.714,0.0518
m,9.10738932,154.274,0.0517
m,9.10703302,152.654,0.0515
m,9.106385596,156.554,0.0514
m,9.106123087,148.017,0.0513
m,9.106123087,145.396,0.0513
m,9.10573607,149.132,0.0512
m,9.105396002,151.253,0.0511
m,9.10534818,143.196,0.051
m,9.105762086,154.369,0.051
m,9.106976145,153.305,0.0512
m,9.10898943,141.071,0.0513
m,9.11410694,161.281,0.0513
m,9.125845592,143.916,0.0514
m,9.128103937,146.918,0.0514
m,9.132467605,154.513,0.0515
m,9.134280284,145.403,0.0514
m,9.13609299,147.849,0.0513
m,9.146310146,161.372,0.0511
m,9.146540308,146.206,0.051
m,9.146770472,145.163,0.0509
m,9.147108223,148.682,0.0508
m,9.08701796,142.773,0.0452
m,9.090297666,141.123,0.045
m,9.092445588,142.126,0.0449
m,9.097825119,140.46,0.0447
m,9.097824887,141.352,0.0446
m,9.12824435,138.342,0.044
m,9.131357108,140.396,0.0439
m,9.134613786,139.41,0.0439
m,9.137797962,137.749,0.0439
m,9.141126293,148.656,0.0439
m,9.165355354,149.324,0.0438
m,9.168299539,147.408,0.0439
m,9.17142468,150.301,0.0439
m,9.174515114,145.878,0.0439
m,9.196414089,151.28,0.0438
m,9.19880015,147.374,0.0438
m,9.201368022,146.381,0.0437
m,9.204008761,142.999,0.0436
m,9.206831566,143.09,0.0436
m,9.228074587,145.836,0.0435
m,9.232077897,149.221,0.0435
m,9.236116511,148.195,0.0435
m,9.240475364,152.857,0.0434
m,9.249584155,148.182,0.0435
m,9.116749949,149.039,0.0513
m,9.116749949,146.763,0.0513
m,9.121712374,147.19,0.0512
m,9.123755997,147.955,0.0513
m,9.137629471,143.131,0.0513
m,9.139504285,154.827,0.0514
m,9.141378806,148.078,0.0514
m,9.145235163,157.632,0.0513
m,9.146310449,147.726,0.0512
m,9.148183527,149.871,0.0507
m,9.149689596,156.135,0.0507
m,9.150230093,151.195,0.0507
m,9.085838579,142.117,0.045
m,9.086102817,143.968,0.0451
m,9.105650458,145.383,0.0445
m,9.109705875,134.96,0.0444
m,9.121329371,140.228,0.0441
m,9.124841864,135.539,0.044
m,9.144276711,149.111,0.0441
m,9.14742751,147.243,0.0439
m,9.153770317,145.554,0.0439
m,9.156782019,147.456,0.0439
m,9.159614873,151.765,0.0438
m,9.177607043,145.704,0.0439
m,9.180736659,153.368,0.044
m,9.186603878,156.745,0.044
m,9.189341745,148.18,0.044
m,9.193958664,149.745,0.0438
m,9.213304548,144.672,0.0435
m,9.21695436,146.67,0.0436
m,9.220710176,140.717,0.0435
m,9.224357023,148.262,0.0435
m,9.254333788,145.842,0.0436
m,9.258868024,152.44,0.0436
m,9.263472487,148.615,0.0437
m,9.268041946,142.741,0.0438
m,9.27300654,151.784,0.0438
m,9.277826187,145.372,0.0439
m,9.283005742,144.279,0.0438
m,9.288435722,144.253,0.0438
m,9.299185627,143.917,0.0438
m,9.333078377,142.409,0.0444
m,9.338118058,146.201,0.0444
m,9.338118286,141.868,0.0445
m,9.348232723,143.65,0.0445
m,9.353452633,146.063,0.0445
m,9.385205014,155.691,0.0454
m,9.395535372,146.126,0.0456
m,9.400610474,147.019,0.0457
m,9.405866019,148.708,0.0459
m,9.411121094,149.038,0.0459
m,9.442414978,161.183,0.0466
m,9.452606248,155.088,0.0468
m,9.457756947,158.699,0.0468
m,9.4629428,152.756,0.0469
m,9.495007311,150.506,0.0474
m,9.50581615,154.345,0.0475
m,9.511078625,153.291,0.0476
m,9.516410625,148.344,0.0477
m,9.521742434,155.454,0.0477
m,9.546596033,154.604,0.049
m,9.553947018,158.867,0.0494
m,9.557081983,153.756,0.0497
m,9.560036403,157.295,0.0499
m,9.562811125,158.054,0.0503
s,9.571494571,153.942,0.051
s,9.571494277,154.613,0.0509
s,9.571528871,154.773,0.0509
s,9.571563468,158.311,0.0509
s,9.571848153,156.239,0.0511
s,9.571848449,157.014,0.0512
s,9.571848153,157.159,0.0511
s,9.571883054,154.141,0.0512
s,9.572063346,154.989,0.0512
m,9.304255564,147.321,0.0439
m,9.309075047,142.71,0.0439
m,9.313859487,145.926,0.0439
m,9.318644826,144.567,0.0443
m,9.328038943,146.281,0.0445
m,9.358707569,158.574,0.0445
m,9.364108159,145.939,0.0447
m,9.369328602,151.215,0.0449
m,9.379949287,146.996,0.0451
m,9.416306558,146.097,0.046
m,9.421526987,158.896,0.0461
m,9.426857573,143.64,0.0461
m,9.43222362,153.803,0.0463
m,9.442414481,151.463,0.0464
m,9.468128696,156.791,0.047
m,9.473460043,149.664,0.0471
m,9.478937146,151.96,0.0473
m,9.484233604,150.371,0.0473
m,9.495007311,160.61,0.0474
m,9.527109512,160.321,0.0479
m,9.532476639,157.428,0.0481
m,9.542344028,157.439,0.0484
m,9.546595216,158.001,0.0487
m,9.565404426,155.203,0.0503
m,9.56944067,156.913,0.0505
m,9.570883329,156.776,0.0506
m,9.571639397,157.966,0.0507
m,9.571639689,154.739,0.0508
s,9.571743763,158.328,0.0509
s,9.571778655,156.767,0.051
s,9.571778655,154.889,0.051
s,9.571813255,156.447,0.051
s,9.571813255,158.568,0.051
s,9.572063346,154.309,0.0512
s,9.571848449,151.888,0.0512
s,9.571848746,152.593,0.0513
s,9.571848746,155.081,0.0513
s,9.571814442,152.714,0.0514
s,9.571814442,154.145,0.0514
s,9.571599547,153.418,0.0514
s,9.571599846,154.051,0.0515
s,9.571419552,153.739,0.0515
s,9.571239258,154.334,0.0515
s,9.571239258,153.223,0.0515
s,9.571239258,155.292,0.0515
s,9.571239258,153.612,0.0515
s,9.571273861,154.531,0.0515
s,9.571093568,154.161,0.0515
s,9.571093568,154.285,0.0515
s,9.571093568,152.747,0.0515
s,9.571093568,155.372,0.0515
s,9.571025269,155.673,0.0518
s,9.570845277,157.54,0.0519
s,9.570845277,158.181,0.0519
s,9.570664983,154.09,0.0519
s,9.570664983,156.497,0.0519
s,9.570630689,157.948,0.052
s,9.570630689,156.551,0.052
s,9.570450394,156.611,0.052
s,9.570450394,156.125,0.052
s,9.569841233,155.464,0.0523
s,9.569875831,155.401,0.0523
s,9.56987614,154.762,0.0524
s,9.56987645,152.511,0.0525
s,9.56987676,154.039,0.0526
s,9.569482512,153.983,0.0529
s,9.569482827,155.472,0.053
s,9.569482827,155.548,0.053
s,9.569663121,155.025,0.053
s,9.569663437,154.14,0.0531
s,9.569809453,153.443,0.0532
s,9.569809453,154.149,0.0532
s,9.569809771,154.364,0.0533
s,9.569809771,155.363,0.0533
s,9.571419552,154.979,0.0515
s,9.571419253,152.722,0.0514
s,9.571419552,153.342,0.0515
s,9.571419253,152.105,0.0514
s,9.571238959,155.237,0.0514
s,9.571239559,155.194,0.0516
s,9.571239258,154.483,0.0515
s,9.571239258,155.6,0.0515
s,9.571239258,156.811,0.0515
s,9.571239258,152.821,0.0515
s,9.571059265,154.22,0.0516
s,9.571059265,152.456,0.0516
s,9.571059869,155.716,0.0518
s,9.571059869,154.522,0.0518
s,9.570664983,156.789,0.0519
s,9.570664983,156.407,0.0519
s,9.570664983,159.045,0.0519
s,9.570630384,159.205,0.0519
s,9.570630384,157.178,0.0519
s,9.570235501,154.555,0.052
s,9.570235806,157.052,0.0521
s,9.570021221,155.778,0.0522
s,9.570021221,156.266,0.0522
s,9.569840926,157.476,0.0522
s,9.569662179,152.129,0.0527
s,9.569662492,153.736,0.0528
s,9.569662492,153.147,0.0528
s,9.569662806,153.337,0.0529
s,9.569663437,153.887,0.0531
s,9.569628841,152.91,0.0531
s,9.569628841,154.859,0.0531
s,9.569809453,152.809,0.0532
s,9.569809453,152.975,0.0532
s,9.569955475,157.357,0.0533
s,9.569955475,156.696,0.0533
s,9.569955475,156.229,0.0533
s,9.569775178,154.235,0.0533
s,9.569775497,154.306,0.0534
s,9.569775497,152.757,0.0534
s,9.569775497,154.057,0.0534
s,9.569775817,153.51,0.0535
s,9.569775817,152.845,0.0535
s,9.569775817,157.306,0.0535
s,9.569776461,153.11,0.0537
s,9.569776138,152.568,0.0536
s,9.569776138,152.571,0.0536
s,9.569595842,153.144,0.0536
s,9.569596164,152.352,0.0537
s,9.569741869,155.018,0.0537
s,9.569741869,155.02,0.0537
s,9.569707281,153.485,0.0537
s,9.569707281,153.191,0.0537
s,9.569638109,157.001,0.0537
s,9.569638432,155.184,0.0538
s,9.56960385,155.641,0.0538
s,9.569604175,156.176,0.0539
s,9.56956992,153.383,0.054
s,9.569356353,154.101,0.0544
s,9.569356353,157.689,0.0544
s,9.569141807,154.007,0.0545
s,9.569142139,153.024,0.0546
s,9.569142139,155.195,0.0546
s,9.568962504,156.839,0.0548
s,9.56896217,155.114,0.0547
s,9.56896217,156.049,0.0547
s,9.568997081,158.419,0.0548
s,9.568997081,153.736,0.0548
s,9.568997081,155.031,0.0548
s,9.568997081,154.422,0.0548
s,9.568997081,154.394,0.0548
s,9.569211962,154.572,0.0548
s,9.569177049,155.313,0.0547
s,9.569357682,154.931,0.0548
s,9.569357682,156.092,0.0548
s,9.569357348,158.628,0.0547
s,9.569357348,157.575,0.0547
s,9.569775817,154.251,0.0535
s,9.569776138,153.034,0.0536
s,9.569776138,151.836,0.0536
s,9.569776138,153.264,0.0536
s,9.569561251,151.179,0.0536
s,9.569741547,154.007,0.0536
s,9.569741547,155.209,0.0536
s,9.569741547,153.665,0.0536
s,9.569741547,153.889,0.0536
s,9.569672694,152.285,0.0537
s,9.569672694,153.936,0.0537
s,9.569672694,155.364,0.0537
s,9.569672694,154.09,0.0537
s,9.569638109,158.783,0.0537
s,9.569389947,154.972,0.0541
s,9.569390274,154.037,0.0542
s,9.569355695,152.482,0.0542
s,9.569356024,155.943,0.0543
s,9.569142139,156.584,0.0546
s,9.569142139,155.114,0.0546
s,9.569142472,155.331,0.0547
s,9.569142472,154.053,0.0547
s,9.569142805,157.257,0.0548
s,9.568997081,157.387,0.0548
s,9.568997081,152.711,0.0548
s,9.568997081,153.881,0.0548
s,9.568997081,154.261,0.0548
s,9.568997081,152.893,0.0548
s,9.569177383,153.465,0.0548
s,9.569177383,155.07,0.0548
s,9.569177383,156.221,0.0548
s,9.569177383,154.256,0.0548
s,9.569357348,157.758,0.0547
s,9.569357348,160.461,0.0547
s,9.569357348,154.641,0.0547
s,9.569357348,156.362,0.0547
s,9.569503074,153.746,0.0547
m,9.569503074,156.672,0.0547
m,9.569503074,156.054,0.0547
m,9.569323106,153.637,0.0548
m,9.569323106,158.85,0.0548
m,9.58036403,153.056,0.0548
m,9.583541054,153.001,0.0549
m,9.586649214,152.541,0.055
m,9.589542764,153.827,0.0551
m,9.592367989,153.794,0.0553
m,9.609118351,150.932,0.0559
m,9.611662854,148.453,0.0561
m,9.614105238,151.014,0.0563
m,9.616549019,153.042,0.0567
m,9.621153875,152.765,0.0569
m,9.631953356,153.722,0.0577
m,9.6338732,150.274,0.058
m,9.635726289,151.978,0.0582
m,9.639876062,159.469,0.0583
m,9.653056734,148.146,0.059
m,9.655202033,150.887,0.0592
m,9.657134059,152.342,0.0593
m,9.661509623,152.217,0.0593
m,9.663773363,148.968,0.0594
m,9.676211928,149.784,0.0601
m,9.679238778,148.397,0.0602
m,9.685458992,155.527,0.0603
m,9.688471416,156.436,0.0604
m,9.691302927,160.366,0.0603
m,9.713570246,158.951,0.0605
m,9.721492621,153.785,0.0603
m,9.725460804,156.002,0.0602
m,9.729641726,156.447,0.0599
m,9.759401758,157.118,0.059
m,9.76389423,158.545,0.0588
m,9.768334328,161.241,0.0587
m,9.772806487,160.856,0.0586
m,9.77709801,158.144,0.0586
m,9.569322772,154.577,0.0547
m,9.569537649,156.459,0.0547
m,9.571520969,151.094,0.0547
m,9.571520969,153.605,0.0547
m,9.577333229,149.036,0.0548
m,9.595227611,153.47,0.0554
m,9.600844221,151.849,0.0555
m,9.600844563,154.09,0.0556
m,9.606394289,152.324,0.0558
m,9.623384289,155.527,0.057
m,9.625254865,155.862,0.0572
m,9.625255223,151.017,0.0573
m,9.62848984,150.961,0.0574
m,9.630362442,152.503,0.0576
m,9.642027254,155.184,0.0585
m,9.644393749,154.451,0.0586
m,9.644394122,157.725,0.0587
m,9.648656402,155.109,0.0589
m,9.650913187,155.004,0.059
m,9.666071319,153.953,0.0595
m,9.666071701,155.906,0.0596
m,9.671065426,153.778,0.0598
m,9.673547123,152.688,0.0598
m,9.694530222,152.508,0.0604
m,9.698087488,156.673,0.0605
m,9.702007366,157.559,0.0606
m,9.709764648,159.05,0.0605
m,9.713570246,157.656,0.0605
m,9.733823333,152.406,0.0597
m,9.741858348,149.205,0.0595
m,9.746105403,150.091,0.0594
m,9.750565375,157.09,0.0592
m,9.754876969,154.473,0.0591
m,9.781421569,160.153,0.0586
m,9.789919699,159.53,0.0586
m,9.794126291,156.386,0.0586
m,9.798268834,156.581,0.0586
m,9.802230359,154.303,0.0586
m,9.806437318,153.799,0.0587
m,9.810464005,152.303,0.059
m,9.814340969,156.401,0.0591
m,9.818398966,158.319,0.0592
m,9.847965433,151.138,0.0595
m,9.852055276,155.624,0.0595
m,9.856326895,158.654,0.0597
m,9.860416783,158.38,0.0597
m,9.890494525,153.54,0.0597
m,9.89470125,158.393,0.0597
m,9.903296447,159.665,0.0599
m,9.903296447,160.831,0.0599
m,9.911464605,158.186,0.0599
m,9.92978942,157.225,0.0614
m,9.93342106,155.621,0.0614
m,9.937446444,156.997,0.0613
m,9.941653592,159.27,0.0614
m,9.950099303,160.922,0.0614
m,9.976648107,158.092,0.0606
m,9.98088789,158.786,0.0608
m,9.985309429,158.341,0.0612
m,9.99347878,157.549,0.0615
m,10.01747702,157.196,0.0607
m,10.02173518,160.336,0.0605
m,10.02592935,152.32,0.0604
m,10.03453103,157.174,0.0602
m,10.03872538,155.341,0.0601
m,10.05874752,156.085,0.0597
m,10.06232457,162.055,0.0597
m,10.06524111,158.732,0.0595
m,10.06954251,154.607,0.0594
m,10.07020233,154.339,0.0593
s,10.07022098,153.26,0.0586
s,10.07015671,157.17,0.0585
s,10.07015671,155.388,0.0585
s,10.07015635,151.485,0.0584
m,9.826791783,152.748,0.0593
m,9.831062899,157.608,0.0594
m,9.835334036,155.569,0.0595
m,9.839604439,159.038,0.0594
m,9.843694612,151.898,0.0595
m,9.868564507,158.347,0.0597
m,9.873016063,158.232,0.0596
m,9.877254891,160.093,0.0596
m,9.881622667,160.355,0.0597
m,9.886074666,162.162,0.0597
m,9.91506521,158.026,0.0602
m,9.918730149,156.136,0.0605
m,9.922427664,158.709,0.0609
m,9.926124426,160.978,0.0611
m,9.954370859,157.634,0.0615
m,9.958790016,161.217,0.0613
m,9.963421973,160.897,0.061
m,9.96795809,157.333,0.0609
m,9.97237805,160.433,0.0609
m,9.997439763,162.034,0.0614
m,10.00143219,155.179,0.0611
m,10.00542541,160.287,0.061
m,10.00935495,154.768,0.0611
m,10.01339986,154.629,0.0609
m,10.04306976,160.961,0.0603
m,10.04710398,162.052,0.0603
m,10.05110632,158.949,0.0603
m,10.05514062,158.204,0.0602
m,10.070383,155.72,0.0592
m,10.07035066,155.924,0.0591
m,10.07035066,155.224,0.0591
s,10.07031796,156.12,0.0589
s,10.07022135,156.111,0.0587
s,10.07015563,153.818,0.0582
s,10.07015527,153.393,0.0581
s,10.07015527,153.76,0.0581
s,10.07012296,152.652,0.058
s,10.07009066,154.45,0.0579
s,10.0700903,152.344,0.0578
s,10.06987731,152.996,0.0578
s,10.06987731,154.159,0.0578
s,10.06990926,153.753,0.0578
s,10.06990926,154.673,0.0578
s,10.06957913,152.429,0.0578
s,10.06957878,155.202,0.0577
s,10.06957878,155.129,0.0577
s,10.06957913,153.612,0.0578
s,10.06961109,155.303,0.0578
s,10.06955896,154.746,0.0581
s,10.06959092,155.238,0.0581
s,10.06959128,153.414,0.0582
s,10.06959128,153.895,0.0582
s,10.06932657,154.258,0.0586
s,10.06932657,151.024,0.0586
s,10.0691459,155.278,0.0587
s,10.0691459,156.513,0.0587
s,10.06896487,152.269,0.0587
s,10.06902992,154.513,0.059
s,10.06888124,155.651,0.0591
s,10.06888124,153.273,0.0591
s,10.06888124,153.729,0.0591
s,10.06888124,153.368,0.0591
s,10.0687333,153.74,0.0594
s,10.0687333,155.335,0.0594
s,10.06873367,154.959,0.0595
s,10.06876566,158.333,0.0595
s,10.06879839,155.775,0.0597
s,10.06879839,155.459,0.0597
s,10.06879839,154.168,0.0597
s,10.06876603,153.729,0.0596
s,10.06876603,155.55,0.0596
s,10.0689147,154.658,0.0595
s,10.06909573,153.357,0.0595
s,10.06909573,153.281,0.0595
s,10.06906412,153.663,0.0596
s,10.06924515,154.623,0.0596
s,10.06990926,152.166,0.0578
s,10.06972822,155.891,0.0578
s,10.06972822,153.597,0.0578
s,10.06957913,151.893,0.0578
s,10.0696434,153.061,0.0579
s,10.06949432,153.308,0.0579
s,10.06952664,156.309,0.058
s,10.0695586,155.576,0.058
s,10.06955896,156.247,0.0581
s,10.06944222,154.324,0.0582
s,10.06944258,154.296,0.0583
s,10.06944294,155.972,0.0584
s,10.06947527,155.691,0.0585
s,10.06929423,153.452,0.0585
s,10.06899721,154.498,0.0588
s,10.06899721,153.875,0.0588
s,10.06899757,154.083,0.0589
s,10.06902992,154.762,0.059
s,10.06888124,155.068,0.0591
s,10.06888161,156.295,0.0592
s,10.06870057,155.784,0.0592
s,10.06888197,153.368,0.0593
s,10.0687333,154.427,0.0594
s,10.06876603,159.663,0.0596
s,10.06876603,158.843,0.0596
s,10.06876603,157.174,0.0596
s,10.06879802,154.346,0.0596
s,10.06879802,156.775,0.0596
s,10.06876603,154.111,0.0596
s,10.06873367,155.032,0.0595
s,10.0689147,152.888,0.0595
s,10.0689147,154.432,0.0595
s,10.06924515,154.406,0.0596
s,10.06921354,152.552,0.0597
s,10.06921354,155.616,0.0597
s,10.06939458,154.394,0.0597
s,10.06939495,154.502,0.0598
s,10.0693626,152.687,0.0597
s,10.069331,154.759,0.0598
s,10.06933137,154.65,0.0599
s,10.06929978,153.86,0.06
s,10.06920463,153.35,0.0602
s,10.06920463,152.161,0.0602
s,10.06920501,152.935,0.0603
s,10.06920539,152.68,0.0604
s,10.06917381,154.625,0.0605
s,10.06920692,154.687,0.0608
s,10.06938795,153.871,0.0608
s,10.06938795,155.129,0.0608
s,10.06938795,155.852,0.0608
s,10.06938834,155.899,0.0609
s,10.06930437,152.954,0.0612
s,10.06951777,152.538,0.0613
s,10.06933673,151.066,0.0613
s,10.06936871,152.131,0.0613
s,10.06943267,153.887,0.0613
s,10.0696137,154.959,0.0613
s,10.06961331,154.019,0.0612
s,10.06961331,152.465,0.0612
s,10.06961292,153.909,0.0611
s,10.06958017,150.333,0.0609
s,10.06957978,150.958,0.0608
s,10.06954742,151.593,0.0607
s,10.06954742,152.364,0.0607
s,10.06954704,152.583,0.0606
s,10.06954627,156.999,0.0604
s,10.06954627,155.266,0.0604
s,10.06954627,156.041,0.0604
s,10.06957787,157.325,0.0603
s,10.06964107,157.222,0.0601
s,10.06964107,153.16,0.0601
s,10.06967268,155.452,0.06
s,10.06967268,156.999,0.06
s,10.0696723,153.748,0.0599
s,10.06926818,153.993,0.0601
s,10.06923622,154.236,0.0601
s,10.06923622,154.329,0.0601
s,10.06923622,154.425,0.0601
s,10.06920463,155.514,0.0602
s,10.06917381,153.359,0.0605
s,10.06917457,155.605,0.0607
s,10.06935561,154.315,0.0607
s,10.06935561,152.466,0.0607
s,10.06942031,154.206,0.0609
s,10.06942108,156.138,0.0611
s,10.06945305,154.265,0.0611
s,10.0692724,154.091,0.0612
s,10.06930437,152.536,0.0612
s,10.06936871,155.338,0.0613
s,10.06936871,154.104,0.0613
s,10.06940108,153.041,0.0614
s,10.06940108,152.287,0.0614
s,10.06940108,155.17,0.0614
s,10.06961292,153.293,0.0611
s,10.06961253,154.198,0.061
s,10.06958055,153.362,0.061
s,10.06958017,151.739,0.0609
s,10.06954665,157.44,0.0605
s,10.06951468,155.203,0.0605
s,10.06951468,153.396,0.0605
s,10.0695143,153.992,0.0604
s,10.0695143,155.811,0.0604
s,10.06957787,154.33,0.0603
s,10.06960985,154.117,0.0603
s,10.06960947,152.923,0.0602
s,10.06960909,154.942,0.0601
s,10.06960909,152.208,0.0601
s,10.0696723,155.698,0.0599
s,10.06949052,153.158,0.0597
s,10.06949015,154.658,0.0596
s,10.06948977,153.123,0.0595
s,10.0694894,152.575,0.0594
s,10.0694894,152.97,0.0594
s,10.06948903,153.156,0.0593
s,10.06948903,154.658,0.0593
s,10.06948903,153.934,0.0593
m,10.0691266,156.807,0.0592
m,10.06930726,161.341,0.0591
m,10.0698206,157.553,0.0597
m,10.07258998,158.811,0.0599
m,10.0895804,162.344,0.0603
m,10.09264881,161.048,0.0603
m,10.09574887,154.148,0.0602
m,10.10176929,158.771,0.0602
m,10.1046579,160.512,0.0603
m,10.12373933,157.34,0.06
m,10.12681047,157.913,0.06
m,10.12681009,156.516,0.0599
m,10.13334618,158.182,0.0597
m,10.13659921,152.493,0.0597
m,10.16016064,157.779,0.0603
m,10.16016026,159.906,0.0602
m,10.16757705,160.561,0.0602
m,10.17134564,155.443,0.0603
m,10.1955065,158.529,0.0602
m,10.19891098,160.035,0.0602
m,10.20243603,158.812,0.0603
m,10.20596087,161.486,0.0601
m,10.20948661,158.603,0.0599
m,10.23244817,160.094,0.0594
m,10.23610373,158.831,0.0596
m,10.23972865,160.617,0.0596
m,10.24716267,159.737,0.0595
m,10.25097177,156.959,0.0595
m,10.27755058,160.347,0.0588
m,10.28190601,161.445,0.0588
m,10.28650316,160.373,0.0587
m,10.29131318,159.018,0.0589
s,10.069308,152.096,0.0593
s,10.069308,154.907,0.0593
m,10.06930763,156.738,0.0592
m,10.06930763,154.172,0.0592
m,10.0691266,157.982,0.0592
m,10.07511422,156.604,0.06
m,10.07781971,161.648,0.0601
m,10.08052506,160.633,0.0601
m,10.08359351,152.634,0.0603
m,10.08648114,160.854,0.0605
m,10.1076954,159.628,0.0602
m,10.11073357,159.853,0.0602
m,10.11395316,159.746,0.0602
m,10.11723556,160.673,0.06
m,10.13982178,161.36,0.0599
m,10.14304503,158.123,0.0602
m,10.14648006,158.48,0.0602
m,10.15006479,157.201,0.0601
m,10.1567241,158.736,0.0602
m,10.17508336,158.57,0.0604
m,10.17839588,159.181,0.0603
m,10.18517331,157.475,0.0603
m,10.18863792,160.458,0.0603
m,10.1920717,159.104,0.0602
m,10.21322466,162.119,0.0595
m,10.22115715,158.076,0.0592
m,10.22490046,160.552,0.0595
m,10.22867412,155.778,0.0595
m,10.25097214,160.895,0.0596
m,10.25856123,161.385,0.0595
m,10.26221777,160.975,0.0589
m,10.26593703,160.625,0.0588
m,10.26986786,160.674,0.0586
m,10.29566842,161.59,0.0588
m,10.30057036,159.538,0.0593
m,10.30492747,161.566,0.0597
m,10.30961656,161.141,0.0599
m,10.31385156,160.944,0.06
m,10.3222612,155.72,0.0602
m,10.32658716,156.378,0.0603
m,10.33094305,155.547,0.0603
m,10.33529901,160.942,0.0603
m,10.33965468,161.394,0.0602
m,10.36573109,157.589,0.0601
m,10.37023979,159.172,0.0603
m,10.37492939,153.218,0.0603
m,10.37946615,160.554,0.0599
m,10.38418565,159.618,0.0598
m,10.41562564,159.478,0.0589
m,10.41998544,159.226,0.0589
m,10.42425704,160.248,0.0592
m,10.43219585,159.867,0.0594
m,10.45369897,160.612,0.0594
m,10.45731033,161.405,0.0592
m,10.46074108,158.386,0.0591
m,10.46760502,154.01,0.059
m,10.47106723,159.159,0.0589
m,10.48683842,154.53,0.0581
m,10.49316718,159.665,0.058
m,10.49316648,159.231,0.0578
m,10.50007295,156.777,0.0579
m,10.50333031,161.024,0.0578
m,10.52538239,155.113,0.0589
m,10.52885412,160.344,0.0585
m,10.53232716,161.094,0.0583
m,10.53603974,159.788,0.058
s,10.54464419,154.358,0.0571
s,10.54443334,154.132,0.057
s,10.54422217,154.819,0.0568
s,10.54419322,159.055,0.0567
s,10.54419288,159.049,0.0566
s,10.54416428,160.765,0.0566
s,10.54416428,157.839,0.0566
s,10.54395378,160.058,0.0566
s,10.54377222,160.387,0.0567
s,10.54374362,159.07,0.0567
m,10.34382967,155.266,0.0603
m,10.34800473,159.668,0.0604
m,10.35239076,160.5,0.0603
m,10.35677685,159.1,0.0602
m,10.38887411,160.829,0.0594
m,10.39374497,159.85,0.0592
m,10.40270198,160.884,0.0591
m,10.40270162,156.741,0.059
m,10.41120625,158.443,0.0589
m,10.4358646,160.103,0.0597
m,10.43950308,161.497,0.0597
m,10.44293125,158.931,0.0598
m,10.4463894,153.88,0.0598
m,10.45002981,154.801,0.0598
m,10.47437772,155.351,0.0588
m,10.47750666,158.361,0.0586
m,10.48060716,158.792,0.0585
m,10.48370824,161.139,0.0584
m,10.50643626,157.569,0.0579
m,10.50972457,155.908,0.058
m,10.51283271,158.88,0.0584
m,10.5191349,157.953,0.0585
m,10.52206177,161.441,0.0586
m,10.53936039,159.126,0.0577
m,10.54195473,154.263,0.0576
m,10.54454918,156.283,0.0574
m,10.54467348,156.045,0.0573
m,10.54467314,156.6,0.0572
s,10.54419288,159.359,0.0566
s,10.54434617,155.952,0.0566
s,10.54416394,159.307,0.0565
s,10.54416394,159.185,0.0565
s,10.54374362,161.05,0.0567
s,10.54353312,156.653,0.0567
s,10.54353346,158.727,0.0568
s,10.54350486,157.663,0.0568
s,10.54350519,158.404,0.0569
s,10.54332364,157.645,0.057
s,10.54332364,158.86,0.057
s,10.54332398,160.279,0.0571
s,10.54314243,159.929,0.0572
s,10.54266527,160.95,0.0575
s,10.54266562,159.054,0.0576
s,10.54251267,157.932,0.0577
s,10.54233077,156.725,0.0577
s,10.54233077,159.878,0.0577
s,10.54214992,160.385,0.058
s,10.54196803,161.191,0.058
s,10.54196838,155.937,0.0581
s,10.54194013,158.035,0.0582
s,10.54175859,158.9,0.0583
s,10.5416067,161.777,0.0587
s,10.5416067,160.85,0.0587
s,10.5416067,156.764,0.0587
s,10.54160635,159.997,0.0586
s,10.54199803,160.838,0.0584
s,10.54199768,160.582,0.0583
s,10.54217957,156.15,0.0583
s,10.54217957,159.92,0.0583
s,10.54217957,160.887,0.0583
s,10.54257125,160,0.0581
s,10.54257125,162.13,0.0581
s,10.54257091,161.003,0.058
s,10.5427528,160.749,0.058
s,10.54275245,161.815,0.0579
s,10.54296294,157.586,0.0579
s,10.54296294,159.07,0.0579
s,10.54296294,160.416,0.0579
s,10.54314484,158.274,0.0579
s,10.54341254,158.212,0.0579
s,10.5434408,159.678,0.0578
s,10.54362269,161.108,0.0578
s,10.5436513,160.684,0.0578
s,10.5436513,158.597,0.0578
s,10.54311383,160.793,0.0572
s,10.54311383,158.217,0.0572
s,10.54293227,158.928,0.0573
s,10.54290402,161.138,0.0574
s,10.54287542,161.041,0.0574
s,10.54233112,158.041,0.0578
s,10.54217783,156.279,0.0578
s,10.54217817,160.01,0.0579
s,10.54217817,157.537,0.0579
s,10.54175894,160.691,0.0584
s,10.54157775,158.791,0.0586
s,10.54157775,158.887,0.0586
s,10.54160635,161.254,0.0586
s,10.5416067,160.582,0.0587
s,10.54178824,154.609,0.0586
s,10.54178789,161.941,0.0585
s,10.54178789,158.601,0.0585
s,10.54181614,157.658,0.0584
s,10.54181614,157.289,0.0584
s,10.54217957,157.65,0.0583
s,10.54238971,161.578,0.0582
s,10.54238971,159.373,0.0582
s,10.5425716,160.476,0.0582
s,10.54275245,160.8,0.0579
s,10.54275245,159.112,0.0579
s,10.5427528,158.124,0.058
s,10.54293434,160.726,0.0579
s,10.54293469,158.477,0.058
s,10.54317344,155.996,0.0579
s,10.54320239,162.071,0.058
s,10.54320204,159.253,0.0579
s,10.54320204,161.261,0.0579
s,10.54323065,160.898,0.0579
s,10.54370818,160.215,0.0577
s,10.54370818,158.397,0.0577
s,10.54389007,159.861,0.0577
s,10.54391834,158.531,0.0576
s,10.54391834,161.401,0.0576
s,10.54412885,162.456,0.0576
s,10.54412885,158.903,0.0576
s,10.54412885,157.661,0.0576
s,10.54415712,159.042,0.0575
s,10.54379335,155.698,0.0575
s,10.54382197,159.176,0.0575
s,10.54382197,157.911,0.0575
s,10.54364043,159.558,0.0576
s,10.54321872,156.876,0.0574
s,10.54321872,160.09,0.0574
s,10.5431901,157.306,0.0574
s,10.54300821,159.431,0.0574
s,10.54300787,158.208,0.0573
s,10.54279737,160.384,0.0573
s,10.54279737,161.317,0.0573
s,10.54279702,159.746,0.0572
s,10.54261514,161.605,0.0572
s,10.54261548,160.793,0.0573
s,10.54246221,159.681,0.0573
s,10.54246221,159.84,0.0573
s,10.54249083,158.489,0.0573
s,10.54249083,157.167,0.0573
s,10.54239551,157.698,0.0575
s,10.54224225,159.413,0.0575
s,10.54227089,156.737,0.0575
s,10.54227089,155.366,0.0575
s,10.54229952,159.542,0.0575
s,10.54229987,157.562,0.0576
s,10.54230021,157.913,0.0577
s,10.54232885,160.531,0.0577
s,10.54232885,158.697,0.0577
s,10.54232885,155.753,0.0577
s,10.54235714,157.772,0.0576
s,10.54253903,159.015,0.0576
s,10.54253903,159.345,0.0576
s,10.54253903,156.794,0.0576
s,10.54415712,157.56,0.0575
s,10.54397524,157.4,0.0575
s,10.54397524,160.649,0.0575
s,10.54397524,160.229,0.0575
s,10.54397524,156.878,0.0575
s,10.54364043,157.556,0.0576
s,10.54361181,158.36,0.0576
s,10.54342957,161.247,0.0575
s,10.54340095,160.042,0.0575
s,10.54340095,158.96,0.0575
s,10.54300787,161.773,0.0573
s,10.54300753,161.265,0.0572
s,10.54300753,160.112,0.0572
s,10.54279737,161.396,0.0573
s,10.54261548,156.791,0.0573
s,10.54261548,156.977,0.0573
s,10.54261548,160.522,0.0573
s,10.54261514,158.456,0.0572
s,10.54261548,160.179,0.0573
s,10.54233791,157.816,0.0574
s,10.54233791,160.624,0.0574
s,10.54236654,158.242,0.0574
s,10.54236688,157.83,0.0575
s,10.54239551,154.15,0.0575
s,10.54229987,155.122,0.0576
s,10.54229987,156.493,0.0576
s,10.54229987,157.001,0.0576
s,10.54229987,154.625,0.0576
s,10.54232885,155.519,0.0577
s,10.54235749,161.625,0.0577
s,10.54235714,161.867,0.0576
s,10.54235714,160.166,0.0576
s,10.54235714,160.36,0.0576
s,10.54253868,160.092,0.0575
s,10.54256732,160.175,0.0575
s,10.54256732,157.49,0.0575
s,10.54256732,159.099,0.0575
s,10.54274886,159.236,0.0574
s,10.54274886,155.58,0.0574
s,10.54274886,160.057,0.0574
s,10.54274886,160.051,0.0574
s,10.54293074,156.701,0.0574
s,10.54290176,159.621,0.0573
m,10.54326485,158.312,0.0571
m,10.54326485,157.352,0.0571
m,10.54344605,160.738,0.0569
m,10.54380948,160.209,0.0568
m,10.54396341,158.291,0.057
m,10.56419991,156.292,0.0573
m,10.57097806,158.381,0.0572
m,10.57445882,157.744,0.0571
m,10.57794051,160.853,0.0571
m,10.60204974,154.863,0.0568
m,10.60661327,158.477,0.0567
m,10.61105118,162.379,0.0566
m,10.61967628,156.288,0.0566
m,10.62386333,159.152,0.0567
m,10.64461597,152.392,0.0569
m,10.65256943,154.765,0.0569
m,10.6564061,156.767,0.0569
m,10.66024245,158.097,0.0568
m,10.66395346,151.666,0.0569
m,10.69045002,152.463,0.057
m,10.69448393,151.257,0.057
m,10.69833636,153.29,0.0571
m,10.70197982,157.391,0.0575
m,10.73086741,153.244,0.0575
m,10.73475071,152.098,0.0579
m,10.73905414,152.735,0.0581
m,10.74335684,150.853,0.058
m,10.75253801,157.052,0.058
m,10.77407118,160.025,0.058
m,10.77771649,153.082,0.058
m,10.78561109,148.632,0.0582
m,10.78561109,151.885,0.0582
m,10.79383105,150.864,0.0583
s,10.54290142,159.148,0.0572
s,10.5430833,158.26,0.0572
s,10.54326519,161.235,0.0572
m,10.54326519,161.904,0.0572
m,10.54823545,157.355,0.0572
m,10.54823614,154.886,0.0574
m,10.55449102,159.757,0.0572
m,10.55760569,158.457,0.0573
m,10.56090217,160.669,0.0572
m,10.5814228,154.611,0.0571
m,10.5814228,155.97,0.0571
m,10.58901965,161.212,0.0571
m,10.59316189,159.313,0.057
m,10.59766852,158.038,0.0569
m,10.62386333,156.399,0.0567
m,10.63232126,158.424,0.0568
m,10.63638239,155.164,0.0569
m,10.64047086,161.091,0.0568
m,10.66772054,155.162,0.057
m,10.67148771,153.389,0.0571
m,10.67528301,156.047,0.0572
m,10.67889573,152.568,0.0571
m,10.68271833,155.011,0.0569
m,10.70595923,152.893,0.0579
m,10.71412688,155.535,0.0582
m,10.71831581,157.724,0.0583
m,10.72256001,158.434,0.058
m,10.72255864,153.64,0.0576
m,10.7572051,159.729,0.0578
m,10.76166241,159.594,0.0577
m,10.76593769,159.387,0.0575
m,10.77018471,160.872,0.0573
m,10.79831867,158.007,0.0581
m,10.80280725,161.28,0.0581
m,10.80711389,150.59,0.058
m,10.81142082,152.086,0.0579
m,10.81572804,147.664,0.0578
m,10.82000677,148.066,0.0577
m,10.82835498,150.956,0.0577
m,10.82835498,150.974,0.0577
m,10.83664637,155.307,0.0577
m,10.86851337,157.265,0.058
m,10.87283135,155.953,0.0579
m,10.87283135,154.271,0.0579
m,10.88146854,152.563,0.058
m,10.88594019,149.382,0.0581
m,10.91346155,156.369,0.0587
m,10.91796259,156.951,0.0588
m,10.9220707,158.261,0.0588
m,10.9261501,152.954,0.0589
m,10.93293013,158.858,0
m,10.95763701,153.294,0.0614
m,10.96688739,147.346,0.0617
m,10.97166575,158.009,0.062
m,10.97617482,152.334,0.0623
m,11.00153289,153.248,0.0639
m,11.00953831,157.045,0.064
m,11.01375637,146.451,0.0642
m,11.01797386,151.34,0.0642
m,11.02201019,155.81,0.0643
m,11.03648479,157.476,0.0648
m,11.0368488,157.981,0.0649
s,11.0366674,159.226,0.065
s,11.03666821,155.385,0.0652
s,11.0364864,157,0.0652
s,11.03573103,160.292,0.0654
s,11.03575999,155.118,0.0654
s,11.03557859,159.411,0.0655
s,11.03557859,155.613,0.0655
s,11.03521621,160.757,0.0658
s,11.0350344,160.018,0.0658
s,11.0350344,160.292,0.0658
s,11.0350344,158.977,0.0658
s,11.03503482,156.883,0.0659
m,10.84089769,159.414,0.0577
m,10.84548396,151.773,0.0577
m,10.85028076,148.589,0.0576
m,10.8550488,151.814,0.0575
m,10.85981834,153.246,0.0578
m,10.8904409,155.647,0.0582
m,10.89488361,151.565,0.0583
m,10.89935572,157.976,0.0585
m,10.90874974,154.856,0.0586
m,10.93636173,155.301,0.0597
m,10.93636245,158.629,0.0599
m,10.94418719,152.284,0.0601
m,10.94868935,150.751,0.0604
m,10.95316352,150.753,0.061
m,10.98047296,151.197,0.0626
m,10.98474233,145.928,0.063
m,10.9891056,158.989,0.0633
m,10.99322811,161.111,0.0634
m,10.99738104,154.08,0.0638
m,11.02950874,148.794,0.0644
m,11.03254221,156.835,0.0646
m,11.03490605,159.228,0.0647
m,11.03648479,155.52,0.0648
s,11.03630459,160.455,0.0652
s,11.03630459,159.156,0.0652
s,11.03612319,157.581,0.0653
s,11.03591243,159.593,0.0653
s,11.03591284,161.744,0.0654
s,11.035579,158.598,0.0656
s,11.03560796,159.787,0.0656
s,11.03542656,158.105,0.0657
s,11.0353976,160.69,0.0657
s,11.03539801,154.342,0.0658
s,11.03485301,157.757,0.0659
s,11.03485301,160.945,0.0659
s,11.03485301,158.536,0.0659
s,11.03467162,157.793,0.066
s,11.03467162,159.173,0.066
s,11.03449023,160.214,0.0661
s,11.03430842,154.783,0.0661
s,11.03427946,156.791,0.0661
s,11.03427946,156.557,0.0661
s,11.03382857,154.451,0.066
s,11.03364676,160.527,0.066
s,11.03364676,160.361,0.066
s,11.03364676,159.81,0.066
s,11.03370467,155.717,0.066
s,11.03388689,161.444,0.0661
s,11.03388689,157.763,0.0661
s,11.03388689,158.125,0.0661
s,11.03388731,154.565,0.0662
s,11.03407036,156.017,0.0665
s,11.03425217,156.345,0.0665
s,11.03422321,158.71,0.0665
s,11.03422321,157.867,0.0665
s,11.03422363,153.58,0.0666
s,11.03440585,160.682,0.0667
s,11.03440585,161.358,0.0667
s,11.03440585,160.008,0.0667
s,11.0343769,156.958,0.0667
s,11.03419551,159.106,0.0668
s,11.03419593,160.413,0.0669
s,11.03422531,158.823,0.067
s,11.03425426,159.765,0.067
s,11.03422531,157.215,0.067
s,11.03404393,161.096,0.0671
s,11.03386212,159.826,0.0671
s,11.03386254,159.305,0.0672
s,11.0338915,157.798,0.0672
s,11.0338915,161.405,0.0672
s,11.03373908,157.586,0.0673
s,11.03373908,155.802,0.0673
s,11.03376846,160.536,0.0674
s,11.03376846,158.493,0.0674
s,11.03409766,157.804,0.0661
s,11.0340687,161.002,0.0661
s,11.03403933,160.82,0.066
s,11.03401038,157.683,0.066
s,11.03382857,157.807,0.066
s,11.03346496,159.227,0.066
s,11.03349391,158.652,0.066
s,11.03349432,159.879,0.0661
s,11.03349432,159.238,0.0661
s,11.03370509,157.975,0.0661
s,11.03388772,156.378,0.0663
s,11.03388772,157.277,0.0663
s,11.03406994,160.301,0.0664
s,11.03406994,156.479,0.0664
s,11.03440544,157.527,0.0666
s,11.03440544,160.166,0.0666
s,11.03422363,161.689,0.0666
s,11.03422363,160.268,0.0666
s,11.03440585,161.231,0.0667
s,11.0343769,158.984,0.0667
s,11.03437732,160.48,0.0668
s,11.03437732,160.728,0.0668
s,11.03419551,161.665,0.0668
s,11.03419551,162.588,0.0668
s,11.03422531,161.44,0.067
s,11.0340435,160.511,0.067
s,11.03404393,155.572,0.0671
s,11.03404393,157.108,0.0671
s,11.03389192,162.424,0.0673
s,11.0338915,159.569,0.0672
s,11.03389192,160.465,0.0673
s,11.03389192,159.552,0.0673
s,11.03389192,161.54,0.0673
s,11.03376846,157.421,0.0674
s,11.03379743,156.826,0.0674
s,11.03361605,156.649,0.0675
s,11.03361605,160.668,0.0675
s,11.03361605,161.547,0.0675
s,11.03361605,154.315,0.0675
s,11.03364544,158.634,0.0676
s,11.03364544,157.616,0.0676
s,11.03364544,153.892,0.0676
s,11.03364544,159.433,0.0676
s,11.03367569,159.05,0.0679
s,11.03367526,156.176,0.0678
s,11.03367526,157.725,0.0678
s,11.03367526,153.446,0.0678
s,11.03349389,155.123,0.0679
s,11.03349432,157.496,0.068
s,11.03349432,157.498,0.068
s,11.03346492,159.182,0.0679
s,11.03346535,160.99,0.068
s,11.03328398,160.463,0.0681
s,11.03331295,156.168,0.0681
s,11.03331295,160.356,0.0681
s,11.03331295,159.539,0.0681
s,11.03331295,160.008,0.0681
s,11.03331338,159.998,0.0682
s,11.03331338,160.938,0.0682
s,11.03331338,159.347,0.0682
s,11.03334235,154.716,0.0682
s,11.03352415,158.746,0.0682
s,11.03352415,157.899,0.0682
s,11.03352415,155.771,0.0682
s,11.03352415,153.733,0.0682
s,11.03370552,157.407,0.0681
s,11.03349432,160.758,0.068
s,11.03349432,152.638,0.068
s,11.03370509,160.661,0.068
s,11.03370509,159.375,0.068
s,11.03370509,161.12,0.068
s,11.03370466,155.487,0.0679
m,11.03367569,155.754,0.0679
m,11.03370509,161.485,0.068
m,11.03370509,154.475,0.068
m,11.03370509,152.186,0.068
s,11.03367441,161.895,0.0676
s,11.03367483,159.863,0.0677
s,11.03367526,160.724,0.0678
s,11.03367526,156.312,0.0678
s,11.03349389,155.063,0.0679
s,11.03349389,153.788,0.0679
s,11.03349432,153.914,0.068
s,11.03349432,158.36,0.068
s,11.03349432,157.929,0.068
s,11.03346535,159.993,0.068
s,11.03328355,159.819,0.068
s,11.03328355,155.265,0.068
s,11.03328355,157.448,0.068
s,11.03328398,156.551,0.0681
s,11.03331295,162.625,0.0681
s,11.03331295,160.364,0.0681
s,11.03331295,159.362,0.0681
s,11.03331295,159.234,0.0681
s,11.03352415,159.808,0.0682
s,11.03352415,157.814,0.0682
s,11.03352415,158.39,0.0682
s,11.03352415,158.963,0.0682
s,11.03352415,156.15,0.0682
s,11.03352372,159.239,0.0681
s,11.03352372,159.112,0.0681
s,11.03352372,157.237,0.0681
s,11.03352372,157.656,0.0681
s,11.03352329,159.665,0.068
s,11.03370509,161.389,0.068
s,11.03370466,158.448,0.0679
s,11.03370466,159.492,0.0679
s,11.03370466,156.093,0.0679
m,11.03370509,154.773,0.068
m,11.03409767,155.515,0.068
m,11.0373203,151.248,0.068
m,11.04036186,153.792,0.0681
m,11.04376649,155.715,0.068
m,11.04738258,159.096,0.068
m,11.05118036,147.176,0.0679
m,11.05510263,145.713,0.0678
m,11.05941823,159.604,0.0678
m,11.09094008,146.532,0.0678
m,11.09474166,147.655,0.0678
m,11.09872586,161.696,0.0679
m,11.10286333,155.53,0.0679
m,11.10681925,151.951,0.0679
m,11.13183549,149.619,0.0678
m,11.13615743,155.903,0.0677
m,11.14050889,152.162,0.0678
m,11.14483199,158.31,0.0678
m,11.15353573,147.992,0.0678
m,11.17784899,153.363,0.0678
m,11.18171266,150.052,0.0677
m,11.18545101,154.942,0.0677
m,11.19287206,153.45,0.0677
m,11.21499893,160.504,0.0679
m,11.22235207,152.935,0.068
m,11.22235207,160.153,0.068
m,11.22970557,159.377,0.0681
m,11.23298321,153.541,0.0682
m,11.25114925,158.743,0.0686
m,11.2599733,158.125,0.0688
m,11.25997417,158.149,0.069
m,11.2694989,151.434,0.0692
m,11.27426134,150.581,0.0693
m,11.30487052,161.743,0.0705
m,11.30487097,147.913,0.0706
m,11.31233764,161.387,0.0707
m,11.31582624,160.663,0.0709
m,11.33876076,154.472,0.0719
m,11.33876076,157.017,0.0719
m,11.3459472,151.279,0.0721
m,11.35000957,153.275,0.0722
m,11.35404433,150.789,0.0723
m,11.06358114,154.507,0.0678
m,11.07172604,150.932,0.0678
m,11.07555485,150.833,0.0678
m,11.07953754,153.67,0.0679
m,11.0871388,155.792,0.0678
m,11.11509601,151.685,0.0679
m,11.11920653,152.337,0.0679
m,11.1235278,150.675,0.0679
m,11.12766794,154.873,0.068
m,11.15767792,150.783,0.0678
m,11.16184862,142.891,0.0678
m,11.16604777,152.719,0.0678
m,11.17009286,153.211,0.0677
m,11.17398509,154.8,0.0678
m,11.1966388,152.421,0.0677
m,11.20037765,152.085,0.0677
m,11.20411662,148.196,0.0677
m,11.20785572,154.563,0.0677
m,11.21141331,159.093,0.0678
m,11.23626045,155.45,0.0682
m,11.23956556,161.25,0.0682
m,11.2430532,157.967,0.0683
m,11.24690501,158.705,0.0684
m,11.27923413,155.264,0.0695
m,11.28399666,157.577,0.0696
m,11.28878743,152.267,0.0698
m,11.29279482,158.914,0.0701
m,11.29685729,152.173,0.0703
m,11.31931487,153.374,0.0711
m,11.3227754,159.157,0.0712
m,11.32626408,161.396,0.0714
m,11.32975234,149.716,0.0715
m,11.33266707,152.63,0.0717
m,11.35865405,153.903,0.0726
m,11.36326239,159.924,0.0726
m,11.37229797,149.404,0.0728
m,11.37654261,152.944,0.0729
m,11.38078773,152.254,0.0731
m,11.38503288,155.288,0.0733
m,11.38922292,157.984,0.0735
m,11.3934401,155.275,0.0736
m,11.39742056,159.41,0.0738
m,11.42438811,157.835,0.0743
m,11.42758567,158.448,0.0745
m,11.4306281,160.878,0.0746
m,11.43327884,160.404,0.0747
m,11.4587306,154.709,0.0749
m,11.46330582,158.783,0.0752
m,11.46772586,160.717,0.0754
m,11.47573657,160.966,0.0757
m,11.47573706,156.248,0.0758
m,11.49923803,156.326,0.0761
m,11.50291038,154.452,0.0762
m,11.50976215,161.912,0.0763
m,11.51257905,158.297,0.0767
m,11.51258054,157.538,0.077
m,11.53823767,153.799,0.078
m,11.54258483,162.727,0.0781
m,11.54695967,156.828,0.0783
m,11.55117992,158.857,0.0786
m,11.57134451,159.603,0.0803
m,11.57204701,159.612,0.0804
m,11.57201892,158.405,0.0802
s,11.57196433,160.098,0.0801
s,11.57193677,158.708,0.08
s,11.57135293,161.888,0.0794
s,11.57111612,153.184,0.0793
s,11.57108859,157.033,0.0792
s,11.5708253,158.914,0.0792
s,11.57064252,160.614,0.0791
s,11.57050751,160.834,0.0791
s,11.57050751,159.915,0.0791
s,11.57066278,160.356,0.0791
s,11.57063578,159.431,0.0791
m,11.40142815,156.383,0.0739
m,11.40954262,158.01,0.074
m,11.41349587,162.793,0.0742
m,11.41723816,159.501,0.0741
m,11.42100898,159.792,0.0742
m,11.43611136,154.996,0.0747
m,11.44190407,155.713,0.0747
m,11.44556524,158.495,0.0746
m,11.4497195,155.673,0.0747
m,11.454029,160.578,0.0748
m,11.4832812,158.526,0.0757
m,11.48708129,155.21,0.0758
m,11.49124591,154.738,0.0759
m,11.49522837,157.186,0.076
m,11.51777313,156.135,0.0772
m,11.52046105,160.782,0.0774
m,11.52314848,160.144,0.0775
m,11.52638313,157.035,0.0777
m,11.53420081,157.377,0.0779
m,11.55506331,159.61,0.079
m,11.55855463,162.592,0.0793
m,11.56498853,159.878,0.0795
m,11.5649901,161.734,0.0798
m,11.56988542,156.81,0.0801
s,11.57188219,160.918,0.0799
s,11.57182761,159.98,0.0798
s,11.57161781,158.013,0.0797
s,11.57156325,160.42,0.0796
s,11.57043325,161.097,0.0791
s,11.57040625,158.083,0.0791
s,11.57040573,158.034,0.079
s,11.57037924,160.202,0.0791
s,11.57053451,160.213,0.0791
s,11.57063578,160.82,0.0791
s,11.57063578,160.104,0.0791
s,11.57063578,158.238,0.0791
s,11.57063578,159.747,0.0791
s,11.57066278,157.092,0.0791
s,11.57066278,159.022,0.0791
s,11.57066278,158.912,0.0791
s,11.57084504,158.573,0.0791
s,11.57084504,156.512,0.0791
s,11.57084556,157.496,0.0792
s,11.57089955,157.25,0.0792
s,11.57097118,158.778,0
s,11.57110933,160.563,0.0793
s,11.57113685,159.292,0.0794
s,11.57113737,160.918,0.0795
s,11.57122204,157.298,0.0802
s,11.57124852,155.849,0.0801
s,11.57130307,161.121,0.0802
s,11.57132956,161.021,0.0801
s,11.57125907,161.556,0.0808
s,11.57107893,160.047,0.0812
s,11.57134121,161.594,0.081
s,11.57136771,159.858,0.0809
s,11.57144987,160.405,0.0811
s,11.57140765,160.711,0.082
s,11.57161804,158.786,0.0822
s,11.57148988,160.781,0.0822
s,11.57149097,159.673,0.0824
s,11.57149206,158.95,0.0826
s,11.570879,159.815,0.084
s,11.57090662,158.815,0.0841
s,11.570752,160.831,0.0842
s,11.57075312,158.652,0.0844
s,11.57008391,160.658,0.0854
s,11.57008505,160.422,0.0856
s,11.5700862,160.247,0.0858
s,11.56987745,159.29,0.0859
s,11.56987803,161.693,0.086
s,11.56979798,160.309,0.0862
s,11.56961573,158.939,0.0862
s,11.56941278,156.249,0
s,11.56956218,160.1,0.0863
s,11.56956276,158.455,0.0864
s,11.57084556,160.398,0.0792
s,11.57084556,158.157,0.0792
s,11.57087255,160.086,0.0792
s,11.57087255,159.174,0.0792
s,11.57134664,158.944,0.0795
s,11.57137416,161.237,0.0796
s,11.5711919,159.545,0.0796
s,11.57121942,160.42,0.0797
s,11.57122151,159.421,0.0801
s,11.57135658,161.66,0.0801
s,11.57135658,161.439,0.0801
s,11.57138517,160.091,0.0804
s,11.57120344,158.62,0.0805
s,11.57123099,156.858,0.0806
s,11.57147798,161.636,0.0813
s,11.57150609,159.226,0.0815
s,11.57135195,162.015,0.0817
s,11.57138007,160.449,0.0819
s,11.57136501,160.614,0.0828
s,11.5713661,161.401,0.083
s,11.57121201,160.371,0.0832
s,11.57124017,161.023,0.0834
s,11.57106181,161.439,0.0841
s,11.57075424,158.739,0.0846
s,11.57057255,157.678,0.0847
s,11.57060075,158.428,0.0849
s,11.57041963,160.965,0.0851
s,11.57044727,159.623,0.0852
s,11.56985153,159.174,0.0861
s,11.56985153,161.544,0.0861
s,11.56982447,159.939,0.0861
s,11.56982447,159.619,0.0861
s,11.56953628,158.013,0.0865
s,11.56932755,159.003,0.0866
s,11.56930049,160.667,0.0866
s,11.56927402,159.612,0.0867
s,11.56945627,148.896,0.0867
s,11.56924755,159.484,0.0868
s,11.56922166,157.671,0.087
s,11.56919403,158.824,0.0869
s,11.56916698,157.584,0.0869
s,11.56942216,156.821,0.0867
s,11.5693957,159.738,0.0868
s,11.56936867,161.03,0.0868
s,11.56934047,161.25,0.0866
s,11.56933989,161.342,0.0865
s,11.56959514,158.451,0.0863
s,11.56959514,158.423,0.0863
s,11.56959514,160.941,0.0863
s,11.56977682,160.96,0.0862
s,11.56977625,162.444,0.0861
s,11.57001313,160.754,0.0862
s,11.57004016,160.29,0.0862
s,11.57006719,158.72,0.0862
s,11.57006719,160.191,0.0862
s,11.57012125,160.332,0.0862
s,11.57012183,160.295,0.0863
s,11.56994131,158.262,0.0866
s,11.56994189,159.692,0.0867
s,11.56994247,160.339,0.0868
s,11.57002358,159.76,0.0868
s,11.56984191,160.115,0.0869
s,11.56986895,160.696,0.0869
s,11.569896,162.017,0.0869
s,11.56992246,157.991,0.0868
s,11.57008419,159.881,0.0867
s,11.57011125,160.275,0.0867
s,11.56998312,160.167,0.0867
s,11.57000961,159.449,0.0866
m,11.5729492,157.323,0.086
m,11.57923991,156.752,0.086
m,11.58238493,160.337,0.0859
m,11.58558067,159.248,0.0852
m,11.58877993,158.054,0.0851
s,11.56916698,158.755,0.0869
s,11.56929515,159.15,0.0869
s,11.56929456,157.046,0.0868
s,11.56926694,158.283,0.0867
s,11.56942216,160.565,0.0867
s,11.56949454,160.705,0.0864
s,11.56946693,159.405,0.0863
s,11.56964862,160.4,0.0862
s,11.56962217,161.089,0.0863
s,11.56995851,161.058,0.0861
s,11.56998553,159.642,0.0861
s,11.56998553,158.159,0.0861
s,11.56998495,160.785,0.086
s,11.57001256,160.631,0.0861
s,11.57009364,159.828,0.0861
s,11.57009364,158.595,0.0861
s,11.57009422,157.528,0.0862
s,11.57009422,159.823,0.0862
s,11.57012125,160.425,0.0862
s,11.56978725,159.145,0.0868
s,11.56996834,160.038,0.0866
s,11.57017764,159.438,0.0866
s,11.56999596,159.711,0.0867
s,11.56994951,159.957,0.0868
s,11.56997597,158.709,0.0867
s,11.56997597,159.082,0.0867
s,11.57003008,160.709,0.0867
s,11.57005713,160.275,0.0867
s,11.57003609,159.395,0.0865
m,11.57006779,157.925,0
m,11.57027132,160.94,0.0863
m,11.57048006,158.476,0.0862
m,11.57294977,157.127,0.0861
m,11.5961382,160.505,0.085
m,11.59995924,160.383,0.0849
m,11.60390961,160.546,0.0849
m,11.60796785,159.89,0.0849
m,11.6118177,160.376,0.085
m,11.61587634,160.031,0.085
m,11.61996199,157.067,0.085
m,11.62829043,157.437,0.0852
m,11.62829043,154.468,0.0852
m,11.65739586,155.544,0.0838
m,11.66515563,161.35,0.0837
m,11.66913931,153.579,0.0835
m,11.66913876,161.409,0.0834
m,11.70205241,158.874,0.0826
m,11.706323,156.249,0.0826
m,11.71090438,157.178,0.0824
m,11.71090384,159.571,0.0823
m,11.72004252,155.361,0.0822
m,11.7436599,161.256,0.0817
m,11.74764474,157.227,0.0817
m,11.75545923,159.846,0.0817
m,11.75545976,156.093,0.0818
m,11.76283185,151.455,0.0818
m,11.7895197,159.44,0.0818
m,11.79304026,155.867,0.0818
m,11.79303973,153.388,0.0817
m,11.79989987,161.664,0.0817
m,11.82511441,156.966,0.0815
m,11.82879666,155.858,0.0814
m,11.82879666,150.799,0.0814
m,11.83616394,150.389,0.0814
m,11.83984845,161.045,0.0814
m,11.86128573,150.635,0.081
m,11.86533893,154.412,0.0809
m,11.86962594,153.931,0.0808
m,11.87391397,158.639,0.0808
m,11.87806977,153.859,0.0807
m,11.90991152,150.579,0.0808
m,11.9149774,157.419,0.081
m,11.91983512,154.965,0.0811
m,11.92456146,158.217,0.0814
m,11.63685484,159.756,0.0853
m,11.64099419,156.748,0.0852
m,11.64536717,161.577,0.0847
m,11.64958516,153.851,0.0843
m,11.65356746,154.387,0.0839
m,11.67708078,153.952,0.0832
m,11.68122093,152.725,0.0831
m,11.68536119,157.402,0.083
m,11.68950154,152.014,0.0829
m,11.69364144,156.075,0.0827
m,11.72496356,160.223,0.0821
m,11.72988493,156.611,0.082
m,11.73478023,160.297,0.0819
m,11.73931109,158.255,0.0818
m,11.76671403,159.951,0.0819
m,11.77098621,158.956,0.0817
m,11.77502525,158.514,0.0817
m,11.77909099,157.147,0.0817
m,11.78274075,159.183,0.0818
m,11.80323943,159.595,0.0817
m,11.80673564,161.247,0.0816
m,11.81041547,154.456,0.0816
m,11.81409535,160.292,0.0815
m,11.81777582,158.773,0.0814
m,11.84337593,153.483,0.0813
m,11.84687896,156.902,0.0813
m,11.8501989,160.48,0.0811
m,11.85370252,155.79,0.081
m,11.88225167,155.28,0.0807
m,11.88627589,157.592,0.0806
m,11.89515741,159.89,0.0806
m,11.89983191,159.141,0.0807
m,11.90487138,158.465,0.0807
m,11.9336208,150.219,0.0814
m,11.93362133,154.913,0.0815
m,11.94307246,158.433,0.0817
m,11.94774814,156.55,0.0818
m,11.95187585,151.993,0.0819
m,11.95584593,149.371,0.082
m,11.9596594,159.451,0.0823
m,11.96344691,153.464,0.0824
m,11.97104656,159.631,0.0825
m,11.97504193,154.196,0.0826
m,11.99594683,154.608,0.084
m,12.00475231,158.295,0.0841
m,12.00906468,157.316,0.0843
m,12.01335237,157.343,0.0845
m,12.01745802,160.63,0.0848
m,12.04592765,157.061,0.0864
m,12.04977742,148.155,0.0866
m,12.0535771,160.586,0.0866
m,12.05722003,155.826,0.0868
m,12.0800059,160.604,0.0875
m,12.0835538,157.108,0.0877
m,12.08746843,158.389,0.088
m,12.09138299,158.816,0.0882
m,12.09525009,159.132,0.0885
m,12.11988541,159.014,0.0894
m,12.1241953,159.946,0.0898
m,12.12811291,159.129,0.0897
m,12.13187741,161.523,0.0905
m,12.13529695,160.122,0.0907
m,12.15990984,161.582,0.0903
m,12.16276106,159.709,0.0907
m,12.16556642,160.994,0.0913
m,12.1708253,158.44,0.0917
m,12.18988907,162.019,0.0929
m,12.1929426,157.357,0.0927
m,12.19561024,158.653,0.0928
m,12.19827954,159.628,0.0929
m,12.20094991,160.902,0.0929
m,12.21632083,159.518,0.093
m,12.21902424,154.056,0.0928
m,12.22209553,160.337,0.0926
m,12.22500728,159.458,0.0923
m,12.22787354,160.4,0.0917
m,11.97504299,149.544,0.0828
m,11.98316683,153.21,0.083
m,11.98732076,152.565,0.0832
m,11.99163265,153.688,0.0834
m,12.02156326,160.122,0.085
m,12.0256681,158.031,0.0851
m,12.02977529,158.035,0.0856
m,12.03385681,156.418,0.0859
m,12.0380719,158.929,0.0862
m,12.06047197,156.723,0.0868
m,12.06351745,158.154,0.0869
m,12.06656384,159.404,0.0871
m,12.07302156,160.445,0.0872
m,12.07302213,159.01,0.0873
m,12.09914148,158.664,0.0887
m,12.10731472,157.808,0.0889
m,12.11157355,160.748,0.0891
m,12.11157471,160.81,0.0893
m,12.14284307,159.897,0.0908
m,12.14655613,161.653,0.0907
m,12.1502924,158.389,0.0904
m,12.1502918,157.061,0.0903
m,12.15687784,161.306,0.0902
m,12.17353669,160.792,0.0921
m,12.17620049,161.505,0.0923
m,12.18130143,159.264,0.0928
m,12.1842625,157.063,0.0928
m,12.18717797,158.673,0.0928
m,12.20346254,160.033,0.093
m,12.20597733,161.58,0.0932
m,12.21114638,155.39,0.0932
m,12.21361897,161.306,0.0932
m,12.23094962,155.748,0.0915
m,12.2340261,160.837,0.0911
m,12.24011487,159.185,0.0907
m,12.24303555,161.705,0.0904
m,12.24634528,159.758,0.0899
m,12.24988414,157.05,0.0894
m,12.25360806,161.93,0.089
m,12.25694458,158.793,0.0886
m,12.26030335,161.165,0.088
m,12.2810836,160.167,0.0866
m,12.28361182,160.173,0.0864
m,12.2863228,160.383,0.0858
m,12.28867093,159.314,0.0856
m,12.29263958,161.934,0.0854
m,12.29937084,157.573,0.0847
m,12.30028501,160.295,0.0845
m,12.30087599,161.705,0.0843
m,12.30165154,161.302,0.0841
m,12.30320768,161.514,0.084
m,12.30728638,159.564,0.0835
m,12.30829448,158.398,0.0827
m,12.30896139,160.747,0.0827
m,12.30980999,158.416,0.0829
m,12.31342968,159.38,0.0827
m,12.31442967,160.089,0.0826
m,12.317067,159.657,0.082
m,12.32286718,157.002,0.0811
m,12.32286565,158.609,0.0808
m,12.33565091,159.273,0.0799
m,12.33709477,158.825,0.0799
m,12.33826906,160.556,0.0797
m,12.33897204,159.925,0.0797
m,12.34047647,161.015,0.0797
m,12.35028486,160.341,0.0778
m,12.35435608,160.134,0.0775
m,12.35606443,161.675,0.0773
m,12.35775517,161.074,0.0771
m,12.37011053,160.762,0.0748
m,12.37448801,159.665,0.0745
m,12.37679957,158.096,0.0742
m,12.37894803,160.7,0.0739
m,12.38117303,158.664,0.0738
m,12.26672908,159.066,0.0877
m,12.26672738,160.035,0.0874
m,12.2728351,158.529,0.0872
m,12.27569557,160.277,0.087
m,12.27849152,158.224,0.0868
m,12.29263848,161.208,0.0852
m,12.29569695,162.188,0.0851
m,12.29713648,160.96,0.085
m,12.29843617,160.037,0.0848
m,12.30320608,159.508,0.0837
m,12.30466423,159.335,0.084
m,12.30517976,160.087,0.084
m,12.30612257,160.396,0.0833
m,12.30670493,160.232,0.0836
m,12.30980947,160.743,0.0828
m,12.31068216,158.755,0.0829
m,12.31115015,157.927,0.083
m,12.31174007,159.136,0.083
m,12.31263524,161.154,0.0828
m,12.32709721,159.903,0.0805
m,12.32923575,158.769,0.0803
m,12.32923525,158.187,0.0802
m,12.33369677,159.474,0.08
m,12.34132425,160.644,0.0796
m,12.34227761,160.328,0.0794
m,12.34227662,158.713,0.0792
m,12.34461042,157.857,0.079
m,12.34621337,160.746,0.0787
m,12.3597956,158.825,0.0768
m,12.36185658,161.276,0.0765
m,12.36373478,160.914,0.0761
m,12.36577862,161.316,0.0755
m,12.36795314,161.231,0.0752
m,12.38315964,161.469,0.0734
m,12.38503691,161.119,0.0729
m,12.38629263,161.37,0.0727
m,12.38503979,161.058,0.0728
m,12.38504068,160.492,0.073
m,12.37951842,162.354,0.073
m,12.37591977,159.791,0.0731
m,12.37213747,161.331,0.0732
m,12.36796873,160.801,0.0731
m,12.33659847,159.23,0.073
m,12.33204789,159.669,0.0731
m,12.32729555,158.841,0.0731
m,12.32256131,158.967,0.0731
m,12.2884462,162.343,0.074
m,12.28369853,159.997,0.0742
m,12.27896873,160.962,0.0744
m,12.27460786,158.018,0.0747
m,12.26570143,159.029,0.0749
m,12.24467596,161.056,0.076
m,12.2399172,160.897,0.0766
m,12.23014437,161.996,0.0769
m,12.23014581,159.715,0.0772
m,12.21992211,160.72,0.0775
m,12.18662401,160.344,0.0783
m,12.17659625,155.835,0.0782
m,12.17159216,160.461,0.0782
m,12.166773,159.289,0.0782
m,12.13677872,160.897,0.0785
m,12.13677921,160.498,0.0786
m,12.12774505,158.091,0.0787
m,12.12302047,160.099,0.0786
m,12.11809783,159.425,0.0787
m,12.09117859,160.536,0.0795
m,12.08686616,160.536,0.0797
m,12.08273917,161.327,0.0799
m,12.07844485,158.133,0.0801
m,12.07413694,157.946,0.0805
m,12.0449299,158.541,0.082
m,12.03685244,160.697,0.0822
m,12.03255493,159.907,0.0824
m,12.02862677,160.352,0.0825
m,12.36359935,161.583,0.0732
m,12.35921158,160.814,0.0731
m,12.35049176,160.491,0.0731
m,12.3459217,161.374,0.0731
m,12.3459217,160.182,0.0731
m,12.3176267,160.799,0.0733
m,12.31271012,161.226,0.0735
m,12.30285917,160.664,0.0736
m,12.29812776,160.433,0.0738
m,12.29812821,158.745,0.0739
m,12.26170894,160.538,0.075
m,12.25756785,160.433,0.0752
m,12.25341028,160.867,0.0755
m,12.24905129,158.464,0.0757
m,12.21471114,160.598,0.0777
m,12.20988569,160.39,0.0778
m,12.20487738,157.392,0.078
m,12.20025497,161.156,0.0782
m,12.19122856,157.342,0.0783
m,12.16234001,158.852,0.0783
m,12.15790676,158.026,0.0782
m,12.1538596,156.424,0.0782
m,12.14942877,159.91,0.0783
m,12.14108854,157.029,0.0784
m,12.11336083,160.087,0.0788
m,12.10864183,156.884,0.079
m,12.09962323,160.127,0.0792
m,12.09530794,160.545,0.0793
m,12.06984484,158.912,0.0807
m,12.06126339,158.296,0.081
m,12.0571749,160.711,0.0813
m,12.05290208,157.424,0.0814
m,12.04902977,158.867,0.0815
m,12.02470035,161.411,0.0827
m,12.02118864,160.845,0.0828
m,12.01786227,162.151,0.0829
m,12.01455243,162.042,0.0831
m,12.01102916,158.107,0.0833
m,12.00398473,160.348,0.0835
m,12.00064903,161.383,0.0837
m,11.99714536,161.877,0.084
m,11.99381176,161.315,0.0842
m,11.99028067,159.421,0.0845
m,11.96837803,159.394,0.0858
m,11.96486946,162.128,0.0861
m,11.96171651,160.605,0.0864
m,11.95839574,159.487,0.0869
m,11.95505952,161.784,0.087
m,11.93101846,160.6,0.0883
m,11.92749383,158.927,0.0885
m,11.9237998,160.917,0.0887
m,11.92026387,160.489,0.0889
m,11.89327961,159.152,0.0898
m,11.88935838,161.845,0.0899
m,11.88528259,161.772,0.0903
m,11.87768519,161.383,0.0905
m,11.87378369,161.819,0.0907
m,11.84964701,158.963,0.092
m,11.84553436,159.271,0.0923
m,11.84142414,160.709,0.0927
m,11.833022,160.643,0.0931
m,11.82891721,160.386,0.0935
m,11.80640204,161.634,0.0954
m,11.80006847,161.119,0.0954
m,11.7969848,162.132,0.0956
m,11.79371694,159.664,0.0957
m,11.77287249,160.917,0.0963
m,11.76552096,152.306,0.0962
m,11.76204476,159.912,0.0963
m,11.7585802,162.723,0.0962
m,11.75552088,161.362,0.0961
m,11.73683342,157.99,0.0962
m,11.73337842,155.287,0.0961
m,11.72627855,158.858,0.0962
m,11.72282825,160.745,0.0962
m,11.7228276,158.742,0.0961
m,11.98674964,160.492,0.0846
m,11.98303757,160.872,0.0851
m,11.97561245,160.028,0.0853
m,11.97561356,158.747,0.0855
m,11.94820616,159.533,0.0872
m,11.94487405,159.925,0.0874
m,11.94134342,159.033,0.0874
m,11.94134515,160.605,0.0877
m,11.93433134,161.829,0.088
m,11.91282591,159.459,0.0891
m,11.90892445,160.642,0.0892
m,11.90502493,155.718,0.0894
m,11.90502553,161.277,0.0895
m,11.89718893,158.073,0.0897
m,11.86986934,160.924,0.0907
m,11.86202178,160.193,0.0911
m,11.85790299,161.127,0.0913
m,11.85395896,158.227,0.0917
m,11.82481424,160.278,0.0939
m,11.82090889,160.433,0.0941
m,11.81682059,158.541,0.0943
m,11.81314345,157.568,0.095
m,11.80967369,160.399,0.0952
m,11.7904489,160.539,0.0956
m,11.78697601,157.957,0.0959
m,11.78003093,156.24,0.096
m,11.77636353,158.898,0.096
m,11.77287184,157.08,0.0962
m,11.7494181,159.452,0.0961
m,11.74657002,160.03,0.0961
m,11.74333003,160.756,0.096
m,11.74027849,158.32,0.0963
m,11.71612672,158.727,0.0961
m,11.71288691,159.792,0.0961
m,11.7096489,158.644,0.0962
m,11.70640195,156.454,0.0964
m,11.70336383,155.968,0.0968
m,11.7001413,155.534,0.0971
m,11.69690655,157.038,0.097
m,11.69005047,160.083,0.0969
m,11.69004848,158.972,0.0966
m,11.6623273,161.469,0.0966
m,11.65891137,156.135,0.0966
m,11.65569095,157.449,0.0965
m,11.65569095,160.565,0.0965
m,11.64885468,158.523,0.0964
m,11.62838831,161.991,0.0963
m,11.62499404,160.647,0.0962
m,11.62178651,161.025,0.0962
m,11.61858901,160.903,0.0961
m,11.61538313,159.964,0.096
m,11.59512703,156.934,0.0951
m,11.59170874,162.134,0.095
m,11.58850476,159.512,0.095
m,11.58529373,159.921,0.0951
m,11.58168672,159.454,0.0951
m,11.57018243,154.901,0.0955
m,11.5546737,155.347,0.0956
m,11.55791365,156.367,0.0957
m,11.55338598,157.911,0.0957
m,11.52462068,157.966,0.096
m,11.52083599,158.105,0.096
m,11.51722017,155.442,0.0957
m,11.50987635,160.992,0.0955
m,11.50612043,159.079,0.0951
m,11.48818424,150.738,0.0935
m,11.48465227,155.764,0.093
m,11.4811159,152.119,0.0928
m,11.47443953,151.809,0.0924
m,11.47093651,147.97,0.0922
m,11.44939288,157.736,0.0903
m,11.44166048,156.714,0.0899
m,11.43741788,142.51,0.0896
m,11.43318326,152.566,0.0893
m,11.68320782,162.255,0.0965
m,11.67978442,159.095,0.0965
m,11.67617743,157.038,0.0965
m,11.67276748,161.321,0.0966
m,11.6655045,161.516,0
m,11.64542334,160.718,0.0963
m,11.64201381,161.079,0.0963
m,11.63841019,158.706,0.0962
m,11.63500389,158.102,0.0963
m,11.61236337,158.082,0.0959
m,11.60896492,160.404,0.0957
m,11.60537415,157.075,0.0956
m,11.59853837,159.097,0.0953
m,11.5748925,156.726,0.0952
m,11.57364173,157.664,0.0952
m,11.57364173,158.72,0.0952
m,11.57270075,156.855,0.0953
m,11.57245458,161.105,0.0953
m,11.54531101,158.887,0.0957
m,11.54104107,153.901,0.0957
m,11.5410424,158.096,0.0959
m,11.53228751,154.523,0.096
m,11.5284321,156.764,0.096
m,11.50238312,151.073,0.0949
m,11.49883095,159.519,0.0945
m,11.49527246,156.101,0.0941
m,11.49172383,152.531,0.0938
m,11.4676195,156.097,0.092
m,11.46761824,152.835,0.0918
m,11.46044037,150.434,0.0916
m,11.45694768,145.572,0.0913
m,11.45326172,149.292,0.0907
m,11.42875064,157.182,0.089
m,11.42432661,155.31,0.0888
m,11.41971789,152.16,0.0885
m,11.4152879,151.636,0.0881
m,11.40609752,152.54,0.0878
m,11.40609573,147.27,0.0875
m,11.39710121,148.587,0.0873
m,11.39270377,147.739,0.0871
m,11.38849876,148.169,0.0869
m,11.38410874,157.091,0.0866
m,11.36032882,157.534,0.0848
m,11.35027603,149.705,0.0845
m,11.34515149,142.602,0.0843
m,11.34003326,141.91,0.084
m,11.33492236,144.939,0.0838
m,11.3013181,146.621,0.0826
m,11.29623415,147.754,0.0823
m,11.29115108,156.093,0.0821
m,11.28588208,156.886,0.0817
m,11.25006923,140.638,0.0806
m,11.24556638,147.754,0.0803
m,11.23694554,142.579,0.0802
m,11.23694501,144.649,0.0801
m,11.22831901,138.975,0.08
m,11.20456286,142.611,0.0793
m,11.19970887,150.123,0.0792
m,11.18982202,146.077,0.0791
m,11.18982149,142.062,0.079
m,11.17976633,145.544,0.0789
m,11.14179821,140.807,0.0778
m,11.13641073,146.205,0.0776
m,11.13120843,144.249,0.0774
m,11.12638147,142.581,0.0771
m,11.09099875,146.532,0.0763
m,11.08562279,143.116,0.0762
m,11.0804315,146.237,0.076
m,11.07542538,148.884,0.0758
m,11.06506084,143.662,0.0757
m,11.03990791,157.161,0.0751
m,11.03491388,149.224,0.0751
m,11.02438145,148.696,0.0751
m,11.01883702,157.135,0.075
m,11.01329212,153.692,0.0748
m,11.37972589,149.11,0.0863
m,11.37496525,144.313,0.0857
m,11.37020706,154.619,0.0854
m,11.36033054,145.735,0.0851
m,11.33000884,143.471,0.0835
m,11.32528201,158.221,0.0834
m,11.31584172,149.653,0.0832
m,11.31112158,150.302,0.083
m,11.31112047,140.391,0.0828
m,11.27518652,144.406,0.0815
m,11.26956663,148.909,0.0813
m,11.26432358,138.558,0.0812
m,11.25944466,152.762,0.081
m,11.25456594,139.518,0.0808
m,11.22364411,144.982,0.0799
m,11.21914829,144.394,0.0797
m,11.21428896,141.149,0.0797
m,11.20942358,142.094,0.0796
m,11.17473853,140.306,0.0788
m,11.16934043,140.802,0.0787
m,11.16412043,143.961,0.0783
m,11.15295403,142.941,0.0781
m,11.14737585,140.977,0.0779
m,11.12175717,144.285,0.077
m,11.11194208,145.804,0.0768
m,11.11194107,140.223,0.0766
m,11.10175016,142.721,0.0764
m,11.0963687,143.733,0.0763
m,11.05988059,158.216,0.0755
m,11.05988009,153.84,0.0754
m,11.04989195,144.347,0.0754
m,11.04490294,148.169,0.0753
m,11.00737741,149.78,0.0747
m,11.00164739,154.71,0.0745
m,10.99573734,143.712,0.0742
m,10.98964826,153.576,0.074
m,10.97764567,150.583,0.0739
m,10.97764469,147.78,0.0737
m,10.96564791,148.332,0.0736
m,10.95973959,143.391,0.0736
m,10.95401034,148.061,0.0735
m,10.92243034,148.166,0.073
m,10.91153392,143.92,0.0729
m,10.90581064,149.175,0.0728
m,10.90008788,148.935,0.0728
m,10.89435894,149.301,0.0727
m,10.86570305,151.966,0.0722
m,10.85424594,150.118,0.0721
m,10.84852298,152.81,0.072
m,10.84260863,150.914,0.0718
m,10.83688529,147.428,0.0716
m,10.79828453,149.218,0.071
m,10.79311695,152,0.0708
m,10.78812913,152.728,0.0707
m,10.78333239,151.235,0.0706
m,10.74935117,150.151,0.0701
m,10.73955565,152.849,0.07
m,10.73455662,153.969,0.07
m,10.73455616,152.51,0.0699
m,10.72419379,150.574,0.0699
m,10.69265878,146.893,0.0699
m,10.68745671,154.006,0.0699
m,10.67743434,156.288,0.0698
m,10.67743388,151.646,0.0697
m,10.66777586,146.715,0.0696
m,10.63483572,151.979,0.0691
m,10.62905419,156.691,0.069
m,10.61748588,153.451,0.0689
m,10.6119019,145.629,0.0689
m,10.57606678,146.445,0.069
m,10.57139158,146.064,0.069
m,10.56672315,151.043,0.0692
m,10.56223284,156.108,0.0691
m,10.55792825,152.81,0.0691
m,10.94865758,147.56,0.0735
m,10.94329871,148.34,0.0734
m,10.93794506,150.384,0.0732
m,10.93277709,149.077,0.0731
m,10.92243034,144.839,0.073
m,10.88844439,152.532,0.0725
m,10.87697557,149.727,0.0724
m,10.87143235,156.967,0.0724
m,10.86570352,157.404,0.0723
m,10.82544013,152.902,0.0715
m,10.81989669,148.354,0.0714
m,10.8143596,149.71,0.0714
m,10.80881575,151.612,0.0712
m,10.80345755,151.935,0.0711
m,10.77372811,148.49,0.0706
m,10.76893147,143.752,0.0705
m,10.7641408,154.675,0.0704
m,10.75933236,151.939,0.0703
m,10.75434473,146.154,0.0702
m,10.71900365,148.332,0.0699
m,10.71381352,150.93,0.0699
m,10.70843226,147.543,0.0699
m,10.703051,147.479,0.0699
m,10.66294365,155.597,0.0695
m,10.6579199,154.876,0.0693
m,10.65234116,148.477,0.0692
m,10.6467565,147.372,0.0691
m,10.64079609,153.867,0.0691
m,10.60650265,158.508,0.0688
m,10.60109801,159.22,0.0688
m,10.5906417,154.606,0.0688
m,10.5857757,149.09,0.0689
m,10.58092143,157.322,0.069
m,10.55362375,148.128,0.0691
m,10.54538017,150.942,0.0692
m,10.54089129,150,0.0693
m,10.53602042,147.991,0.0693
m,10.53077375,144.626,0.0693
m,10.52533697,153.313,0.0694
m,10.51970876,142.845,0.0693
m,10.51389704,149.701,0.0695
m,10.5026439,150.208,0.0697
m,10.46588257,148.8,0.0696
m,10.46099862,148.618,0.0696
m,10.45592497,146.849,0.0697
m,10.4508512,145.97,0.0697
m,10.41602165,142.509,0.069
m,10.41130551,146.602,0.0688
m,10.4065854,140.633,0.0687
m,10.4020511,146.757,0.0686
m,10.39733224,155.004,0.0685
m,10.36937925,145.606,0.0679
m,10.36484092,136.846,0.0678
m,10.36011817,134.128,0.0677
m,10.35539576,138.749,0.0675
m,10.35085124,138.827,0.0675
m,10.31887804,141.041,0.0667
m,10.31415977,149.793,0.0666
m,10.30980832,153.136,0.0664
m,10.3012909,139.231,0.0663
m,10.27703216,155.53,0.0655
m,10.26870608,145.411,0.0653
m,10.26870566,140.351,0.0652
m,10.26074831,141.903,0.0651
m,10.25676753,141.343,0.0649
m,10.23271596,139.526,0.0639
m,10.22874276,137.646,0.0638
m,10.2247711,138.06,0.0637
m,10.22080016,144.865,0.0634
m,10.21286457,142.656,0.0632
m,10.18889968,138.889,0.0619
m,10.18043543,139.824,0.0616
m,10.17629687,139.386,0.0614
m,10.17234554,138.222,0.0613
m,10.50264436,149.957,0.0698
m,10.4917782,141.042,0.0698
m,10.48652836,151.513,0.0699
m,10.48127289,144.016,0.0699
m,10.47620151,141.997,0.0696
m,10.44577779,151.927,0.0697
m,10.44069907,157.068,0.0696
m,10.43561466,146.692,0.0693
m,10.43072198,144.548,0.0692
m,10.4256343,142.892,0.0691
m,10.39260869,137.742,0.0683
m,10.38335503,143.156,0.0682
m,10.37863399,142.964,0.0681
m,10.37863355,142.891,0.068
m,10.34157901,136.009,0.0673
m,10.33703696,133.556,0.0672
m,10.33249156,145.127,0.0671
m,10.3279515,157.614,0.067
m,10.32341242,140.448,0.0669
m,10.2973094,141.225,0.0662
m,10.2933251,152.678,0.0661
m,10.2891606,140.929,0.066
m,10.28517905,137.393,0.066
m,10.28101217,141.054,0.0657
m,10.25278523,144.37,0.0648
m,10.24862126,152.638,0.0644
m,10.24066462,144.599,0.0643
m,10.23669112,137.937,0.0641
m,10.20889869,140.322,0.063
m,10.20889789,138.045,0.0628
m,10.20078633,138.176,0.0626
m,10.19682552,147.481,0.0625
m,10.19267561,142.21,0.0623
m,10.16821012,143.524,0.0611
m,10.16426192,144.313,0.061
m,10.16031213,136.211,0.0606
m,10.15636481,145.638,0.0604
m,10.14829219,144.388,0.0601
m,10.14829144,145.273,0.0599
m,10.14004046,144.927,0.0597
m,10.13591624,141.719,0.0595
m,10.13179409,140.593,0.0594
m,10.12785856,147.141,0.0592
m,10.10428295,157.046,0.0581
m,10.10035939,142.464,0.0579
m,10.09643547,140.401,0.0577
m,10.09269813,144.319,0.0573
m,10.08896544,153.218,0.0574
m,10.06419862,144.093,0.0573
m,10.06066734,151.73,0.0574
m,10.05397901,154.303,0.0575
m,10.05397901,151.1,0.0575
m,10.03412216,144.612,0.0579
m,10.02911803,156.102,0.0579
m,10.02689491,149.822,0.0579
m,10.02689455,149.104,0.0578
m,10.02337559,149.405,0.0577
s,10.02004285,151.491,0.0572
s,10.02022797,152.229,0.0571
s,10.02022745,151.129,0.0569
s,10.02022676,150.076,0.0567
s,10.0202266,151.794,0.0566
s,10.02078062,149.691,0.056
s,10.02096592,147.852,0.056
s,10.0209654,149.31,0.0559
s,10.0209654,148.009,0.0559
s,10.02114965,149.544,0.0558
s,10.02114931,148.22,0.0558
s,10.02114948,148.113,0.0559
s,10.02114965,148.984,0.056
s,10.02133496,147.733,0.0561
s,10.02133499,149.851,0.0562
s,10.02133517,147.988,0.0563
s,10.02152047,149.038,0.0563
s,10.02152081,150.796,0.0564
s,10.02170596,150.398,0.0564
m,10.12373873,141.758,0.0588
m,10.11587697,152.465,0.0586
m,10.11194996,146.695,0.0585
m,10.10802295,150.86,0.0583
m,10.08169265,149.965,0.0572
m,10.07815166,150.334,0.0572
m,10.07461497,139.519,0.0572
m,10.07107883,145.634,0.0572
m,10.06754568,155.013,0.0572
m,10.04747998,151.036,0.0577
m,10.04450983,148.934,0.0578
m,10.04154115,152.093,0.0579
m,10.0389441,146.711,0.058
m,10.03634808,152.036,0.0581
m,10.02170936,149.575,0.0577
m,10.02041336,149.832,0.0576
m,10.01967315,148.446,0.0576
s,10.01985825,150.638,0.0574
s,10.02041121,148.129,0.0564
s,10.02059634,149.404,0.0563
s,10.020596,150.694,0.0562
s,10.02059619,148.873,0.0562
s,10.02078115,149.207,0.0561
s,10.02096488,152.286,0.0558
s,10.0209647,149.955,0.0558
s,10.0209647,149.462,0.0558
s,10.02096453,150.745,0.0558
s,10.02114982,150.489,0.0558
s,10.0213348,147.838,0.0561
s,10.02133514,148.457,0.0562
s,10.02133499,150.248,0.0562
s,10.02133499,148.843,0.0562
s,10.0217063,151.794,0.0565
s,10.02189159,151.926,0.0565
s,10.02189159,150.381,0.0565
s,10.02207704,153.612,0.0565
s,10.02207704,152.886,0.0565
s,10.0220772,150.47,0.0565
s,10.02226265,150.64,0.0565
s,10.02226265,152.391,0.0565
s,10.02244794,154.435,0.0565
s,10.02263478,149.581,0.0569
s,10.02263494,148.959,0.0569
s,10.02263529,148.98,0.057
s,10.02263529,149.493,0.057
s,10.02263564,149.516,0.0571
s,10.02263598,151.893,0.0572
s,10.02263615,149.452,0.0572
s,10.02263615,153.197,0.0572
s,10.02263615,152.844,0.0572
s,10.02263615,151.887,0.0572
s,10.02263547,149.855,0.0571
s,10.02263547,149.415,0.0571
s,10.02263478,150.243,0.0569
s,10.02263478,150.207,0.0569
s,10.02244708,150.774,0.0562
s,10.02244724,150.622,0.0562
s,10.0224469,155.204,0.0561
s,10.0222616,153.943,0.0561
s,10.02226143,155.474,0.056
s,10.02207612,154.831,0.0559
s,10.02207646,153.177,0.056
s,10.02189117,151.902,0.056
s,10.02189117,151.446,0.056
s,10.02189134,149.252,0.056
s,10.02133784,151.183,0.0567
s,10.02133784,150.679,0.0567
s,10.02133818,152.536,0.0568
s,10.02133853,150.518,0.0569
s,10.02170999,151.054,0.0571
s,10.02170999,150.566,0.0571
s,10.02170999,148.46,0.0571
s,10.02189546,147.545,0.0571
s,10.02189546,150.897,0.0571
s,10.02244794,150.562,0.0565
s,10.02244845,148.997,0.0566
s,10.02263409,148.582,0.0567
s,10.02263443,149.048,0.0568
s,10.02263443,148.565,0.0568
s,10.02263615,150.131,0.0572
s,10.02263615,149.118,0.0572
s,10.02263598,149.782,0.0572
s,10.02263598,148.89,0.0572
s,10.02263615,153.56,0.0572
s,10.02263598,149.83,0.0572
s,10.02263598,148.693,0.0572
s,10.02263598,152.108,0.0572
s,10.02263598,150.247,0.0572
s,10.02244898,151.857,0.0568
s,10.02244863,154.519,0.0567
s,10.02244829,152.018,0.0566
s,10.02244794,152.1,0.0565
s,10.02244742,152.493,0.0563
s,10.02207613,155.095,0.056
s,10.02207596,153.786,0.0559
s,10.02207596,154.507,0.0559
s,10.02207596,151.897,0.0559
s,10.02170638,152.227,0.0561
s,10.02152125,152.374,0.0562
s,10.02152142,149.531,0.0562
s,10.02133681,151.203,0.0564
s,10.02133698,151.324,0.0565
s,10.02133853,150.01,0.0569
s,10.02152417,152.032,0.057
s,10.02152435,151.064,0.057
s,10.02152469,148.924,0.0571
s,10.02170999,150.697,0.0571
s,10.02189564,149.936,0.0571
s,10.02208076,152.856,0.057
s,10.02208076,150.102,0.057
s,10.02208042,149.927,0.0569
s,10.02226571,150.875,0.0569
s,10.02226571,153.142,0.0569
s,10.02226537,152.709,0.0568
s,10.02245066,151.546,0.0568
s,10.02245066,149.912,0.0568
s,10.02263543,150.79,0.0567
s,10.02263509,151.797,0.0566
s,10.02263491,153.008,0.0566
s,10.02282004,152.497,0.0566
s,10.02300533,150.612,0.0566
s,10.02300499,151.317,0.0565
s,10.02300499,151.926,0.0565
s,10.02300482,152.402,0.0565
s,10.02300482,151.97,0.0565
s,10.02300447,152.309,0.0564
s,10.02300447,149.589,0.0564
s,10.02300447,148.185,0.0564
s,10.02281884,148.048,0.0563
s,10.02281884,147.768,0.0563
s,10.02263253,147.589,0.0559
s,10.0224469,148.556,0.0558
s,10.02244707,147.045,0.0558
s,10.02244692,148.001,0.0557
m,10.02207718,150.902,0.0559
m,10.02189222,151.048,0.056
m,10.02189256,144.764,0.0561
m,10.02189256,149.087,0.0561
m,10.02170846,150.014,0.0564
m,10.01061082,154.468,0.0567
m,10.00746851,147.572,0.0568
m,10.00432667,148.017,0.0569
m,9.99767347,153.129,0.057
m,9.99416397,150.834,0.0571
m,9.970372343,154.63,0.0576
m,9.970372698,149.581,0.0577
m,9.963374469,152.462,0.058
m,9.959878251,151.825,0.0582
s,10.02263596,151.329,0.0568
s,10.02263596,149.429,0.0568
s,10.02263596,149.806,0.0568
s,10.02263561,149.966,0.0567
s,10.02263543,151.375,0.0567
s,10.02282004,151.72,0.0566
s,10.02282004,149.899,0.0566
s,10.02300516,153.338,0.0566
s,10.02300533,152.456,0.0566
s,10.02300533,151.711,0.0566
s,10.02300482,149.673,0.0565
s,10.02300465,151.991,0.0565
s,10.02300482,149.934,0.0565
s,10.02300482,149.797,0.0565
s,10.02281884,149.094,0.0563
s,10.02281867,146.883,0.0562
s,10.02263303,147.6,0.0561
s,10.02263269,148.938,0.056
s,10.02263235,147.766,0.0559
s,10.02226162,148.089,0.0557
s,10.02226162,147.519,0.0557
s,10.02226162,147.647,0.0557
s,10.02207666,147.139,0.0558
s,10.02207718,149.509,0.0559
m,10.02041308,155.6,0.0565
m,10.01874775,155.219,0.0565
m,10.01874809,146.362,0.0566
m,10.01356873,159.667,0.0566
m,9.990655637,150.51,0.0571
m,9.987148305,144.198,0.0571
m,9.983827622,144.873,0.0572
m,9.980508649,148.167,0.0575
m,9.9738733,149.295,0.0575
m,9.956200174,150.562,0.0584
m,9.952707295,150.646,0.0585
m,9.945357112,147.312,0.0586
m,9.941869283,158.51,0.0586
m,9.938196579,151.641,0.0587
m,9.934526651,155.479,0.0588
m,9.930857799,152.526,0.0588
m,9.927005842,147.82,0.059
m,9.923339003,154.086,0.0592
m,9.915824667,148.669,0.0593
m,9.895672355,150.318,0.06
m,9.891647507,146.616,0.0601
m,9.883970196,151.6,0.0602
m,9.880130496,147.566,0.0603
m,9.876479217,143.808,0.0603
m,9.850607669,149.284,0.0606
m,9.846970791,149.293,0.0607
m,9.84351785,153.708,0.0608
m,9.83988427,151.928,0.061
m,9.814316378,160.052,0.0618
m,9.810516,152.03,0.0619
m,9.806714767,152.742,0.0622
m,9.803096131,159.808,0.0623
m,9.795684883,150.417,0.0624
m,9.778583309,148.039,0.0629
m,9.772105599,152.175,0.0631
m,9.768691744,150.76,0.0632
m,9.765282826,149.054,0.0631
m,9.761514039,152.29,0.0631
m,9.737240978,148.342,0.0631
m,9.734036067,152.272,0.0634
m,9.731022957,148.428,0.0637
m,9.728003269,150.677,0.0643
m,9.707199415,154.745,0.065
m,9.704583814,150.262,0.065
m,9.702161508,146.581,0.0651
m,9.697317322,155.16,0.0651
m,9.694896176,151.544,0.0652
m,9.682655275,141.895,0.0658
m,9.681359961,146.603,0.0658
m,9.679709577,139.076,0.0659
m,9.677863766,151.57,0.066
m,9.676396372,157.923,0.066
m,9.915825416,155.578,0.0595
m,9.907946097,151.814,0.0596
m,9.903917411,147.607,0.0598
m,9.899700619,156.01,0.0599
m,9.872829678,150.085,0.0604
m,9.868996221,157.497,0.0605
m,9.865166579,154.339,0.0606
m,9.861525424,153.476,0.0605
m,9.857884057,150.291,0.0606
m,9.836251781,148.739,0.0611
m,9.83262078,149.118,0.0612
m,9.82917692,150.43,0.0614
m,9.821739864,147.779,0.0615
m,9.821740262,148.051,0.0616
m,9.792266654,144.84,0.0624
m,9.788849894,147.062,0.0623
m,9.7856085,152.79,0.0621
m,9.782005645,155.168,0.0628
m,9.757751147,148.609,0.063
m,9.754175649,152.002,0.0629
m,9.75060716,154.757,0.0629
m,9.7470365,153.349,0.0629
m,9.740439667,151.634,0.0631
m,9.721793127,150.817,0.0642
m,9.718792535,157.46,0.0645
m,9.718793399,148.293,0.0647
m,9.712801419,158.467,0.0648
m,9.710001937,154.842,0.0649
m,9.69042531,148.299,0.0655
m,9.688374555,150.382,0.0655
m,9.686326717,148.088,0.0657
m,9.684483389,143.566,0.0657
m,9.674937801,144.047,0.066
m,9.672034682,141.666,0.066
m,9.670589844,145.379,0.0659
m,9.668962954,140.925,0.0659
m,9.667524227,147.517,0.066
m,9.666279744,146.677,0.066
m,9.66503095,140.276,0.066
m,9.662719477,149.196,0.0661
m,9.661670785,149.7,0.0661
m,9.656553662,155.257,0.0663
m,9.656300117,144.997,0.0663
m,9.656050413,148.48,0.0664
m,9.655543783,144.621,0.0664
m,9.655481208,151.036,0.0666
m,9.656657598,150.759,0.0669
m,9.657171938,151.215,0.067
m,9.657698464,162.027,0.0671
m,9.658210118,153.05,0.0672
m,9.658540745,152.62,0.0675
m,9.661073612,151.667,0.0671
m,9.66140596,152.005,0.0669
m,9.661915193,153.898,0.0668
m,9.662121773,152.922,0.0667
m,9.666672154,147.33,0.0656
m,9.666671268,148.93,0.0654
m,9.667643211,154.103,0.0653
m,9.667845167,149.914,0.0652
m,9.66803923,149.131,0.0652
m,9.671033598,148.427,0.0647
m,9.67213579,155.528,0.0646
m,9.672684631,156.033,0.0646
m,9.673074244,146.837,0.0645
m,9.673639581,142.765,0.0645
m,9.677415075,156.45,0.0645
m,9.677659258,151.088,0.0645
m,9.678091186,149.213,0.0646
m,9.678525784,154.835,0.0647
m,9.681510681,151.803,0.0652
m,9.681951304,144.813,0.0648
m,9.682567209,145.249,0.0648
m,9.683450668,141.194,0.0648
m,9.683690923,146.841,0.0648
m,9.661671235,155.622,0.0662
m,9.659944781,147.726,0.0662
m,9.65908932,149.375,0.0662
m,9.658259919,141.664,0.0663
m,9.657626075,152.385,0.0663
m,9.655421386,157.473,0.0667
m,9.655364767,157.039,0.0668
m,9.655311355,149.725,0.0669
m,9.656146882,159.357,0.0669
m,9.659403004,153.336,0.0676
m,9.659556881,157.089,0.0677
m,9.659556415,150.348,0.0676
m,9.660222918,154.355,0.0676
m,9.660733806,147.238,0.0672
m,9.662547329,159.88,0.0666
m,9.663779955,143.676,0.0663
m,9.663779055,155.003,0.0661
m,9.664843592,149.366,0.0659
m,9.665463716,143.211,0.0658
m,9.668409057,150.207,0.0651
m,9.668966609,145.754,0.0651
m,9.669699577,144.025,0.065
m,9.671034033,158.545,0.0648
m,9.674230853,156.155,0.0644
m,9.675249711,145.601,0.0644
m,9.675861284,152.997,0.0643
m,9.676737255,155.084,0.0644
m,9.676988492,144.566,0.0644
m,9.678790894,151.706,0.0647
m,9.679244757,160.365,0.065
m,9.680157908,151.55,0.0649
m,9.680158345,156.359,0.065
m,9.681056652,155.587,0.065
m,9.683776525,152.158,0.0648
m,9.684021391,147.428,0.0648
m,9.684268488,150.788,0.0648
m,9.684361831,151.915,0.0649
m,9.684569031,147.711,0.0648
m,9.684499895,144.982,0.0649
m,9.684499895,142.073,0.0649
m,9.684296357,153.866,0.0648
m,9.684021563,143.9,0.0649
m,9.680179574,143.152,0.0648
m,9.680179574,138.246,0.0648
m,9.678410571,138.509,0.0647
m,9.67743723,136.531,0.0645
m,9.669190963,136.383,0.0639
m,9.667638453,137.788,0.0639
m,9.666272039,140.924,0.0638
m,9.664740064,135.608,0.0638
m,9.663178379,134.792,0.0638
m,9.653081389,152.558,0.0633
m,9.651517186,142.433,0.0631
m,9.649754636,141.915,0.063
m,9.646369528,143.822,0.0629
m,9.644896282,145.235,0.0627
m,9.637161938,149.104,0.0621
m,9.636544481,143.827,0.062
m,9.635927565,152.356,0.062
m,9.635644374,149.519,0.0619
m,9.635113223,156.017,0.0619
m,9.634496343,146.432,0.0618
m,9.63328015,152.581,0.0616
m,9.631598411,143.483,0.0614
m,9.62928636,151.36,0.0615
m,9.612432595,141.217,0.0616
m,9.609582543,136.201,0.0615
m,9.606568694,140.388,0.0615
m,9.603372532,149.17,0.0614
m,9.597355126,144.293,0.0614
m,9.5765391,141.97,0.0612
m,9.5765383,142.964,0.061
m,9.570349735,156.606,0.0609
m,9.567045443,147.361,0.0608
m,9.683734198,139.39,0.0649
m,9.683264266,149.936,0.0648
m,9.68281178,149.721,0.0648
m,9.682362176,150.593,0.0649
m,9.680961138,151.39,0.0649
m,9.676267325,139.185,0.0644
m,9.675084109,143.349,0.0642
m,9.673903704,140.094,0.0641
m,9.671734746,136.625,0.064
m,9.670546197,137.09,0.064
m,9.661065746,139.673,0.0637
m,9.657936417,140.43,0.0636
m,9.656382819,142.539,0.0635
m,9.654814526,143.574,0.0633
m,9.644895868,151.959,0.0626
m,9.64205362,145.596,0.0624
m,9.640850887,145.21,0.0623
m,9.639765483,147.278,0.0623
m,9.638864159,147.542,0.0622
m,9.635327464,148.235,0.0619
m,9.635344558,148.202,0.0619
m,9.635362061,145.686,0.062
m,9.635546149,148.452,0.062
m,9.635545741,141.271,0.0619
m,9.625035021,138.395,0.0615
m,9.622894995,149.803,0.0616
m,9.618085156,146.775,0.0617
m,9.615249193,143.855,0.0617
m,9.59433136,155.465,0.0614
m,9.591475628,141.601,0.0615
m,9.58862127,142.49,0.0615
m,9.5855477,147.978,0.0614
m,9.579608364,149.319,0.0614
m,9.563907888,144.141,0.0608
m,9.560569226,146.608,0.0609
m,9.553895004,143.362,0.0611
m,9.550578383,142.069,0.0612
m,9.546914687,153.942,0.0614
m,9.543232822,152.946,0.0615
m,9.539387035,158.675,0.0615
m,9.535707172,151.033,0.0615
m,9.528273977,148.483,0.0615
m,9.524887777,159.071,0.0615
s,9.521117972,146.724,0.0621
s,9.521282395,146.564,0.0621
s,9.521263483,146.646,0.0622
s,9.521427913,144.9,0.0622
s,9.521592758,144.374,0.0623
s,9.521168141,148.051,0.0625
s,9.521168141,147.682,0.0625
s,9.521168141,146.995,0.0625
s,9.521168141,147.975,0.0625
s,9.520965078,146.713,0.0625
s,9.520965078,147.986,0.0625
s,9.520762017,147.96,0.0625
s,9.520762017,149.707,0.0625
s,9.520578681,150.05,0.0626
s,9.520743127,150.056,0.0626
s,9.520743545,149.503,0.0627
s,9.520743545,147.535,0.0627
s,9.520743964,147.347,0.0628
s,9.520743964,146.148,0.0628
s,9.520986062,144.721,0.0629
s,9.520986062,147.452,0.0629
s,9.520986483,149.408,0.063
s,9.52080273,146.665,0.063
s,9.520879997,147.069,0.063
s,9.520879997,148.514,0.063
s,9.520880419,147.241,0.0631
s,9.520899742,147.757,0.0631
s,9.520900165,147.429,0.0632
s,9.520755491,145.321,0.0633
s,9.520755916,145.433,0.0634
s,9.520755916,146.256,0.0634
s,9.520755916,145.925,0.0634
s,9.520756342,146.119,0.0635
m,9.52488859,148.733,0.0617
m,9.521503978,146.463,0.0619
m,9.520972883,149.08,0.0621
s,9.521137301,147.059,0.0621
s,9.521592758,147.752,0.0623
s,9.521573442,147.752,0.0623
s,9.521573857,147.693,0.0624
s,9.521554958,148.796,0.0625
s,9.521371206,147.577,0.0625
s,9.521167725,148.12,0.0624
s,9.520983973,148.523,0.0624
s,9.520984389,148.936,0.0625
s,9.520984389,150.002,0.0625
s,9.520984389,149.811,0.0625
s,9.520762434,151.096,0.0626
s,9.520578681,148.899,0.0626
s,9.520743127,149.58,0.0626
s,9.520743127,149.528,0.0626
s,9.52076327,148.711,0.0628
s,9.52076327,145.692,0.0628
s,9.52076327,147.689,0.0628
s,9.520782579,146.426,0.0628
s,9.520966751,145.758,0.0629
s,9.520822044,146.447,0.063
s,9.520822044,146.772,0.063
s,9.520841359,145.738,0.063
s,9.520841359,148.852,0.063
s,9.520860677,148.047,0.063
s,9.520716838,146.467,0.0633
s,9.520717263,146.742,0.0634
s,9.520736589,146.935,0.0634
s,9.520736589,145.508,0.0634
s,9.520756342,147.217,0.0635
s,9.520776099,146.773,0.0636
s,9.520776099,145.807,0.0636
s,9.520959848,147.779,0.0636
s,9.520959421,150.011,0.0635
s,9.520959421,148.353,0.0635
s,9.520959421,147.009,0.0635
s,9.520959421,145.747,0.0635
s,9.520958995,146.128,0.0634
s,9.521326919,145.516,0.0635
s,9.521326493,147.455,0.0634
s,9.521326493,146.254,0.0634
s,9.521326493,144.672,0.0634
s,9.521326919,146.921,0.0635
s,9.521491767,146.766,0.0636
s,9.521491767,146.416,0.0636
s,9.52130759,145.243,0.0635
s,9.52130759,144.93,0.0635
s,9.52130759,147.489,0.0635
s,9.521326919,146.858,0.0635
s,9.521326493,146.033,0.0634
s,9.521345824,148.106,0.0634
s,9.521345824,145.897,0.0634
s,9.521567817,149.442,0.0633
s,9.521567393,149.667,0.0632
s,9.521384068,149.306,0.0633
s,9.521384068,149.93,0.0633
s,9.521364733,147.795,0.0633
s,9.521364733,147.041,0.0633
s,9.521345824,146.964,0.0634
s,9.521326493,144.779,0.0634
s,9.521326493,145.172,0.0634
s,9.52114317,144.784,0.0635
s,9.52130759,146.236,0.0635
s,9.52130759,146.85,0.0635
s,9.52130759,148.522,0.0635
s,9.52130759,148.524,0.0635
s,9.521308017,151.158,0.0636
s,9.521308017,146.411,0.0636
s,9.521327347,146.018,0.0636
s,9.521530427,146.464,0.0636
s,9.521530855,147.442,0.0637
s,9.521142744,144.879,0.0634
s,9.521142744,144.12,0.0634
s,9.521142744,144.151,0.0634
s,9.52114317,145.398,0.0635
s,9.52114317,146.211,0.0635
s,9.521326919,144.16,0.0635
s,9.52149134,144.75,0.0635
s,9.52149134,145.249,0.0635
s,9.521491767,146.103,0.0636
s,9.52130759,145.752,0.0635
s,9.521326919,146.748,0.0635
s,9.521326919,145.761,0.0635
s,9.521327347,146.813,0.0636
s,9.521326919,146.216,0.0635
s,9.521345399,147.774,0.0633
s,9.521364733,149.35,0.0633
s,9.521364733,147.891,0.0633
s,9.521364309,147.12,0.0632
s,9.521364733,147.614,0.0633
s,9.521364733,146.247,0.0633
s,9.521364733,145.498,0.0633
s,9.521364733,146.074,0.0633
s,9.521364733,145.851,0.0633
s,9.52114317,144.897,0.0635
s,9.52130759,146.42,0.0635
s,9.52130759,146.272,0.0635
s,9.52130759,148.642,0.0635
s,9.52130759,146.28,0.0635
s,9.521308017,146.306,0.0636
s,9.521308017,148.049,0.0636
s,9.521308017,151.878,0.0636
s,9.521491767,146.307,0.0636
s,9.521308017,148.846,0.0636
s,9.521530855,145.566,0.0637
s,9.521550188,146.512,0.0637
s,9.521550188,147.062,0.0637
s,9.521714604,147.344,0.0637
s,9.521715033,145.493,0.0638
s,9.521715033,145.447,0.0638
s,9.521715033,145.556,0.0638
s,9.521695703,150.221,0.0638
s,9.521879452,147.691,0.0638
s,9.521860986,150.801,0.064
s,9.521860986,149.716,0.064
s,9.521860986,148.009,0.064
s,9.521861418,147.908,0.0641
s,9.521880313,148.019,0.064
s,9.521860986,147.654,0.064
s,9.521860986,150.598,0.064
s,9.521860986,146.458,0.064
s,9.521861418,146.458,0.0641
m,9.521696997,148.877,0.0641
m,9.521513247,147.756,0.0641
m,9.521513247,160.885,0.0641
m,9.521512815,149.334,0.064
m,9.521164648,142.673,0.064
m,9.500489605,149.883,0.0641
m,9.497108796,149.099,0.064
m,9.493565151,151.722,0.064
m,9.490185946,141.849,0.0639
m,9.463224798,145.116,0.0641
m,9.459342442,141.391,0.0641
m,9.455481242,149.091,0.0641
m,9.451600531,145.861,0.064
m,9.447721273,146.383,0.064
m,9.41985973,146.69,0.0641
m,9.41578453,141.968,0.0642
m,9.411688754,141.675,0.0641
m,9.407390052,145.566,0.0641
m,9.403274782,139.109,0.0639
m,9.371799684,144.661,0.0636
m,9.367260357,150.761,0.0634
m,9.362743137,142.984,0.0633
m,9.353689887,145.896,0.0632
s,9.521879882,146.438,0.0639
s,9.521879882,149.38,0.0639
s,9.521860554,147.977,0.0639
s,9.521860986,151.696,0.064
s,9.521860986,150.491,0.064
s,9.521861418,146.147,0.0641
s,9.521861418,148.213,0.0641
s,9.521880746,148.948,0.0641
s,9.521880746,146.981,0.0641
s,9.521880746,149.188,0.0641
s,9.521861418,147.859,0.0641
m,9.521861418,148.737,0.0641
m,9.521677669,148.108,0.0641
m,9.521677669,147.468,0.0641
m,9.519975113,150.775,0.064
m,9.517596305,146.232,0.064
m,9.51470545,146.812,0.064
m,9.511244463,146.75,0.064
m,9.504054474,140.98,0.0641
m,9.486644008,144.605,0.0639
m,9.482939063,152.311,0.0639
m,9.475021378,155.837,0.064
m,9.475021812,139.255,0.0641
m,9.467088175,142.686,0.0641
m,9.439925148,147.441,0.064
m,9.432133161,145.055,0.0641
m,9.432133161,138.953,0.0641
m,9.428054779,149.191,0.0641
m,9.394498237,140.19,0.064
m,9.394497802,144.565,0.0639
m,9.385336128,144.18,0.0639
m,9.380837275,146.445,0.0638
m,9.376318157,142.706,0.0637
m,9.344088806,148.939,0.0631
m,9.33939093,140.764,0.0629
m,9.334672813,140.89,0.0628
m,9.329955284,141.164,0.0627
m,9.32505495,140.799,0.0626
m,9.319971832,137.023,0.0625
m,9.310130329,149.107,0.0621
m,9.305189664,139.737,0.0621
m,9.300453999,141.12,0.062
m,9.300453583,141.312,0.0619
m,9.270283188,145.303,0.0614
m,9.266079489,144.419,0.0613
m,9.261715186,157.381,0.0613
m,9.257329477,156.939,0.0613
m,9.252782438,141.157,0.0612
m,9.220990734,141.914,0.0607
m,9.216447497,148.791,0.0605
m,9.211882525,136.828,0.0603
m,9.20241103,141.614,0.0602
m,9.168808206,145.174,0.0597
m,9.163881949,149.254,0.0596
m,9.163881161,144.908,0.0594
m,9.15423674,137.748,0.0594
m,9.149357396,144.063,0.0593
m,9.120075374,146.314,0.0596
m,9.115178292,154.278,0.0597
m,9.11028178,144.074,0.0598
m,9.100718544,148.618,0.0597
m,9.095663471,141.248,0.0597
m,9.065116866,135.095,0.0596
m,9.060042989,134.098,0.0596
m,9.049736705,137.56,0.0594
m,9.044687794,141.733,0.0593
m,9.015094416,142.25,0.0591
m,9.01041604,138.59,0.059
m,9.005921647,133.933,0.059
m,8.996545005,144.544,0.059
m,8.991822062,136.278,0.0591
m,8.970796252,142.628,0.0588
m,8.961745594,136.034,0.0587
m,8.956843814,132.793,0.0588
m,8.951991113,136.153,0.0589
m,8.947100956,134.574,0
m,9.291835633,146.923,0.0617
m,9.287629355,151.982,0.0615
m,9.283262282,138.655,0.0614
m,9.279057712,148.562,0.0614
m,9.248419211,143.624,0.0611
m,9.239350175,149.572,0.061
m,9.234827331,143.264,0.0609
m,9.234826924,147.764,0.0608
m,9.225717353,141.332,0.0608
m,9.197687022,147.168,0.0601
m,9.193079575,140.149,0.06
m,9.188128468,145.828,0.0599
m,9.183383445,142.448,0.0598
m,9.178639292,146.441,0.0598
m,9.144639097,147.584,0.0592
m,9.139761376,142.519,0.0592
m,9.130008644,148,0.0594
m,9.125132849,150.615,0.0594
m,9.090791735,152.785,0.0596
m,9.090792132,140.721,0.0597
m,9.080502248,136.115,0.0597
m,9.07542615,147.621,0.0596
m,9.070374375,138.946,0.0596
m,9.039615989,136.229,0.0592
m,9.039615989,139.162,0.0592
m,9.029658341,138.99,0.0593
m,9.024612802,141.141,0.0594
m,9.019933075,142.585,0.0593
m,8.987465442,145.815,0.0592
m,8.98310851,135.761,0.0591
m,8.978935347,139.484,0.0591
m,8.974762651,139.468,0.0591
m,8.942055419,133.604,0.0589
m,8.937154725,132.899,0.0587
m,8.932595391,134.396,0.0584
m,8.923662397,134.687,0.0582
m,8.923662397,135.513,0.0582
m,8.915254954,134.942,0.058
m,8.911064477,136.343,0.058
m,8.907032965,136.635,0.0581
m,8.903026047,132.284,0.0581
m,8.894429106,134.783,0.0577
m,8.894587146,134.534,0.0577
m,8.894561669,134.956,0.0575
m,8.894719716,134.341,0.0575
s,8.895168419,134.804,0.0573
s,8.895143719,134.98,0.0573
s,8.895301786,134.956,0.0573
s,8.89530141,134.821,0.0572
s,8.895459106,134.658,0.0571
s,8.895433667,135.407,0.0569
s,8.895408977,135.129,0.0569
s,8.895591745,134.786,0.0569
s,8.895591373,134.277,0.0568
s,8.895566316,134.242,0.0567
s,8.896222609,134.602,0.0565
s,8.896222609,134.868,0.0565
s,8.896222242,134.762,0.0564
s,8.896222242,135.301,0.0564
s,8.896478683,134.669,0.0563
s,8.896478318,134.608,0.0562
s,8.896478318,134.426,0.0562
s,8.89629555,134.995,0.0562
s,8.896320235,135.325,0.0562
s,8.896162155,134.591,0.0562
s,8.896186844,134.833,0.0562
s,8.896187209,134.958,0.0563
s,8.896211902,134.832,0.0563
s,8.896029136,134.209,0.0563
s,8.896054198,134.472,0.0564
s,8.896054198,134.718,0.0564
s,8.896054198,134.786,0.0564
s,8.896236963,134.467,0.0564
m,8.899409356,130.117,0.058
m,8.894563194,132.823,0.0579
m,8.893881208,133.576,0.0578
m,8.893881208,134.687,0.0578
m,8.893881208,134.846,0.0578
m,8.894877766,134.416,0.0575
m,8.894853057,134.752,0.0575
s,8.895010735,134.822,0.0574
s,8.895010735,135.047,0.0574
s,8.894986032,134.985,0.0574
s,8.895458732,134.536,0.057
s,8.895458732,134.627,0.057
s,8.89543404,135.011,0.057
s,8.895433667,135.399,0.0569
s,8.895566316,134.696,0.0567
s,8.89572403,134.573,0.0566
s,8.895881749,134.775,0.0565
s,8.89603984,134.528,0.0565
s,8.89603984,134.6,0.0565
s,8.89624692,134.973,0.0564
s,8.896271233,135.111,0.0563
s,8.896271233,134.804,0.0563
s,8.896271233,134.514,0.0563
s,8.896478318,135.088,0.0562
s,8.896320235,135.122,0.0562
s,8.896320235,134.475,0.0562
s,8.896162155,134.672,0.0562
s,8.896162155,134.284,0.0562
s,8.896029136,134.145,0.0563
s,8.896053832,134.872,0.0563
s,8.896053832,134.475,0.0563
s,8.896053832,134.323,0.0563
s,8.896054198,134.41,0.0564
s,8.896054198,134.556,0.0564
s,8.896078895,134.63,0.0564
s,8.896078895,134.451,0.0564
s,8.896103596,134.549,0.0564
s,8.896103596,135.013,0.0564
s,8.896103596,134.56,0.0564
s,8.896311062,134.628,0.0564
s,8.896285994,134.689,0.0563
s,8.896285994,134.54,0.0563
s,8.896468759,134.661,0.0563
s,8.896469125,134.621,0.0564
s,8.896469125,135.066,0.0564
s,8.896469125,134.964,0.0564
s,8.89628636,134.982,0.0564
s,8.896310696,134.997,0.0563
s,8.896566127,134.307,0.0559
s,8.896565767,134.769,0.0558
s,8.89656505,134.44,0.0556
s,8.896564693,134.442,0.0555
s,8.897218812,134.151,0.0547
s,8.89719342,134.348,0.0545
s,8.897193076,134.307,0.0544
s,8.897192732,134.536,0.0543
s,8.897375497,133.644,0.0543
s,8.897790083,134.276,0.0542
s,8.897789742,134.739,0.0541
s,8.897814445,134.428,0.0541
s,8.897814445,134.516,0.0541
s,8.897814445,134.309,0.0541
s,8.897997208,135.103,0.0541
s,8.898179632,135.22,0.054
s,8.898179632,135.247,0.054
s,8.898179632,135.059,0.054
s,8.898179972,134.744,0.0541
s,8.898179972,135.083,0.0541
s,8.898154931,135.243,0.054
s,8.898154931,134.647,0.054
s,8.898155271,135.001,0.0541
s,8.898105874,135.05,0.0541
s,8.898105533,134.83,0.054
s,8.898105533,134.667,0.054
s,8.8980805,134.871,0.0539
s,8.897922429,134.86,0.0539
s,8.896468759,134.395,0.0563
s,8.896444059,134.527,0.0563
s,8.896444059,134.564,0.0563
s,8.896444425,135.024,0.0564
s,8.896310332,134.294,0.0562
s,8.896335036,133.987,0.0562
s,8.896335036,133.674,0.0562
s,8.89635938,134.44,0.0561
s,8.896541779,134.95,0.056
s,8.896722035,135.29,0.0553
s,8.896696623,134.534,0.0551
s,8.896879035,134.876,0.055
s,8.897036745,134.066,0.0549
s,8.897036396,134.258,0.0548
s,8.897375155,134.849,0.0542
s,8.897399512,134.78,0.0541
s,8.897582276,134.735,0.0541
s,8.897582276,134.706,0.0541
s,8.897838811,134.645,0.054
s,8.897839151,134.69,0.0541
s,8.897814445,134.441,0.0541
s,8.897814445,134.953,0.0541
s,8.897997208,135.231,0.0541
s,8.898179632,134.759,0.054
s,8.898179972,134.263,0.0541
s,8.898179972,134.514,0.0541
s,8.898179972,134.533,0.0541
s,8.898179972,134.522,0.0541
s,8.898155271,134.693,0.0541
s,8.89813057,134.37,0.0541
s,8.89813057,134.576,0.0541
s,8.898105874,134.468,0.0541
s,8.897922091,134.144,0.0538
s,8.897946789,134.357,0.0538
s,8.897946452,134.803,0.0537
s,8.897763687,134.358,0.0537
s,8.897788725,134.38,0.0538
s,8.897788725,133.722,0.0538
s,8.897630664,134.041,0.0538
s,8.89765537,134.146,0.0538
s,8.897472946,133.948,0.0539
s,8.897132469,133.537,0.054
s,8.896949368,134.736,0.0539
s,8.896949368,134.355,0.0539
s,8.896924657,134.116,0.0539
s,8.896741895,134.529,0.0539
s,8.896558458,134.15,0.0537
s,8.896558123,134.273,0.0536
m,8.896558123,134.639,0.0536
m,8.896558123,133.995,0.0536
m,8.896558123,129.846,0.0536
m,8.892242786,132.852,0.0537
m,8.889914276,132.95,0.0536
m,8.889914612,130.894,0.0537
m,8.885968735,129.659,0.0537
m,8.864798349,139.295,0.0541
m,8.861655976,140.351,0.0542
m,8.858563509,140.139,0.0539
m,8.855447293,141.587,0.0538
m,8.85235725,141.819,0.0537
m,8.832836282,143.952,0.0527
m,8.829517168,138.874,0.0526
m,8.823756372,151.388,0
m,8.821158437,143.458,0.052
m,8.818757183,140.067,0.0518
m,8.797154981,142.736,0.049
m,8.794797963,142.226,0.0487
m,8.792132448,149.427,0.0485
m,8.789522586,158.397,0.048
m,8.777178592,143.356,0.0462
m,8.77599547,143.812,0.0459
m,8.774632828,143.419,0.0456
m,8.772126557,156.869,0.0455
m,8.770828223,142.39,0.0455
s,8.897472946,133.774,0.0539
s,8.897497994,133.695,0.054
s,8.897497994,134.06,0.054
s,8.897315231,133.807,0.054
s,8.897315231,134.197,0.054
s,8.896741895,134.839,0.0539
s,8.896741558,134.377,0.0538
s,8.896741558,134.545,0.0538
s,8.896741221,134.333,0.0537
m,8.896375696,138.384,0.0537
m,8.896217646,132.982,0.0537
m,8.895195576,152.776,0.0538
m,8.893881919,143.269,0.0538
m,8.89293391,132.137,0.0538
m,8.883162302,132.763,0.0538
m,8.880148761,133.777,0.0539
m,8.876953065,135.773,0.054
m,8.873965685,129.626,0.0541
m,8.870953462,134.264,0.0541
m,8.849292854,143.243,0.0534
m,8.846255928,144.527,0.0534
m,8.839687791,138.81,0.0531
m,8.836339778,145.796,0.0529
m,8.816199628,152.578,0.0512
m,8.813618422,146.358,0.0509
m,8.806456129,150.323,0.0503
m,8.80400988,143.917,0.05
m,8.801669172,144.212,0.0493
m,8.787307746,161.084,0.0476
m,8.785224104,150.155,0.047
m,8.781634335,151.267,0.0467
m,8.781633819,154.147,0.0465
m,8.778600833,148.44,0.0464
m,8.769505043,145.714,0.0455
m,8.76839443,153.597,0.0454
m,8.767259012,146.144,0.0454
m,8.765822019,149.902,0.0454
m,8.765184079,148.975,0.0454
m,8.764548501,151.897,0.0454
m,8.764548501,152.933,0.0454
m,8.763062753,151.406,0.0453
m,8.762720447,151.544,0.0453
m,8.760767484,148.869,0.0455
m,8.76075787,150.689,0.0455
m,8.760722561,159.322,0.0455
m,8.760326856,152.139,0.0453
m,8.759753538,146.267,0.0453
m,8.759352834,150.896,0.0448
m,8.759348867,146.711,0.0447
m,8.759529381,151.869,0.0444
m,8.759501959,146.4,0.0443
m,8.759659026,160.936,0.0441
m,8.758340603,150.929,0.0432
m,8.757808299,154.764,0.043
m,8.757492412,160.023,0.0424
m,8.757561763,153.944,0.0422
m,8.758873929,160.484,0.0412
m,8.758979936,154.772,0.0413
m,8.759089009,157.142,0.0411
m,8.759614336,158.103,0.0407
m,8.760110157,156.583,0.0404
m,8.762189699,160.063,0.0395
m,8.762328112,149.851,0.0394
m,8.762503205,153.973,0.0392
m,8.763079316,158.803,0.039
m,8.763232534,151.262,0.0388
m,8.7649143,158.843,0.0382
m,8.765218556,159.342,0.0384
m,8.765257776,152.705,0.0384
m,8.765263562,151.271,0.0384
m,8.765044155,155.328,0.038
m,8.76525901,161.483,0.0381
m,8.765044315,161.445,0.0381
m,8.765044315,160.536,0.0381
m,8.765044477,155.363,0.0382
m,8.762047233,149.986,0.0453
m,8.761560315,151.668,0.0453
m,8.760884374,152.984,0.0454
m,8.760838655,149.154,0.0454
m,8.75895124,154.65,0.0453
m,8.758950998,158.89,0.0452
m,8.759130024,149.924,0.0451
m,8.759330265,149.684,0.0449
m,8.759894142,157.07,0.044
m,8.759893688,147.007,0.0438
m,8.759934306,150.828,0.0436
m,8.759569378,157.681,0.0435
m,8.759058643,155.15,0.0433
m,8.757676907,156.475,0.042
m,8.757676498,153.704,0.0418
m,8.758281079,152.794,0.0417
m,8.758525015,158.778,0.0416
m,8.758804238,150.515,0.0414
m,8.760543631,154.156,0.0402
m,8.761450488,157.994,0.0399
m,8.761660704,151.282,0.0397
m,8.76190708,157.907,0.0396
m,8.763232366,155.765,0.0387
m,8.763730673,155.876,0.0385
m,8.764075536,151.073,0.0384
m,8.764322418,149.251,0.0383
m,8.764504479,155.794,0.0382
m,8.765263398,149.73,0.0383
m,8.765363409,156.037,0.0382
m,8.765208144,155.647,0.0381
m,8.765199067,154.512,0.038
m,8.765121598,156.495,0.038
m,8.765010162,155.207,0.0382
m,8.765010001,161.537,0.0381
m,8.765078633,160.781,0.0381
m,8.765104215,152.469,0.0381
m,8.765155667,160.122,0.0381
m,8.765725984,154.857,0.0381
m,8.765791147,156.324,0.0382
m,8.766142604,151.214,0.0383
m,8.766600402,152.769,0.0382
m,8.759648319,148.02,0.0387
m,8.757197067,153.12,0.0388
m,8.754604979,154.857,0.0388
m,8.752048094,149.433,0.0388
m,8.74500431,149.967,0.0403
m,8.747026701,145.881,0.0407
m,8.751831593,151.88,0.0409
m,8.754074186,157.274,0.0409
m,8.75621231,160.513,0.0409
m,8.758994441,149.483,0.0412
m,8.758994638,149.129,0.0413
m,8.758256451,153.229,0.0412
m,8.758058488,152.048,0.0413
m,8.757794555,156.314,0.0413
m,8.756342502,151.966,0.0412
m,8.755767792,153.768,0.0413
m,8.755551103,152.364,0.0414
m,8.755122418,149.896,0.0415
m,8.753316586,158.649,0.042
m,8.753118574,154.295,0.0421
m,8.752922429,151.874,0.0421
m,8.752728566,152.296,0.0422
m,8.752504334,155.232,0.0424
m,8.751197426,158.099,0.0434
m,8.750959567,153.125,0.0437
m,8.750479576,154.326,0.0442
m,8.750150491,151.957,0.0443
m,8.750075673,154.739,0.0444
m,8.749291162,149.405,0.046
m,8.749231408,159.645,0.0463
m,8.748842239,153.626,0.0464
m,8.748102079,157.766,0.0467
m,8.766846655,158.491,0.0384
m,8.766631936,150.324,0.0385
m,8.765635158,150.077,0.0386
m,8.765635158,161.42,0.0386
m,8.762033819,151.558,0.0386
m,8.748410532,152.626,0.0388
m,8.746934567,151.646,0.0389
m,8.743639808,153.43,0.0395
m,8.743293471,151.597,0.0399
m,8.743628175,159.905,0.0401
m,8.757886267,153.632,0.0411
m,8.759171671,154.976,0.0413
m,8.759417862,151.783,0.0414
m,8.759415781,155.467,0.0414
m,8.757679947,155.031,0.0413
m,8.757388177,149.939,0.0413
m,8.756881935,156.309,0.0412
m,8.756486792,158.977,0.0412
m,8.756342699,157.258,0.0413
m,8.754876362,157.818,0.0415
m,8.754518639,153.316,0.0416
m,8.754169891,156.625,0.0416
m,8.753784803,155.556,0.0417
m,8.753549686,155.541,0.0419
m,8.752282326,153.441,0.0426
m,8.751680513,149.465,0.0429
m,8.751616392,149.393,0.0431
m,8.75161661,151.41,0.0432
m,8.749967888,149.179,0.0445
m,8.749894861,149.934,0.0448
m,8.749612013,151.839,0.0452
m,8.749512815,152.028,0.0455
m,8.749416606,150.419,0.0459
m,8.747719837,151.517,0.0468
m,8.747521545,152.884,0.047
m,8.747295208,152.684,0.0473
m,8.747071141,147.714,0.0475
m,8.746789094,153.524,0.0479
m,8.746509923,160.702,0.0483
m,8.746109986,152.488,0.0486
m,8.746110268,160.723,0.0487
m,8.746054536,146.771,0.0491
m,8.745849281,150.929,0.0494
m,8.745107828,148.896,0.05
m,8.744862745,154.215,0.0501
m,8.744863044,150.581,0.0502
m,8.744591843,148.956,0.0502
m,8.744384441,146.827,0.0503
m,8.743785799,148.932,0.0501
m,8.743812645,146.401,0.0501
m,8.744023717,145.709,0.05
m,8.744285159,144.65,0.05
m,8.746148729,149.457,0.0498
m,8.746384484,150.24,0.0497
m,8.747046279,148.737,0.0496
m,8.747317523,159.331,0.0496
m,8.747317817,148.561,0.0497
m,8.749581618,156.989,0.05
m,8.750078146,154.847,0.0497
m,8.750632244,155.093,0.0497
m,8.75137162,153.372,0.0496
m,8.751879053,154.161,0.0495
m,8.756499329,157.326,0.0495
m,8.756879394,149.29,0.0496
m,8.756662218,150.96,0.0491
m,8.756630978,143.822,0.0485
m,8.759213539,154.584,0.0483
m,8.759492607,151.34,0.0482
m,8.760189712,148.952,0.0482
m,8.761152596,155.107,0.0481
m,8.761833241,152.469,0.048
m,8.764477249,152.865,0.0482
m,8.764968227,151.144,0.0481
m,8.765438109,150.531,0.0479
m,8.766275946,155.411,0.0478
m,8.766667441,153.843,0.0481
m,8.745586372,155.289,0.0496
m,8.745447595,152.756,0.0496
m,8.745493968,156.171,0.0497
m,8.745362301,149.227,0.0499
m,8.744179433,149.609,0.0503
m,8.743977117,149.41,0.0503
m,8.743944239,151.071,0.0503
m,8.7439319,148.745,0.0503
m,8.74374042,152.76,0.0503
m,8.744285159,146.726,0.05
m,8.744825116,153.823,0.05
m,8.744994121,143.47,0.0499
m,8.745376278,150.258,0.0499
m,8.745761246,150.195,0.0499
m,8.747686015,156.604,0.0499
m,8.748038956,158.172,0.0501
m,8.748185468,160.677,0.0502
m,8.748935384,158.595,0.0501
m,8.752519608,157.164,0.0493
m,8.752799829,159.852,0.0493
m,8.753814909,160.165,0.0493
m,8.753815199,152.774,0.0494
m,8.755418262,159.032,0.0494
m,8.75663067,153.948,0.0486
m,8.757049299,151.357,0.0486
m,8.758078391,159.248,0.0485
m,8.758078112,148.757,0.0484
m,8.759144462,158.062,0.0482
m,8.76212727,154.102,0.0481
m,8.762813894,160.969,0.0481
m,8.763503071,151.901,0.048
m,8.764195622,158.923,0.0481
m,8.766855187,155.509,0.0485
m,8.767227976,154.701,0.0487
m,8.767556208,154.182,0.0487
m,8.767887646,150.441,0.0488
m,8.768220602,153.396,0.0484
m,8.768740145,152.39,0.0482
m,8.769285872,157.733,0.0481
m,8.770156417,151.257,0.048
m,8.770412087,149.934,0.048
m,8.772409648,154.697,0.0481
m,8.772409648,155.44,0.0481
m,8.772755443,156.446,0.0481
m,8.772968053,147.392,0.0479
m,8.773183387,147.571,0.0477
m,8.772278996,160.709,0.0474
m,8.772278463,151.682,0.0472
m,8.771945182,152.125,0.0472
m,8.771904693,148.962,0.047
m,8.771415945,157.747,0.047
m,8.769374028,150.831,0.0467
m,8.769107148,145.123,0.0467
m,8.768642667,143.906,0.0466
m,8.768393567,155.703,0.0464
m,8.766576606,153.89,0.0465
m,8.765901135,149.358,0.0465
m,8.765725926,147.567,0.0462
m,8.765725673,150.684,0.0461
m,8.765103235,160.514,0.0461
m,8.763862694,154.252,0.0458
m,8.76333806,151.941,0.0459
m,8.763000738,156.228,0.0459
m,8.762501642,152.445,0.0459
m,8.762208265,156.137,0.0459
m,8.760597341,151.484,0.0455
m,8.760418706,146.643,0.0455
m,8.760260068,147.333,0.0455
m,8.759902521,149.854,0.0456
m,8.758101479,149.904,0.0459
m,8.757865366,158.627,0.046
m,8.757369528,150.727,0.046
m,8.757143618,150.778,0.0461
m,8.756753238,156.705,0.0462
m,8.770646811,155.974,0.0478
m,8.770907324,149.569,0.0479
m,8.7713083,148.711,0.048
m,8.77155106,153.49,0.0481
m,8.772181966,152.009,0.0481
m,8.77319661,154.215,0.0476
m,8.773026932,157.307,0.0475
m,8.77284417,148.294,0.0475
m,8.77270726,156.732,0.0475
m,8.771415422,147.892,0.0468
m,8.77062898,153.152,0.0467
m,8.770147799,150.705,0.0466
m,8.769894303,146.983,0.0466
m,8.769642866,147.099,0.0465
m,8.76804031,145.715,0.0465
m,8.76772964,147.781,0.0464
m,8.767382855,152.454,0.0465
m,8.767098271,152.103,0.0465
m,8.76683612,150.255,0.0465
m,8.765099659,148.541,0.046
m,8.764914478,151.478,0.0459
m,8.764547906,159.804,0.0459
m,8.7645695,149.935,0.0457
m,8.762101894,151.628,0.0458
m,8.761778932,146.973,0.0458
m,8.761643386,161.146,0.0457
m,8.761069338,146.824,0.0456
m,8.760831973,148.698,0.0456
m,8.759749094,147.158,0.0458
m,8.759011511,150.798,0.0459
m,8.759011511,157.275,0.0459
m,8.758550181,148.819,0.0459
m,8.758324252,145.317,0.0459
m,8.756517621,155.85,0.0463
m,8.756269343,158.422,0.0464
m,8.755856395,160.97,0.0464
m,8.755663703,156.7,0.0466
m,8.755350603,150.226,0.0468
m,8.755350343,156.58,0.0467
m,8.75503257,146.327,0.0468
m,8.755054665,151.136,0.0469
m,8.754879977,146.905,0.047
m,8.753311768,154.889,0.0478
m,8.753176421,151.657,0.0479
m,8.753228738,149.018,0.0481
m,8.753099374,151.545,0.0482
m,8.752263751,148.362,0.049
m,8.752343158,149.299,0.0492
m,8.752240779,155.424,0.0493
m,8.75218827,150.181,0.0494
m,8.75218827,152.856,0.0494
m,8.750912619,160.423,0.0506
m,8.75080011,159.073,0.0508
m,8.750519116,150.094,0.0509
m,8.750189889,151.495,0.0511
m,8.750190511,157.122,0.0513
m,8.749601695,154.7,0.0526
m,8.749226958,155.682,0.0527
m,8.748943212,148.69,0.0527
m,8.748943871,154.398,0.0529
m,8.749091691,154.863,0.0541
m,8.749413534,152.027,0.0542
m,8.749565178,155.649,0.0543
m,8.749567826,156.121,0.0544
m,8.749800652,150.87,0.0544
m,8.751289813,149.156,0.055
m,8.751519502,147.3,0.0553
m,8.751576329,152.397,0.0554
m,8.751810184,156.792,0.0554
m,8.751872072,156.154,0.0555
m,8.753906991,155.909,0.0559
m,8.754305702,150.562,0.0558
m,8.75451432,152.804,0.0558
m,8.754920974,157.115,0.0559
m,8.754524931,149.143,0.0474
m,8.753883021,156.361,0.0474
m,8.75375087,150.442,0.0475
m,8.753621264,152.192,0.0475
m,8.753465069,145.337,0.0477
m,8.752788575,145.75,0.0483
m,8.752374675,151.949,0.0485
m,8.752257152,158.191,0.0486
m,8.752142899,158.274,0.0488
m,8.752201731,145.01,0.0489
m,8.751991498,160.611,0.0496
m,8.751864575,152.086,0.0498
m,8.751543643,160.606,0.0501
m,8.751212945,147.123,0.0503
m,8.750083294,153.916,0.0515
m,8.749879916,149.352,0.0514
m,8.749852227,148.42,0.0516
m,8.749643159,154.153,0.052
m,8.749621421,150.322,0.0524
m,8.748603265,147.995,0.0531
m,8.7484965,157.132,0.0533
m,8.748394077,150.76,0.0535
m,8.748469053,155.76,0.0536
m,8.7487344,154.117,0.054
m,8.750057037,155.723,0.0544
m,8.750305977,147.488,0.0547
m,8.750556411,147.711,0.0548
m,8.751063501,148.582,0.0549
m,8.752101702,155.067,0.0556
m,8.752550161,157.537,0.0558
m,8.75255089,155.305,0.056
m,8.75332409,161.126,0.0561
m,8.753697513,152.3,0.0562
m,8.755550851,154.503,0.056
m,8.755598311,151.617,0.0561
m,8.755597945,151.483,0.056
m,8.756292066,151.703,0.0561
m,8.756568036,157.647,0.0561
m,8.756846831,145.02,0.0561
m,8.756943068,158.147,0.056
m,8.757227506,153.489,0.056
m,8.757651429,148.735,0.0559
m,8.75797603,154.858,0.056
m,8.759590802,151.59,0.0556
m,8.759890515,149.382,0.0554
m,8.76069236,158.453,0.0553
m,8.760993438,154.443,0.055
m,8.761291306,161.468,0.0549
m,8.763673051,151.763,0.0547
m,8.764333068,145.133,0.0546
m,8.764680168,154.273,0.0545
m,8.765227578,148.403,0.0544
m,8.767460544,153.562,0.0542
m,8.768228123,146.986,0.0541
m,8.76861774,149.766,0.0539
m,8.768998914,147.321,0.0537
m,8.769382737,156.497,0.0535
m,8.772827207,142.645,0.0533
m,8.773219789,154.865,0.0532
m,8.773805259,143.919,0.0531
m,8.774204074,143.71,0.053
m,8.775200982,149.407,0.0529
m,8.778357235,148.003,0.0522
m,8.778985888,138.744,0.0521
m,8.779617342,144.376,0.0521
m,8.780072539,141.294,0.052
m,8.783095288,142.256,0.0517
m,8.783563286,143.486,0.0516
m,8.783851195,143.261,0.0515
m,8.784141417,147.048,0.0514
m,8.784919958,146.479,0.0515
m,8.787323793,147.85,0.0518
m,8.787811609,151.371,0.0519
m,8.788783024,144.43,0.0519
m,8.789455881,147.761,0.0521
m,8.790130318,150.971,0.052
m,8.758310302,144.555,0.056
m,8.758310302,151.792,0.056
m,8.758954147,149.69,0.056
m,8.759279208,158.372,0.0559
m,8.761771329,151.209,0.055
m,8.762062196,152.243,0.0549
m,8.76254906,151.27,0.0549
m,8.763354939,150.928,0.0549
m,8.763673402,153.499,0.0548
m,8.765591996,151.29,0.0542
m,8.765959593,148.679,0.0542
m,8.766696388,145.983,0.0542
m,8.767077647,158.12,0.0543
m,8.767460544,147.521,0.0542
m,8.769763658,154.279,0.0532
m,8.770333583,145.11,0.0532
m,8.771281817,150.742,0.0532
m,8.772247803,155.561,0.0534
m,8.775613019,145.054,0.0527
m,8.776032769,146.501,0.0527
m,8.776454999,146.554,0.0526
m,8.777300568,144.335,0.0525
m,8.777734798,142.058,0.0523
m,8.780708792,146.987,0.052
m,8.781803477,143.209,0.052
m,8.781803477,141.703,0.052
m,8.78253723,145.337,0.0519
m,8.782815024,142.222,0.0518
m,8.78540495,153.397,0.0515
m,8.785405264,148.007,0.0516
m,8.786366005,151.371,0.0516
m,8.786660105,146.896,0.0517
m,8.790812316,156.6,0.052
m,8.790812636,153.953,0.0521
m,8.792191522,141.161,0.0523
m,8.792885876,146.012,0.0522
m,8.793399722,146.461,0.0521
m,8.793917396,147.094,0.0521
m,8.794625657,147.649,0.0521
m,8.795681007,149.125,0.0521
m,8.796399003,146.377,0.0522
m,8.799845365,150.588,0.0521
m,8.801140617,144.086,0.0521
m,8.801886689,158.843,0.0522
m,8.802637043,141.881,0.0524
m,8.803205623,147.728,0.0526
m,8.806285377,155.441,0.0527
m,8.807465536,151.635,0.0526
m,8.808059187,145.023,0.0526
m,8.808841255,145.251,0.0526
m,8.809439852,153.051,0.0526
m,8.813912485,145.374,0.0524
m,8.814730392,154.516,0.0523
m,8.815373601,154.846,0.0523
m,8.816206256,153.526,0.0522
m,8.821943664,146.004,0.0519
m,8.822798431,153.058,0.0517
m,8.824510156,142.835,0.0516
m,8.824510471,147.001,0.0517
m,8.826040805,146.944,0.0518
m,8.829589065,150.302,0.052
m,8.830776921,144.469,0.0518
m,8.83146946,156.291,0.0516
m,8.83146946,149.201,0.0516
m,8.832872782,149.151,0.0515
m,8.838047533,144.497,0.0511
m,8.838974802,148.828,0.0509
m,8.838974192,148.713,0.0507
m,8.840459574,146.052,0.0505
m,8.844995953,149.72,0.0509
m,8.845736341,147.282,0.0511
m,8.846299728,152.919,0.0512
m,8.846871835,154.883,0.0513
m,8.847453858,150.915,0.0517
m,8.79693538,146.331,0.0523
m,8.79693538,147.316,0.0523
m,8.798202401,152.174,0.0523
m,8.79874741,142.023,0.0522
m,8.799295155,155.779,0.0522
m,8.803961946,145.024,0.0527
m,8.804537061,149.455,0.0527
m,8.805116845,147.111,0.0528
m,8.806285704,147.913,0.0528
m,8.810040012,153.001,0.0526
m,8.811064597,153.301,0.0525
m,8.811861088,142.071,0.0523
m,8.812479533,148.565,0.0523
m,8.812479533,147.822,0.0523
m,8.817043398,146.819,0.0521
m,8.818729212,150.612,0.0521
m,8.819577031,150.03,0.052
m,8.820241407,143.409,0.052
m,8.821092246,148.746,0.052
m,8.826710832,147.643,0.0518
m,8.827568547,155.333,0.0517
m,8.828240735,151.861,0.0518
m,8.828912086,149.621,0.052
m,8.833565891,154.347,0.0514
m,8.834266326,149.574,0.0514
m,8.83515893,150.215,0.0513
m,8.835878451,152.57,0.0512
m,8.836596553,144.894,0.0511
m,8.841197554,151.242,0.0506
m,8.841737144,150.212,0.0506
m,8.842459698,150.131,0.0508
m,8.84299859,158.863,0.0507
m,8.84426409,146.745,0.0508
m,8.848778673,158.812,0.0517
m,8.848778359,151.521,0.0516
m,8.850299571,150.511,0.0518
m,8.850875488,151.431,0.0518
m,8.851652206,148.323,0.0518
m,8.852253671,150.749,0.0519
m,8.852864958,153.356,0.052
m,8.854288712,149.086,0.052
m,8.855073647,153.481,0.052
m,8.860852788,149.957,0.0521
m,8.862477306,150.813,0.0521
m,8.863266342,155.359,0.0521
m,8.864320031,150.022,0.0521
m,8.866552266,151.876,0.052
m,8.866651531,151.31,0.0521
m,8.866568581,158.436,0.0522
m,8.866294623,153.656,0.0523
m,8.866217802,149.415,0.0526
m,8.865002757,155.802,0.0529
m,8.8645162,147.584,0.053
m,8.864059946,155.641,0.0531
m,8.86344054,155.954,0.0533
m,8.862199311,160.666,0.0535
m,8.857840966,147.147,0.0549
m,8.857841317,145.246,0.055
m,8.856920598,147.603,0.0551
m,8.856268294,144.251,0.0553
m,8.850722072,139.62,0.0569
m,8.849782441,143.152,0.0571
m,8.84903067,147.161,0.0574
m,8.848108441,143.123,0.0578
m,8.846477501,141.833,0.0579
m,8.843866015,145.734,0.0591
m,8.843162921,143.475,0.0592
m,8.842450821,151.462,0.0593
m,8.841741977,150.835,0.0595
m,8.840839108,144.412,0.0597
m,8.835128436,144.752,0.0606
m,8.834459555,148.081,0.061
m,8.833115319,138.646,0.0612
m,8.832441468,140.485,0.0614
m,8.856644546,155.736,0.052
m,8.857444525,151.565,0.0519
m,8.858240701,157.142,0.052
m,8.859224359,156.232,0.052
m,8.860040994,149.095,0.0521
m,8.86476119,157.78,0.0518
m,8.865205568,145.872,0.0517
m,8.865652527,154.738,0.0516
m,8.86593432,144.059,0.0517
m,8.866455453,152.54,0.0518
m,8.865949174,146.789,0.0527
m,8.865568214,148.458,0.0529
m,8.865568542,145.73,0.053
m,8.865131234,142.861,0.053
m,8.861402894,148.836,0.0537
m,8.860969054,151.223,0.0539
m,8.860343197,141.799,0.0542
m,8.859709309,144.524,0.0544
m,8.859077615,144.307,0.0546
m,8.855628296,149.093,0.0555
m,8.854990565,145.956,0.0558
m,8.854181695,141.302,0.0564
m,8.853383814,144.322,0.0565
m,8.851664401,143.306,0.0567
m,8.846477887,148.187,0.058
m,8.845240925,142.311,0.0583
m,8.844887261,142.407,0.0586
m,8.844375241,143.721,0.0589
m,8.840160893,140.301,0.06
m,8.838627805,140.518,0.0602
m,8.837773765,146.006,0.0603
m,8.836897654,139.063,0.0604
m,8.836024422,145.766,0.0605
m,8.83244232,145.759,0.0616
m,8.831129035,148.669,0.0618
m,8.83045011,143.513,0.0619
m,8.829787818,149.428,0.0621
m,8.829114812,148.179,0.0623
m,8.828261741,145.773,0.0629
m,8.82657366,148.606,0.0632
m,8.825754485,143.358,0.0633
m,8.824753888,143.853,0.0634
m,8.823927203,143.134,0.0636
m,8.819764185,150.633,0.0645
m,8.818943041,151.631,0.0647
m,8.818109391,149.773,0.0648
m,8.817447375,143.942,0.0648
m,8.816420862,140.275,0.0652
m,8.811217127,140.192,0.0662
m,8.810304006,142.758,0.0664
m,8.809562929,150.063,0.0666
m,8.807888967,138.136,0.0667
m,8.802830795,139.395,0.0661
m,8.802003336,147.323,0.0659
m,8.801363581,148.405,0.066
m,8.800926295,147.537,0.066
m,8.800357465,146.188,0.066
m,8.79785525,148.518,0.0665
m,8.797471788,154.171,0.0665
m,8.797090381,144.11,0.0664
m,8.7962482,144.125,0.0664
m,8.796023177,147.788,0.0664
m,8.791529205,130.396,0.0661
m,8.78960839,133.619,0.066
m,8.7886689,131.636,0.0658
m,8.787713239,132.329,0.0656
m,8.781823464,149.58,0.0651
m,8.781310286,139.053,0.065
m,8.780780527,139.989,0.0649
m,8.780233029,137.521,0.0646
m,8.779852253,133.08,0.0643
m,8.781427179,143.339,0.0646
m,8.782409481,143.677,0.0648
m,8.783209571,147.197,0.0648
m,8.784012987,152.057,0.065
m,8.786073935,135.217,0.0652
m,8.823288331,147.424,0.0639
m,8.822466973,146.249,0.064
m,8.821833866,154.052,0.0643
m,8.821018289,153.35,0.0644
m,8.815749108,147.363,0.0653
m,8.814925867,143.586,0.0655
m,8.813485731,139.037,0.0657
m,8.813486206,138.607,0.0658
m,8.811948451,148.393,0.0658
m,8.806972865,138.543,0.0668
m,8.806075625,136.397,0.0668
m,8.805349429,145.711,0.0667
m,8.804609765,152.726,0.0665
m,8.804042018,136.515,0.0665
m,8.799396083,147.925,0.0662
m,8.799396564,150.272,0.0663
m,8.798629308,154.336,0.0664
m,8.798241252,143.336,0.0665
m,8.795247413,150.12,0.0664
m,8.79469751,150.443,0.0665
m,8.794113262,138.076,0.0664
m,8.793311232,133.103,0.0663
m,8.79251119,129.459,0.0662
m,8.787712765,128.632,0.0655
m,8.785570073,132.482,0.0655
m,8.78478536,137.833,0.0652
m,8.78400405,134.86,0.0652
m,8.7832624,136.677,0.0652
m,8.779716826,137.617,0.0643
m,8.779637717,139.318,0.0644
m,8.779877712,140.245,0.0645
m,8.779877712,139.034,0.0645
m,8.787108906,136.93,0.0654
m,8.788125763,141.301,0.0655
m,8.789103858,138.057,0.0655
m,8.789902505,129.501,0.0659
m,8.79086544,133.591,0.0661
m,8.79182996,138.115,0.0662
m,8.793806725,129.163,0.0664
m,8.793807693,142.245,0.0666
m,8.795835623,137.035,0.0669
m,8.803914989,142.482,0.0686
m,8.80516931,141.868,0.0692
m,8.806752079,138.425,0.07
m,8.808335939,139.098,0.0703
m,8.811403074,155.813,0.0706
m,8.822890856,145.91,0.0718
m,8.822891944,149.371,0.072
m,8.827356527,145.457,0.0721
m,8.829731336,146.475,0.0723
m,8.832359919,144.798,0.0725
m,8.846395805,145.869,0.0732
m,8.85150649,142.377,0.0732
m,8.854157424,145.718,0.0732
m,8.857019866,141.913,0.0736
m,8.877093894,137.963,0.0737
m,8.879357097,140.084,0.0738
m,8.881756302,142.646,0.0738
m,8.884157609,140.543,0.0738
m,8.886331487,148.324,0.0742
m,8.901851169,147.848,0.0744
m,8.90403665,151.957,0.0743
m,8.906301492,155.796,0.0746
m,8.908592047,145.403,0.0746
m,8.91321115,145.921,0.0746
m,8.929299239,140.582,0.0747
m,8.931585682,150.964,0.0748
m,8.931585682,144.796,0.0748
m,8.936841574,156.27,0.0747
m,8.952669097,148.363,0.0745
m,8.954584496,145.147,0.0744
m,8.956162825,149.791,0.0741
m,8.95795199,149.389,0.0737
m,8.959588104,148.478,0.0733
m,8.796897352,144.281,0.0675
m,8.799023916,135.715,0.0677
m,8.799024414,151.948,0.0678
m,8.801063612,151.679,0.068
m,8.802568665,143.281,0.0683
m,8.813253054,145.175,0.0708
m,8.815060894,136.006,0.0709
m,8.816871118,135.819,0.071
m,8.818685875,136.402,0.0715
m,8.83499068,150.011,0.0726
m,8.837578275,154.372,0.0727
m,8.839963266,145.802,0.073
m,8.843981309,149.138,0.073
m,8.846394692,148.215,0.073
m,8.859859811,150.896,0.0737
m,8.862542082,141.323,0.0736
m,8.867406511,133.037,0.0735
m,8.869770152,131.664,0.0734
m,8.874832564,133.471,0.0735
m,8.891268063,142.766,0.0743
m,8.894143503,150.516,0.0745
m,8.896814041,154.074,0.0747
m,8.89943619,149.081,0.0747
m,8.915564772,151.016,0.0747
m,8.917814331,146.987,0.0749
m,8.920223659,153.566,0.0752
m,8.922426192,147.503,0.0754
m,8.924785166,146.175,0.0752
m,8.939317566,151.957,0.0749
m,8.941769068,144.381,0.075
m,8.944220908,147.88,0.0748
m,8.948897391,153.794,0.0747
m,8.950782811,142.425,0.0747
m,8.963052847,153.542,0.0729
m,8.96305066,145.26,0.0725
m,8.966209937,153.978,0.0724
m,8.967750893,153.584,0.0721
m,8.969503355,153.914,0.0718
m,8.970920901,151.072,0.0715
m,8.972392442,151.449,0.0706
m,8.974052543,150.225,0.0704
m,8.97721043,149.226,0.0701
m,8.985355012,150.065,0.068
m,8.987932815,154.586,0.0677
m,8.989077315,152.704,0.0673
m,8.989650816,157.479,0.067
m,8.99417189,157.273,0.0648
m,8.995910968,149.265,0.0639
m,8.996508564,160.674,0.0636
m,8.997138599,155.705,0.0634
m,8.99774169,156.553,0.0631
m,9.001205318,154.98,0.0618
m,9.001857727,158.442,0.0615
m,9.002240962,153.549,0.0611
m,9.003168537,152.275,0.0609
m,9.003167301,154.398,0.0606
m,9.004976309,158.998,0.0582
m,9.004665354,153.061,0.0577
m,9.004082209,155.712,0.0572
m,9.004080727,154.632,0.0568
m,9.003631585,155.548,0.0545
m,9.003677805,154.599,0.0542
m,9.003626652,152.304,0.0539
m,9.003625982,153.07,0.0537
m,9.003064851,151.72,0.0534
m,8.985738268,145.538,0.0512
m,8.980821856,157.061,0.0511
m,8.975792884,146.845,0.0509
m,8.971029223,141.841,0.0511
m,8.966282964,149.589,0.051
m,8.932703995,153.153,0.0516
m,8.928258242,147.561,0.0515
m,8.923813291,142.801,0.0515
m,8.919614807,147.919,0.0517
m,8.978807394,146.792,0.0698
m,8.980253486,146.298,0.0695
m,8.98167526,156.63,0.0692
m,8.982959934,146.687,0.0688
m,8.984246191,151.722,0.0682
m,8.990408933,156.415,0.0667
m,8.991016971,150.334,0.0665
m,8.991751329,156.599,0.0661
m,8.992547712,150.94,0.0661
m,8.994175585,154.28,0.0656
m,8.998528308,154.149,0.0626
m,8.99980851,152.075,0.0623
m,9.000240943,156.024,0.062
m,9.000706748,160.468,0.0619
m,9.003832807,154.129,0.0604
m,9.004230284,152.75,0.0601
m,9.004630835,153.252,0.0597
m,9.004853872,155.789,0.0594
m,9.005110751,151.784,0.059
m,9.003611199,154.589,0.0565
m,9.003531783,154.632,0.0562
m,9.003668089,154.617,0.0557
m,9.003659482,157.788,0.0554
m,9.003536939,148.914,0.055
m,9.001796969,155.784,0.0533
m,8.999890834,149.567,0.053
m,8.997246138,148.43,0.0517
m,8.994295766,145.41,0.0516
m,8.961505145,148.314,0.0511
m,8.956695556,145.215,0.0513
m,8.951705201,148.183,0.0514
m,8.942054972,155.49,0.0515
m,8.937214264,149.474,0.0515
m,8.915021952,150.88,0.0517
m,8.907221621,140.686,0.0518
m,8.907221621,139.285,0.0518
m,8.90097777,150.245,0.0519
m,8.898539267,144.938,0.052
m,8.896401862,150.075,0.0523
m,8.89477966,158.743,0.053
m,8.892264231,157.17,0.0533
m,8.890861511,151.027,0.0536
m,8.889736859,152.236,0.0539
m,8.883482807,155.123,0.0568
m,8.883483552,149.962,0.057
m,8.881292976,156.923,0.0574
m,8.879942699,152.575,0.0577
m,8.878745018,156.918,0.0579
m,8.872428584,153.306,0.0585
m,8.871036092,157.827,0.0583
m,8.870161838,159.015,0.0583
m,8.869683141,156.189,0.0584
m,8.863474829,158.9,0.0596
m,8.861605655,154.246,0.0597
m,8.860781379,148.499,0.0597
m,8.859901161,150.293,0.0599
m,8.85896382,149.427,0.0599
m,8.853530142,155.929,0.0606
m,8.852639016,158.734,0.0608
m,8.85156879,160.459,0.0611
m,8.849615114,152.371,0.0612
m,8.849615537,154.532,0.0613
m,8.841670877,153.203,0.0623
m,8.840650043,157.361,0.0622
m,8.839631387,146.512,0.0621
m,8.838405922,154.31,0.0622
m,8.831538558,154.757,0.0625
m,8.830121238,153.684,0.0625
m,8.828996967,148.226,0.0625
m,8.828183718,154.861,0.0622
m,8.82661939,159.021,0.062
m,8.82159429,156.405,0.0622
m,8.820174726,158.192,0.0623
m,8.818783208,146.752,0.0622
m,8.816501175,154.286,0.0617
m,8.815587339,149.509,0.0618
m,8.888646419,150.448,0.0544
m,8.887289874,155.301,0.055
m,8.8863933,160.642,0.0562
m,8.884321724,154.321,0.0565
m,8.877886015,157.791,0.0584
m,8.876755238,157.911,0.0588
m,8.875412827,154.663,0.0587
m,8.874193286,154.652,0.0586
m,8.872428976,149.644,0.0586
m,8.868783368,160.305,0.0585
m,8.867675106,160.911,0.0588
m,8.86558606,161.03,0.059
m,8.864484898,154.541,0.0593
m,8.863475233,159.017,0.0597
m,8.857127379,151.377,0.0603
m,8.85625634,148.446,0.0605
m,8.855386676,159.93,0.0605
m,8.854366683,153.823,0.0606
m,8.847308585,147.063,0.0617
m,8.846390999,154.455,0.0619
m,8.845532379,146.916,0.0623
m,8.844701162,152.067,0.0622
m,8.842847424,155.913,0.0623
m,8.837183185,149.674,0.0624
m,8.835190631,147.009,0.0626
m,8.834184223,158.159,0.0628
m,8.834184223,150.826,0.0628
m,8.83238527,145.617,0.0627
m,8.825449774,157.653,0.0621
m,8.824644809,151.294,0.0617
m,8.824645238,152.007,0.0618
m,8.822313129,154.013,0.062
m,8.814648523,158.792,0.0617
m,8.81347607,154.579,0.0613
m,8.812568224,152.784,0.0614
m,8.811583152,152.992,0.0611
m,8.810758516,147.128,0.0611
m,8.808908708,151.636,0.0611
m,8.808908708,147.252,0.0611
m,8.806810477,150.8,0.0611
m,8.805790929,160.152,0.0611
m,8.798956882,147.484,0.0623
m,8.798957319,150.414,0.0624
m,8.797475447,144.006,0.0624
m,8.796762858,143.248,0.0625
m,8.795869553,142.411,0.0626
m,8.790079683,142.317,0.0634
m,8.789227739,142.83,0.0636
m,8.788218159,148.191,0.0637
m,8.786640006,138.438,0.0643
m,8.785108324,148.415,0.0643
m,8.767052442,148.078,0.0635
m,8.759360764,148.798,0.0634
m,8.755125022,155.035,0.0628
m,8.751008525,144.688,0.0627
m,8.718971173,154.067,0.0605
m,8.714442587,151.455,0.0604
m,8.70991454,150.615,0.0604
m,8.705543587,150.615,0.0598
m,8.70117479,156.511,0.0597
m,8.675719722,149.323,0.0592
m,8.671509632,155.651,0.0588
m,8.666656851,157.487,0.0586
m,8.657506999,150.484,0.0583
m,8.652772304,151.485,0.058
m,8.626277668,159.066,0.057
m,8.621273278,144.211,0.0567
m,8.611624996,151.316,0.0566
m,8.60691617,146.812,0.0565
m,8.575082526,147.428,0.0566
m,8.57064444,147.661,0.0565
m,8.566524123,161.906,0.0564
m,8.562697551,144.754,0.0563
m,8.559165174,145.825,0.0563
m,8.804957126,158.33,0.0612
m,8.804100871,153.715,0.0613
m,8.803089874,155.779,0.0614
m,8.802339665,148.132,0.0616
m,8.800272059,148.348,0.0618
m,8.79531868,153.157,0.0625
m,8.794588116,148.304,0.0626
m,8.792792603,136.949,0.0629
m,8.792068667,139.53,0.063
m,8.781890687,145.567,0.0644
m,8.779909137,149.387,0.0645
m,8.777379137,147.295,0.0645
m,8.774371345,145.293,0.0645
m,8.770860542,147.528,0.0642
m,8.746661465,148.129,0.0624
m,8.742059481,150.913,0.0617
m,8.732771653,146.246,0.0615
m,8.732769945,147.763,0.0611
m,8.723387711,150.155,0.0607
m,8.692986826,147.186,0.0596
m,8.688824851,158.526,0.0595
m,8.688824444,152.661,0.0594
m,8.679881005,161.596,0.0592
m,8.648244777,146.415,0.0578
m,8.643948576,150.063,0.0578
m,8.639787243,150.926,0.0576
m,8.635490996,145.435,0.0575
m,8.630964026,151.976,0.0573
m,8.602025679,152.415,0.0567
m,8.59715964,139.985,0.057
m,8.592634529,150.653,0.057
m,8.584080989,142.14,0
m,8.579631147,150.045,0.0566
m,8.555768602,147.417,0.0565
m,8.550246529,146.988,0.0565
m,8.54862315,149.896,0.0564
m,8.547598081,148.707,0.0565
m,8.546526472,149.567,0.0566
m,8.545774209,153.816,0.0566
m,8.544905289,153.308,0.0566
m,8.544380953,144.825,0.0566
m,8.543701317,148.424,0.0571
m,8.53753994,149.31,0.0606
m,8.535849314,152.347,0.0613
m,8.533980189,151.898,0.0624
m,8.532345277,153.566,0.0641
m,8.524679393,154.712,0.0685
m,8.523718149,158.394,0.069
m,8.523077623,156.883,0.0688
m,8.522077543,150.052,0.0691
m,8.522078597,156.751,0.0693
m,8.520125131,143.744,0.0699
m,8.519558974,146.864,0.0699
m,8.517659617,141.191,0.0698
m,8.51648849,148.415,0.0696
m,8.516485321,150.627,0.069
m,8.514685806,146.87,0.0661
m,8.515930028,156.44,0.0657
m,8.516992628,144.22,0.0652
m,8.517854396,145.904,0.0648
m,8.518849174,139.853,0.0626
m,8.518319446,142.022,0.0623
m,8.517927495,142.575,0.0619
m,8.517488516,141.007,0.0614
m,8.517427587,141.586,0.0608
s,8.517220606,140.152,0.0599
s,8.517239629,140.11,0.0598
s,8.517258656,140.005,0.0597
s,8.517238385,139.316,0.0595
s,8.517421703,140.048,0.0594
s,8.517564107,142.815,0.0588
s,8.517747435,142.563,0.0587
s,8.517785908,142.655,0.0586
s,8.517804948,142.508,0.0585
m,8.543230679,142.313,0.0577
m,8.541423684,153.045,0.0581
m,8.540362663,148.302,0.0585
m,8.539418519,145.449,0.0591
m,8.53884464,145.207,0.06
m,8.530892515,149.493,0.065
m,8.528034292,156.379,0.0657
m,8.527433308,151.168,0.0665
m,8.526651046,157.862,0.0673
m,8.525458227,159.434,0.0678
m,8.521085591,148.86,0.0695
m,8.521320864,152.167,0.0697
m,8.521029129,160.063,0.0699
m,8.520833693,150.851,0.0697
m,8.514969586,145.422,0.0682
m,8.514194958,153.753,0.0676
m,8.513650372,153.353,0.0673
m,8.513333787,144.357,0.067
m,8.513202651,142.294,0.0665
m,8.518556098,144.478,0.0646
m,8.519076051,151.511,0.0643
m,8.519618251,145.006,0.064
m,8.519794843,148.76,0.0636
m,8.519421524,140.169,0.0632
m,8.517426732,140.062,0.0606
s,8.51738658,141.347,0.0603
s,8.517385737,140.211,0.0601
s,8.517404757,140.641,0.06
s,8.517401852,140.189,0.0593
s,8.517382413,139.002,0.0593
s,8.517565736,141.298,0.0592
s,8.517564919,141.217,0.059
s,8.517564512,142.713,0.0589
s,8.517804148,142.609,0.0583
s,8.517968039,142.823,0.0582
s,8.517967246,143.883,0.058
s,8.518150188,143.734,0.0578
s,8.518129966,143.492,0.0576
s,8.518129186,143.132,0.0574
s,8.518128798,143.465,0.0573
s,8.518312144,143.471,0.0572
s,8.518331197,143.349,0.0571
s,8.518311759,144.074,0.0571
s,8.518841611,143.07,0.0566
s,8.518841233,143.272,0.0565
s,8.518840104,143.815,0.0562
s,8.518859165,143.068,0.0561
s,8.51887823,142.937,0.056
s,8.51891674,143.337,0.0559
s,8.51891674,143.518,0.0559
s,8.51891674,143.507,0.0559
s,8.518732638,143.994,0.0558
s,8.518549277,141.735,0.0559
s,8.518530205,142.699,0.056
s,8.518530205,142.598,0.056
s,8.518346846,142.332,0.0561
s,8.51836629,142.6,0.0561
s,8.518058678,143.341,0.0565
s,8.518058301,143.877,0.0564
s,8.518058301,144.523,0.0564
s,8.518038849,143.014,0.0564
s,8.517874571,142.574,0.0564
s,8.517710675,142.783,0.0565
s,8.517710675,145.673,0.0565
s,8.517894404,144.743,0.0565
s,8.517894404,142.54,0.0565
s,8.518282841,143.557,0.0569
s,8.518282841,142.698,0.0569
s,8.518321763,142.475,0.0569
s,8.518505491,143.469,0.0569
s,8.518505108,142.974,0.0568
s,8.518708301,141.639,0.0568
s,8.518708301,142.373,0.0568
s,8.518708301,141.307,0.0568
s,8.518727767,142.175,0.0568
s,8.518727767,143.689,0.0568
s,8.518494724,143.833,0.0569
s,8.518494342,142.961,0.0568
s,8.518677693,144.142,0.0567
s,8.518677314,143.171,0.0566
s,8.51887823,143.056,0.056
s,8.518897298,142.942,0.0559
s,8.518897298,141.675,0.0559
s,8.518897298,142.467,0.0559
s,8.51891674,143.97,0.0559
s,8.518732638,142.517,0.0558
s,8.518732269,141.892,0.0557
s,8.518732638,141.556,0.0558
s,8.518732638,142.598,0.0558
s,8.518732638,142.605,0.0558
s,8.518366664,144.493,0.0562
s,8.518203131,142.668,0.0564
s,8.51822258,143.33,0.0564
s,8.518242031,142.881,0.0564
s,8.517874571,142.726,0.0564
s,8.517690842,143.259,0.0564
s,8.517690842,143.086,0.0564
s,8.517690842,143.009,0.0564
s,8.517691219,144.286,0.0565
s,8.518078134,142.634,0.0565
s,8.518078892,142.678,0.0567
s,8.518078892,143.536,0.0567
s,8.518079273,143.043,0.0568
s,8.518263002,145.003,0.0568
s,8.518505108,142.661,0.0568
s,8.518524955,141.912,0.0569
s,8.518524573,142.001,0.0568
s,8.518505108,141.986,0.0568
s,8.51870792,142.265,0.0567
s,8.518708301,143.074,0.0568
s,8.51870792,142.72,0.0567
s,8.518891648,143.505,0.0567
s,8.518891648,144.617,0.0567
s,8.518892029,144.388,0.0568
s,8.519055913,145.142,0.0567
s,8.519055913,143.996,0.0567
s,8.519055913,142.879,0.0567
s,8.519015483,141.005,0.0563
s,8.519015483,142.73,0.0563
s,8.519015483,142.842,0.0563
s,8.519015108,142.097,0.0562
s,8.518995279,143.034,0.0561
s,8.518811177,144.819,0.056
s,8.518831379,144.316,0.0562
s,8.518831379,142.398,0.0562
s,8.518831754,142.336,0.0563
s,8.518831754,143.078,0.0563
s,8.518668615,142.674,0.0566
s,8.518668615,142.485,0.0566
s,8.518649536,142.411,0.0567
s,8.518465427,142.373,0.0566
s,8.51822258,142.56,0.0564
s,8.518203131,142.92,0.0564
s,8.518202754,143.613,0.0563
s,8.518203131,143.463,0.0564
s,8.518203131,143.265,0.0564
s,8.518224096,144.366,0.0568
s,8.518224096,143.949,0.0568
s,8.518224096,144.775,0.0568
s,8.518204647,145.494,0.0568
s,8.518224478,145.708,0.0569
s,8.518612157,145.079,0.0571
s,8.518611773,146.434,0.057
s,8.518612157,146.886,0.0571
s,8.518795887,149.193,0.0571
s,8.519019297,146.624,0.0573
s,8.519203026,145.807,0.0573
s,8.519203026,145.198,0.0573
s,8.519183959,145.368,0.0574
s,8.519183572,146.566,0.0573
s,8.519055533,142.774,0.0566
s,8.519036073,145.425,0.0566
s,8.519016236,143.424,0.0565
s,8.519015859,142.923,0.0564
s,8.519015859,141.843,0.0564
s,8.518995279,143.057,0.0561
s,8.518994906,142.095,0.056
s,8.518994906,142.22,0.056
s,8.518811177,143.128,0.056
s,8.518831754,142.11,0.0563
s,8.51883213,143.658,0.0564
s,8.518832507,142.432,0.0565
s,8.518851965,142.025,0.0565
s,8.518668615,142.633,0.0566
s,8.518445592,142.418,0.0565
s,8.518426138,143.212,0.0565
s,8.51822258,143.252,0.0564
s,8.51822258,142.871,0.0564
s,8.518222204,142.131,0.0563
s,8.518203508,143.424,0.0565
s,8.518223336,141.684,0.0566
s,8.518243167,142.728,0.0567
s,8.518243167,143.577,0.0567
s,8.518244313,143.744,0.057
s,8.518447497,144.342,0.057
s,8.518447881,144.494,0.0571
s,8.518447881,144.085,0.0571
s,8.518612157,144.814,0.0571
s,8.518795503,144.714,0.057
s,8.518795887,145.578,0.0571
s,8.518999455,145.015,0.0572
s,8.518999842,145.394,0.0573
s,8.519019297,145.086,0.0573
s,8.519367302,145.144,0.0573
m,8.519367302,144.371,0.0573
m,8.519551032,146.961,0.0573
m,8.519550645,141.673,0.0572
m,8.519386369,141.613,0.0572
m,8.519327244,139.217,0.057
m,8.519190408,137.721,0.0568
m,8.518898873,138.588,0.0567
m,8.517825128,151.982,0.0565
m,8.513708748,129.656,0.0558
m,8.513146372,131.394,0.0556
m,8.512440425,132.087,0.0556
m,8.51192074,133.546,0.0557
m,8.50830038,133.472,0.0554
m,8.507779229,130.77,0.0555
m,8.507259904,131.949,0.0555
m,8.506558055,127.256,0.0553
m,8.506042742,141.158,0.0552
m,8.502797077,145.209,0.055
m,8.501963068,142.314,0.0548
m,8.499145653,136.164,0.0546
m,8.497213127,142.704,0.0545
m,8.494982508,147.812,0.0546
m,8.472408354,142.939,0.0539
m,8.472408006,147.184,0.0538
m,8.46320124,153.818,0.0538
m,8.458614683,139.691,0.0538
m,8.454028178,145.948,0.0538
m,8.427029958,145.966,0.0541
m,8.418226631,143.14,0.0543
m,8.413825045,138.362,0.0544
m,8.409406255,144.033,0.0544
m,8.377956812,136.149,0.0543
m,8.373687029,140.398,0.0539
m,8.36468397,149.118,0.0542
m,8.360466625,141.389,0.0542
m,8.333105135,143.974,0.0544
m,8.324033463,155.854,0.0544
m,8.319649498,136.889,0.0544
m,8.315231402,145.043,0.0544
m,8.315230687,142.794,0.0542
m,8.517304987,138.38,0.0563
m,8.516728988,133.429,0.056
m,8.516010754,135.31,0.056
m,8.515496947,131.339,0.0559
m,8.514254261,131.62,0.0559
m,8.511383895,133.815,0.0556
m,8.510867997,133.372,0.0556
m,8.510372089,131.005,0.0555
m,8.509147888,135.976,0.0554
m,8.508622051,130.382,0.0554
m,8.504817476,144.263,0.0551
m,8.504817476,135.987,0.0551
m,8.503803066,140.735,0.0551
m,8.503281456,145.303,0.055
m,8.492251368,146.128,0.0547
m,8.488984834,140.904,0.0546
m,8.485384004,134.734,0.0544
m,8.481281255,140.073,0.0541
m,8.449275099,149.94,0.054
m,8.444688363,139.98,0.0539
m,8.440252504,144.841,0.0539
m,8.431431698,142.342,0.054
m,8.427029958,144.841,0.0541
m,8.404787188,144.143,0.0546
m,8.395632298,143.209,0.0546
m,8.39102954,138.362,0.0546
m,8.386610564,137.891,0.0545
m,8.382375727,136.586,0.0544
m,8.36046698,150.33,0.0543
m,8.351330103,139.413,0.0543
m,8.346710303,139.573,0.0542
m,8.34214238,143.225,0.0543
m,8.33754041,139.326,0.0544
m,8.306377465,144.267,0.0542
m,8.301758242,147.856,0.0542
m,8.297323476,145.933,0.0543
m,8.29292265,147.936,0.0543
m,8.283919912,133.637,0.0543
m,8.279300449,142.047,0.0542
m,8.274698542,140.985,0.0542
m,8.270280743,138.645,0.0542
m,8.265862619,146.591,0.0541
m,8.234253977,137.004,0.0539
m,8.229616462,140.826,0.0535
m,8.224997299,132.901,0.0534
m,8.220413444,141.113,0.0535
m,8.184776564,141.198,0.0535
m,8.180358413,136.658,0.0532
m,8.175739205,135.31,0.053
m,8.16672076,135.701,0.0529
m,8.135160044,151.746,0.052
m,8.126159956,133.624,0.052
m,8.121778929,148.194,0.0522
m,8.117380465,135.033,0.0524
m,8.112963506,146.197,0.0523
m,8.090495292,143.282,0.0523
m,8.081110088,142.716,0.0522
m,8.076491775,140.366,0.0521
m,8.071837591,145.501,0.0518
m,8.067201029,142.875,0.0515
m,8.039046015,141.097,0.051
m,8.034980249,139.175,0.051
m,8.03369255,139.932,0.0511
m,8.033692225,146.034,0.051
s,8.032957851,145.542,0.0515
s,8.032958182,144.988,0.0516
s,8.032756496,142.849,0.0516
s,8.032756829,144.347,0.0517
s,8.032792534,145.348,0.0518
s,8.032829263,144.122,0.0522
s,8.032811911,143.981,0.0523
s,8.032829944,142.545,0.0524
s,8.032829944,141.521,0.0524
s,8.032830287,142.785,0.0525
m,8.261243248,142.412,0.054
m,8.256843466,134.191,0.0542
m,8.252276188,144.674,0.0542
m,8.247875099,135.476,0.054
m,8.238855909,134.758,0.054
m,8.216031014,134.618,0.0536
m,8.207213329,138.707,0.0535
m,8.198010358,139.45,0.0534
m,8.193593149,137.982,0.0534
m,8.189193697,144.241,0.0535
m,8.162303438,136.443,0.0528
m,8.153451448,139.907,0.0526
m,8.148998973,136.582,0.0524
m,8.144397386,138.237,0.0522
m,8.13977837,131.606,0.052
m,8.108730605,156.589,0.0522
m,8.104111805,144.31,0.052
m,8.095077528,135.685,0.0521
m,8.090494954,141.767,0.0522
m,8.057816417,138.327,0.0515
m,8.053198201,136.764,0.0514
m,8.048966329,145.095,0.0515
m,8.044935497,136.654,0.0514
m,8.041439058,135.654,0.0513
m,8.033306537,142.772,0.051
s,8.033122858,143.714,0.0511
s,8.033123184,145.8,0.0512
s,8.033141195,146.094,0.0513
s,8.032957851,145.701,0.0515
s,8.032810223,145.757,0.0518
s,8.032810558,144.586,0.0519
s,8.032626892,145.32,0.052
s,8.032644585,145.497,0.052
s,8.032812595,143.431,0.0525
s,8.032795594,143.218,0.0527
s,8.032979596,142.667,0.0527
s,8.032979942,142.458,0.0528
s,8.032997632,142.338,0.0528
s,8.033015323,143.054,0.0528
s,8.033033018,144.843,0.0528
s,8.033199325,143.016,0.0528
s,8.033199325,143.575,0.0528
s,8.033513918,143.871,0.0527
s,8.033531603,142.105,0.0527
s,8.033531603,143.13,0.0527
s,8.033531603,142.269,0.0527
s,8.033496235,143.42,0.0527
s,8.033645576,144.604,0.0529
s,8.033645576,144.239,0.0529
s,8.033645925,143.638,0.053
s,8.033645925,144.015,0.053
s,8.033663602,145.854,0.053
s,8.033699664,144.454,0.0532
s,8.033717349,142.748,0.0532
s,8.033735389,143.644,0.0533
s,8.033753079,143.64,0.0533
s,8.03380759,143.04,0.0537
s,8.033641291,142.096,0.0537
s,8.033658995,142.497,0.0537
s,8.033676702,142.946,0.0537
s,8.033677061,141.437,0.0538
s,8.033676345,142.65,0.0536
s,8.033676345,142.772,0.0536
s,8.033676702,143.597,0.0537
s,8.033860701,142.902,0.0537
s,8.033842638,142.959,0.0536
s,8.034008934,144.043,0.0536
s,8.034008578,144.262,0.0535
s,8.034008934,142.806,0.0536
s,8.034008578,143.509,0.0535
s,8.034209926,143.116,0.0534
s,8.034191869,143.537,0.0533
s,8.034191869,142.384,0.0533
s,8.034191869,142.025,0.0533
s,8.034174169,142.321,0.0533
s,8.033198979,143.113,0.0527
s,8.033365289,142.441,0.0527
s,8.033365289,144.191,0.0527
s,8.033329915,143.555,0.0527
s,8.033311888,143.167,0.0526
s,8.033478556,143.386,0.0527
s,8.033662906,143.672,0.0528
s,8.033662906,143.076,0.0528
s,8.033662906,143.715,0.0528
s,8.033663602,144.804,0.053
s,8.033663253,145.553,0.0529
s,8.033681281,144.658,0.053
s,8.033681281,144.456,0.053
s,8.033699313,144.044,0.0531
s,8.033771126,142.387,0.0534
s,8.033771126,143.056,0.0534
s,8.033789177,142.405,0.0535
s,8.033807232,142.487,0.0536
s,8.033807232,142.686,0.0536
s,8.033677061,141.622,0.0538
s,8.033676702,141.495,0.0537
s,8.033694412,143.529,0.0537
s,8.033694412,142.629,0.0537
s,8.033842638,144.774,0.0536
s,8.033842638,142.852,0.0536
s,8.034026638,144.54,0.0536
s,8.034008934,144.091,0.0536
s,8.034008934,143.884,0.0536
s,8.034026281,143.13,0.0535
s,8.034025926,142.71,0.0534
s,8.034025926,142.335,0.0534
s,8.034209926,142.716,0.0534
s,8.034209926,143.347,0.0534
s,8.034174169,141.983,0.0533
s,8.034174169,142.23,0.0533
s,8.034357817,141.643,0.0532
s,8.03435817,142.585,0.0533
s,8.03454217,141.833,0.0533
s,8.03454217,141.165,0.0533
s,8.034559518,142.288,0.0532
s,8.034559518,141.683,0.0532
s,8.034725819,141.524,0.0532
s,8.034891772,143.458,0.0531
s,8.034891772,145.139,0.0531
s,8.03487408,143.489,0.0531
s,8.035057731,141.591,0.053
s,8.035056688,143.687,0.0527
s,8.035056688,141.591,0.0527
s,8.035056688,142.463,0.0527
s,8.035056343,143.337,0.0526
s,8.034890035,143.577,0.0526
s,8.034889349,143.566,0.0524
s,8.034889349,142.951,0.0524
s,8.034907045,143.991,0.0524
s,8.034907388,143.461,0.0525
s,8.034907388,142.965,0.0525
s,8.034741775,142.851,0.0527
s,8.034741775,143.601,0.0527
s,8.034741775,143.146,0.0527
s,8.034759823,143.822,0.0528
s,8.034629294,142.233,0.0529
s,8.034629643,141.442,0.053
s,8.034629993,141.733,0.0531
s,8.034648058,142.514,0.0532
s,8.034648058,140.697,0.0532
s,8.034666126,143.574,0.0533
s,8.034482483,142.908,0.0534
s,8.034482483,142.666,0.0534
s,8.034648764,142.168,0.0534
s,8.03446512,142.857,0.0535
s,8.034465476,142.822,0.0536
s,8.034465834,142.632,0.0537
s,8.03444812,143.037,0.0537
s,8.034430768,141.704,0.0538
s,8.034725819,140.866,0.0532
s,8.034708122,141.144,0.0532
s,8.034690428,142.146,0.0532
s,8.034690077,141.167,0.0531
s,8.034891772,143.716,0.0531
s,8.035040041,140.999,0.053
s,8.035040041,141.974,0.053
s,8.035040041,141.691,0.053
s,8.035039692,141.811,0.0529
s,8.035039692,141.798,0.0529
s,8.034889691,144.14,0.0525
s,8.034889691,144.662,0.0525
s,8.034889349,143.402,0.0524
s,8.034889349,142.575,0.0524
s,8.034907731,142.214,0.0526
s,8.034925431,143.251,0.0526
s,8.034741775,142.84,0.0527
s,8.034741775,143.089,0.0527
s,8.034741775,143.039,0.0527
s,8.034777528,142.542,0.0528
s,8.034795235,144.307,0.0528
s,8.034795235,144.397,0.0528
s,8.034813293,142.738,0.0529
s,8.034629294,141.704,0.0529
s,8.034666126,140.712,0.0533
s,8.034666126,142.696,0.0533
s,8.034666126,141.844,0.0533
s,8.034666126,142.467,0.0533
s,8.03446512,142.248,0.0535
s,8.03446512,143.533,0.0535
s,8.034465476,143.091,0.0536
s,8.034465476,142.351,0.0536
s,8.034465476,142.246,0.0536
m,8.034430409,143.59,0.0537
m,8.034412701,142.783,0.0537
m,8.034413059,144.698,0.0538
m,8.034412343,146.771,0.0536
m,8.034210994,141.511,0.0537
m,8.033290996,140.355,0.0537
m,8.033290996,138.818,0.0537
m,8.028120956,137.317,0.0536
m,8.024974916,144.828,0.0535
m,8.02186469,143.791,0.0535
m,7.999836096,138.55,0.0527
m,7.995769892,141.363,0.0525
m,7.991740341,142.166,0.0526
m,7.987544328,144.854,0.0526
m,7.97911651,137.847,0.0525
m,7.95004381,135.733,0.0511
m,7.939557959,136.701,0.0512
m,7.934590563,137.208,0.0511
m,7.92943925,136.964,0.051
m,7.895001272,145.138,0.0504
m,7.89005231,143.645,0.0503
m,7.885268997,145.289,0.0501
m,7.880300228,136.134,0.0494
m,7.875113598,137.183,0.0494
m,7.845166049,135.681,0.0489
m,7.840162929,146.498,0.0487
m,7.83532501,138.105,0.0483
m,7.83035854,142.268,0.0482
m,7.820260301,141.234,0.0481
m,7.79036945,151.851,0.0471
m,7.780254515,151.107,0.0472
m,7.780254234,143.008,0.0471
m,7.770579789,141.851,0.0469
m,7.737016852,142.136,0.0465
m,7.732419471,144.545,0.0465
m,7.732419471,151.597,0.0465
m,7.723408725,153.788,0.0465
m,7.718627577,140.366,0.0465
m,7.68736791,148.924,0.0467
m,7.6821823,144.358,0.0467
m,7.676850458,143.297,0.0469
m,7.671739659,145.653,0.0471
m,7.661607939,143.89,0.047
m,8.018605632,142.76,0.0534
m,8.015126451,147.744,0.0531
m,8.007599882,135.789,0.0529
m,8.003901971,143.123,0.0528
m,7.979115481,139.462,0.0522
m,7.970431439,147.924,0.0518
m,7.965629177,137.416,0.0515
m,7.960477865,135.197,0.0515
m,7.955177751,140.795,0.0513
m,7.924454308,133.333,0.051
m,7.919469067,134.373,0.0509
m,7.914501834,142.888,0.0508
m,7.904715455,148.069,0.0506
m,7.904715133,139.111,0.0505
m,7.870165171,142.981,0.0494
m,7.860250112,139.163,0.0493
m,7.855283456,147.963,0.0492
m,7.85528315,151.69,0.0491
m,7.815293989,141.281,0.048
m,7.810346233,138.529,0.048
m,7.805214338,138.452,0.0479
m,7.8002844,146.198,0.0477
m,7.795354288,137.832,0.0474
m,7.765613796,156.03,0.0467
m,7.760611145,137.239,0.0465
m,7.755811593,140.948,0.0466
m,7.751030438,141.618,0.0467
m,7.746432677,139.919,0.0466
m,7.713515619,141.142,0.0465
m,7.708164189,139.215,0.0464
m,7.697683121,154.023,0.0465
m,7.692534473,143.58,0.0465
m,7.652490442,151.698,0.0475
m,7.652490442,144.885,0.0475
m,7.643886208,138.389,0.0475
m,7.639695056,141.528,0.0476
m,7.635466078,144.987,0.0475
m,7.635466659,138.904,0.0477
m,7.626476819,140.554,0.0478
m,7.622229853,139.042,0.0479
m,7.61779876,140.217,0.0479
m,7.586675675,135.693,0.0488
m,7.578200395,140.887,0.0488
m,7.573769254,137.392,0.0487
m,7.569503164,140.57,0.0486
m,7.565256504,140.342,0.0487
m,7.539189575,144.813,0.0483
m,7.534923322,142.704,0.0481
m,7.530454371,141.332,0.0479
m,7.526042707,140.095,0.0479
m,7.521853328,135.776,0.0481
m,7.495766809,137.671,0.0486
m,7.493580989,136.953,0.0489
m,7.492110837,147.245,0.049
m,7.491560357,144.752,0.0493
s,7.492682489,141.369,0.0494
s,7.492701461,142.635,0.0494
s,7.492904882,141.708,0.0496
s,7.492905203,143.835,0.0497
s,7.493070357,144.642,0.0498
s,7.493235194,143.475,0.0498
s,7.493418678,145.241,0.0497
s,7.49347592,144.873,0.0498
s,7.493660051,143.911,0.0499
s,7.493660051,143.322,0.0499
s,7.493990697,143.889,0.0502
s,7.493990697,144.062,0.0502
s,7.493825861,144.257,0.0502
s,7.493825861,142.459,0.0502
s,7.49367968,142.569,0.0501
s,7.493680008,142.749,0.0502
s,7.493680668,142.911,0.0504
s,7.493826852,143.612,0.0505
s,7.493826852,144.49,0.0505
m,7.613202559,137.312,0.0479
m,7.60382674,135.007,0.048
m,7.599396063,140.527,0.0481
m,7.594946653,135.092,0.0482
m,7.590700155,142.521,0.0484
m,7.560989825,139.747,0.0484
m,7.55676202,146.017,0.0485
m,7.547829858,145.952,0.0485
m,7.547829555,145.446,0.0484
m,7.517442371,135.749,0.0483
m,7.513214666,143.556,0.0483
m,7.505145652,144.521,0.0482
m,7.505145954,142.039,0.0483
m,7.498598871,130.656,0.0483
s,7.491763453,143.469,0.0494
s,7.491928289,145.834,0.0494
s,7.49209313,145.658,0.0494
s,7.49209313,144.297,0.0494
s,7.492479713,143.876,0.0494
s,7.493273461,142.979,0.0499
s,7.493273461,145.037,0.0499
s,7.493235518,145.32,0.0499
s,7.493216226,144.132,0.0498
s,7.493844508,144.587,0.0501
s,7.493844836,143.392,0.0502
s,7.493845165,143.721,0.0503
s,7.49382652,142.497,0.0504
s,7.494010327,143.266,0.0504
s,7.493844508,143.417,0.0501
s,7.493882467,145.14,0.0501
s,7.493698662,144.014,0.0501
s,7.49367968,143.056,0.0501
s,7.49367968,142.872,0.0501
s,7.493662354,143.831,0.0506
s,7.493643045,143.96,0.0505
s,7.493642714,144.941,0.0504
s,7.493642383,144.215,0.0503
s,7.493642054,141.834,0.0502
s,7.493476569,144.159,0.05
s,7.493456944,142.983,0.0498
s,7.493494899,141.561,0.0498
s,7.49331077,143.42,0.0497
s,7.493184245,142.967,0.0498
s,7.493184245,143.263,0.0498
s,7.492981775,143.06,0.0499
s,7.492962144,143.526,0.0497
s,7.492981775,143.75,0.0499
s,7.49279797,145.165,0.0499
s,7.49277866,143.869,0.0498
s,7.492759676,143.261,0.0498
s,7.492778984,143.869,0.0499
s,7.492799279,141.293,0.0503
s,7.492780292,142.963,0.0503
s,7.492780292,143.562,0.0503
s,7.492779963,143.081,0.0502
s,7.492741998,142.868,0.0502
s,7.493002735,142.767,0.0505
s,7.493003068,143.446,0.0506
s,7.493003068,144.873,0.0506
s,7.493003402,143.177,0.0507
s,7.492782972,142.95,0.0511
s,7.492782972,142.599,0.0511
s,7.492726371,142.565,0.0512
s,7.492745691,143.38,0.0513
s,7.492746035,142.337,0.0514
s,7.49265049,142.043,0.0512
s,7.49265049,141.265,0.0512
s,7.492852923,143.324,0.0511
s,7.492852923,143.217,0.0511
s,7.493017426,142.338,0.051
s,7.492956576,142.923,0.0498
s,7.492936979,143.824,0.0496
s,7.492937623,142.769,0.0498
s,7.493121433,142.13,0.0498
s,7.493310449,143.18,0.0496
s,7.493310449,143.523,0.0496
s,7.493126325,143.895,0.0495
s,7.493145949,144.321,0.0497
s,7.493184245,142.461,0.0498
s,7.492962144,141.488,0.0497
s,7.492962144,142.84,0.0497
s,7.492962466,142.033,0.0498
s,7.492981452,143.253,0.0498
s,7.493000765,144.411,0.0499
s,7.492798949,143.287,0.0502
s,7.492760325,142.918,0.05
s,7.492760651,142.1,0.0501
s,7.492798949,141.647,0.0502
s,7.492779963,143.409,0.0502
s,7.492760979,142.606,0.0502
s,7.492760979,144.682,0.0502
s,7.492780292,146.666,0.0503
s,7.492780292,144.404,0.0503
s,7.492984749,142.327,0.0508
s,7.492985086,144.168,0.0509
s,7.492801281,143.371,0.0509
s,7.492801619,142.912,0.051
s,7.492782633,142.41,0.051
s,7.492727057,141.538,0.0514
s,7.492708083,141.634,0.0514
s,7.492708083,141.733,0.0514
s,7.492688424,142.498,0.0512
s,7.492794017,141.999,0.0505
s,7.492977494,142.185,0.0504
s,7.492996123,141.9,0.0503
s,7.492995466,142.046,0.0501
s,7.492976181,141.82,0.05
s,7.493121433,141.766,0.0498
s,7.493045329,141.855,0.0497
s,7.493045651,140.273,0.0498
s,7.493045651,141.023,0.0498
s,7.493007778,140.099,0.0498
s,7.493027036,140.351,0.0499
s,7.493210849,140.434,0.0499
s,7.493172659,141.649,0.0498
s,7.493191591,143.363,0.0498
s,7.493191591,142.93,0.0498
s,7.493131952,142.859,0.0489
s,7.493335003,143.734,0.049
s,7.493335316,143.814,0.0491
s,7.493335316,142.976,0.0491
s,7.493335316,145.047,0.0491
s,7.493518196,143.392,0.0488
s,7.493498962,142.787,0.0487
s,7.493517886,142.369,0.0487
s,7.493720938,142.815,0.0488
s,7.493555745,142.472,0.0487
s,7.493574371,142.894,0.0486
s,7.493758184,143.512,0.0486
s,7.493738944,143.49,0.0485
s,7.493720321,143.776,0.0486
s,7.49396155,142.712,0.0488
s,7.494145053,142.961,0.0487
s,7.494145362,143.299,0.0488
s,7.494183553,143.952,0.0489
s,7.494164611,144.151,0.0489
s,7.494347805,142.912,0.0487
s,7.494367365,144.211,0.0489
s,7.494367676,145.284,0.049
m,7.494367676,143.542,0.049
m,7.494513299,137.643,0.0489
m,7.494291,135.343,0.0487
m,7.493757269,136.426,0.0483
m,7.492876085,144.628,0.0483
m,7.492876085,136.528,0.0483
m,7.472277501,140.743,0.0485
m,7.464393549,141.499,0.0486
m,7.460553221,138.271,0.0487
m,7.456839233,141.772,0.0487
m,7.453164007,139.205,0.0489
s,7.493190947,142.367,0.0496
s,7.493190309,143.243,0.0494
s,7.49317106,141.97,0.0493
s,7.493170117,141.205,0.049
s,7.493335631,144.58,0.0492
s,7.493519131,143.611,0.0491
s,7.493316078,144.27,0.049
s,7.493499581,143.834,0.0489
s,7.493518506,142.665,0.0489
s,7.493720938,143.015,0.0488
s,7.493720938,142.566,0.0488
s,7.493720938,143.673,0.0488
s,7.493720938,143.518,0.0488
s,7.493556055,142.976,0.0488
s,7.493758492,142.871,0.0487
s,7.49396155,143.765,0.0488
s,7.49396155,142.868,0.0488
s,7.493961241,143.397,0.0487
s,7.494348424,143.68,0.0489
s,7.494367365,143.628,0.0489
s,7.494367365,143.628,0.0489
s,7.494385998,142.879,0.0488
s,7.494385689,143.771,0.0487
m,7.494367676,144.213,0.049
m,7.494367676,144.079,0.049
m,7.494532548,143.93,0.049
m,7.494532548,143.782,0.049
m,7.494513611,135.632,0.049
m,7.486702382,141.795,0.0483
m,7.483412536,146.396,0.0482
m,7.479901554,132.393,0.0483
m,7.476302095,146.321,0.0485
m,7.449507585,138.421,0.049
m,7.445812091,129.541,0.0488
m,7.438258024,133.113,0.0489
m,7.438257712,137.873,0.0488
m,7.430704049,140.176,0.049
m,7.426681234,138.627,0.0494
m,7.422473434,140.348,0.0494
m,7.418062122,138.978,0.0492
m,7.409221401,133.072,0.0491
m,7.382409816,139.178,0.0489
m,7.377777566,135.744,0.049
m,7.373183868,134.531,0.0491
m,7.363870131,153.282,0.0491
m,7.359073231,135.181,0.0491
m,7.333628674,141.287,0.0489
m,7.324828377,143.049,0.0488
m,7.324829644,138.659,0.0492
m,7.315150796,138.841,0.0494
m,7.310518003,129.364,0.0492
m,7.274489822,126.792,0.0494
m,7.274490473,132.92,0.0496
m,7.265529103,132.176,0.05
m,7.261120792,134.339,0.0502
m,7.236539369,144.426,0.0505
m,7.229705905,133.068,0.0505
m,7.227091531,138.241,0.0505
m,7.225338698,126.038,0.0505
m,7.223509786,125.627,0.0504
m,7.217834934,132.629,0.0499
m,7.217272352,140.749,0.0497
m,7.216731459,140.622,0.0496
m,7.215584107,134.823,0.0495
m,7.21558378,132.56,0.0494
m,7.21201367,134.152,0.0486
m,7.211652104,133.66,0.0485
m,7.211477563,128.45,0.0484
m,7.211477563,135.935,0.0484
m,7.210777069,138.641,0.0478
m,7.21078197,133.1,0.0478
m,7.21060583,136.908,0.0477
m,7.210785459,132.777,0.0477
m,7.404810844,139.112,0.0491
m,7.400419537,141.034,0.0491
m,7.396173001,152.203,0.0489
m,7.391926492,150.202,0.0487
m,7.387168113,141.719,0.0488
m,7.353580974,133.169,0.0494
m,7.348415072,144.188,0.0489
m,7.343270468,135.707,0.049
m,7.338367162,148.084,0.0489
m,7.305905019,139.568,0.0491
m,7.301129105,131.257,0.0494
m,7.296372434,133.314,0.0496
m,7.291779398,133.657,0.0496
m,7.282960261,137.145,0.0494
m,7.257040052,126.493,0.0502
m,7.252815178,129.172,0.0503
m,7.248570385,127.112,0.0503
m,7.244470393,132.604,0.0504
m,7.240350437,131.586,0.0504
m,7.222031373,130.03,0.0503
m,7.21972173,134.22,0.0501
m,7.218948437,134.845,0.05
m,7.218381084,127.939,0.05
m,7.21435608,132.201,0.0495
m,7.213774277,133.374,0.0495
m,7.213195296,136.87,0.0494
m,7.212785498,130.876,0.0493
m,7.212395632,130.079,0.0488
m,7.210735203,132.091,0.0483
m,7.210569873,137.856,0.0482
m,7.210574293,130.521,0.048
m,7.210582567,141.564,0.048
m,7.210759168,130.459,0.0479
m,7.210784259,152.066,0.0476
m,7.210987054,139.732,0.0475
m,7.211324112,135.655,0.0475
m,7.211325016,132.192,0.0478
m,7.212157082,145.134,0.048
m,7.212747056,144.523,0.0482
m,7.213140142,150.005,0.0482
m,7.213538178,132.978,0.0486
m,7.215033832,139.664,0.0483
m,7.215949748,135.166,0.0482
m,7.221254698,139.33,0.0477
m,7.223594437,145.231,0.0475
m,7.223593842,136.705,0.0473
m,7.225806849,151.903,0.0472
m,7.226648957,138.069,0.0472
m,7.233282986,139.45,0.0475
m,7.233284192,139.525,0.0479
m,7.235078883,137.077,0.048
m,7.236349356,142.462,0.0479
m,7.245795442,147.139,0.0477
m,7.247825768,155.132,0.0475
m,7.251526712,139.233,0.0473
m,7.253208683,146.299,0.0471
m,7.254709029,149.499,0.047
m,7.254948407,146.651,0.0461
m,7.253131914,136.942,0.0461
m,7.250774296,143.028,0.0459
m,7.243600895,147.708,0.0458
m,7.239510871,143.389,0.0456
m,7.211144311,141.479,0.0443
m,7.206713531,138.377,0.0444
m,7.202304476,139.545,0.0445
m,7.198069548,156.211,0.0443
m,7.168299207,145.959,0.0423
m,7.164234444,143.014,0.042
m,7.159801871,140.871,0.0422
m,7.155029576,145.672,0.0421
m,7.150772533,149.409,0.0419
m,7.123975534,157.63,0.0411
m,7.119384155,143.586,0.0411
m,7.114968808,157.319,0.0411
m,7.110544724,139.608,0.0411
m,7.102068909,143.17,0.0411
m,7.21697589,143.482,0.0485
m,7.217959224,140.003,0.0484
m,7.219100447,139.218,0.0481
m,7.220260625,141.872,0.0479
m,7.227507983,134.743,0.0471
m,7.228541147,143.533,0.0471
m,7.229537194,143.773,0.0473
m,7.230380133,139.677,0.0476
m,7.232429948,158.93,0.0474
m,7.237794225,143.189,0.0477
m,7.239414125,139.773,0.0475
m,7.241037719,139.328,0.0474
m,7.24249443,140.318,0.0479
m,7.244149932,142.56,0.0479
m,7.256027139,139.839,0.0468
m,7.257344161,142.473,0.0466
m,7.256973729,138.956,0.0465
m,7.256236656,140.239,0.0463
m,7.239510329,143.914,0.0454
m,7.231540075,140.529,0.0452
m,7.22746349,141.311,0.045
m,7.223387194,145.449,0.0446
m,7.219302045,143.288,0.0446
m,7.193835243,142.078,0.0441
m,7.189765406,143.005,0.0438
m,7.186065146,142.648,0.0431
m,7.177181398,149.089,0.0431
m,7.177180923,139.434,0.0429
m,7.146331309,154.912,0.0416
m,7.137277584,145.189,0.0415
m,7.132635185,142.654,0.0414
m,7.132634756,143.137,0.0412
m,7.097822952,147.733,0.0411
m,7.09340225,144.079,0.0411
m,7.089158341,138.188,0.0412
m,7.084942834,140.549,0.0413
m,7.080552134,141.776,0.0414
m,7.07633745,149.332,0.0413
m,7.067892741,145.141,0.0414
m,7.067892958,147.075,0.0415
m,7.059635788,140.338,0.0414
m,7.03038966,145.856,0.0416
m,7.025956931,143.786,0.0416
m,7.02135714,142.905,0.0416
m,7.016547916,149.402,0.0414
m,7.011941742,151.116,0.0413
m,6.985316992,153.728,0.0412
m,6.981103783,146.538,0.0411
m,6.976891669,144.826,0.0411
m,6.969843563,158.361,0.0415
m,6.967553859,149.528,0.0417
s,6.965455794,153.61,0.0413
s,6.965633159,154.3,0.0413
s,6.965640631,157.538,0.0412
s,6.965463269,152.556,0.0412
s,6.965632515,158.898,0.041
s,6.965832735,158.414,0.0409
s,6.965832524,158.441,0.0408
s,6.965824834,159.304,0.0408
s,6.965816936,156.554,0.0407
s,6.965971062,158.295,0.0406
s,6.965963185,154.972,0.0405
s,6.965963185,158.993,0.0405
s,6.96596298,155.414,0.0404
s,6.965963185,155.799,0.0405
s,6.965947241,159.974,0.0402
s,6.965962375,160.641,0.0401
s,6.965954508,157.973,0.04
s,6.965954508,156.812,0.04
s,6.965938592,152.865,0.0397
s,6.965938592,154.136,0.0397
s,6.965938399,153.079,0.0396
s,6.965938399,152.388,0.0396
s,6.965938207,154.852,0.0395
m,7.055777086,140.813,0.0414
m,7.051566836,139.057,0.0414
m,7.047718487,137.646,0.0414
m,7.043668578,141.287,0.0414
m,7.035008583,143.535,0.0416
m,7.007336646,150.83,0.0412
m,7.002733501,141.97,0.0415
m,6.994124373,145.877,0.0415
m,6.989724317,153.728,0.0414
m,6.966011609,153.442,0.0416
m,6.966011609,153.401,0.0416
s,6.965456451,152.235,0.0416
s,6.965456231,153.399,0.0415
s,6.965448542,154.761,0.0415
s,6.965463054,156.133,0.0411
s,6.965640416,157.011,0.0411
s,6.965640416,158.678,0.0411
s,6.965632515,159.894,0.041
s,6.965632515,158.397,0.041
s,6.965809252,161.103,0.0407
s,6.965801362,160.595,0.0406
s,6.965793684,159.263,0.0406
s,6.965971062,159.857,0.0406
s,6.96614057,155.427,0.0405
s,6.966148034,156.839,0.0404
s,6.966155705,160.125,0.0404
s,6.966148034,159.549,0.0404
s,6.965955109,158.632,0.0403
s,6.965946842,158.214,0.04
s,6.965946644,158.933,0.0399
s,6.965946644,156.09,0.0399
s,6.965954114,155.567,0.0398
s,6.965946448,156.204,0.0398
s,6.965938017,151.711,0.0394
s,6.965937828,152.197,0.0393
s,6.965937828,154.992,0.0393
s,6.965937454,155.711,0.0391
s,6.965937454,156.487,0.0391
s,6.96593727,156.33,0.039
s,6.965937087,155.58,0.0389
s,6.966122142,156.583,0.0389
s,6.966114301,157.407,0.0388
s,6.966121247,153.35,0.0384
s,6.966121247,156.609,0.0384
s,6.9661209,156.252,0.0382
s,6.9661209,157.405,0.0382
s,6.965733982,153.379,0.0373
s,6.965733823,151.461,0.0372
s,6.965710718,152.692,0.0371
s,6.965710562,153.001,0.037
s,6.965702612,154.894,0.0368
s,6.965694085,153.906,0.0362
s,6.965701581,153.725,0.0361
s,6.965701581,156.115,0.0361
s,6.9656938,152.965,0.036
s,6.96569366,160.362,0.0359
s,6.965500422,155.609,0.0355
s,6.965315232,156.574,0.0354
s,6.965315101,160.608,0.0353
s,6.965122281,157.578,0.0352
s,6.964936968,155.813,0.035
s,6.964744281,159.895,0.035
s,6.964937224,154.608,0.0352
s,6.964944859,158.458,0.0352
s,6.96494473,160.634,0.0351
s,6.964744537,158.018,0.0352
s,6.964752168,153.028,0.0352
s,6.964574745,154.741,0.0352
s,6.964567111,158.924,0.0352
s,6.964559352,154.577,0.0351
s,6.964358915,159.669,0.035
s,6.964343549,156.303,0.0349
s,6.964343425,160.035,0.0348
s,6.964165986,158.197,0.0348
s,6.966114121,157.407,0.0387
s,6.966114121,153.603,0.0387
s,6.966113942,155.287,0.0386
s,6.966121601,153.039,0.0386
s,6.966129085,153.089,0.0385
s,6.965927844,157.782,0.038
s,6.965927844,158.854,0.038
s,6.965935334,152.758,0.0379
s,6.965927342,154.391,0.0377
s,6.965927177,155.964,0.0376
s,6.965686887,151.804,0.0365
s,6.965686739,155.092,0.0364
s,6.965686594,153.479,0.0363
s,6.965701868,153.163,0.0363
s,6.965685886,158.335,0.0358
s,6.965685886,155.844,0.0358
s,6.965500692,157.888,0.0357
s,6.965500556,161.282,0.0356
s,6.965500556,156.896,0.0356
s,6.965122281,156.805,0.0352
s,6.965122281,160.575,0.0352
s,6.964937095,159.989,0.0351
s,6.964936968,160.207,0.035
s,6.964937095,158.624,0.0351
s,6.964744408,157.978,0.0351
s,6.964744408,160.869,0.0351
s,6.964744537,160.563,0.0352
s,6.964744281,158.672,0.035
s,6.964752298,158.428,0.0353
s,6.964752168,155.773,0.0352
s,6.964559481,155.076,0.0352
s,6.964559352,158.255,0.0351
s,6.964544098,155.398,0.0351
s,6.964173732,158.837,0.0349
s,6.964165863,160.974,0.0347
s,6.964165742,156.651,0.0346
s,6.963973065,154.571,0.0346
s,6.963980805,157.378,0.0347
s,6.96398855,159.431,0.0348
s,6.96398855,161.002,0.0348
s,6.963980928,152.808,0.0348
s,6.963973186,154.605,0.0347
s,6.963795748,157.741,0.0347
s,6.9639888,156.495,0.035
s,6.963988927,159.034,0.0351
s,6.963989056,158.74,0.0352
s,6.964181869,158.096,0.0353
s,6.964189629,153.705,0.0354
s,6.964575825,155.298,0.036
s,6.964575825,155.873,0.036
s,6.964568333,156.63,0.0361
s,6.964568333,156.214,0.0361
s,6.964761457,155.823,0.0364
s,6.964761457,154.777,0.0364
s,6.964761457,156.336,0.0364
s,6.964761604,151.806,0.0365
s,6.964769241,155.536,0.0365
s,6.964777181,152.951,0.0367
s,6.964777031,153.262,0.0366
s,6.964962086,154.415,0.0366
s,6.965147143,154.659,0.0366
s,6.965147293,154.236,0.0367
s,6.965340297,155.913,0.0369
s,6.965340452,151.417,0.037
s,6.965340452,148.298,0.037
m,6.965348098,148.924,0.037
m,6.956455164,144.13,0.0386
m,6.953010785,151.61,0.0386
m,6.945383803,150.445,0.0387
m,6.941409003,141.498,0.0391
m,6.941409189,145.464,0.0392
m,6.917355751,152.551,0.0388
m,6.909342158,149.67,0.0388
m,6.90515166,149.491,0.0389
m,6.901147071,146.307,0.039
m,6.901147071,152.975,0.039
s,6.963803493,154.21,0.0348
s,6.96380337,154.784,0.0347
s,6.963803493,155.682,0.0348
s,6.963795996,154.524,0.0349
s,6.964382449,156.916,0.0355
s,6.964382583,153.473,0.0356
s,6.964382719,155.87,0.0357
s,6.964382856,154.397,0.0358
s,6.964575685,160.583,0.0359
s,6.964391055,154.759,0.0362
s,6.964391199,158.539,0.0363
s,6.964391199,156.545,0.0363
s,6.964576254,156.024,0.0363
s,6.9645764,156.694,0.0364
s,6.964584185,152.681,0.0365
s,6.964769241,154.108,0.0365
s,6.964961938,152.849,0.0365
s,6.964777031,152.89,0.0366
s,6.965147293,151.187,0.0367
s,6.965332501,154.061,0.0368
s,6.965332501,157.262,0.0368
s,6.965332501,151.445,0.0368
s,6.96551771,154.949,0.0369
m,6.965348411,149.78,0.0372
m,6.96497878,146.586,0.0375
m,6.964408815,153.945,0.0378
m,6.962512785,147.995,0.038
m,6.959861757,153.026,0.0384
m,6.933585548,153.685,0.0391
m,6.929567453,144.668,0.0389
m,6.92536537,155.857,0.0388
m,6.921356247,143.121,0.0386
m,6.893126383,146.591,0.039
m,6.889295616,150.614,0.0389
m,6.88582945,147.281,0.0388
m,6.882179896,144.312,0.039
m,6.874724409,145.864,0.039
m,6.871447832,151.736,0.0389
m,6.868178821,149.249,0.0388
m,6.864910883,144.49,0.0387
m,6.861631697,144.881,0.0387
m,6.837273771,143.739,0.0386
m,6.833622776,154.31,0.0385
m,6.829788049,150.245,0.0383
m,6.825782194,150.266,0.0388
m,6.817363945,150.066,0.0387
m,6.797895697,150.819,0.0387
m,6.793890333,143.243,0.0387
m,6.790071605,156.965,0.0386
m,6.782273614,145.243,0.0387
m,6.778469152,149.235,0.0387
m,6.752749996,153.531,0.0381
m,6.752749823,154.386,0.038
m,6.744774488,151.154,0.0378
m,6.741161885,150.538,0.0377
m,6.713306937,151.578,0.0374
m,6.709331084,148.588,0.0374
m,6.705357066,145.409,0.0373
m,6.697421648,150.509,0.0373
m,6.68987045,148.556,0.0375
m,6.672917283,144.657,0.038
m,6.669712259,148.862,0.0379
m,6.666318351,141.033,0.0378
m,6.662556314,145.995,0.0381
m,6.658798031,147.09,0.0382
m,6.635911977,151.346,0.0393
m,6.630289717,159.649,0.0393
m,6.627667069,154.541,0.0393
m,6.627667457,146.614,0.0395
m,6.627084099,153.047,0.0407
m,6.630405367,157.451,0.0407
m,6.638168023,153.094,0.0407
m,6.642237753,159.344,0.0409
m,6.858353658,145.217,0.0386
m,6.854540979,149.33,0.0391
m,6.847460052,143.46,0.0391
m,6.847459682,152.739,0.0389
m,6.840914614,149.934,0.0387
m,6.813530503,145.947,0.0386
m,6.809535378,150.055,0.0388
m,6.805721404,155.726,0.039
m,6.8019084,154.526,0.039
m,6.775221669,158.263,0.0387
m,6.771804386,146.039,0.0388
m,6.768198324,145.915,0.0389
m,6.764569996,148.704,0.0385
m,6.756565827,147.977,0.0382
m,6.737160203,153.37,0.0372
m,6.733362722,155.188,0.0374
m,6.725598098,145.472,0.0372
m,6.721616843,149.517,0.0373
m,6.717462941,149.997,0.0374
m,6.686090925,149.995,0.0372
m,6.682702123,150.03,0.0376
m,6.679319748,146.252,0.0378
m,6.676118102,160.846,0.038
m,6.651844085,141.418,0.0383
m,6.648467698,157.07,0.0385
m,6.645092133,143.931,0.0385
m,6.642088672,149.96,0.0387
m,6.638907447,148.039,0.0391
m,6.623178326,151.624,0.0399
m,6.621301028,153.44,0.0401
m,6.620530114,151.594,0.0404
m,6.620683663,157.253,0.0406
m,6.62194739,151.262,0.0407
m,6.646492474,146.718,0.0409
m,6.650567946,153.86,0.041
m,6.654638661,149.692,0.041
m,6.663335807,160.18,0.0408
m,6.667594463,157.448,0.0409
m,6.672222886,153.087,0.0411
m,6.677035394,149.4,0.0412
m,6.677035615,154.975,0.0413
m,6.686660464,149.199,0.0413
m,6.69184118,156.627,0.0411
m,6.722736658,155.994,0.0415
m,6.727728151,151.498,0.0416
m,6.732347499,152.377,0.0419
m,6.740287057,159.627,0.0419
m,6.743794467,151.466,0.0419
m,6.758776367,154.96,0.0416
m,6.762123645,158.816,0.0416
m,6.763800477,151.442,0.0417
m,6.76566423,158.43,0.0416
m,6.776921367,157.094,0.0416
m,6.781059102,152.015,0.042
m,6.782946667,153.429,0.0419
m,6.78483521,147.354,0.0418
m,6.786540915,154.717,0.0418
m,6.79774838,160.475,0.0419
m,6.79965465,154.99,0.0418
m,6.801382246,153.581,0.0417
m,6.803297459,156.627,0.0415
m,6.805403114,155.298,0.0414
m,6.823242642,159.968,0.041
m,6.82649888,158.176,0.0406
m,6.829385427,156.869,0.0404
m,6.832461132,154.111,0.0404
m,6.856460267,153.678,0.039
m,6.860299099,155.891,0.0388
m,6.867788161,154.026,0.0386
m,6.867787806,159.381,0.0384
m,6.889423394,154.775,0.0375
m,6.895220219,151.731,0.0375
m,6.897938484,160.094,0.0374
m,6.897938324,153.71,0.0373
m,6.903941486,160.094,0.0373
m,6.702204966,155.559,0.0411
m,6.702204966,150.242,0.0411
m,6.712566215,152.55,0.0413
m,6.717559792,148.751,0.0414
m,6.746932457,157.362,0.0418
m,6.749702869,157.921,0.0417
m,6.752105778,155.39,0.0417
m,6.754326679,151.937,0.0417
m,6.756735678,157.276,0.0417
m,6.767531991,148.857,0.0416
m,6.769217081,151.316,0.041
m,6.771279332,146.194,0.0406
m,6.775227119,150.723,0.0408
m,6.776921144,146.585,0.0415
m,6.790329787,146.259,0.0419
m,6.792225672,156.933,0.0419
m,6.794125448,148.404,0.0419
m,6.795842157,155.524,0.0419
m,6.809442759,154.937,0.0413
m,6.811932721,147.344,0.0412
m,6.814614069,160.612,0.0412
m,6.817483776,158.154,0.0411
m,6.820362794,156.955,0.041
m,6.839556523,156.036,0.0404
m,6.843198383,157.115,0.0403
m,6.846468757,151.974,0.0399
m,6.849530227,156.957,0.0399
m,6.852810651,156.647,0.0396
m,6.87472358,157.901,0.0382
m,6.878188437,147.224,0.0381
m,6.881280171,146.802,0.0378
m,6.884184414,158.304,0.0377
m,6.886895603,151.603,0.0376
m,6.906861366,155.534,0.0372
m,6.909974106,155.673,0.0371
m,6.913094782,148.379,0.037
m,6.918961484,153.824,0.0369
m,6.921886538,160.203,0.037
m,6.924628047,151.052,0.0369
m,6.927568979,151.549,0.0369
m,6.930709523,154.007,0.0368
m,6.934414487,151.017,0.0368
m,6.955637672,151.575,0.036
m,6.958038779,147.953,0.036
m,6.960256721,148.282,0.0359
m,6.963816856,157.127,0.0358
m,6.970259228,154.069,0.0353
m,6.970519053,156.942,0.0348
m,6.971034059,152.947,0.0347
m,6.971296328,151.47,0.0345
m,6.971561896,150.568,0.0343
m,6.971863299,158.345,0.0344
m,6.971863299,152.988,0.0344
m,6.971901394,159.777,0.0343
m,6.972003988,154.45,0.0342
m,6.972645627,148.171,0.0341
m,6.972307956,158.384,0.034
m,6.97245176,150.687,0.0339
m,6.972630065,157.436,0.0337
m,6.973192559,154.514,0.0335
m,6.976066438,150.147,0.032
m,6.976478565,150.417,0.0318
m,6.977264177,155.684,0.0314
m,6.977857458,154.163,0.031
m,6.97802629,154.475,0.031
m,6.981107715,150.709,0.0298
m,6.982099048,148.114,0.0291
m,6.982687206,150.007,0.0289
m,6.983622388,161.306,0.0288
m,6.98510611,145.485,0.0286
m,6.990710811,143.101,0.0273
m,6.990777806,136.669,0.0271
m,6.991572392,140.763,0.0269
m,6.992540634,137.576,0.0267
m,6.937745233,152.49,0.0366
m,6.944216753,151.875,0.0366
m,6.944216604,158.444,0.0365
m,6.950472172,154.429,0.0365
m,6.95306047,158.541,0.0361
m,6.965530215,157.344,0.0357
m,6.967061844,160.189,0.0357
m,6.968241359,150.962,0.0355
m,6.969394107,157.983,0.0354
m,6.970002274,150.12,0.0353
m,6.972368859,160.366,0.0341
m,6.972111958,152.55,0.0343
m,6.972035361,150.204,0.0345
m,6.972156045,147.738,0.0345
m,6.972578925,158.644,0.0341
m,6.972837622,149.124,0.0344
m,6.97175614,149.286,0.0345
m,6.972206878,153.448,0.0344
m,6.972321992,150.905,0.0341
m,6.973758997,157.052,0.0331
m,6.974155759,152.873,0.0329
m,6.974777873,159.889,0.0327
m,6.97539483,153.162,0.0324
m,6.975394654,155.09,0.0322
m,6.979046913,153.021,0.0306
m,6.979606857,155.512,0.0305
m,6.979960739,155.083,0.0305
m,6.979960618,152.375,0.0303
m,6.986486101,149.576,0.0283
m,6.987589841,148.48,0.028
m,6.98811588,142.613,0.0275
m,6.98953286,146.351,0.0272
m,6.990476032,146.659,0.0273
m,6.993525649,139.561,0.0261
m,6.993817986,142.998,0.0261
m,6.994596539,154.738,0.0261
m,6.996288621,142.788,0.0261
m,6.997472457,155.469,0.0259
m,6.998843708,148.125,0.0255
m,6.999819842,144.605,0.0251
m,7.002820353,145.876,0.0251
m,7.003819883,156.522,0.025
m,7.015564689,150.74,0.0235
m,7.015564727,154.974,0.0234
m,7.019038147,145.85,0.0234
m,7.020986514,150.352,0.0234
m,7.020926788,149.553,0.0234
m,7.031492289,152,0.0236
m,7.033327569,145.674,0.0237
m,7.034729798,146.179,0.0236
m,7.035514141,146.875,0.0235
m,7.035698266,147.646,0.0236
s,7.036134617,148.338,0.0241
s,7.036318753,147.526,0.0242
s,7.036118008,148.894,0.0243
s,7.03590072,147.917,0.0244
s,7.034963262,145.885,0.0248
s,7.034963244,146.27,0.0249
s,7.034611461,145.836,0.0249
s,7.034627996,146.752,0.025
s,7.034460372,147.027,0.0251
s,7.033622351,146.481,0.0254
s,7.033471337,146.982,0.0255
s,7.03330376,146.236,0.0255
s,7.03330376,147.04,0.0255
s,7.033169362,146.973,0.0256
s,7.032499122,146.373,0.0261
s,7.032331577,145.365,0.0262
s,7.032331579,145.701,0.0263
s,7.032164041,146.491,0.0264
s,7.031259935,145.706,0.027
s,7.031075794,146.116,0.0271
s,7.030891639,146.644,0.0271
s,7.030875048,147.193,0.0273
s,7.030875065,146.546,0.0274
m,7.004976557,148.588,0.0248
m,7.006749131,147.797,0.0246
m,7.008340425,146.198,0.0245
m,7.010103985,146.836,0.0239
m,7.011870361,144.277,0.0236
m,7.022367897,158.002,0.0235
m,7.024227089,152.392,0.0234
m,7.02898531,152.938,0.023
m,7.030362589,142.369,0.0232
s,7.035698231,146.641,0.0237
s,7.036200958,147.096,0.0238
s,7.03600023,147.471,0.0238
s,7.036184391,147.855,0.0238
s,7.036167764,147.147,0.024
s,7.035900696,148.669,0.0245
s,7.035900696,146.793,0.0245
s,7.035515798,147.411,0.0246
s,7.035331612,146.252,0.0247
s,7.035147427,146.287,0.0248
s,7.034309315,145.661,0.0252
s,7.033957556,147.464,0.0252
s,7.033789964,146.468,0.0252
s,7.033605789,147.7,0.0253
s,7.033185952,146.345,0.0257
s,7.033018389,145.658,0.0258
s,7.033034993,146.513,0.0258
s,7.032850832,146.546,0.0259
s,7.032867435,146.101,0.0261
s,7.031979891,146.795,0.0265
s,7.031996515,145.997,0.0266
s,7.031812369,146.804,0.0267
s,7.031444067,145.542,0.0268
s,7.031259923,146.647,0.0269
s,7.030506775,145.726,0.0275
s,7.030506775,146.336,0.0275
s,7.030490197,147.504,0.0277
s,7.030490221,146.933,0.0278
s,7.0306744,147.686,0.0279
s,7.030657812,146.243,0.028
s,7.030473683,146.296,0.0281
s,7.030457099,148.349,0.0282
s,7.030272973,146.978,0.0283
s,7.029871616,146.355,0.0288
s,7.02985505,146.909,0.0289
s,7.029670893,146.274,0.0289
s,7.029654332,146.854,0.029
s,7.029437202,146.414,0.0295
s,7.029236499,147.607,0.0296
s,7.029236499,146.94,0.0296
s,7.0290358,147.766,0.0297
s,7.028851745,147.682,0.0299
s,7.028082344,147.154,0.0306
s,7.02809906,146.907,0.0308
s,7.028099196,146.875,0.031
s,7.028115856,147.165,0.0311
s,7.028116001,146.414,0.0313
s,7.027530813,147.069,0.0319
s,7.027731642,147.584,0.032
s,7.027731726,146.593,0.0321
s,7.02753098,146.36,0.0321
s,7.026626944,146.457,0.0323
s,7.026660045,146.746,0.0322
s,7.026660132,146.629,0.0323
s,7.026643537,146.336,0.0323
s,7.026459378,146.429,0.0323
s,7.026860717,146.506,0.0321
s,7.026860717,147.54,0.0321
s,7.026860632,146.407,0.032
s,7.02704479,147.497,0.032
s,7.027044707,147.482,0.0319
s,7.027028028,146.194,0.0318
s,7.027396344,146.748,0.0318
s,7.027061227,147.204,0.0318
s,7.027028109,147.793,0.0319
s,7.030256395,145.901,0.0284
s,7.030256429,146.67,0.0285
s,7.029888115,146.058,0.0285
s,7.029871542,147.393,0.0286
s,7.029871578,147.5,0.0287
s,7.029654374,146.34,0.0291
s,7.029654417,146.402,0.0292
s,7.029637862,146.644,0.0293
s,7.029437108,146.577,0.0293
s,7.029437154,146.065,0.0294
s,7.028835212,147.468,0.03
s,7.028651165,147.475,0.0302
s,7.028450479,148.127,0.0303
s,7.028266379,147.2,0.0304
s,7.027915325,146.902,0.0314
s,7.027915478,146.052,0.0316
s,7.027915556,146.922,0.0317
s,7.027731477,146.141,0.0318
s,7.027547319,147.113,0.0318
s,7.027146161,146.424,0.0322
s,7.027146161,146.778,0.0322
s,7.027146248,146.437,0.0323
s,7.026978673,146.834,0.0323
s,7.026811104,147.74,0.0323
s,7.026475802,146.748,0.0321
s,7.026475802,147.109,0.0321
s,7.026844117,147.176,0.0321
s,7.027028276,146.789,0.0321
s,7.02684395,147.608,0.0319
s,7.02684395,145.909,0.0319
s,7.026843868,147.957,0.0318
s,7.026843868,146.725,0.0318
s,7.027028028,147.16,0.0318
s,7.027396425,146.559,0.0319
s,7.027396425,147.611,0.0319
s,7.027580585,147.5,0.0319
s,7.027580585,146.663,0.0319
s,7.027764742,147.416,0.0319
s,7.027748149,148.704,0.0319
s,7.027748232,147.608,0.032
s,7.027764825,146.416,0.032
s,7.027580585,146.914,0.0319
s,7.027613782,146.556,0.0319
s,7.027245466,146.675,0.0319
s,7.027429623,146.915,0.0319
s,7.027597264,146.905,0.032
s,7.027764825,146.575,0.032
s,7.027932476,147.235,0.0321
s,7.028652697,147.078,0.0323
s,7.028652697,147.439,0.0323
s,7.028468538,147.143,0.0323
s,7.028485215,146.915,0.0324
s,7.028301146,146.512,0.0325
s,7.028485305,146.832,0.0325
s,7.028669464,147.262,0.0325
s,7.02853509,147.459,0.0325
s,7.027680732,146.526,0.0325
s,7.029087654,146.681,0.0326
s,7.029288412,146.962,0.0326
s,7.02947257,146.905,0.0326
s,7.02947257,147.127,0.0326
s,7.029472478,147.411,0.0325
s,7.02947257,145.31,0.0326
s,7.029673329,145.547,0.0326
s,7.029673329,146.745,0.0326
s,7.028417447,147.071,0.0326
m,7.029021196,153.737,0.0325
m,7.028735848,148.4,0.0325
m,7.028717784,163.152,0.0324
m,7.029503415,146.333,0.0324
m,7.031126474,152.224,0.0323
m,7.041578681,150.076,0.0325
m,7.043394447,156.255,0.0326
m,7.045447044,149.014,0.0326
m,7.047921393,153.387,0.0328
m,7.050414936,148.721,0.0329
s,7.02761362,146.699,0.0317
s,7.027613782,147.239,0.0319
s,7.02726207,147.158,0.0319
s,7.027413023,147.066,0.0319
s,7.027932392,146.61,0.032
s,7.027932392,146.393,0.032
s,7.028100132,147.018,0.0322
s,7.02865261,147.551,0.0322
s,7.028652697,146.504,0.0323
s,7.028485305,146.46,0.0325
s,7.028485305,147.151,0.0325
s,7.028284466,146.856,0.0324
s,7.028284466,146.725,0.0324
s,7.028468627,145.544,0.0324
s,7.028518583,147.699,0.0326
s,7.028702741,148.034,0.0326
s,7.028886899,148.371,0.0326
s,7.029071058,148.165,0.0326
s,7.02928832,147.433,0.0325
s,7.029104163,147.124,0.0325
s,7.028920005,147.195,0.0325
s,7.029104163,147.066,0.0325
s,7.029288412,145.857,0.0326
s,7.028686239,147.218,0.0327
s,7.028853808,146.53,0.0327
m,7.029037874,147.931,0.0326
m,7.029037874,148.137,0.0326
m,7.028837127,145.461,0.0326
m,7.032566635,150.745,0.0323
m,7.034024817,153.954,0.0323
m,7.037698526,158.611,0.0324
m,7.039729924,154.755,0.0324
m,7.0553728,146.581,0.0329
m,7.0553728,145.28,0.0329
m,7.060338059,152.91,0.0328
m,7.062621764,153.817,0.0328
m,7.064925263,149.082,0.033
m,7.067378546,148.522,0.033
m,7.069650056,149.785,0.0336
m,7.071886612,146.07,0.0338
m,7.076252031,151.452,0.0337
m,7.090381039,152.531,0.034
m,7.094974987,153.492,0.0339
m,7.097321531,152.689,0.0338
m,7.099816238,151.438,0.0339
m,7.102369688,149.31,0.034
m,7.116184006,147.862,0.0336
m,7.121909361,151.683,0.0334
m,7.124827891,158.122,0.0333
m,7.127604102,148.38,0.0331
m,7.13036254,151.593,0.0327
m,7.15087493,147.38,0.032
m,7.153855211,147.938,0.0318
m,7.159497095,144.131,0.0318
m,7.162321728,141.228,0.0319
m,7.182399508,146.771,0.0322
m,7.185631074,144.235,0.0324
m,7.188864868,143.795,0.0323
m,7.192079521,145.107,0.0322
m,7.198446358,144.716,0.0323
m,7.21597802,159.271,0.0338
m,7.218941247,157.262,0.0338
m,7.221562557,152.863,0.0341
m,7.224346189,147.249,0.0342
m,7.229278273,149.622,0.0343
m,7.244868413,147.359,0.0343
m,7.250697699,156.065,0.0341
m,7.253730072,146.725,0.0341
m,7.256764295,147.765,0.034
m,7.273867651,138.186,0.0341
m,7.279954979,145.321,0.034
m,7.282960755,147.273,0.034
m,7.286406602,139.703,0.0339
m,7.290013066,144.13,0.0339
m,7.078124976,149.354,0.0339
m,7.078125087,155.272,0.034
m,7.082720778,149.787,0.0341
m,7.08520515,148.639,0.0342
m,7.087709564,155.297,0.0341
m,7.105147066,148.707,0.0339
m,7.1079076,148.03,0.0337
m,7.110651361,146.769,0.0337
m,7.116184006,146.102,0.0336
m,7.136049926,152.381,0.0325
m,7.138855137,151.421,0.0325
m,7.141846294,157.999,0.0324
m,7.145043801,150.95,0.0324
m,7.148039729,154.535,0.0322
m,7.165106941,148.258,0.0319
m,7.170400616,144.144,0.0317
m,7.17388386,143.842,0.0316
m,7.17388394,145,0.0317
m,7.179558565,147.485,0.032
m,7.200989018,145.249,0.033
m,7.206988039,145.82,0.0338
m,7.20999014,145.123,0.0338
m,7.212971998,152.567,0.0338
m,7.231632036,140.558,0.0342
m,7.231632036,141.667,0.0342
m,7.236870256,152.11,0.0342
m,7.239366385,147.837,0.0342
m,7.242024901,141.251,0.0343
m,7.259481604,149.39,0.034
m,7.262614322,154.01,0.0339
m,7.265543111,153.34,0.0339
m,7.268291533,148.834,0.034
m,7.273867651,148.052,0.0341
m,7.294462092,138.711,0.0338
m,7.303156999,136.732,0.0339
m,7.307427049,136.113,0.0338
m,7.311490973,137.449,0.0337
m,7.314958483,145.429,0.0337
m,7.319241615,146.578,0.0336
m,7.323599119,147.307,0.0329
m,7.328041286,143.392,0.0327
m,7.33274141,152.874,0.0326
m,7.368068571,142.292,0.0318
m,7.372460669,145.477,0.0319
m,7.382003153,144.398,0.0317
m,7.382002994,148.338,0.0315
m,7.412707672,141.52,0.0311
m,7.41684859,145.75,0.0311
m,7.42083335,141.306,0.0309
m,7.428779421,140.046,0.0309
m,7.433079469,138.386,0.0309
m,7.464809989,138.208,0.0306
m,7.46947898,148.807,0.0306
m,7.474304533,150.449,0.0306
m,7.479286391,137.087,0.0304
m,7.489304134,137.395,0.0303
m,7.522994795,135.589,0.0292
m,7.527824419,137.641,0.029
m,7.532365494,134.717,0.0294
m,7.536542061,135.414,0.0297
m,7.569311397,142.969,0.028
m,7.574063408,146.732,0.0278
m,7.578815633,143.534,0.0276
m,7.583048283,147.574,0.0273
m,7.592654988,148.342,0.0271
m,7.60692264,144.55,0.0269
m,7.607733015,143.622,0.0267
s,7.607550819,143.641,0.0269
s,7.607186358,143.632,0.0269
s,7.606821938,144.333,0.0271
s,7.60599244,143.1,0.0276
s,7.605965262,143.533,0.0276
s,7.605910887,141.765,0.0275
s,7.605910914,141.305,0.0276
m,7.341803305,142.691,0.0324
m,7.346140173,141.774,0.0323
m,7.35102557,149.608,0.0319
m,7.355463924,146.842,0.0312
m,7.359362888,150.66,0.0319
m,7.386605759,152.239,0.0314
m,7.395631688,150.932,0.0312
m,7.400029302,145.166,0.0312
m,7.400029302,140.789,0.0312
m,7.408541654,138.797,0.0311
m,7.437588572,139.273,0.0309
m,7.451197232,141.249,0.0309
m,7.455682255,140.98,0.0308
m,7.460167787,140.609,0.0307
m,7.489304012,138.587,0.0301
m,7.499114408,135.581,0.03
m,7.50388907,135.978,0.0298
m,7.508690514,135.623,0.0295
m,7.51333674,137.512,0.0296
m,7.541136687,138.608,0.0294
m,7.545602806,141.965,0.0289
m,7.555002978,143.28,0.0287
m,7.559781135,150.86,0.0284
m,7.559781098,145.36,0.0283
m,7.596349063,149.944,0.0264
m,7.599819317,144.304,0.0269
m,7.602587744,145.774,0.0271
m,7.605173944,143.858,0.027
s,7.606457501,144.255,0.0272
s,7.606484746,144.091,0.0275
s,7.606302544,143.16,0.0276
s,7.60614749,142.705,0.0276
s,7.60614749,142.758,0.0276
s,7.605883804,140.931,0.0278
s,7.605856669,140.55,0.0279
s,7.605856701,140.595,0.028
s,7.605829538,140.531,0.028
s,7.605647306,140.629,0.028
s,7.605465076,140.541,0.028
s,7.605282812,141.891,0.0279
s,7.605046325,141.107,0.0281
s,7.605019202,142.564,0.0282
s,7.604992121,142.64,0.0284
s,7.60439124,142.283,0.0287
s,7.60439124,141.58,0.0287
s,7.604236157,140.999,0.0287
s,7.605220944,140.779,0.0286
s,7.603205106,141.336,0.0288
s,7.601484023,141.857,0.0298
s,7.601484023,141.706,0.0298
s,7.601484081,141.748,0.0299
s,7.601821417,141.508,0.03
s,7.601457022,140.792,0.0301
s,7.601767129,141.327,0.0301
s,7.601949359,141.682,0.0301
s,7.602259548,141.374,0.0302
s,7.602259548,141.574,0.0302
s,7.603015573,143.289,0.0301
s,7.601903019,142.422,0.0301
s,7.601356403,142.841,0.0302
s,7.601247677,143.483,0.0302
s,7.601119808,142.334,0.0302
s,7.600600251,141.611,0.0301
s,7.601193271,142.304,0.0301
s,7.601193271,142.514,0.0301
s,7.601658408,143.985,0.03
s,7.601057397,142.554,0.03
s,7.601030303,142.393,0.0301
s,7.601003151,142.774,0.0301
s,7.600976064,141.926,0.0302
s,7.601131347,141.724,0.0305
s,7.601023001,142.616,0.0308
s,7.600968814,141.814,0.0309
s,7.600941835,141.334,0.0311
s,7.601096953,141.412,0.0311
s,7.601279194,141.514,0.0311
s,7.604965009,141.199,0.0285
s,7.604755708,141.85,0.0287
s,7.604755751,141.129,0.0288
s,7.60439124,141.002,0.0287
s,7.602968965,141.194,0.0297
s,7.602522984,141.27,0.0297
s,7.602030705,141.405,0.0298
s,7.601875602,140.705,0.0297
s,7.601693376,141.702,0.0297
s,7.601821477,142.135,0.0301
s,7.602003704,141.887,0.0301
s,7.601794302,140.666,0.0301
s,7.601639248,141.301,0.0301
s,7.601639248,141.645,0.0301
s,7.602441779,141.471,0.0302
s,7.602961253,141.886,0.0301
s,7.602705508,141.794,0.0302
s,7.602213171,142.032,0.0302
s,7.600836918,141.909,0.0302
s,7.600681886,142.238,0.0302
s,7.600681886,141.702,0.0302
s,7.600499602,141.919,0.0301
s,7.600472407,141.898,0.0301
s,7.60163125,142.998,0.03
s,7.601813543,143.47,0.0301
s,7.601576943,142.541,0.03
s,7.601266786,142.374,0.03
s,7.601084553,142.361,0.03
s,7.601077133,141.385,0.0306
s,7.601077201,141.634,0.0307
s,7.601205239,142.729,0.0308
s,7.60117818,142.74,0.0309
s,7.601461435,143.068,0.0311
s,7.601434393,141.769,0.0312
s,7.601616711,143.396,0.0313
s,7.601589675,144.414,0.0314
s,7.601589833,143.695,0.0316
s,7.601589753,142.876,0.0315
s,7.601225349,143.46,0.0316
s,7.60122543,143.26,0.0317
s,7.601016158,142.359,0.0318
s,7.601043353,142.279,0.0319
s,7.600888229,142.271,0.0319
s,7.600705903,142.772,0.0318
s,7.600705903,141.943,0.0318
s,7.600705903,142.373,0.0318
s,7.601718023,141.584,0.0318
s,7.601745214,141.174,0.0319
s,7.601927291,141,0.0317
s,7.601927209,142.783,0.0316
s,7.601853344,142.22,0.0315
s,7.602400067,143.261,0.0315
s,7.602764471,141.857,0.0314
s,7.602764393,141.355,0.0313
s,7.602946636,142.573,0.0313
s,7.602318725,142.026,0.0315
s,7.602501049,142.571,0.0316
s,7.602865536,143.872,0.0316
s,7.603513209,141.793,0.0316
s,7.603284162,141.911,0.0315
s,7.602636317,143.161,0.0312
s,7.602299039,142.091,0.0313
s,7.602299039,142.156,0.0313
s,7.6028653,141.266,0.0313
s,7.60341188,142.536,0.0311
s,7.605334805,141.961,0.0304
s,7.604815221,141.678,0.0305
s,7.604140437,142.626,0.0305
s,7.604423504,141.816,0.0303
s,7.604701909,142.103,0.0297
s,7.604728998,142.965,0.0296
s,7.604783241,143.391,0.0295
s,7.604810394,142.395,0.0295
s,7.604783241,142.542,0.0295
s,7.601043269,141.813,0.0318
s,7.601043353,141.933,0.0319
s,7.601043353,141.01,0.0319
s,7.601016242,142.512,0.0319
s,7.601043353,141.665,0.0319
s,7.600678869,141.346,0.0319
s,7.60122543,141.654,0.0317
s,7.601380644,142.853,0.0318
s,7.601562887,142.615,0.0318
s,7.601178713,141.189,0.0316
s,7.600895637,141.978,0.0316
s,7.601624426,141.503,0.0314
s,7.601341455,142.052,0.0315
s,7.602440314,142.299,0
s,7.602582153,142.476,0.0313
s,7.60255496,143.382,0.0312
s,7.602399911,143.024,0.0313
s,7.602399911,143.172,0.0313
s,7.602345758,144.225,0.0314
s,7.603439295,142.565,0.0315
s,7.603439295,142.472,0.0315
s,7.603257052,141.659,0.0315
s,7.603074652,142.731,0.0313
s,7.603749192,142.575,0.031
s,7.604113611,142.346,0.0309
s,7.604295856,141.607,0.0309
s,7.604477894,142.255,0.0306
s,7.604842318,141.447,0.0305
s,7.604322427,143.656,0.0301
s,7.604221445,143.281,0.03
s,7.60435698,142.314,0.0299
s,7.60441118,141.683,0.0298
s,7.604465393,142.522,0.0297
s,7.604783189,142.112,0.0294
s,7.604911127,142.789,0.0294
s,7.60506622,142.26,0.0294
s,7.603752467,142.388,0.0301
s,7.603853695,143.216,0.0309
s,7.60367208,143.511,0.0317
s,7.604630074,142.227,0.0322
s,7.605122934,141.791,0.0327
s,7.606108706,141.796,0.0336
m,7.607703301,145.483,0.0345
m,7.610263117,151.401,0.0351
m,7.617941968,139.553,0.0361
m,7.621994444,148.708,0.0361
m,7.651782677,145.152,0.0371
m,7.65559998,141.881,0.037
m,7.659417648,141.775,0.037
m,7.663207928,138.315,0.0369
m,7.666843535,136.626,0.0367
m,7.692435285,138.932,0.0381
m,7.69732084,140.093,0.0387
m,7.702344413,145.974,0.0391
m,7.707186618,140.664,0.0397
m,7.716621082,137.021,0.0401
m,7.755158102,146.432,0.0405
m,7.75958246,144.156,0.0405
m,7.763642815,149.558,0.0404
m,7.767830245,145.747,0.0407
m,7.798798896,143.824,0.0419
m,7.803618115,139.505,0.042
m,7.813410707,143.32,0.042
m,7.813410493,150.075,0.0419
m,7.823596375,139.387,0.0419
m,7.851766073,141.841,0.0414
m,7.856560137,139.301,0.0416
m,7.86101876,142.44,0.0416
m,7.865602861,142.128,0.0418
m,7.870186953,140.094,0.0419
m,7.908493974,142.339,0.043
m,7.917004277,141.74,0.0431
m,7.921139787,146.55,0.0431
m,7.926585916,143.628,0.043
m,7.606108706,141.816,0.0336
m,7.606135839,142.443,0.0336
m,7.605926361,146.38,0.0335
m,7.605771257,146.471,0.0335
m,7.606426742,144.75,0.0337
m,7.626357737,148.736,0.0365
m,7.630903146,146.874,0.0367
m,7.63544873,143.689,0.0369
m,7.639785293,140.978,0.0373
m,7.647810751,146.371,0.0372
m,7.670297362,138.739,0.0366
m,7.674088201,139.189,0.0365
m,7.68269162,144.933,0.0365
m,7.687577159,140.144,0.0373
m,7.72650398,138.402,0.0407
m,7.731837089,136.49,0.0407
m,7.736469324,140.636,0.0404
m,7.746072373,141.151,0.0405
m,7.746072178,144.324,0.0404
m,7.772045308,140.025,0.0407
m,7.78060276,137.051,0.0411
m,7.785029195,142.364,0.0414
m,7.789427139,141.117,0.0414
m,7.794189714,145.104,0.0416
m,7.828626682,146.34,0.0417
m,7.833265264,141.328,0.0416
m,7.837904361,137.783,0.0416
m,7.847183267,143.432,0.0415
m,7.879508973,143.822,0.0421
m,7.888621335,143.234,0.0424
m,7.893484421,141.11,0.0427
m,7.898376072,143.795,0.0429
m,7.903420509,146.37,0.0429
m,7.931726167,145.458,0.043
m,7.936531086,139.577,0.0428
m,7.945624975,144.68,0.0427
m,7.945624975,141.417,0.0427
m,7.950888799,142.63,0.0424
m,7.955992094,143.294,0.0427
m,7.964694632,144.071,0.043
m,7.969347007,142.657,0.0429
m,7.974086096,139.611,0.0428
m,7.978824887,147.955,0.0425
m,8.009228909,149.515,0.0421
m,8.014580184,148.607,0.0421
m,8.019960664,149.002,0.0422
m,8.025580311,152.505,0.042
m,8.031018656,154.89,0.042
m,8.064406864,150.954,0.0417
m,8.072734112,156.531,0.0416
m,8.077060332,153.269,0.0416
m,8.07705992,147.614,0.0414
m,8.09046016,158.904,0.0421
s,8.090219845,156.504,0.0421
s,8.090459736,155.303,0.0419
s,8.090459947,156.753,0.042
s,8.090554008,155.314,0.0421
s,8.092654146,155.402,0.0426
s,8.092835881,153.019,0.0426
s,8.093199133,154.418,0.0425
s,8.093351617,154.172,0.0425
s,8.093169663,151.371,0.0424
s,8.091422488,152.574,0.042
s,8.089933672,152.404,0.0423
s,8.089054459,151.858,0.0424
s,8.088414659,152.674,0.0421
s,8.087687304,152.176,0.0419
s,8.088050558,153.146,0.0418
s,8.088443292,154.109,0.0418
s,8.088929962,153.438,0.0418
s,8.08929343,154.144,0.0418
s,8.09049965,156.191,0.0412
s,8.09080459,153.431,0.0412
s,8.090411661,153.333,0.0411
s,8.09056414,154.052,0.0411
s,8.090382404,152.802,0.0411
m,7.989068123,160.236,0.0423
m,7.994390391,149.095,0.0423
m,7.999072041,147.643,0.0422
m,8.004212521,155.101,0.0422
m,8.041619317,146.228,0.0421
m,8.046723206,152.016,0.042
m,8.051492955,155.749,0.042
m,8.055928235,153.843,0.0419
m,8.060334629,156.069,0.0418
m,8.08478468,152.738,0.0414
m,8.087650506,155.749,0.0412
m,8.089884226,157.501,0.0414
m,8.091055995,155.84,0.0411
m,8.090571547,154.915,0.0421
s,8.091041051,154.211,0.0423
s,8.09155696,155.141,0.0423
s,8.091651527,157.37,0.0426
s,8.092167461,155.859,0.0426
s,8.092958461,153.684,0.0423
s,8.092536276,152.635,0.0422
s,8.09232508,155.459,0.0421
s,8.09190312,154.291,0.0421
s,8.092149457,154.719,0.042
s,8.087687515,153.753,0.042
s,8.087505784,154.393,0.042
s,8.087505784,151.347,0.042
s,8.087570251,154.34,0.0419
s,8.0873529,152.16,0.0418
s,8.089685743,153.447,0.0416
s,8.090049005,154.066,0.0415
s,8.090259795,154.338,0.0414
s,8.09049965,154.382,0.0412
s,8.090048192,152.795,0.0411
s,8.089561519,155.806,0.0411
s,8.089198054,154.745,0.0411
s,8.089531853,155.081,0.0409
s,8.089531853,154.173,0.0409
s,8.089015922,153.791,0.0409
s,8.088652458,155.36,0.0409
s,8.088470727,155.838,0.0409
s,8.088107066,154.089,0.0408
s,8.085644177,153.27,0.0405
s,8.085614872,154.815,0.0405
s,8.085731344,158.54,0.0401
s,8.08521588,157.06,0.0403
s,8.085977746,157.23,0.0402
s,8.088374901,153.35,0.0399
s,8.088890629,155.767,0.0398
s,8.089224635,153.681,0.0397
s,8.089617369,157.149,0.0397
s,8.0897702,155.997,0.0399
s,8.090772627,151.959,0.0398
s,8.09013348,151.465,0.0398
s,8.089066144,156.664,0.0397
s,8.090068293,154.54,0.0395
s,8.089158758,152.996,0.039
s,8.089158584,153.746,0.0389
s,8.089100024,152.729,0.0389
s,8.089100024,152.176,0.0389
s,8.088250115,153.106,0.039
s,8.086491259,152.824,0.0389
s,8.086309534,152.976,0.0389
s,8.085822793,153.777,0.0388
s,8.084486625,156.247,0.039
s,8.083361259,155.103,0.039
s,8.080324971,156.119,0.0388
s,8.080295428,156.087,0.0387
s,8.080447767,152.777,0.0387
s,8.07977968,154.944,0.0387
s,8.080998463,154.13,0.0387
s,8.082240773,155.008,0.0385
s,8.081602129,155.173,0.0386
s,8.080781991,155.883,0.0388
s,8.080354174,156.219,0.0387
s,8.088077795,155.591,0.0408
s,8.0877075,154.549,0.0404
s,8.086341769,156.34,0.0405
s,8.086007623,156.924,0.0405
s,8.086007623,156.016,0.0405
s,8.087009311,154.29,0.0401
s,8.087525201,154.566,0.0401
s,8.087343475,156.27,0.0401
s,8.087859183,155.418,0.04
s,8.089712229,154.204,0.0402
s,8.090046247,154.642,0.0401
s,8.090046247,157.149,0.0401
s,8.090380459,153.946,0.0401
s,8.090350645,151.382,0.0398
s,8.089886204,154.673,0.0393
s,8.089733579,155.381,0.0392
s,8.089551674,155.411,0.0391
s,8.089551674,153.614,0.0391
s,8.089188042,154.035,0.039
s,8.087734221,152.069,0.039
s,8.087218335,152.278,0.039
s,8.087036609,153.497,0.039
s,8.086825415,152.269,0.0389
s,8.083361085,153.793,0.0389
s,8.082786601,157.783,0.0389
s,8.08232932,153.164,0.0388
s,8.081508827,156.587,0.0388
s,8.081145409,155.331,0.0388
s,8.079293494,152.177,0.0388
s,8.078959471,154.779,0.0388
s,8.078807156,155.037,0.0388
s,8.078655018,154.313,0.0389
s,8.080055156,152.646,0.0388
s,8.081877685,153.685,0.0387
s,8.08287963,155.463,0.0385
s,8.083090678,157.185,0.0385
s,8.083758724,157.386,0.0384
s,8.084426794,154.601,0.0383
s,8.084942644,155.768,0.0383
s,8.0854585,156.914,0.0383
s,8.086003504,155.644,0.0382
s,8.086912123,156.91,0.0382
s,8.089215806,159.718,0.0381
s,8.089579098,157.865,0.038
s,8.089942391,155.018,0.0379
s,8.090276406,154.008,0.0378
s,8.090973572,154.857,0.0375
s,8.091155147,156.083,0.0374
s,8.091460066,153.513,0.0374
s,8.091612532,153.806,0.0374
s,8.091576552,156.945,0.037
s,8.093123298,155.981,0.0363
s,8.093123157,154.369,0.0362
s,8.093849812,155.272,0.036
s,8.093849812,156.777,0.036
s,8.094213281,152.325,0.036
s,8.095724487,152.724,0.0351
s,8.095935357,152.512,0.035
s,8.095934987,153.417,0.0347
s,8.096116599,155.542,0.0346
s,8.094198651,156.721,0.034
s,8.094801765,157.48,0.0334
s,8.093981058,156.811,0.0334
s,8.093981058,158.518,0.0334
s,8.093336061,161.331,0.0331
m,8.095656508,146.444,0.0318
m,8.101002986,146.052,0.0316
m,8.104532673,143.679,0.0314
m,8.108455495,146.669,0.0312
m,8.112437608,146.757,0.031
m,8.142225441,144.333,0.0307
m,8.145453966,152.193,0.032
m,8.149508846,148.793,0.0321
m,8.156423946,143.602,0.0323
s,8.087275408,154.167,0.0381
s,8.087849719,153.848,0.038
s,8.088213329,153.608,0.0381
s,8.088365757,155.738,0.0381
s,8.088670623,155.448,0.0381
s,8.090610586,155.949,0.0378
s,8.090944455,155.246,0.0376
s,8.090944298,154.632,0.0375
s,8.09130776,154.296,0.0375
s,8.091126029,153.453,0.0375
s,8.092397088,155.136,0.0368
s,8.092578529,159.422,0.0366
s,8.09294185,156.047,0.0365
s,8.09330503,155.661,0.0363
s,8.094693674,152.701,0.0359
s,8.095027734,153.225,0.0358
s,8.095179933,154.821,0.0356
s,8.095361405,153.115,0.0354
s,8.095361275,153.689,0.0353
s,8.096145743,152.741,0.0345
s,8.095746449,153.701,0.0341
s,8.094620924,155.339,0.0342
s,8.094199112,154.87,0.0344
s,8.094198879,154.848,0.0342
m,8.09354662,150.18,0.0326
m,8.093393695,149.305,0.032
m,8.093727784,153.685,0.032
m,8.095656771,146.737,0.0321
m,8.116906058,142.444,0.0306
m,8.125451554,144.354,0.0306
m,8.125451554,143.393,0.0306
m,8.133508601,155.84,0.0306
m,8.138008641,156.677,0.0305
m,8.160140794,149.717,0.0324
m,8.163397871,141.733,0.0326
m,8.163398164,144.561,0.0329
m,8.168986995,142.996,0.0332
m,8.172736917,145.513,0.0332
m,8.176032276,148.362,0.0335
m,8.179721334,148.345,0.0337
m,8.187010502,142.067,0.0339
m,8.190762278,139.872,0.0341
m,8.194514882,148.301,0.0343
m,8.220265134,144.232,0.0359
m,8.220265689,145.296,0.0363
m,8.228089955,142.57,0.0366
m,8.232244938,149.108,0.0369
m,8.236037999,143.011,0.0371
m,8.266247269,148.769,0.0397
m,8.275281183,140.815,0.0401
m,8.279441904,143.876,0.0403
m,8.28420452,141.902,0.041
m,8.317154077,149.271,0.0425
m,8.322322012,150.378,0.0427
m,8.326428151,150.325,0.0433
m,8.330172509,154.083,0.0438
m,8.366146821,158.638,0.0426
m,8.37085395,155.03,0.0425
m,8.375678379,154.171,0.0424
m,8.380168841,158.23,0.0421
m,8.384866863,153.936,0.0424
m,8.414195134,154.522,0.0424
m,8.419165186,161.503,0.0422
m,8.424052967,157.409,0.0422
m,8.428941979,158.12,0.0422
m,8.433795963,160.784,0.0421
m,8.457930991,161.239,0.0426
m,8.461092808,158.134,0.0428
m,8.462943631,156.706,0.043
m,8.468634004,159.689,0.0429
m,8.487291719,156.844,0.0433
m,8.493831849,159.293,0.0431
m,8.493832293,153.585,0.0433
m,8.500199415,151.461,0.0433
m,8.503273072,153.784,0.0432
m,8.198540997,141.378,0.0345
m,8.20323183,140.474,0.0348
m,8.20798867,147.358,0.035
m,8.21587006,140.959,0.0355
m,8.240132681,138.235,0.0373
m,8.245280296,145.041,0.0375
m,8.250309535,145.48,0.0382
m,8.255488331,143.102,0.0383
m,8.266246197,149.653,0.0391
m,8.289148045,148.161,0.0413
m,8.29834855,151.238,0.0414
m,8.303056908,146.787,0.0418
m,8.307734418,150.452,0.0421
m,8.312231445,148.942,0.0424
m,8.33467233,154.963,0.0437
m,8.343375642,155.835,0.0436
m,8.348058273,157.252,0.0433
m,8.352379893,159.847,0.0432
m,8.356968204,157.279,0.0429
m,8.389021578,158.395,0.0425
m,8.393912275,157.001,0.0425
m,8.399164968,158.457,0.0424
m,8.404301692,158.556,0.0424
m,8.442627084,158.569,0.0421
m,8.446618015,158.459,0.0422
m,8.448555558,158.221,0.0423
m,8.451251639,159.465,0.0424
m,8.454557447,154.196,0.0425
m,8.471408152,159.965,0.0429
m,8.47482652,157.722,0.043
m,8.477932158,159.388,0.0431
m,8.481039321,158.7,0.0432
m,8.484362012,153.905,0.0432
m,8.506753168,155.503,0.0429
m,8.510268257,154.533,0.0423
m,8.513784949,154.71,0.0417
m,8.516796811,148.912,0.0413
m,8.519956667,148.246,0.041
m,8.525560574,157.052,0.0407
m,8.525560192,152.996,0.0405
m,8.530844989,158.022,0.0402
m,8.533798287,150.238,0.0399
m,8.555178587,147.129,0.038
m,8.555178427,158.093,0.0379
m,8.563846087,151.555,0.0377
m,8.568520199,150.693,0.0376
m,8.604611379,150.294,0.0357
m,8.610476117,147.972,0.0351
m,8.616265199,155.488,0.0341
m,8.621015351,152.589,0.0347
m,8.63105466,151.635,0.0346
m,8.653532784,152.963,0.0322
m,8.657125797,154.336,0.032
m,8.661269533,152.977,0.0316
m,8.670203003,155.515,0.031
m,8.674974312,159.404,0.0307
m,8.709104397,153.585,0.0309
m,8.71425556,156.139,0.0314
m,8.719545727,150.596,0.0314
m,8.724905493,154.93,0.0313
m,8.752228604,145.263,0.031
m,8.754793046,154.506,0.0311
m,8.757322894,148.993,0.0312
m,8.75952071,156.918,0.0313
m,8.761940229,150.514,0.0316
m,8.774016644,145.001,0.0323
m,8.774459726,149.195,0.0323
m,8.774656025,158.61,0.0322
m,8.774425659,150.824,0.0321
m,8.773915407,160.069,0.0322
m,8.768974678,150.492,0.0319
m,8.768790614,156.235,0.0318
m,8.76836102,158.726,0.0318
m,8.768080681,152.955,0.0316
m,8.536358048,159.852,0.0397
m,8.539064521,154.013,0.0394
m,8.54224911,154.356,0.0391
m,8.545213116,151.431,0.0386
m,8.551225903,150.723,0.0385
m,8.572984295,150.534,0.0375
m,8.58338301,150.931,0.0368
m,8.588887584,161.102,0.0364
m,8.594392316,156.007,0.0361
m,8.599211602,158.864,0.036
m,8.631054302,160.39,0.0343
m,8.640523306,151.156,0.0341
m,8.644697228,156.771,0.0341
m,8.648545623,158.102,0.034
m,8.674974707,157.094,0.0312
m,8.68440941,155.916,0.031
m,8.689158808,157.309,0.0309
m,8.698628631,147.161,0.0308
m,8.698628478,149,0.0306
m,8.73382897,152.625,0.0313
m,8.733828887,154.472,0.0312
m,8.742328243,149.086,0.0311
m,8.746031114,143.827,0.031
m,8.746031114,147.98,0.031
m,8.765068027,156.774,0.0322
m,8.767743904,158.285,0.0324
m,8.771640384,148.974,0.0325
m,8.771640192,150.836,0.0323
m,8.773081525,157.325,0.0321
m,8.771525038,150.155,0.0322
m,8.771219239,154.203,0.0321
m,8.771219056,158.769,0.0319
m,8.769475756,152.484,0.0318
m,8.768369943,151.306,0.0321
m,8.767005087,157.112,0.0326
m,8.767125486,160.472,0.032
m,8.767125216,151.959,0.0317
m,8.76703218,158.805,0.0317
m,8.766979274,154.878,0.0314
m,8.766303332,154.753,0.0313
m,8.765578991,155.342,0.0312
m,8.76598807,151.924,0.031
m,8.767647925,153.496,0.031
m,8.778368612,157.461,0.0311
m,8.778528969,148.401,0.0315
m,8.779119903,154.587,0.0317
m,8.78023038,151.023,0.0318
m,8.78089763,156.449,0.0319
m,8.781845407,152.317,0.0322
m,8.781802021,156.333,0.0322
m,8.77979496,149.324,0.0321
m,8.779981647,157.675,0.0327
m,8.796456952,152.34,0.0328
m,8.801241102,149.408,0.0326
m,8.806490201,150.022,0.0323
m,8.812140857,150.73,0.0324
m,8.817285544,154.738,0.0323
m,8.847201184,148.821,0.0321
m,8.851991905,148.884,0.0324
m,8.85652043,146.244,0.0326
m,8.861893073,150.315,0.0331
m,8.872723235,156.123,0.033
m,8.905504425,159.163,0.0325
m,8.909276893,158.398,0.0325
m,8.913201358,153.258,0.0328
m,8.926298567,154.59,0.0325
m,8.954690259,158.933,0.0314
m,8.959439602,158.724,0.0312
m,8.967392874,157.183,0.0318
m,8.967392608,160.285,0.0315
m,8.977017892,154.519,0.0311
m,9.001242625,156.039,0.0309
m,9.011421089,155.037,0
m,9.015636376,157.28,0.0306
m,9.020315962,154.457,0.0301
m,9.030460166,152.367,0
m,8.769965367,153.472,0.031
m,8.772496501,154.645,0.0312
m,8.774699368,150.946,0.0312
m,8.777927931,155.772,0
m,8.782388677,150.295,0.032
m,8.782670835,161.718,0.0321
m,8.78270779,157.056,0.0322
m,8.782601192,154.395,0.0322
m,8.782249024,158.372,0.0322
m,8.78079329,152.694,0.0332
m,8.781591038,149.051,0.0328
m,8.783332619,156.971,0.0326
m,8.785976383,146.233,0.0327
m,8.789237112,151.792,0.0328
m,8.822540719,157.222,0.0322
m,8.832731592,150.836,0.0321
m,8.837626376,153.58,0.032
m,8.837626376,152.42,0.032
m,8.872723339,155.676,0.0331
m,8.882838813,151.33,0.033
m,8.892343859,154.143,0.0327
m,8.896773949,160.025,0.0326
m,8.900802483,158.14,0.0326
m,8.93072249,156.273,0.0326
m,8.93072249,151.685,0.0326
m,8.939437586,155.261,0.0329
m,8.944152119,157.64,0.0327
m,8.949296408,154.731,0.0322
m,8.977017975,157.625,0.0312
m,8.985947704,153.229,0.0312
m,8.990406244,156.078,0.0311
m,8.995557293,157.541,0.0311
m,9.034896385,153.128,0.0297
m,9.039506976,154.848,0.0298
m,9.043798651,155.861,0.0302
m,9.052535346,154.466,0.0302
m,9.052535571,152.836,0.0305
m,9.057215944,159.823,0.0309
m,9.067290917,156.057,0.0314
m,9.071361035,151.956,0.0317
m,9.071361035,153.277,0.0317
m,9.108204698,153.3,0.0297
m,9.122848262,157.144,0.0293
m,9.127348047,155.425,0.0292
m,9.135113733,154.158,0.0289
m,9.135113674,157.782,0.0288
m,9.168449694,159.154,0.028
m,9.177234691,157.726,0.0282
m,9.181186994,160.432,0.0284
m,9.185485982,157.092,0.0285
m,9.189299427,158.45,0.0284
m,9.218422125,151.05,0.03
m,9.223102522,151.499,0.0301
m,9.227568032,151.096,0.0302
m,9.231818593,148.748,0.0302
m,9.257840831,158.192,0.0328
m,9.260186611,160.209,0.0333
m,9.263040916,160.738,0.0338
m,9.265536434,157.599,0.0345
m,9.269921838,159.51,0.0348
m,9.279607577,157.003,0.0365
m,9.28182209,158.578,0.0369
m,9.284285887,159.176,0.0373
m,9.288346769,157.045,0.0375
m,9.292760212,158.939,0.0379
m,9.313096395,159.7,0.04
m,9.316463673,158.038,0.0404
m,9.319864307,161.268,0.0408
m,9.323151346,160.844,0.0415
m,9.349209135,160.691,0.0441
m,9.353365685,160.365,0.044
m,9.357555613,156.916,0.044
m,9.361171702,157.898,0.0446
m,9.36432569,158.451,0.0445
m,9.078877072,155.715,0.0315
m,9.083113242,152.402,0.0306
m,9.09049038,159.958,0.0304
m,9.098588475,155.624,0.0301
m,9.103268395,157.045,0.0299
m,9.144944888,152.625,0.0281
m,9.149368542,153.021,0.028
m,9.154124912,155.281,0.0281
m,9.168449595,155.149,0.0278
m,9.193604965,154.422,0.0281
m,9.197279972,156.695,0.0284
m,9.201780339,156.128,0.0291
m,9.205670359,157.843,0.0294
m,9.213741602,161.268,0.0297
m,9.235889041,161.266,0.0304
m,9.243573112,151.533,0.0307
m,9.250475102,154.845,0.031
m,9.253591278,155.703,0.0315
m,9.255737381,158.922,0.032
m,9.269922089,159.627,0.035
m,9.273875184,155.899,0.0355
m,9.275690274,158.772,0.0356
m,9.277755236,156.932,0.0359
m,9.295035073,158.552,0.0381
m,9.297196765,160.238,0.0383
m,9.299901096,156.183,0.0386
m,9.303034664,158.164,0.0393
m,9.306382363,159.807,0.0398
m,9.326833476,158.101,0.0424
m,9.329941749,161.926,0.0439
m,9.336182686,159.632,0.0443
m,9.336182686,160.269,0.0443
m,9.344905064,154.071,0.0442
m,9.371227999,154.495,0.0449
m,9.374449226,159.961,0.0452
m,9.3744497,160.962,0.0454
m,9.379443886,160.962,0.0454
m,9.381366107,158.937,0.0455
m,9.382302899,160.419,0.0456
m,9.382386286,155.492,0.0456
m,9.381650002,151.615,0.0457
m,9.379195326,157.673,0.0458
m,9.372630255,158.982,0.0474
m,9.371697775,159.643,0.0474
m,9.370799798,160.928,0.0476
m,9.370148377,154.869,0.0477
m,9.365999261,160.291,0.0491
m,9.36475226,160.44,0.0491
m,9.363680619,159.165,0.0492
m,9.36261461,155.101,0.0493
m,9.362163158,161.06,0.0495
m,9.366097378,160.396,0.0483
m,9.367923097,158.336,0.0482
m,9.3721265,155.262,0.0478
m,9.374229917,155.064,0.0475
m,9.376728621,160.4,0.0474
m,9.392467689,154.237,0.0464
m,9.394675809,160.236,0.0463
m,9.396492097,154.462,0.046
m,9.401131511,154.641,0.0457
m,9.408303388,154.048,0.0465
m,9.408994437,151.686,0.0466
m,9.409717571,153.252,0.0467
m,9.410654534,158.928,0.0469
m,9.411957399,157.55,0.0471
m,9.419166513,150.708,0.0477
m,9.4205716,161.417,0.0478
m,9.422007698,151.879,0.048
m,9.423838656,157.264,0.0484
m,9.425335964,159.409,0.0487
m,9.438688907,144.3,0.0503
m,9.440690856,148.586,0.0506
m,9.442303368,153.733,0.0511
m,9.443945259,147.916,0.0514
m,9.378135018,158.637,0.0459
m,9.377133457,158.878,0.0466
m,9.377135756,157.629,0.0475
m,9.37474736,158.639,0.0477
m,9.373532668,161.093,0.0475
m,9.369712314,161.103,0.0481
m,9.369522046,158.793,0.0483
m,9.368303004,158.592,0.0485
m,9.367636353,150.48,0.0486
m,9.366971541,154.072,0.049
m,9.362163441,160.44,0.0496
m,9.362155039,156.58,0.0489
m,9.363245016,155.794,0.049
m,9.364367844,160.542,0.0489
m,9.378623121,156.864,0.0473
m,9.381001488,152.595,0.047
m,9.383593789,153.213,0.0468
m,9.386065343,157.069,0.0464
m,9.388388507,155.369,0.0462
m,9.402706793,157.471,0.0455
m,9.403837161,151.004,0.0459
m,9.404300516,155.531,0.0463
m,9.404973105,160.396,0.0465
m,9.407615283,155.018,0.0465
m,9.413292191,160.6,0.0474
m,9.415451177,157.952,0.0475
m,9.415451438,148.029,0.0476
m,9.417734591,156.942,0.0476
m,9.429033508,155.396,0.0488
m,9.430786361,160.243,0.0491
m,9.430786916,151.237,0.0493
m,9.434593181,158.882,0.0495
m,9.436534842,156.618,0.0499
m,9.447613528,144.16,0.0516
m,9.449724759,145.223,0.0518
m,9.451529972,155.684,0.0522
m,9.453309164,151.721,0.0524
m,9.455217891,146.689,0.0526
m,9.456820505,143.01,0.0531
m,9.458452003,146.794,0.0534
m,9.462056903,147.461,0.0535
m,9.46439629,151.742,0.0537
m,9.467393185,148.896,0.054
m,9.481433986,152.906,0.0548
m,9.48143466,150.801,0.055
m,9.487926596,148.349,0.0551
m,9.491252501,150.792,0.0552
m,9.494708834,152.814,0.0552
m,9.515533313,149.159,0.0556
m,9.522232833,147.364,0.0558
m,9.525440895,153.94,0.0559
m,9.528675933,156.306,0.056
m,9.55287377,142.723,0.0567
m,9.55973697,140.896,0.0569
m,9.563667321,140.602,0.0567
m,9.566971391,153.823,0.0568
m,9.570276939,140.898,0.0569
m,9.588146232,147.073,0.0571
m,9.591094946,138.819,0.0569
m,9.593655514,146.527,0.0569
m,9.596217567,137.625,0.0569
m,9.598707453,139.93,0.057
m,9.614929781,142.765,0.0569
m,9.616885311,142.343,0.0569
m,9.618978031,140.723,0.0571
m,9.622961341,137.649,0.0571
m,9.635717793,143.661,0.0575
m,9.636733343,142.839,0.0576
m,9.636733343,138.408,0.0576
m,9.639295657,161.27,0.0577
m,9.640659927,147.587,0.0578
m,9.646513919,145.653,0.0581
m,9.647254979,141.629,0.0581
m,9.648274927,146.21,0.0581
m,9.64867709,157.956,0.058
m,9.649037248,143.901,0.058
m,9.469507861,143.999,0.0544
m,9.471056086,143.24,0.0547
m,9.473504742,146.226,0.0548
m,9.475859205,149.329,0.0549
m,9.498063828,154.516,0.0553
m,9.501601391,144.718,0.0551
m,9.504776664,144.398,0.0553
m,9.508499714,152.67,0.0553
m,9.515532969,145.715,0.0555
m,9.535483036,149.29,0
m,9.539065646,137.743,0.0564
m,9.542409949,141.259,0.0565
m,9.54641132,150.008,0.0565
m,9.549576174,141.777,0.0566
m,9.573475755,142.609,0.0567
m,9.576626515,140.089,0.0568
m,9.5798854,145.438,0.0567
m,9.58293169,139.261,0.0569
m,9.601223795,138.735,0.0571
m,9.603741504,144.276,0.0571
m,9.608343204,140.754,0.0571
m,9.608343204,144.185,0.0571
m,9.612501036,142.771,0.0571
m,9.624829232,139.324,0.0572
m,9.627040448,141.167,0.057
m,9.628936772,144.394,0.0571
m,9.630970917,149.507,0.0572
m,9.632824907,138.887,0.0574
m,9.641820078,151.576,0.0579
m,9.642935987,150.553,0.0579
m,9.644488989,149.101,0.0576
m,9.644879905,149.052,0.0583
m,9.649056234,150.22,0.0581
m,9.649239077,146.895,0.0583
m,9.64945068,145.148,0.0585
m,9.649318315,156.247,0.0586
m,9.649004916,152.068,0.0587
m,9.648693762,147.035,0.0588
m,9.64838561,156.26,0.0591
m,9.64803632,151.144,0.0594
m,9.647916284,149.267,0.0598
m,9.64576925,143.271,0.0615
m,9.645420578,150.584,0.0617
m,9.64474751,155.643,0.062
m,9.643998611,154.364,0.0621
m,9.643640826,143.843,0.0623
m,9.641608178,160.398,0.0629
m,9.640806083,155.9,0.063
m,9.640798104,144.002,0.0631
m,9.640426502,149.142,0.0633
m,9.64024134,149.318,0.0634
m,9.637621873,150.16,0.064
m,9.637295947,145.676,0.0641
m,9.636992203,152.862,0.0642
m,9.637571714,155.057,0.0642
m,9.643420121,143.585,0.0657
m,9.644634392,146.245,0.066
m,9.646052872,152.882,0.0661
m,9.64752876,155.333,0.0662
m,9.64887883,144.387,0.0666
m,9.647067869,147.237,0.067
m,9.640986725,149.403,0.0671
m,9.637446912,143.682,0.0676
m,9.637447846,146.374,0.0678
m,9.630018455,141.261,0.0681
m,8.918800148,136.416,0.0582
m,8.914317199,136.115,0.0582
m,8.909992718,135.601,0.0581
m,8.905511031,132.362,0.0581
m,8.867487207,134.759,0.0577
m,8.861466899,131.993,0.0576
m,8.850293886,133.882,0.0576
m,8.844957442,136.452,0.0575
m,8.839987257,131.523,0.0574
m,9.647758771,149.267,0.0603
m,9.647759553,151.456,0.0605
m,9.646800761,151.267,0.0607
m,9.646508519,148.878,0.0609
m,9.646057069,150.524,0.0613
m,9.643285492,149.544,0.0624
m,9.642912902,145.361,0.0626
m,9.642563372,141.154,0.0627
m,9.642012758,141.694,0.0628
m,9.639895505,141.638,0.0635
m,9.639428112,143.315,0.0636
m,9.638878138,158.243,0.0638
m,9.638611728,158.312,0.0639
m,9.638612156,152.84,0.064
m,9.638339663,152.126,0.0645
m,9.639294803,152.442,0.0648
m,9.640050271,142.584,0.065
m,9.641461579,142.765,0.0652
m,9.641462906,144.114,0.0655
m,9.650401471,140.383,0.0666
m,9.650356025,144.186,0.0668
m,9.649907583,137.113,0.0669
m,9.648854593,142.346,0.0669
m,9.626647373,142.656,0.0683
m,8.943945003,135.358,0.0587
m,8.937885747,135.153,0.0586
m,8.928317631,135.568,0.0585
m,8.92330861,134.708,0.0583
m,8.894662846,135.994,0.0581
m,8.888953335,138.852,0.058
m,8.888952951,135.605,0.0579
m,8.878036055,132.757,0.0579
m,8.872985481,130.04,0.0578
m,8.834627802,136.309,0.0574
m,8.829137171,134.28,0.0574
m,8.823256994,139.841,0.0574
m,8.817742685,133.057,0.0573
m,8.812437787,137.11,0.0573
m,8.807448122,141.513,0.0573
m,8.797470876,147.386,0.0572
m,8.792195093,151.034,0.0571
m,8.787052011,146.916,0.0571
m,8.756423275,140.246,0.0566
m,8.753162981,138.994,0.0563
m,8.743072714,144.352,0.0566
m,8.737389604,144.929,0.0567
m,8.701770766,142.013,0.0552
m,8.696276804,153.205,0.055
m,8.690810708,139.865,0.0549
m,8.685418575,151.952,0.0548
m,8.680105974,143.605,0.0546
m,8.652250305,140.717,0.0538
m,8.644730631,142.441,0.0537
m,8.6374734,143.343,0.0536
m,8.631206026,142.371,0.0535
m,8.627885996,150.369,0.053
m,8.610720095,137.349,0.0527
m,8.607442986,146.377,0.0527
m,8.603856537,150.709,0.0522
m,8.600241479,142.955,0.0523
m,8.584300495,145.562,0.0518
m,8.579363899,139.232,0.0517
m,8.579363899,142.85,0.0517
m,8.574095138,130.708,0.0516
m,8.571532265,136.346,0.0515
m,8.556701635,139.387,0.0512
m,8.554330004,135.153,0.0511
m,8.552335812,138.058,0.0514
m,8.550177193,141.508,0.0514
m,8.547531505,137.096,0.0514
m,8.534209326,135.556,0.0515
m,8.533257986,135.486,0.0519
m,8.533039932,135.549,0.0519
m,8.533032519,135.435,0.0518
m,8.782092037,145.277,0.057
m,8.77757783,145.004,0.057
m,8.771161637,137.145,0
m,8.76604952,138.146,0.0567
m,8.760909607,142.389,0.0566
m,8.737389231,141.041,0.0566
m,8.727588223,139.228,0.0564
m,8.72245378,140.834,0.0561
m,8.717658209,145.184,0.0556
m,8.712682138,143.202,0.0554
m,8.672229961,137.662,0.0543
m,8.662310527,140.18,0.0541
m,8.652853608,139.629,0.054
m,8.652853263,138.551,0.0539
m,8.632873767,139.832,0.053
m,8.625512002,143.7,0.0529
m,8.621627214,149.824,0.0528
m,8.621627214,143.339,0.0528
m,8.614153626,143.492,0.0527
m,8.596322626,147.969,0.0524
m,8.596317332,129.046,0.0524
m,8.593297818,141.75,0.0523
m,8.590306697,137.807,0.0521
m,8.58713496,139.308,0.052
m,8.568942962,152.761,0.0515
m,8.566410861,138.137,0.0514
m,8.564313691,135.592,0.0514
m,8.55941019,141.932,0.0513
m,8.544944919,137.694,0.0514
m,8.542389119,144.522,0.0514
m,8.538747169,139.66,0.0514
m,8.537106049,139.153,0.0513
m,8.535466943,131.918,0.0512
s,8.532726912,135.688,0.0517
s,8.532727234,135.572,0.0518
s,8.532909,135.742,0.0518
s,8.532938128,135.365,0.0518
s,8.532938128,135.515,0.0518
s,8.53257557,135.25,0.0521
s,8.532547754,135.142,0.0525
s,8.532911617,135.196,0.0526
s,8.533093384,135.696,0.0526
s,8.53291195,135.528,0.0527
s,8.533702658,135.087,0.0522
s,8.533034146,134.965,0.0523
s,8.532604703,134.923,0.0521
s,8.532386551,134.778,0.052
s,8.532197318,135.104,0.0518
s,8.532457352,135.246,0.051
s,8.532820543,135.438,0.0509
s,8.5329078,135.563,0.0508
s,8.532297601,135.396,0.0508
s,8.5319493,135.253,0.0504
s,8.531826049,135.626,0.0504
s,8.531702507,135.533,0.0503
s,8.531854992,135.818,0.0503
s,8.531644007,135.443,0.0503
s,8.531186861,135.146,0.0504
s,8.531368903,135.113,0.0505
s,8.531368596,135.387,0.0504
s,8.532283538,135.701,0.0504
s,8.532913768,135.719,0.0495
s,8.530996873,135.472,0.0497
s,8.532184124,135.587,0
s,8.533341156,135.698,0.0492
s,8.533552129,135.391,0.0492
s,8.533769484,135.71,0.0492
s,8.533980156,134.939,0.0491
s,8.534408242,135.041,0.049
s,8.535076532,135.002,0.0489
s,8.534924276,135.136,0.049
s,8.533631862,135.087,0.0486
s,8.53359616,134.747,0.0485
s,8.53383587,134.736,0.0483
s,8.534046594,134.82,0.0482
s,8.5342576,134.514,0.0482
s,8.533414302,135.443,0.053
s,8.533203776,135.759,0.0531
s,8.533595408,135.575,0.0528
s,8.533702658,135.367,0.0522
s,8.532342526,135.135,0.0516
s,8.533039733,134.939,0.0514
s,8.532465296,135.158,0.0514
s,8.532464979,134.845,0.0513
s,8.532551871,135.561,0.0511
s,8.532173962,135.159,0.0507
s,8.532414134,135.561,0.0507
s,8.532319741,135.312,0.0506
s,8.532319433,135.257,0.0505
s,8.532101798,135.481,0.0504
s,8.531491825,135.585,0.0504
s,8.531368596,135.438,0.0504
s,8.531122177,135.443,0.0504
s,8.53121612,135.329,0.0504
s,8.532093721,135.925,0.0498
s,8.531396038,135.64,0.0498
s,8.5309679,135.427,0.0498
s,8.530815143,135.838,0.0497
s,8.530996873,135.389,0.0497
s,8.532913179,135.203,0.0493
s,8.533500679,135.214,0.0494
s,8.533558522,135.194,0.0492
s,8.53358774,135.347,0.0492
s,8.533769484,135.364,0.0492
s,8.534466376,135.071,0.0489
s,8.533761945,135.203,0.0488
s,8.533632434,135.174,0.0488
s,8.533632434,134.814,0.0488
s,8.5342576,134.698,0.0482
s,8.534468328,135.472,0.0481
s,8.535107426,135.105,0.0481
s,8.535564828,134.63,0.0481
s,8.535499603,134.896,0.0479
s,8.536015252,135.022,0.0478
s,8.536045912,134.793,0.0483
s,8.536604412,134.927,0.0486
s,8.536762465,134.887,0.0483
s,8.53703215,135.066,0.0484
s,8.536727121,134.886,0.0484
s,8.536603563,134.907,0.0483
s,8.536632799,134.317,0.0483
s,8.536843497,134.162,0.0482
s,8.537359477,134.856,0.0482
s,8.537330243,134.918,0.0482
s,8.537424297,135.041,0.0482
s,8.537606039,134.95,0.0482
s,8.537606039,135.279,0.0482
s,8.537584981,134.43,0.0488
s,8.537919272,134.127,0.0488
s,8.538224373,134.68,0.0488
s,8.538921041,134.674,0.0484
s,8.536802957,135.539,0.0486
s,8.536591673,135.598,0.0485
s,8.536591673,135.683,0.0485
s,8.536591673,135.419,0.0485
s,8.536621226,135.683,0.0486
s,8.536591957,134.32,0.0486
s,8.53613458,134.182,0.0486
s,8.53631631,134.435,0.0486
s,8.536163858,134.129,0.0486
s,8.536011411,134.603,0.0486
s,8.535578048,134.761,0.0488
s,8.535179476,134.375,0.0488
s,8.535085746,134.566,0.0488
s,8.535086033,134.431,0.0489
s,8.535115658,134.597,0.049
s,8.536159294,134.357,0.0491
s,8.536159877,134.355,0.0493
s,8.536775712,134.712,0.0493
s,8.537269199,134.739,0.0495
s,8.53663916,134.557,0.0483
s,8.536850126,134.459,0.0483
s,8.537031587,135.021,0.0482
s,8.537031587,135.323,0.0482
s,8.537184672,135.362,0.0484
s,8.536843497,134.514,0.0482
s,8.536843497,134.827,0.0482
s,8.536843218,134.483,0.0481
s,8.537025235,134.847,0.0482
s,8.536814539,135.286,0.0483
s,8.537040318,134.956,0.049
s,8.537069237,134.464,0.0489
s,8.537279906,134.412,0.0488
s,8.537432442,134.74,0.0488
s,8.538122892,134.499,0.0485
s,8.537302426,134.987,0.0487
s,8.537055892,134.978,0.0487
s,8.536656928,135.666,0.0487
s,8.537078629,135.551,0.0486
s,8.536620942,135.28,0.0485
s,8.536591673,134.878,0.0485
s,8.536715161,134.422,0.0486
s,8.536591957,134.51,0.0486
s,8.53604098,134.273,0.0487
s,8.536193424,134.238,0.0487
s,8.536193424,134.97,0.0487
s,8.535671565,134.581,0.0487
s,8.535548452,134.482,0.0487
s,8.534869306,134.522,0.0489
s,8.534746294,134.821,0.0489
s,8.534289237,134.233,0.0489
s,8.535419171,134.473,0
s,8.535754243,134.214,0.0489
s,8.537610374,134.763,0.0497
s,8.53801042,135.327,0.05
s,8.538258621,134.67,0.0505
s,8.538330892,134.399,0.0507
s,8.538607837,134.681,0.051
s,8.538703063,135.054,0.0513
s,8.538405979,135.134,0.0517
s,8.538413888,135.026,0.052
s,8.538443019,135,0.052
s,8.537775541,134.939,0.0524
s,8.537747064,135.35,0.0526
m,8.537412344,135.33,0.0525
m,8.537107108,135.338,0.0525
m,8.532293415,134.449,0.052
m,8.528281286,141.118,0.0519
m,8.526322369,141.367,0.0518
m,8.522537879,143.14,0.0518
m,8.518486456,157.63,0.0519
m,8.508773267,152.501,0.0532
m,8.504899346,146.865,0.0535
m,8.50275338,159.504,0.0536
m,8.502754418,150.774,0.0539
m,8.498771908,146.177,0.0544
m,8.482938035,152.709,0.0565
m,8.480695184,150.368,0.0568
m,8.478425262,149.401,0.0575
m,8.473888254,159.28,0.0578
m,8.461201955,144.127,0.0596
m,8.459014007,148.84,0.0597
m,8.454582213,153.5,0.0599
m,8.452305984,146.101,0.06
m,8.45024596,143.264,0.0603
m,8.436502204,155.408,0.0612
m,8.436503078,154.161,0.0614
m,8.431742165,146.338,0.0615
m,8.429159977,148.859,0.0617
m,8.426694374,151.528,0.0617
m,8.409130775,152.906,0.061
m,8.406287652,161.039,0.061
m,8.403445751,152.904,0.0608
m,8.400426668,147.602,0.0609
s,8.538290388,135.061,0.052
s,8.53813776,135.157,0.052
s,8.538109603,135.432,0.0523
s,8.538138412,135.331,0.0522
s,8.537956647,135.349,0.0522
m,8.536954495,135.327,0.0525
m,8.536831041,150.376,0.0525
m,8.536249828,130.484,0.0525
m,8.533823962,130.134,0.052
m,8.53229374,130.181,0.0521
m,8.516600861,145.349,0.0521
m,8.514717252,155.433,0.0524
m,8.51265309,154.667,0.0525
m,8.510620999,147.945,0.0527
m,8.496602027,152.505,0.0546
m,8.494435964,153.841,0.0553
m,8.492239805,156.881,0.0556
m,8.487824799,149.253,0.0559
m,8.485395633,152.916,0.0562
m,8.471773703,156.771,0.0581
m,8.469661334,155.884,0.0584
m,8.467700777,155.557,0.0587
m,8.465561085,160.618,0.059
m,8.46345469,154.111,0.0592
m,8.448006464,160.77,0.0604
m,8.445588834,146.202,0.0606
m,8.443322617,146.722,0.0609
m,8.438679341,153.543,0.0611
m,8.424445082,156.606,0.0618
m,8.421950765,159.006,0.0618
m,8.416786537,151.78,0.0616
m,8.414183197,148.946,0.0614
m,8.411581767,151.321,0.0611
m,8.397555701,153.728,0.0608
m,8.391459466,154.596,0.0608
m,8.388233852,151.771,0.0608
m,8.385370788,151.179,0.0607
m,8.382114723,157.145,0.0606
m,8.378860562,155.587,0.0605
m,8.375822491,156.785,0.0603
m,8.37275047,149.198,0.0597
m,8.369828477,152.969,0.0596
m,8.366581047,147.486,0.0593
m,8.346501568,149.636,0.0584
m,8.339466156,145.673,0.0582
m,8.335735231,143.182,0.058
m,8.332006194,147.527,0.0579
m,8.332005794,153.294,0.0578
m,8.302304974,149.631,0.0569
m,8.298626647,149.108,0.0569
m,8.290372389,158.902,0.0567
m,8.286516464,157.73,0.0565
m,8.257649664,150.78,0.0554
m,8.253227242,149.127,0.0553
m,8.253226871,157.804,0.0552
m,8.244421836,147.749,0.0551
m,8.239642354,152.853,0.0548
m,8.211233742,154.955,0.0544
m,8.206351958,149.069,0.0543
m,8.201434691,154.61,0.0543
m,8.196481092,153.113,0.0542
m,8.19156528,154.586,0.0542
m,8.15880216,157.765,0.0531
m,8.153996462,150.638,0.053
m,8.149364647,147.911,0.0528
m,8.144881481,152.839,0.0526
m,8.112055482,148.054,0.0514
m,8.101721622,149.675,0.0514
m,8.097130166,145.2,0.0512
m,8.092359557,149.726,0.051
m,8.087627344,152.4,0.051
m,8.064074121,158.659,0.0505
m,8.054575847,147.427,0.0503
m,8.049629008,148.969,0.0502
m,8.045041164,153.604,0.0501
m,8.040094941,153.819,0.05
m,8.360170296,143.061,0.0591
m,8.356894206,148.089,0.0589
m,8.35343963,144.192,0.0587
m,8.349986885,153.241,0.0585
m,8.324732711,149.315,0.0577
m,8.320972886,149.43,0.0576
m,8.317394522,157.152,0.0575
m,8.313781357,145.741,0.0572
m,8.309990152,158.062,0.0571
m,8.282410871,153.205,0.0565
m,8.278556969,155.165,0.0563
m,8.274343541,154.24,0.0559
m,8.266354452,146.735,0.0558
m,8.261821932,145.8,0.0557
m,8.230230354,157.772,0.0549
m,8.230229622,150.37,0.0547
m,8.220676876,145.517,0.0546
m,8.216009748,143.03,0.0545
m,8.182020723,144.729,0.054
m,8.182020366,151.412,0.0539
m,8.172652612,157.569,0.0536
m,8.168024639,146.508,0.0534
m,8.16346618,151.52,0.0533
m,8.135768497,149.181,0.0524
m,8.135767821,147.06,0.0522
m,8.126259936,151.631,0.052
m,8.121666997,149.513,0.0518
m,8.117147917,147.498,0.0513
m,8.083074249,153.301,0.0508
m,8.078342409,153.62,0.0507
m,8.073610921,152.784,0.0506
m,8.064074439,152.199,0.0506
m,8.035507368,155.675,0.0498
m,8.031137808,147.665,0.0498
m,8.023899453,154.084,0.0497
m,8.021709734,153.382,0.0496
m,8.021709428,150.559,0.0495
m,8.020954394,152.284,0.0495
s,8.020954701,153.705,0.0496
s,8.020992553,153.072,0.0496
s,8.020992861,150.632,0.0497
s,8.020888665,150.28,0.0495
s,8.020747233,152.662,0.0495
s,8.020925917,152.082,0.0493
s,8.02096378,152.501,0.0493
s,8.020963477,150.749,0.0492
s,8.021500749,151.576,0.049
s,8.021859334,152.91,0.049
s,8.021859035,151.6,0.0489
s,8.02207589,154.311,0.0488
s,8.022113457,152.335,0.0487
s,8.022687731,153.417,0.0482
s,8.022687731,155.686,0.0482
s,8.022687731,153.312,0.0482
s,8.022725597,151.308,0.0482
s,8.02230106,151.809,0.0481
s,8.022121774,153.536,0.0481
s,8.022121486,152.013,0.048
s,8.021980368,153.732,0.0481
s,8.02198008,150.341,0.048
s,8.021735174,150.184,0.048
s,8.021773068,153.34,0.048
s,8.021594074,153.527,0.0481
s,8.021631971,152.279,0.0481
s,8.021631971,154.896,0.0481
s,8.021462654,152.376,0.048
s,8.021462654,152.378,0.048
s,8.021283092,153.438,0.0479
s,8.021283092,152.302,0.0479
s,8.021500567,149.297,0.048
s,8.021500855,150.653,0.0481
s,8.021462942,151.132,0.0481
s,8.02142503,151.381,0.0481
s,8.021245753,152.302,0.0481
s,8.020992861,153.363,0.0497
s,8.020851114,152.671,0.0496
s,8.020851114,152.075,0.0496
s,8.02067182,151.615,0.0496
s,8.020888665,150.24,0.0495
s,8.020963477,155.357,0.0492
s,8.021180332,151.834,0.0491
s,8.021180332,152.797,0.0491
s,8.021359623,153.449,0.0491
s,8.022113161,154.775,0.0486
s,8.022292158,154.452,0.0485
s,8.022509021,152.648,0.0484
s,8.022692825,153.052,0
s,8.022867022,153.649,0.0482
s,8.022546306,151.624,0.0482
s,8.022546306,151.132,0.0482
s,8.022442761,150.469,0.0482
s,8.022442761,151.585,0.0482
s,8.022442761,153.487,0.0482
s,8.02183868,151.316,0.048
s,8.021697283,150.82,0.048
s,8.021697283,150.631,0.048
s,8.021735174,152.575,0.048
s,8.02145298,154.528,0.0482
s,8.02149088,151.676,0.0482
s,8.021424742,149.87,0.048
s,8.021245465,150.878,0.048
s,8.021245465,152.176,0.048
s,8.021500281,150.572,0.0479
s,8.021321007,151.407,0.0479
s,8.021321293,150.987,0.048
s,8.021500567,152.284,0.048
s,8.021500567,150.855,0.048
s,8.021207844,152.432,0.0481
s,8.021208134,151.11,0.0482
s,8.021359499,151.681,0.0481
s,8.021359788,152.371,0.0482
s,8.02084958,150.232,0.0482
s,8.02084958,150.598,0.0482
s,8.02084958,153.262,0.0482
s,8.020990948,150.872,0.0482
s,8.020990659,151.939,0.0481
s,8.020631816,149.247,0.048
s,8.020631816,147.521,0.048
s,8.02063153,147.256,0.0479
s,8.020631244,146.682,0.0478
s,8.020518103,147.04,0.048
s,8.020338824,148.762,0.048
s,8.020300923,149,0.048
s,8.020301211,147.865,0.0481
s,8.020263314,148.704,0.0481
s,8.019905624,147.943,0.0484
s,8.019330178,147.776,0.0485
s,8.019330178,147.706,0.0485
s,8.019330178,148.678,0.0485
s,8.019330178,150.155,0.0485
s,8.019688448,147.741,0.0484
s,8.019329885,148.459,0.0484
s,8.019036921,148.939,0.0484
s,8.019291697,148.313,0.0483
s,8.018951965,146.634,0.0477
s,8.018810621,147.677,0.0477
s,8.018951965,147.888,0.0477
s,8.018914042,147.457,0.0477
s,8.018913759,146.25,0.0476
s,8.018913477,148.152,0.0475
s,8.019130392,147.958,0.0474
s,8.019092469,148.26,0.0474
s,8.018874996,148.818,0.0473
s,8.01905427,148.15,0.0473
s,8.018620167,148.472,0.0474
s,8.018620167,147.035,0.0474
s,8.018620167,147.555,0.0474
s,8.018657803,147.553,0.0473
s,8.020811382,152.681,0.0481
s,8.020952754,148.57,0.0481
s,8.020811382,149.498,0.0481
s,8.020773476,147.242,0.0481
s,8.020811382,148.05,0.0481
s,8.020810522,147.477,0.0478
s,8.020810807,146.545,0.0479
s,8.02037644,147.374,0.0479
s,8.020555719,147.396,0.0479
s,8.020517816,147.081,0.0479
s,8.020084322,148.756,0.0482
s,8.020084322,146.555,0.0482
s,8.020084613,147.769,0.0483
s,8.019905333,150.223,0.0483
s,8.019509459,147.552,0.0485
s,8.019688741,147.725,0.0485
s,8.019688741,149.079,0.0485
s,8.019688448,147.88,0.0484
s,8.019688448,147.735,0.0484
s,8.019687288,148.463,0.048
s,8.019545904,148.269,0.048
s,8.019225248,147.227,0.048
s,8.018622157,147.109,0.0481
s,8.018838772,147.367,0.0479
s,8.018913759,147.013,0.0476
s,8.018913759,148.355,0.0476
s,8.018913759,147.114,0.0476
s,8.018913477,147.238,0.0475
s,8.018874996,146.984,0.0473
s,8.018874996,148.511,0.0473
s,8.018837078,148.147,0.0473
s,8.018658083,146.981,0.0474
s,8.018658083,145.802,0.0474
s,8.01826218,150.399,0.0476
s,8.018045273,147.619,0.0477
s,8.018007643,148.018,0.0478
s,8.017828366,147.874,0.0478
s,8.017970018,147.934,0.0479
s,8.017790455,148.044,0.0478
s,8.017790455,147.971,0.0478
s,8.017790455,148.28,0.0478
s,8.017649092,148.126,0.0478
s,8.017469817,148.383,0.0478
s,8.016083936,148.364,0.0478
s,8.015904669,147.869,0.0478
s,8.015904669,146.589,0.0478
s,8.015725402,146.83,0.0478
s,8.016337953,148.674,0.0474
s,8.016723179,148.533,0.0471
m,8.016902173,156.053,0.047
m,8.017043518,154.349,0.047
m,8.016684701,156.837,0.0469
m,8.004684042,147.019,0.0466
m,7.997335099,151.299,0.0466
m,7.993609239,155.147,0.0466
m,7.990062762,145.925,0.0466
m,7.986337217,149.498,0.0466
m,7.966636537,150.269,0.0465
m,7.959518191,151.049,0.0459
m,7.954974828,154.638,0.0459
m,7.950713486,149.855,0.0459
m,7.946068022,150.831,0.0458
m,7.912868637,154.153,0.0447
m,7.908570858,150.334,0.0446
m,7.903915882,150.934,0.0448
m,7.899439649,152.673,0.0448
m,7.863463047,152.971,0.0445
m,7.859066263,146.207,0.0444
m,7.854490805,152.778,0.0443
m,7.84580021,155.416,0.0443
m,7.841404505,144.571,0.0442
m,7.815153006,156.303,0.0433
m,7.815152776,152.038,0.0432
m,7.806444251,147.226,0.043
m,7.802090511,144.925,0.0429
m,7.79773712,154.382,0.0428
s,8.017469817,147.257,0.0478
s,8.017149471,149.026,0.0479
s,8.016366889,148.987,0.0479
s,8.016083936,148.355,0.0478
s,8.016299733,148.799,0.0473
s,8.016299733,147.852,0.0473
s,8.016223857,147.707,0.0473
s,8.016185924,148.546,0.0473
s,8.01676111,148.121,0.0471
m,8.016184819,145.785,0.0469
m,8.015005549,145.487,0.0468
m,8.01303337,150.249,0.0467
m,8.010523718,153.31,0.0467
m,8.007513528,153.682,0.0464
m,7.982394778,150.716,0.0467
m,7.978528743,147.552,0.0468
m,7.974624225,150.826,0.0467
m,7.966636808,146.548,0.0466
m,7.941959665,158.607,0.0454
m,7.933349425,150.01,0.0453
m,7.929025328,147.181,0.0451
m,7.920786639,145,0.0448
m,7.916808435,154.972,0.0448
m,7.890744086,145.667,0.0448
m,7.886307121,155.228,0.0448
m,7.877152861,149.596,0.0446
m,7.872576428,159.939,0.0446
m,7.868038853,160.398,0.0445
m,7.837008845,154.548,0.044
m,7.832652738,146.049,0.0439
m,7.828257683,152.454,0.0437
m,7.823862685,150.343,0.0434
m,7.793422929,141.228,0.0425
m,7.784539162,146.703,0.0423
m,7.780147826,149.431,0.0422
m,7.775796199,147.8,0.0421
m,7.771584033,153.41,0.0419
m,7.771583819,154.709,0.0418
m,7.763200459,151.734,0.0417
m,7.758889479,146.154,0.0415
m,7.75471829,149.96,0.0414
m,7.724477166,155.131,0.0408
m,7.720050348,160.748,0.0407
m,7.715644286,153.976,0.0406
m,7.710761947,149.043,0.0405
m,7.679331687,153.259,0.0404
m,7.674371979,150.36,0.0403
m,7.669234035,149.334,0.0402
m,7.659454905,156.674,0.0402
m,7.659454713,150.539,0.0401
m,7.630813956,148.289,0.0398
m,7.625954769,156.916,0.0397
m,7.616375406,157.492,0.0397
m,7.611654986,152.862,0.0397
m,7.6116548,151.464,0.0396
m,7.572762542,148.097,0.04
m,7.568222269,158.467,0.0401
m,7.563819836,151.119,0.0402
m,7.559417482,153.777,0.0403
m,7.525423757,155.989,0.0416
m,7.520295167,158.351,0.0417
m,7.515263259,156.226,0.0418
m,7.510409595,153.877,0.0418
m,7.505638138,152.664,0.0418
m,7.476662171,159.156,0.0425
m,7.471578482,156.432,0.0426
m,7.466810192,150.401,0.0427
m,7.462220339,149.997,0.0428
m,7.45697868,154.338,0.0425
m,7.424947017,150.449,0.0426
m,7.419731446,159.039,0.0425
m,7.414422274,150.152,0.0426
m,7.40911383,145.149,0.0427
m,7.750408314,150.649,0.0413
m,7.741611134,151.981,0.0412
m,7.737262731,151.501,0.0411
m,7.732874956,148.778,0.041
m,7.72890423,152.521,0.0409
m,7.706277368,151.233,0.0405
m,7.697466708,152.68,0.0404
m,7.693041892,154.585,0.0404
m,7.688715886,150.281,0.0404
m,7.684112934,154.096,0.0404
m,7.649855167,152.025,0.0401
m,7.645075723,155.803,0.04
m,7.640256476,153.923,0.04
m,7.635535149,153.81,0.0399
m,7.602335694,151.8,0.0396
m,7.597340024,152.277,0.0397
m,7.592384928,150.395,0.0397
m,7.587430525,147.589,0.0399
m,7.582435688,154.931,0.04
m,7.555055885,157.542,0.0404
m,7.550653708,157.012,0.0405
m,7.546333026,150.552,0.0406
m,7.5418749,152.7,0.0407
m,7.530827533,151.627,0.0415
m,7.500963145,153.626,0.0418
m,7.496329607,160.84,0.0419
m,7.49187451,150.019,0.042
m,7.482484765,153.498,0.042
m,7.448335443,147.518,0.0424
m,7.443747468,147.467,0.0425
m,7.443747468,149.151,0.0425
m,7.43421587,159.575,0.0425
m,7.429492133,149.881,0.0425
m,7.398687204,145.266,0.0427
m,7.393610752,148.896,0.0427
m,7.393610983,157.699,0.0428
m,7.383857119,158.277,0.0428
m,7.378823947,150.584,0.0428
m,7.373425725,142.769,0.0428
m,7.368590964,148.951,0.0428
m,7.358027138,141.234,0.0428
m,7.352954676,142.542,0.0429
m,7.347569009,148.035,0.0429
m,7.317745642,138.854,0.0431
m,7.317745642,146.421,0.0431
m,7.30756453,145.026,0.0431
m,7.302453589,145.183,0.0432
m,7.297926051,160.676,0.0432
m,7.271830096,156.072,0.0431
m,7.264007979,153.264,0.043
m,7.260186524,147.849,0.0431
m,7.256187537,143.821,0.0431
m,7.226471601,159.334,0.0432
m,7.221534406,151.489,0.0432
m,7.217188736,146.496,0.0432
m,7.208138066,146.976,0.0432
m,7.208138066,145.16,0.0432
m,7.183882277,150.743,0.0432
m,7.174389527,160.316,0.0432
m,7.169470163,149.911,0.0432
m,7.164232413,145.319,0.0433
m,7.164232413,147.413,0.0433
m,7.125745186,149.759,0.0433
m,7.120381849,157.323,0.0433
m,7.109921927,149.812,0.0433
m,7.104781603,146.159,0.0433
m,7.070413797,146.443,0.0435
m,7.065543979,147.283,0.0435
m,7.05607156,144.288,0.0436
m,7.051601559,157.794,0.0436
m,7.047353398,146.602,0.0436
m,7.023290006,150.832,0.0437
m,7.023290006,153.037,0.0437
m,7.019531465,149.201,0.0437
m,7.019133043,148.666,0.0437
m,7.019309708,149.201,0.0436
m,7.342632813,152.484,0.0429
m,7.337654701,137.889,0.0429
m,7.33249934,146.424,0.043
m,7.327835265,141.344,0.0431
m,7.293213634,147.731,0.0433
m,7.288678812,144.26,0.0432
m,7.284364869,146.728,0.0432
m,7.275830304,144.339,0.0431
m,7.271830096,157.031,0.0431
m,7.252188861,144.399,0.0431
m,7.243310645,150.122,0.0431
m,7.239312833,157.534,0.0431
m,7.234599536,143.542,0.0431
m,7.231135314,150.582,0.0432
m,7.200109821,152.201,0.0432
m,7.196163063,151.134,0.0432
m,7.192350625,149.355,0.0432
m,7.188088284,147.97,0.0432
m,7.154873126,155.738,0.0433
m,7.150129115,145.553,0.0434
m,7.145472345,151.412,0.0434
m,7.140638782,151.096,0.0434
m,7.135805747,149.353,0.0434
m,7.094680152,154.9,0.0433
m,7.09007461,153.171,0.0434
m,7.085202921,145.084,0.0434
m,7.08015483,146.762,0.0435
m,7.075417067,156.95,0.0435
m,7.042663817,148.562,0.0437
m,7.042663817,144.784,0.0437
m,7.034258458,145.748,0.0437
m,7.030012476,144.934,0.0437
s,7.019177386,149.976,0.0436
s,7.019177386,149.464,0.0436
s,7.019221982,151.238,0.0436
s,7.019177386,151.611,0.0436
s,7.019354301,148.587,0.0436
s,7.019398896,148.452,0.0436
s,7.019618953,149.224,0.0436
s,7.019751287,149.492,0.0436
s,7.01997279,148.365,0.0436
s,7.019661025,147.028,0.0437
s,7.020412795,147.406,0.0435
s,7.020104878,149.085,0.0435
s,7.020370962,149.841,0.0435
s,7.020370962,146.388,0.0435
s,7.020235869,147.83,0.0435
s,7.019441787,148.07,0.0435
s,7.019575315,148.096,0.0434
s,7.019664267,148.885,0.0433
s,7.019664267,148.448,0.0433
s,7.020417065,151.093,0.0429
s,7.020019968,149.646,0.0428
s,7.020017605,149.63,0.0431
s,7.020370949,150.846,0.0429
s,7.020547625,148.426,0.0428
s,7.020148481,150.224,0.0431
s,7.020546421,150.768,0.0429
s,7.020812272,151.25,0.0428
s,7.020635355,148.942,0.0428
s,7.020548418,147.745,0.0425
s,7.020593028,148.576,0.0425
s,7.020593028,148.415,0.0425
s,7.020416121,148.42,0.0425
s,7.020460735,148.886,0.0425
s,7.020637874,148.53,0.0426
s,7.020461204,149.474,0.0427
s,7.020461204,150.464,0.0427
s,7.020461204,149.856,0.0427
s,7.020682963,150.93,0.0428
s,7.020859868,149.34,0.0428
s,7.020731398,148.612,0.0423
s,7.019983032,150.68,0.0424
s,7.020596219,150.601,0.0425
s,7.01997279,149.064,0.0436
s,7.020194291,148.233,0.0436
s,7.020194291,148.082,0.0436
s,7.020149708,147.207,0.0436
s,7.019749907,146.21,0.0436
s,7.020677538,146.431,0.0435
s,7.020632986,146.968,0.0435
s,7.020677538,148.419,0.0435
s,7.020677538,147.37,0.0435
s,7.019930142,149.68,0.0432
s,7.02001936,149.597,0.0432
s,7.020062448,149.047,0.0432
s,7.020151174,149.28,0.043
s,7.020283479,150.606,0.043
s,7.020370949,150.126,0.0429
s,7.020679946,149.118,0.0428
s,7.020635594,149.439,0.0429
s,7.020635355,148.545,0.0428
s,7.020679946,147.445,0.0428
s,7.020370711,149.242,0.0428
s,7.020370711,149.817,0.0428
s,7.020459439,150.231,0.0426
s,7.02050381,148.524,0.0425
s,7.020460735,148.242,0.0425
s,7.020637874,149.24,0.0426
s,7.020593261,149.972,0.0426
s,7.020505586,149.305,0.0426
s,7.020373302,147.231,0.0426
s,7.02041659,150.761,0.0427
s,7.020548887,148.664,0.0427
s,7.020725796,149.92,0.0427
s,7.020548887,148.995,0.0427
s,7.020461204,148.538,0.0427
s,7.020595986,148.849,0.0424
s,7.021038827,148.068,0.0423
s,7.021215724,149.196,0.0423
s,7.021260136,148.042,0.0422
s,7.020995642,149.634,0.0422
s,7.020992332,147.961,0.0422
s,7.021390534,147.539,0.0421
s,7.02156721,147.07,0.042
s,7.021876169,147.906,0.0419
s,7.022411608,150.253,0.041
s,7.022455856,151.668,0.0408
s,7.02263274,150.734,0.0408
s,7.022677411,150.529,0.0408
s,7.022285801,149.615,0.0404
s,7.021930474,149.035,0.0406
s,7.021489306,148.971,0.0406
s,7.0214891,148.842,0.0405
s,7.021665966,149.745,0.0405
s,7.022546432,149.536,0.0405
s,7.022678623,149.683,0.0405
s,7.02263394,151.208,0.0405
s,7.022544787,150.742,0.0406
s,7.022367905,154.88,0.0406
s,7.021133989,150.742,0.0408
s,7.021310858,152.049,0.0408
s,7.021662253,153.172,0.0406
s,7.022590315,151.223,0.0401
s,7.021844426,152.049,0.0392
s,7.021978303,150.604,0.039
s,7.021890782,152.555,0.0389
s,7.02197977,151.64,0.0386
s,7.022113907,150.969,0.0385
s,7.021669806,151.215,0.038
s,7.021537565,150.966,0.0379
s,7.021846483,153.824,0.0379
s,7.021846483,152.1,0.0379
s,7.022285164,151.405,0.0378
s,7.023914578,151.828,0.0372
s,7.024975202,150.523,0.0368
s,7.025460988,149.882,0.0367
s,7.025462237,150.797,0.0375
s,7.022495237,147.899,0.0415
s,7.022407586,148.135,0.0415
s,7.021967621,147.135,0.0414
s,7.022056712,148.862,0.0413
s,7.022056283,149.352,0.0411
s,7.022677411,149.448,0.0408
s,7.022500527,148.759,0.0408
s,7.022500736,151.087,0.0409
s,7.022720506,148.75,0.0409
s,7.023029624,147.885,0.0409
s,7.021798115,149.645,0.0405
s,7.021930269,148.609,0.0405
s,7.022194593,147.889,0.0405
s,7.022194593,150.823,0.0405
s,7.022367905,152.812,0.0406
s,7.022323229,151.723,0.0406
s,7.022587658,150.491,0.0406
s,7.021444793,150.993,0.0407
s,7.021133989,152.026,0.0408
s,7.022590315,149.771,0.0401
s,7.021663171,150.44,0.0401
s,7.021266313,150.137,0.0399
s,7.021621493,149.874,0.0396
s,7.021887439,150.593,0.0394
s,7.022600897,151.19,0.0379
s,7.02260073,150.701,0.0378
s,7.022023331,149.686,0.0379
s,7.021846651,149.417,0.038
s,7.023079311,154.946,0.0374
s,7.023079311,151.985,0.0374
s,7.023079311,150.196,0.0374
s,7.02312405,150.673,0.0374
s,7.023607529,148.518,0.0372
s,7.024969607,150.846,0.0378
s,7.025367877,152.344,0.0377
s,7.026164583,152.42,0.0376
s,7.026648665,151.408,0.0374
s,7.026870195,151.786,0.0374
s,7.02695946,149.753,0.0374
s,7.026781265,148.766,0.0376
s,7.027223997,150.32,0.0374
s,7.027445368,150.718,0.0373
s,7.027666898,149.684,0.0373
s,7.025777495,148.695,0.0364
s,7.026037627,148.208,0.0363
s,7.026081903,149.166,0.036
s,7.025423203,148.323,0.036
s,7.0256019,146.969,0.0358
m,7.027495684,143.012,0.0351
m,7.026389739,147.802,0.0351
m,7.022364459,154.67,0.0351
m,7.019091445,144.105,0.0351
m,6.982539526,159.138,0.0359
m,6.978255576,150.129,0.0359
m,6.974058877,150.017,0.036
m,6.969775929,143.165,0.0361
m,6.965049795,152.289,0.0362
m,6.932593057,144.807,0.0377
m,6.930310313,152.746,0.0379
m,6.924393683,149.987,0.0378
m,6.919169044,148.164,0.0375
m,6.914339206,148.885,0.0373
m,6.891053935,142.991,0.0366
m,6.887487135,144.153,0.0366
m,6.883567947,143.223,0.0366
m,6.879649348,137.778,0.0367
m,6.851182324,159.772,0.0372
m,6.846961314,148.476,0.0373
m,6.842379306,146.902,0.0374
m,6.838419173,142.284,0.0376
m,6.834283052,153.896,0.0377
m,6.805755701,148.124,0.0383
m,6.801974458,152.112,0.0383
m,6.794024944,144.361,0.0383
m,6.789422554,149.762,0.0384
m,6.784727343,143.59,0.0384
s,7.027666898,150.888,0.0373
s,7.027670941,148.667,0.0366
s,7.027671548,149.052,0.037
s,7.026611785,148.769,0.0368
m,7.026266445,148.25,0.0356
m,7.02723982,145.971,0.0353
m,7.027328951,144.736,0.035
m,7.028345057,144.788,0.0348
m,7.027682402,158.463,0.0348
m,7.016127733,151.873,0.0353
m,7.011883788,143.591,0.0357
m,6.998975321,147.022,0.0359
m,6.994866503,145.894,0.0359
m,6.986515339,158.327,0.0359
m,6.959538943,141.782,0.0363
m,6.953594859,150.037,0.0364
m,6.947917312,150.277,0.0372
m,6.942554643,144.307,0.0376
m,6.911247478,153.401,0.0369
m,6.909201438,147.781,0.0369
m,6.902194725,154.456,0.0368
m,6.902194573,140.63,0.0367
m,6.894974118,143.309,0.0367
m,6.87590739,146.934,0.0367
m,6.871813313,152.102,0.0368
m,6.867719705,154.745,0.0369
m,6.863236067,148.289,0.037
m,6.855097588,151.342,0.0371
m,6.825862982,140.233,0.0379
m,6.817991728,154.461,0.038
m,6.814116576,147.457,0.0381
m,6.810065352,146.681,0.0381
m,6.780079987,143.975,0.0385
m,6.775433355,143.298,0.0385
m,6.770741015,143.846,0.0387
m,6.760912205,142.379,0.0388
m,6.75587005,146.08,0.0388
m,6.755870234,151.274,0.0389
m,6.746560931,153.232,0.0391
m,6.741320105,156.288,0.0397
m,6.73640983,145.597,0.04
m,6.704704377,153.467,0.041
m,6.700056336,153.132,0.0411
m,6.695233381,152.059,0.0413
m,6.690267255,154.699,0.0413
m,6.685285047,144.524,0.0414
m,6.649740739,147.14,0.042
m,6.644798165,141.529,0.0421
m,6.640031701,143.341,0.0422
m,6.635441289,148.749,0.0423
m,6.630978214,147.352,0.0423
m,6.600356607,152.612,0.0428
m,6.595596907,147.254,0.0429
m,6.591236869,153.041,0.0429
m,6.587004311,142.461,0.0431
m,6.55335887,150.702,0.0437
m,6.548557102,144.277,0.0438
m,6.544106452,145.132,0.0441
m,6.535277498,150.298,0.0442
m,6.530702669,145.29,0.0443
m,6.502885459,150.294,0.0441
m,6.498217111,153.585,0.0441
m,6.498216578,149.894,0.0439
m,6.490305259,149.064,0.0437
m,6.486412995,146.632,0.0435
m,6.455854367,143.238,0.0429
m,6.451446605,144.663,0.0429
m,6.44733788,147.636,0.0428
m,6.438948931,145.998,0.0428
m,6.413046321,148.981,0.0431
m,6.408545311,147.211,0.0431
m,6.399843246,150.993,0.0432
m,6.395518732,147.756,0.0432
m,6.391143776,155,0.0432
m,6.731723688,152.708,0.0404
m,6.727308114,154.73,0.0404
m,6.717981832,156.001,0.0407
m,6.713650573,150.337,0.0408
m,6.709400549,149.031,0.0409
m,6.674924419,155.762,0.0415
m,6.669817508,157.176,0.0415
m,6.665318073,142.268,0.0416
m,6.659659013,146.847,0.0418
m,6.626613059,145.404,0.0425
m,6.622121291,152.061,0.0425
m,6.613617712,152.599,0.0426
m,6.613617956,145.011,0.0427
m,6.604893028,153.961,0.0427
m,6.58229528,144.396,0.0431
m,6.572529573,144.367,0.0432
m,6.567648078,146.421,0.0433
m,6.567648332,148.646,0.0434
m,6.558188489,146.157,0.0435
m,6.526353189,151.818,0.0445
m,6.521546716,156.103,0.0444
m,6.5172483,148.055,0.0442
m,6.512325562,151.406,0.0441
m,6.482397078,142.423,0.0433
m,6.478207805,154.505,0.0432
m,6.469359291,149.284,0.0431
m,6.46477411,147.734,0.0431
m,6.460313796,144.732,0.043
m,6.434842876,143.599,0.0428
m,6.434842876,144.277,0.0428
m,6.42663318,157.97,0.0428
m,6.42260234,156.965,0.0429
m,6.417874925,151.699,0.043
m,6.391143776,147.765,0.0432
m,6.382201537,154.145,0.0432
m,6.377757648,153.444,0.0433
m,6.373263007,147.814,0.0433
m,6.368943486,149.892,0.0434
m,6.360532065,143.303,0.0435
m,6.356337007,155.127,0.0435
m,6.351968626,153.373,0.0435
m,6.347601191,148.484,0.0436
m,6.31645623,156.402,0.0439
m,6.312372422,150.517,0.044
m,6.308410797,152.186,0.044
m,6.304467077,148.027,0.044
m,6.277675955,150.078,0.0441
m,6.269486293,150.261,0.0442
m,6.264942758,150.104,0.0442
m,6.264942758,150.755,0.0442
m,6.256515571,149.508,0.0442
m,6.232721473,150.396,0.0442
m,6.228946669,152.369,0.0442
m,6.225293067,145.052,0.0443
m,6.220505252,158.305,0.0443
m,6.21540074,154.993,0.0445
m,6.183543314,148.354,0.0446
m,6.178858537,145.337,0.0446
m,6.174323457,145.031,0.0445
m,6.165650908,146.772,0.0446
m,6.139252328,141.712,0.0445
m,6.135267726,149.432,0.0444
m,6.127473829,151.023,0.0444
m,6.123491501,153.84,0.0444
m,6.119509563,155.192,0.0443
m,6.09607749,156.085,0.0445
m,6.09607749,143.065,0.0445
m,6.088429811,150.765,0.0444
m,6.084288903,143.391,0.0444
m,6.08020346,149.003,0.0445
m,6.050880493,148.085,0.0445
m,6.046743715,154.078,0.0445
m,6.042724618,148.655,0.0445
m,6.038760987,153.783,0.0445
m,6.342834597,151.79,0.0436
m,6.338416741,145.747,0.0437
m,6.329338596,152.697,0.0438
m,6.324974323,151.305,0.0438
m,6.324974592,151.08,0.0439
m,6.300402275,146.743,0.044
m,6.292899856,150.584,0.044
m,6.289010325,152.011,0.044
m,6.285347297,153.232,0.044
m,6.281511198,154.165,0.044
m,6.252284377,156.083,0.0442
m,6.248279998,147.987,0.0442
m,6.244276253,150.381,0.0442
m,6.240446533,158.138,0.0442
m,6.210243886,147.662,0.0446
m,6.205607123,159.476,0.0445
m,6.201144738,148.389,0.0445
m,6.192741974,146.091,0.0445
m,6.188401737,148.977,0.0445
m,6.16121589,143.467,0.0444
m,6.156363568,150.427,0.0445
m,6.156364426,146.858,0.0448
m,6.147288557,142.037,0.0448
m,6.143184069,154.607,0.0448
m,6.115701249,155.117,0.0443
m,6.111903091,151.235,0.0444
m,6.107932949,150.63,0.0446
m,6.099820395,148.096,0.0447
m,6.076290732,151.441,0.0445
m,6.067949346,148.664,0.0445
m,6.06369324,148.737,0.0445
m,6.059382733,155.023,0.0445
m,6.055072703,145.723,0.0445
m,6.03525952,158.29,0.0445
m,6.030324764,154.841,0.0445
m,6.029173958,156.248,0.0445
m,6.029001676,156.725,0.0445
m,6.028884325,156.082,0.0444
s,6.028884325,157.68,0.0444
s,6.028884325,154.998,0.0444
s,6.02888404,154.243,0.0443
s,6.02894589,154.145,0.0443
s,6.02894589,154.142,0.0443
s,6.028373826,157.962,0.0443
s,6.02814633,154.62,0.0443
s,6.02791855,152.964,0.0442
s,6.027863341,154.385,0.0442
s,6.027925225,155.168,0.0442
s,6.02668962,154.945,0.043
s,6.026806633,155.26,0.043
s,6.026965154,152.66,0.0427
s,6.027247188,154.008,0.0424
s,6.027341408,152.03,0.0423
s,6.027286198,150.958,0.0423
s,6.027520119,154.236,0.0422
s,6.027232442,154.406,0.0416
s,6.027060202,155.088,0.0416
s,6.026942551,153.995,0.0413
s,6.026942551,153.559,0.0413
s,6.026019765,151.693,0.0413
s,6.025958185,151.083,0.0413
s,6.025957951,154.158,0.0412
s,6.026714774,157.782,0.0412
s,6.026831714,154.772,0.0412
s,6.027120907,156.816,0.0412
s,6.02735483,157.52,0.0412
s,6.027767495,154.284,0.0412
s,6.027767495,153.239,0.0412
s,6.027939992,151.287,0.0413
s,6.027939992,153.301,0.0413
s,6.027939992,153.729,0.0413
s,6.028580335,159.042,0.0413
s,6.028697374,160.842,0.0413
s,6.028752608,155.365,0.0413
s,6.028752608,157.371,0.0413
s,6.028980117,156.523,0.0413
s,6.028718395,158.523,0.0443
s,6.028601323,154.581,0.0443
s,6.02854611,154.494,0.0443
s,6.02854611,155.175,0.0443
s,6.027478423,154.557,0.0438
s,6.026899718,156.126,0.0437
s,6.026320794,152.13,0.0435
s,6.026369526,153.259,0.0434
s,6.026456147,152.594,0.0432
s,6.027075444,153.449,0.0426
s,6.026922614,155.717,0.0426
s,6.027163005,154.984,0.0425
s,6.027163005,153.016,0.0425
s,6.027396873,153.403,0.0424
s,6.026365182,158.346,0.0417
s,6.026260877,153.586,0.0417
s,6.026316179,156.496,0.0417
s,6.027072963,153.128,0.0416
s,6.026302408,157.349,0.0412
s,6.026536229,154.798,0.0412
s,6.026480915,155.377,0.0412
s,6.026597841,156.301,0.0412
s,6.02665315,154.802,0.0412
s,6.02735483,157.825,0.0412
s,6.027416525,154.345,0.0412
s,6.027533508,152.489,0.0412
s,6.027650499,154.238,0.0412
s,6.027767495,153.781,0.0412
s,6.028112253,155.313,0.0413
s,6.028229264,155.612,0.0413
s,6.02834628,157.258,0.0413
s,6.02834628,154.229,0.0413
s,6.029035592,153.696,0.0414
s,6.029035592,153.108,0.0414
s,6.029035592,155.846,0.0414
s,6.028746299,154.126,0.0414
s,6.0288568,152.723,0.0414
s,6.028912053,151.483,0.0414
s,6.028795051,152.388,0.0414
s,6.028678056,151.41,0.0414
s,6.028733325,149.046,0.0414
s,6.028782416,151.765,0.0415
s,6.028805326,153.588,0.0411
s,6.028301559,153.87,0.0413
s,6.027834478,156.121,0.0415
s,6.027717606,152.438,0.0415
s,6.027822188,151.975,0.0415
s,6.02764998,154.607,0.0415
s,6.027705351,152.249,0.0415
s,6.027673999,155.954,0.0409
s,6.027347924,153.801,0.0411
s,6.028673954,150.921,0.0401
s,6.028926852,154.216,0.0404
s,6.029339204,154.254,0.0404
s,6.029394291,152.441,0.0403
s,6.030488104,152.564,0.0397
s,6.030721823,153.196,0.0396
s,6.030487691,152.007,0.0395
s,6.029792383,153.179,0.0395
s,6.030019725,155.653,0.0394
s,6.030879922,156.344,0.0389
s,6.030977035,156.204,0.0384
s,6.030798601,156.681,0.0384
s,6.030866566,154.872,0.0385
s,6.031450807,158.037,0.0383
s,6.031788055,153.172,0.0378
s,6.031670955,152.002,0.0377
s,6.031670608,153.545,0.0375
s,6.032297769,153.038,0.0374
s,6.032269199,156.02,0.0381
s,6.032152032,157.299,0.038
s,6.032269199,154.716,0.0381
s,6.032558455,153.313,0.0381
s,6.032626913,152.233,0.0382
s,6.028788833,149.927,0.0415
s,6.028788833,150.786,0.0415
s,6.028788833,152.404,0.0415
s,6.028727133,153.062,0.0415
s,6.028727133,153.961,0.0415
s,6.027772958,152.517,0.0415
s,6.027772958,153.801,0.0415
s,6.027711459,153.07,0.0415
s,6.027766822,152.505,0.0415
s,6.026598252,153.346,0.0413
s,6.026659157,153.196,0.0411
s,6.026714333,153.733,0.041
s,6.027979734,155.558,0.0404
s,6.028673954,152.519,0.0401
s,6.029744894,153.974,0.0402
s,6.030495131,154.18,0.04
s,6.030550199,154.399,0.0399
s,6.029867818,156.031,0.04
s,6.030322666,154.358,0.0399
s,6.029970551,154.295,0.0393
s,6.030652773,151.945,0.0391
s,6.030824818,154.332,0.039
s,6.030824818,157.709,0.039
s,6.031285105,153.914,0.0384
s,6.031801477,153.458,0.0382
s,6.031973543,152.985,0.0381
s,6.031973543,153.43,0.0381
s,6.031856222,153.835,0.0379
s,6.031800934,155.196,0.0379
s,6.032090151,152.855,0.0379
s,6.031979957,153.221,0.0381
s,6.031979957,152.406,0.0381
s,6.032269199,155.361,0.0381
s,6.032172262,153.004,0.0384
s,6.032172449,153.113,0.0385
s,6.03188315,154.971,0.0385
s,6.031827907,153.483,0.0385
s,6.03182772,151.201,0.0384
s,6.031827907,154.269,0.0385
s,6.03194494,157.069,0.0385
s,6.03188315,154.54,0.0385
s,6.031593863,151.261,0.0385
s,6.032571857,156.381,0.0383
s,6.032571857,156.172,0.0383
s,6.032743946,153.876,0.0382
s,6.032860986,155.17,0.0382
m,6.033026512,157.813,0.0381
m,6.032558455,152.608,0.0381
m,6.031173976,149.039,0.0381
m,6.028645637,146.45,0.0381
m,6.025896193,147.827,0.0381
m,6.006861344,145.716,0.0378
m,6.003706871,147.952,0.0377
m,6.000263838,152.186,0.0376
m,5.993334306,148.99,0.0376
m,5.993334306,150.169,0.0376
m,5.961937786,144.862,0.0375
m,5.95753078,155.951,0.0375
m,5.953179745,153.504,0.0375
m,5.948940613,154.339,0.0375
m,5.91963456,147.371,0.0377
m,5.915057467,146.638,0.0377
m,5.910420866,153.941,0.0377
m,5.90583386,153.776,0.0377
m,5.901198346,148.347,0.0378
m,5.873799157,152.937,0.038
m,5.869280757,148.888,0.038
m,5.864762779,148.836,0.0381
m,5.855957625,157.402,0.0381
m,5.851553235,151.557,0.0382
m,5.822732463,145.573,0.0385
m,5.817702666,148.22,0.0385
m,5.807701967,154.998,0.0385
m,5.802901425,157.304,0.0385
s,6.031938209,152.601,0.0384
s,6.031938023,153.072,0.0383
s,6.032282559,152.025,0.0383
s,6.032399586,153.587,0.0383
s,6.032571857,153.874,0.0383
s,6.032688711,153.376,0.0382
s,6.032854425,155.811,0.0382
m,6.032964918,154.12,0.0382
m,6.033026512,153.964,0.0381
m,6.033026512,151.482,0.0381
m,6.019930102,144.453,0.0381
m,6.016719545,155.651,0.038
m,6.013509321,150.614,0.038
m,6.010188196,156.246,0.0379
m,5.986288548,149.655,0.0375
m,5.982619089,155.38,0.0375
m,5.978894259,153.228,0.0375
m,5.974825551,152.271,0.0375
m,5.970701412,146.528,0.0375
m,5.944701799,145.607,0.0375
m,5.940351652,148.727,0.0376
m,5.93216737,154.168,0.0376
m,5.93216737,147.297,0.0376
m,5.924039765,148.092,0.0376
m,5.891927946,149.109,0.0378
m,5.88740872,157.404,0.0378
m,5.8874089,143.403,0.0379
m,5.878202191,147.409,0.0379
m,5.847146951,151.384,0.0382
m,5.842743421,156.273,0.0383
m,5.838281677,146.531,0.0383
m,5.833194333,146.181,0.0384
m,5.828105524,148.571,0.0384
m,5.798272911,156.694,0.0386
m,5.793530016,144.623,0.0386
m,5.789016526,148.485,0.0386
m,5.784503479,145.092,0.0387
m,5.780218882,155.808,0.0387
m,5.775877538,152.613,0.0387
m,5.771536612,154.812,0.0388
m,5.762797931,147.913,0.0388
m,5.758000733,154.148,0.0389
m,5.752975208,152.271,0.0389
m,5.725174694,153.885,0.0394
m,5.72020849,150.235,0.0395
m,5.714900172,160.543,0.0396
m,5.709593463,152.104,0.0397
m,5.704001072,150.413,0.0398
m,5.667601101,152.966,0.0403
m,5.663153155,157.606,0.0404
m,5.658476739,153.15,0.0405
m,5.649521381,152.106,0.0405
m,5.618076288,149.598,0.0406
m,5.613577952,142.962,0.0406
m,5.609080149,153.936,0.0406
m,5.604466493,152.249,0.0407
m,5.600023689,147.531,0.0407
m,5.57145005,153.818,0.0406
m,5.567587156,155.161,0.0405
m,5.563724622,149.561,0.0403
m,5.559580894,155.523,0.0402
m,5.55526079,154.665,0.0399
m,5.524949658,145.049,0.0393
m,5.520285464,155.33,0.0391
m,5.515510987,149.112,0.0391
m,5.50564623,147.664,0.0391
m,5.478224119,144.746,0.0389
m,5.467944952,152.449,0.0388
m,5.467944952,152.065,0.0388
m,5.457837755,157.411,0.0387
m,5.453088713,146.631,0.0387
m,5.428558568,151.512,0.0384
m,5.424833808,153.709,0.0383
m,5.420929568,147.891,0.0383
m,5.416686246,153.257,0.0382
m,5.412240609,149.243,0.038
m,5.748292821,155.983,0.039
m,5.743554858,149.09,0.0391
m,5.734192667,149.49,0.0392
m,5.729569207,153.526,0.0393
m,5.698695337,154.72,0.0399
m,5.688025642,147.731,0.04
m,5.682661372,153.061,0.04
m,5.677526275,161.255,0.0401
m,5.672506889,154.497,0.0402
m,5.649521612,152.399,0.0406
m,5.640631133,157.063,0.0407
m,5.636300683,152.937,0.0406
m,5.631858142,149.814,0.0406
m,5.627245389,155.202,0.0406
m,5.595293093,152.366,0.0404
m,5.59051409,154.663,0.0405
m,5.580328669,148.667,0.0407
m,5.580328669,150.47,0.0407
m,5.551052879,158.864,0.0397
m,5.542645589,156.111,0.0396
m,5.538202988,156.482,0.0395
m,5.538202774,150.994,0.0394
m,5.52938435,156.523,0.0393
m,5.50077055,147.662,0.039
m,5.496228068,150.41,0.039
m,5.491745545,154.037,0.039
m,5.487263594,156.053,0.039
m,5.482884115,155.595,0.039
m,5.448610893,158.56,0.0386
m,5.444193566,155.613,0.0385
m,5.436200351,150.067,0.0385
m,5.432223948,144.732,0.0384
m,5.403432489,151.667,0.0379
m,5.403432489,155.565,0.0379
m,5.395047533,144.757,0.0378
m,5.391085605,150.59,0.0377
m,5.386954736,149.528,0.0377
m,5.383102855,142.126,0.0376
m,5.379493187,157.406,0.0374
m,5.375896771,154.597,0.0374
m,5.367554286,156.273,0.0373
m,5.343673716,146.171,0.0369
m,5.339638256,155.759,0.0368
m,5.332055453,148.2,0.0368
m,5.32842646,159.364,0.0367
m,5.324543811,150.009,0.0367
m,5.291201761,156.359,0.0373
m,5.28812146,156.839,0.0375
m,5.284678889,153.048,0.0376
m,5.281007666,149.411,0.0378
m,5.276638315,146.975,0.0378
m,5.24937856,145.111,0.0385
m,5.245648122,146.341,0.0386
m,5.241703817,153.15,0.0387
m,5.237532233,145.208,0.0389
m,5.206081848,153.092,0.0393
m,5.201984122,147.131,0.0394
m,5.197949164,147.238,0.0395
m,5.190264209,155.486,0.0395
m,5.186490022,150.828,0.0395
m,5.163122182,147.889,0.0397
m,5.158996616,140.508,0.0397
m,5.154409309,140.023,0.0396
m,5.150709852,147.067,0.0399
m,5.146314073,142.021,0.04
m,5.114798207,146.995,0.04
m,5.110070207,152.959,0.0401
m,5.101077921,149.375,0.0401
m,5.096877211,151.529,0.0401
m,5.071947156,152.045,0.04
m,5.068122753,154.448,0.0401
m,5.059421367,156.34,0.0402
m,5.055033982,157.177,0.0403
m,5.051213926,153.733,0.0403
m,5.36343896,144.535,0.0373
m,5.363438783,155.358,0.0372
m,5.355744787,153.793,0.0371
m,5.351788454,150.931,0.0371
m,5.347723991,152.301,0.037
m,5.320731525,145.784,0.0367
m,5.31441797,146.334,0.0369
m,5.309962487,153.312,0
m,5.294010598,140.599,0.0371
m,5.272913233,142.093,0.038
m,5.265182954,153.469,0.0381
m,5.261225902,145.925,0.0382
m,5.2612261,149.309,0.0383
m,5.253211959,143.827,0.0384
m,5.228506198,146.3,0.039
m,5.223803531,145.016,0.0391
m,5.219256058,155.611,0.0392
m,5.214648006,152.446,0.0392
m,5.210210202,141.927,0.0393
m,5.182423738,148.366,0.0396
m,5.178144379,153.673,0.0396
m,5.174070079,141.109,0.0397
m,5.170564966,150.275,0.0397
m,5.137377549,153.319,0.04
m,5.137377549,149.059,0.04
m,5.128838702,147.968,0.04
m,5.124214152,149.3,0.04
m,5.119758174,148.332,0.04
m,5.092487339,150.141,0.0401
m,5.092487339,146.727,0.0401
m,5.084022486,146.108,0.04
m,5.079801995,155.742,0.0401
m,5.075727208,148.16,0.0401
m,5.046891046,150.321,0.0404
m,5.042799918,149.265,0.0404
m,5.038645479,143.337,0.0403
m,5.030610342,154.001,0.0403
m,5.030610099,149.626,0.0402
m,5.022569261,143.553,0.0402
m,5.018768428,144.506,0.0401
m,5.014736402,145.401,0.0401
m,5.010959841,142.733,0.0401
s,5.002577884,155.181,0.0404
s,5.002439511,155.139,0.0404
s,5.0027847,156.003,0.0404
s,5.003001891,159.34,0.0404
s,5.00398731,155.064,0.0405
s,5.004180096,160.912,0.0405
s,5.003978105,158.468,0.0403
s,5.003858554,156.117,0.0403
s,5.003794518,155.892,0.0403
s,5.003849356,161.045,0.0404
s,5.00391336,159.771,0.0404
s,5.003977368,158.948,0.0404
s,5.003977122,161.869,0.0403
s,5.003977122,161.265,0.0403
s,5.00393782,157.344,0.0404
s,5.004105643,160.662,0.0405
s,5.004105643,161.691,0.0405
s,5.004208956,161.156,0.0404
s,5.00408119,160.518,0.0405
s,5.00408119,159.065,0.0405
s,5.00408119,160.11,0.0405
s,5.004080942,160.318,0.0404
s,5.004080942,160.246,0.0404
s,5.003809789,155.852,0.0404
s,5.003642213,154.81,0.0404
s,5.004041627,157.312,0.0405
s,5.004105643,155.147,0.0405
s,5.004041627,152.889,0.0405
s,5.004480109,157.857,0.0404
s,5.004248525,155.453,0.0404
s,5.004184525,154.869,0.0404
s,5.004184279,154.473,0.0403
m,5.007454947,147.246,0.0401
m,5.002569317,151.068,0.0401
m,5.001651771,157.197,0.0401
m,5.001646139,153.012,0.0403
s,5.002079511,156.23,0.0403
s,5.003372578,155.101,0.0404
s,5.003294609,154.372,0.0405
s,5.003551413,157.136,0.0405
s,5.003640824,158.9,0.0405
s,5.003833517,155.091,0.0405
s,5.003626956,156.65,0.0403
s,5.003459391,156.854,0.0403
s,5.003410377,155.658,0.0403
s,5.003809543,154.652,0.0403
s,5.003977122,159.223,0.0403
s,5.003977122,158.079,0.0403
s,5.003913114,157.897,0.0403
s,5.003937574,156.281,0.0403
s,5.00393782,155.734,0.0404
s,5.004208956,159.293,0.0404
s,5.004144946,160.566,0.0404
s,5.004144946,158.203,0.0404
s,5.004144946,159.41,0.0404
s,5.004144946,156.749,0.0404
s,5.004080942,158.279,0.0404
s,5.004080942,153.586,0.0404
s,5.00391336,154.015,0.0404
s,5.00391336,155.197,0.0404
s,5.003873803,158.129,0.0404
s,5.004041379,156.776,0.0404
s,5.004208956,155.997,0.0404
s,5.004144946,152.896,0.0404
s,5.004480109,155.781,0.0404
s,5.004080695,151.906,0.0403
s,5.004080695,153.502,0.0403
s,5.003977122,154.61,0.0403
s,5.004080451,157.859,0.0402
s,5.003952451,156.552,0.0402
s,5.004056046,158.23,0.0402
s,5.004095667,158.799,0.0402
s,5.004199286,158.723,0.0402
s,5.004199286,158.135,0.0402
s,5.003967711,154.04,0.0402
s,5.003943172,160.604,0.0401
s,5.003775566,159.939,0.0401
s,5.003775326,161.387,0.04
s,5.003879213,159.91,0.0401
s,5.003879213,160.168,0.0401
s,5.003878735,158.099,0.0399
s,5.003982157,157.715,0.0398
s,5.004149769,157.411,0.0398
s,5.004149769,159.853,0.0398
s,5.004421057,155.468,0.0398
s,5.004253439,153.024,0.0398
s,5.004253439,161.009,0.0398
s,5.004253439,153.934,0.0398
s,5.004317384,154.891,0.0398
s,5.004484765,156.731,0.0397
s,5.004484765,156.463,0.0397
s,5.004652382,159.49,0.0397
s,5.004548712,161.394,0.0397
s,5.004716327,161.353,0.0397
s,5.005060183,157.119,0.0396
s,5.005459356,152.551,0.0396
s,5.00556298,159.914,0.0396
s,5.005459356,156.204,0.0396
s,5.006887988,153.693,0.0394
s,5.007055361,156.218,0.0393
s,5.007286935,153.084,0.0393
s,5.007789734,154.053,0.0393
s,5.008188907,155.28,0.0393
s,5.008947375,155.689,0.0392
s,5.00921838,156.688,0.0391
s,5.009194319,156.124,0.0392
s,5.009130364,157.45,0.0392
s,5.009130588,155.977,0.0393
s,5.003967469,160.051,0.0401
s,5.003967469,158.242,0.0401
s,5.003799872,161.1,0.0401
s,5.003735898,160.007,0.0401
s,5.003878973,160.216,0.04
s,5.003775326,157.264,0.04
s,5.003711363,155.865,0.04
s,5.003711363,158.608,0.04
s,5.003878973,158.246,0.04
s,5.004317384,160.817,0.0398
s,5.004253439,160.66,0.0398
s,5.004253439,155.714,0.0398
s,5.004421057,155.57,0.0398
s,5.004357119,156.545,0.0398
s,5.004317384,154.568,0.0398
s,5.004484999,155.476,0.0398
s,5.004484999,156.433,0.0398
s,5.004484999,154.044,0.0398
s,5.004780043,158.275,0.0396
s,5.005060183,156.526,0.0396
s,5.005060183,160.016,0.0396
s,5.004828841,162.113,0.0397
s,5.004828608,158.244,0.0396
s,5.005523334,156.552,0.0396
s,5.005587316,155.451,0.0396
s,5.00575468,152.531,0.0395
s,5.00632122,155.52,0.0394
s,5.006656413,157.389,0.0394
s,5.008070026,156.77,0.0393
s,5.008316629,158.969,0.0392
s,5.008548202,155.555,0.0392
s,5.008612182,154.07,0.0392
s,5.009401868,154.926,0.0393
s,5.009465814,160.766,0.0393
s,5.009697377,157.986,0.0393
s,5.009697377,159.86,0.0393
s,5.009761327,158.807,0.0393
s,5.01005685,160.651,0.0393
s,5.01005685,156.202,0.0393
s,5.01005685,159.689,0.0393
s,5.010185,159.263,0.0394
s,5.010234608,160.007,0.0398
s,5.010313864,157.469,0.0398
s,5.010377839,159.067,0.0398
s,5.010377839,160.018,0.0398
s,5.010545437,161.313,0.0398
s,5.01067363,155.398,0.0399
s,5.010841226,154.933,0.0399
s,5.010865593,155.348,0.0399
s,5.011447885,158.489,0.04
s,5.010530658,157.353,0.04
s,5.01003399,155.779,0.0399
s,5.010137666,154.78,0.0399
s,5.010137666,154.824,0.0399
s,5.010137666,155.31,0.0399
s,5.009890865,158.543,0.04
s,5.009979141,156.862,0.04
s,5.010003264,155.067,0.0399
s,5.009924098,161.188,0.0399
s,5.010012361,155.103,0.0398
s,5.010155215,158.474,0.0397
s,5.010258786,157.255,0.0397
s,5.009411901,155.539,0.0398
s,5.009347922,158.523,0.0398
s,5.008860712,155.314,0.0399
s,5.007832005,154.908,0.0404
s,5.007265471,157.523,0.0405
s,5.007097867,155.083,0.0405
s,5.006994232,156.288,0.0405
s,5.00583663,159.825,0.0406
s,5.00583663,159.453,0.0406
s,5.005900846,157.642,0.0407
s,5.005900594,160.585,0.0406
s,5.005900594,162.237,0.0406
s,5.010121265,156.224,0.0395
s,5.010121495,158.415,0.0396
s,5.010225142,156.794,0.0396
s,5.010456941,159.494,0.0397
s,5.010377839,158.333,0.0398
s,5.010545437,161.01,0.0398
s,5.010442054,155.557,0.0399
s,5.010442054,155.595,0.0399
s,5.01067363,160.063,0.0399
s,5.010530658,157.677,0.04
s,5.010378075,159.3,0.0399
s,5.010353765,156.601,0.0399
s,5.010161889,155.809,0.0399
s,5.010097938,155.548,0.0399
s,5.010137904,160.457,0.04
s,5.010073966,155.359,0.04
s,5.010010032,158.034,0.04
s,5.010177895,159.781,0.0401
s,5.009970285,158.112,0.04
s,5.010204457,159.141,0.0398
s,5.010189592,158.791,0.0398
s,5.009820064,153.57,0.0397
s,5.009820298,158.793,0.0398
s,5.008565187,157.926,0.0399
s,5.0083341,154.702,0.0401
s,5.008166974,158.093,0.0403
s,5.007999612,154.783,0.0404
s,5.007999612,158.545,0.0404
s,5.007201262,160.76,0.0404
s,5.006905739,158.31,0.0404
s,5.00657052,156.107,0.0404
s,5.006363486,157.443,0.0405
s,5.006171844,154.401,0.0406
s,5.005461766,158.459,0.0406
s,5.005294168,160.242,0.0406
s,5.005126573,156.636,0.0406
m,5.004958979,159.801,0.0406
m,5.004791386,162.184,0.0406
m,5.00426425,149.37,0.0406
m,5.004136051,149.16,0.0405
m,5.003904478,145.396,0.0405
m,5.003234082,139.477,0.0405
m,4.984555802,139.703,0.0402
m,4.980820403,150.091,0.0401
m,4.980820403,144.79,0.0401
m,4.972886922,148.526,0.04
m,4.944118138,140.431,0.0395
m,4.940448496,134.607,0.0395
m,4.936753169,142.552,0.0394
m,4.933057882,145.211,0.0393
m,4.92944025,141.798,0.0393
m,4.909201388,142.088,0.0392
m,4.905738294,138.443,0.0392
m,4.897743851,143.979,0.0392
m,4.893212369,144.566,0.0391
m,4.888513959,154.761,0.0391
m,4.861470629,144.241,0.039
m,4.852512883,140.583,0.039
m,4.847853565,149.002,0.039
m,4.842757476,144.348,0.039
m,4.8012133,143.701,0.0391
m,4.795960726,146.509,0.0391
m,4.790837216,146.93,0.0391
m,4.786086708,148.769,0.0392
m,4.776277036,142.691,0.0392
m,4.749961591,144.177,0.0392
m,4.739624007,140.811,0.0393
m,4.734577135,138.2,0.0394
m,4.734577135,143.117,0.0394
m,4.724509538,151.778,0.0395
m,4.68939145,140.918,0.0396
m,4.683877541,140.847,0.0396
m,4.678587034,155.233,0.0397
m,4.673103171,138.126,0.0399
m,5.001996698,145.87,0.0404
m,5.00025685,143.21,0.0404
m,4.997551194,145.269,0.0404
m,4.994510305,143.223,0.0403
m,4.99131679,142.508,0.0402
m,4.968688803,141.648,0.04
m,4.964554714,149.867,0.0399
m,4.960420753,148.816,0.0398
m,4.952089206,146.105,0.0397
m,4.947955611,136.846,0.0396
m,4.922384716,144.822,0.0392
m,4.922384716,161.002,0.0392
m,4.915792987,142.369,0.0392
m,4.912497171,145.874,0.0392
m,4.883918478,144.89,0.0391
m,4.879026536,152.712,0.039
m,4.874495776,147.625,0.039
m,4.865833746,148.434,0.039
m,4.861470629,148.226,0.039
m,4.83763457,145.562,0.039
m,4.832549428,159.638,0.039
m,4.826768643,141.375,0.039
m,4.817073628,143.528,0.039
m,4.806530165,144.571,0.039
m,4.771423576,140.284,0.0392
m,4.766106491,152.792,0.0392
m,4.760686703,143.703,0.0392
m,4.755305061,149.355,0.0392
m,4.719424258,141.402,0.0395
m,4.71467351,147.382,0.0395
m,4.709755736,141.366,0.0396
m,4.69974073,146.244,0.0396
m,4.694514731,144.105,0.0396
m,4.662173126,145.209,0.0401
m,4.656586061,140.622,0.0401
m,4.656586572,141.055,0.0403
m,4.645630163,145.084,0.0405
m,4.640378139,146.052,0.0407
m,4.630336951,149.995,0.0408
m,4.630336951,144.513,0.0408
m,4.620527363,141.096,0.0408
m,4.615583171,138.747,0.0409
m,4.610897244,142.491,0.041
m,4.577566206,144.023,0.0412
m,4.577566488,141.545,0.0413
m,4.566597805,146.652,0.0413
m,4.561216139,152.7,0.0413
m,4.555899331,143.2,0.0414
m,4.518319279,145.872,0.0416
m,4.513066762,144.493,0.0416
m,4.508019879,145.945,0.0417
m,4.502972718,137.307,0.0417
m,4.468276609,142.183,0.0417
m,4.463590111,149.113,0.0416
m,4.454578137,145.977,0.0414
m,4.450123488,146.088,0.0413
m,4.450122915,145.961,0.0411
m,4.421900955,143.799,0.0403
m,4.412399079,146.357,0.0402
m,4.408009356,148.233,0.0402
m,4.403646357,140.914,0.0402
m,4.399219085,141.365,0.0403
m,4.365821836,158.258,0.0399
m,4.361016965,152.684,0.0397
m,4.356471317,146.926,0.0397
m,4.351822853,146.946,0.0396
m,4.319403379,148.837,0.0396
m,4.310403514,159.563,0.0396
m,4.310403259,148.256,0.0395
m,4.301699561,160.317,0.0394
m,4.29734784,146.675,0.0394
m,4.271057393,157.292,0.0389
m,4.266705422,150.488,0.0388
m,4.266705422,148.019,0.0388
m,4.25800149,144.353,0.0386
m,4.253714106,140.853,0.0385
m,4.605876539,138.916,0.041
m,4.600559448,142.315,0.041
m,4.594805468,146.769,0.0411
m,4.583179691,154.478,0.0412
m,4.550517664,152.742,0.0414
m,4.539716517,148.474,0.0415
m,4.534334847,145.927,0.0415
m,4.528850505,149.402,0.0415
m,4.523636374,147.081,0.0416
m,4.497990128,140.385,0.0417
m,4.487523181,144.373,0.0417
m,4.482605453,143.035,0.0418
m,4.477520169,147.293,0.0418
m,4.472833665,144.35,0.0417
m,4.44121364,141.992,0.0409
m,4.436758733,151.835,0.0407
m,4.431905045,140.107,0.0406
m,4.426948497,153.255,0.0404
m,4.394791632,147.548,0.0403
m,4.390067422,140.624,0.0402
m,4.380323054,143.653,0.0402
m,4.380322524,152.188,0.04
m,4.370637344,145.261,0.0399
m,4.346916267,148.016,0.0396
m,4.337543853,144.885,0.0396
m,4.332690408,141.481,0.0396
m,4.328106842,146.474,0.0396
m,4.32375511,157.373,0.0396
m,4.293060692,146.199,0.0394
m,4.288606042,144.339,0.0393
m,4.284086819,154.931,0.0392
m,4.279631688,145.814,0.0389
m,4.249194893,151.888,0.0384
m,4.244611112,149.017,0.0383
m,4.234079305,146.917,0.0382
m,4.228492247,149.462,0.0382
m,4.223072454,141.979,0.0382
m,4.217587858,148.698,0.0381
m,4.211985951,159.563,0.0381
m,4.20650133,151.745,0.038
m,4.201119408,145.328,0.0379
m,4.160319005,150.01,0.0377
m,4.154808225,152.728,0.0377
m,4.149620161,150.728,0.0377
m,4.139552213,149.527,0.0377
m,4.129651972,152.242,0.0379
m,4.106361597,150.172,0.0379
m,4.097323618,152.797,0.0379
m,4.092869169,141.92,0.0379
m,4.088350404,149.675,0.038
m,4.083998916,144.408,0.0381
m,4.061457939,149.332,0.0386
s,4.061420084,145.625,0.0387
s,4.061252839,148.26,0.0387
s,4.061549011,149.631,0.0386
s,4.062077517,149.18,0.0387
s,4.062077272,150.295,0.0386
s,4.062179917,150.583,0.0386
s,4.062217991,148.514,0.0386
s,4.062320665,151.662,0.0386
s,4.06300462,149.486,0.0386
s,4.06300462,149.818,0.0386
s,4.063171854,149.673,0.0386
s,4.063403691,147.357,0.0386
s,4.063468298,149.167,0.0386
s,4.063726773,147.315,0.0386
s,4.063726773,148.032,0.0386
s,4.063856037,149.176,0.0386
s,4.064023253,150.573,0.0386
s,4.064577621,149.737,0.0383
s,4.064744357,146.16,0.0381
s,4.064743899,147.616,0.0379
s,4.06507786,150.237,0.0377
s,4.065244848,151.837,0.0376
m,4.189455153,153.417,0.0379
m,4.189454933,153.371,0.0378
m,4.177687993,153.357,0.0378
m,4.171842638,153.515,0.0378
m,4.166099781,143.833,0.0377
m,4.124901397,147.62,0.038
m,4.120150598,146.49,0.038
m,4.115567073,149.089,0.038
m,4.110880586,143.87,0.0379
m,4.079480157,150.929,0.0382
m,4.075025941,143.008,0.0383
m,4.070636279,143.82,0.0384
m,4.066877538,157.183,0.0385
m,4.062153413,147.48,0.0386
s,4.061613848,151.02,0.0387
s,4.061845683,149.519,0.0387
s,4.0616782,148.13,0.0386
s,4.061910282,148.452,0.0387
s,4.061910282,150.969,0.0387
s,4.062837387,149.575,0.0386
s,4.062875418,149.198,0.0386
s,4.062940017,150.048,0.0386
s,4.062940017,148.893,0.0386
s,4.06363553,151.98,0.0386
s,4.063700384,148.334,0.0387
s,4.063932227,147.374,0.0387
s,4.063764754,147.673,0.0386
s,4.063662148,149.086,0.0386
s,4.064087647,150.421,0.0385
s,4.06431926,149.63,0.0384
s,4.064550877,150.553,0.0383
s,4.064448313,151.902,0.0383
s,4.064512964,149.017,0.0383
s,4.065244848,149.023,0.0376
s,4.065309498,150.765,0.0376
s,4.065374152,149.056,0.0376
s,4.065438811,147.189,0.0376
s,4.065503473,148.158,0.0376
s,4.065567924,146.228,0.0375
s,4.065697275,147.189,0.0375
s,4.065761956,145.812,0.0375
s,4.065826642,146.051,0.0375
s,4.065988776,148.314,0.0372
s,4.066026791,149.643,0.0372
s,4.065962191,149.87,0.0372
s,4.066064836,149.014,0.0372
s,4.06629667,146.684,0.0372
s,4.066361474,146.255,0.0373
s,4.066361263,146.834,0.0372
s,4.066425863,147.72,0.0372
s,4.066361474,147.441,0.0373
s,4.066258839,148.926,0.0373
s,4.066258839,148.788,0.0373
s,4.066323445,150.714,0.0373
s,4.066323657,149.796,0.0374
s,4.066323657,149.677,0.0374
s,4.066065474,147.27,0.0375
s,4.066065474,149.725,0.0375
s,4.066000887,149.853,0.0375
s,4.066001104,150.293,0.0376
s,4.065872162,151.674,0.0377
s,4.065872162,149.687,0.0377
s,4.065769717,150.603,0.0378
s,4.065705136,150.733,0.0378
s,4.065872385,150.087,0.0378
s,4.066001547,150.037,0.0378
s,4.066001547,150.441,0.0378
s,4.066001547,150.381,0.0378
s,4.066168791,150.465,0.0378
s,4.066233378,151.784,0.0378
s,4.066567646,153.712,0.0377
s,4.066464987,157.275,0.0377
s,4.066464987,152.853,0.0377
s,4.066297745,153.636,0.0377
s,4.065826642,146.047,0.0375
s,4.066058516,148.577,0.0375
s,4.066123208,147.334,0.0375
s,4.06612278,148.472,0.0373
s,4.066106979,149.492,0.0373
s,4.066064836,149.732,0.0372
s,4.066064836,152.522,0.0372
s,4.066064836,151.514,0.0372
s,4.06629667,149.675,0.0372
s,4.06629667,148.947,0.0372
s,4.066194238,147.422,0.0373
s,4.066194238,147.274,0.0373
s,4.066194238,147.897,0.0373
s,4.066194238,148.173,0.0373
s,4.066259052,148.862,0.0374
s,4.066259052,148.389,0.0374
s,4.066259267,149.31,0.0375
s,4.066130067,150.577,0.0375
s,4.066130067,149.413,0.0375
s,4.065936521,148.635,0.0376
s,4.065871942,147.646,0.0376
s,4.065871942,147.314,0.0376
s,4.065872162,146.287,0.0377
s,4.065872162,148.992,0.0377
s,4.065769717,149.454,0.0378
s,4.065769717,151.437,0.0378
s,4.065769717,152.225,0.0378
s,4.066001547,154.121,0.0378
s,4.066233378,151.128,0.0378
s,4.066400622,149.653,0.0378
s,4.066400622,152.211,0.0378
s,4.066400622,150.082,0.0378
s,4.066567868,152.089,0.0378
s,4.066529578,151.133,0.0377
s,4.066594176,150.207,0.0377
s,4.066658776,148.614,0.0377
s,4.066658776,150.029,0.0377
s,4.066658776,150.462,0.0377
s,4.066658556,149.199,0.0376
s,4.066723161,149.088,0.0376
s,4.066658556,148.683,0.0376
s,4.066620543,148.866,0.0376
s,4.066620543,150.06,0.0376
s,4.066863623,150.266,0.0375
s,4.067030867,147.5,0.0375
s,4.066966282,148.601,0.0375
s,4.066966282,147.885,0.0375
s,4.066966282,149.98,0.0375
s,4.067403032,148.414,0.0373
s,4.067338464,149.821,0.0373
s,4.067338254,150.073,0.0372
s,4.067338254,147.637,0.0372
s,4.067170585,149.625,0.037
s,4.067170585,148.89,0.037
s,4.067170382,151.923,0.0369
s,4.067170182,151.705,0.0368
s,4.067002731,149.191,0.0367
s,4.067233976,146.684,0.0364
s,4.06729855,149.319,0.0364
s,4.06729855,149.494,0.0364
s,4.067363128,150.062,0.0364
s,4.067260467,148.481,0.0364
m,4.066629374,145.379,0.0363
m,4.066629374,148.691,0.0363
m,4.066461945,147.228,0.0362
m,4.066230113,148.389,0.0362
m,4.044072285,152.321,0.0362
m,4.040119803,140.439,0.0363
m,4.036102574,149.97,0.0363
m,4.031983228,144.687,0.0366
m,4.023048331,141.572,0.0368
m,4.000120063,157.383,0.0374
m,3.995601282,157.383,0.0375
m,3.986730546,153.035,0.0375
m,3.982276545,145.447,0.0377
m,3.977822331,145.511,0.0378
s,4.066723161,149.252,0.0376
s,4.066658556,148.507,0.0376
s,4.06682579,148.367,0.0376
s,4.066761193,149.601,0.0376
s,4.067068739,147.355,0.0374
s,4.067068739,151.154,0.0374
s,4.067068739,147.455,0.0374
s,4.067235992,152.417,0.0374
s,4.067235779,149.45,0.0373
s,4.067338254,147.118,0.0372
s,4.067338046,149.357,0.0371
s,4.06717079,150.686,0.0371
s,4.06717079,148.629,0.0371
s,4.067235156,149.516,0.037
s,4.067067302,151.38,0.0367
s,4.06696463,150.484,0.0367
s,4.067029215,151.402,0.0367
s,4.067066913,150.489,0.0365
s,4.067093225,149.564,0.0364
s,4.067093225,147.648,0.0364
s,4.066899284,146.943,0.0363
s,4.066899284,146.248,0.0363
m,4.066629374,147.441,0.0363
m,4.064903905,149.763,0.0363
m,4.06290834,154.293,0.0362
m,4.055751603,149.129,0.0362
m,4.051578554,157.212,0.0362
m,4.047857708,154.306,0.0362
m,4.023048533,149.873,0.0369
m,4.013843273,153.077,0.0369
m,4.009324687,152.361,0.0371
m,4.004638635,152.94,0.0372
m,3.973535614,145.843,0.038
m,3.969081414,139.977,0.0381
m,3.964795199,146.686,0.0385
m,3.955822519,144.282,0.0388
m,3.955823818,152.504,0.0393
m,3.946813133,154.42,0.0396
m,3.942192043,146.865,0.0398
m,3.937738209,143.911,0.04
m,3.933284389,146.227,0.0402
m,3.902876693,146.888,0.0407
m,3.892873025,152.833,0.0406
m,3.887620212,159.354,0.0405
m,3.887620212,149.928,0.0405
m,3.877449636,150.734,0.0405
m,3.848439124,148.127,0.0392
m,3.843455617,152.807,0.0389
m,3.838304659,148.961,0.0385
m,3.833320724,150.784,0.038
m,3.828568475,152.011,0.0374
m,3.796606182,158.244,0.034
m,3.791995295,152.652,0.0334
m,3.787411132,148.472,0.0329
m,3.782826692,156.774,0.032
m,3.749505135,149.45,0.0301
m,3.744522424,149.469,0.0299
m,3.739475152,155.378,0.0295
m,3.729407102,145.136,0.0294
m,3.724424437,155.206,0.0292
m,3.692069597,153.797,0.0293
m,3.6876151,153.753,0.0295
m,3.683160636,147.927,0.0298
m,3.67870631,150.021,0.0304
m,3.674019992,159.044,0.0304
m,3.638628831,151.29,0.0322
m,3.628625486,152.56,0.0324
m,3.623810413,155.74,0.0327
m,3.623810735,154.15,0.033
m,3.585524201,150.734,0.0346
m,3.580838212,155.264,0.0348
m,3.576216792,149.429,0.035
m,3.571530834,155.908,0.0352
m,3.566909818,155.482,0.0356
m,3.92471036,149.873,0.0403
m,3.920423494,146.043,0.0404
m,3.915904493,151.997,0.0404
m,3.911617632,144.625,0.0405
m,3.907330472,156.437,0.0405
m,3.872364054,144.665,0.0404
m,3.867445388,150.901,0.0402
m,3.862628731,149.844,0.0398
m,3.857877031,150.454,0.0395
m,3.823751909,150.458,0.0369
m,3.819165937,144.3,0.0357
m,3.814581446,152.473,0.0352
m,3.805683143,151.962,0.0346
m,3.800996435,150.119,0.0343
m,3.773659287,150.245,0.0317
m,3.769139983,153.314,0.0313
m,3.769139861,157.696,0.0311
m,3.759702563,149.82,0.0308
m,3.754617053,145.015,0.0305
m,3.719506315,161.245,0.0291
m,3.714858241,146.612,0.0289
m,3.705523871,153.2,0.0289
m,3.701107635,154.01,0.029
m,3.664081029,152.597,0.0305
m,3.658866718,154.141,0.0308
m,3.653716953,152.347,0.0311
m,3.648567216,147.702,0.0314
m,3.643546468,159.44,0.0316
m,3.614142115,153.86,0.0333
m,3.60922436,159.978,0.0336
m,3.604371025,150.721,0.0338
m,3.599620883,153.465,0.0343
m,3.590145812,152.365,0.0345
m,3.557305779,151.533,0.0358
m,3.552388046,147.829,0.036
m,3.552388649,152.605,0.0363
m,3.542951697,152.612,0.0364
m,3.538265828,150.777,0.0366
m,3.533747223,156.07,0.0368
m,3.529293207,153.375,0.037
m,3.524774857,160.453,0.0373
m,3.520088807,153.445,0.0374
m,3.481866496,160.724,0.038
m,3.476652184,161.43,0.0381
m,3.471669464,154.327,0.0381
m,3.46691832,157.16,0.038
m,3.433353218,155.529,0.0376
m,3.428937054,156.726,0.0377
m,3.424752739,153.98,0.0378
m,3.416280968,150.292,0.0378
m,3.411994011,152.452,0.0379
m,3.391986261,154.057,0.0376
m,3.388497204,152.412,0.0376
m,3.381621733,155.405,0.0376
m,3.377965182,159.344,0.0375
m,3.374244289,151.586,0.0375
m,3.341942215,155.323,0.0376
m,3.337590145,156.933,0.0375
m,3.333071089,153.437,0.0375
m,3.329015716,156.854,0.0375
m,3.304024985,150.201,0.0371
m,3.300832144,153.839,0.037
m,3.297909148,151.824,0.0369
m,3.294818927,160.174,0.0368
m,3.291599264,158.638,0.0366
m,3.267944549,150.795,0.0352
m,3.263991457,151.781,0.035
m,3.260270379,157.645,0.0349
m,3.256316813,155.31,0.0344
m,3.249079676,150.49,0.0339
m,3.227407163,150.445,0.0319
m,3.218665646,160.544,0.0323
m,3.218665845,152.601,0.0325
m,3.210026715,152.394,0.0324
m,3.511180386,151.199,0.0376
m,3.501808319,160.528,0.0378
m,3.496955055,154.352,0.0379
m,3.492101547,158.731,0.0379
m,3.487016201,157.297,0.0379
m,3.462167184,157.208,0.0379
m,3.457480646,160.02,0.0378
m,3.447644152,157.654,0.0377
m,3.44272578,157.848,0.0376
m,3.437872265,158.028,0.0376
m,3.411994011,159.24,0.0379
m,3.403419588,158.929,0.0379
m,3.399364215,156.793,0.0379
m,3.395643064,155.703,0.0378
m,3.374244289,152.058,0.0375
m,3.366133534,159.319,0.0375
m,3.361382896,155.753,0.0376
m,3.356464765,155.716,0.0376
m,3.351379397,160.194,0.0376
m,3.325062971,155.056,0.0375
m,3.321174337,151.264,0.0373
m,3.314028976,151.799,0.0373
m,3.310539914,158.498,0.0373
m,3.310539669,161.571,0.0372
m,3.287877266,152.575,0.0361
m,3.280370448,154.407,0.0359
m,3.27625006,158.551,0.0357
m,3.276249667,154.048,0.0355
m,3.246259419,158.631,0.0337
m,3.243309919,158.995,0.0333
m,3.239098353,153.488,0.0325
m,3.235248159,161.098,0.0321
m,3.231295341,159.484,0.0319
m,3.206202813,154.459,0.0322
m,3.202314368,151.966,0.0319
m,3.19852887,157.597,0.0317
m,3.194241437,154.989,0.0315
m,3.190057005,156.064,0.0315
m,3.185808128,152.124,0.0315
m,3.177606658,148.449,0.0315
m,3.177606808,151.784,0.0317
m,3.167878831,150.292,0.0356
m,3.162107651,155.821,0.0393
m,3.128764284,151.037,0.0588
m,3.123446176,159.251,0.0624
m,3.118030251,156.083,0.066
m,3.11254994,147.507,0.0693
m,3.107472334,146.529,0.0726
m,3.065793917,154.738,0.0979
m,3.060158862,152.357,0.1017
m,3.0541278,161.667,0.1054
m,3.048733994,155.944,0.1116
m,3.010434318,155.03,0.1296
m,3.005039869,157.099,0.1342
m,2.99529146,153.231,0.1358
m,2.990780288,154.204,0.1379
m,2.986329277,151.044,0.1398
m,2.9597594,157.947,0.1478
m,2.949255984,156.092,0.1477
m,2.944131346,149.084,0.1483
m,2.939475729,145.636,0.149
m,2.936041987,147.202,0.1495
s,2.933118545,148.873,0.1495
s,2.933106269,148.838,0.1492
s,2.933264293,147.854,0.149
s,2.933318144,147.363,0.1487
s,2.934977555,150.332,0.147
s,2.935131757,150.23,0.1467
s,2.935278023,150.522,0.1462
s,2.93559854,150.699,0.1459
s,2.935919096,149.979,0.1456
s,2.936733337,149.783,0.1443
s,2.936883959,148.303,0.1439
s,2.937204793,148.947,0.1436
s,2.937197018,149.289,0.1434
s,2.937517915,148.432,0.1431
m,3.156603206,155.295,0.0429
m,3.150860682,148.423,0.0492
m,3.145349398,154.542,0.0523
m,3.134024352,150.726,0.0555
m,3.102104534,158.525,0.0761
m,3.096702985,158.901,0.0834
m,3.091082722,152.019,0.0871
m,3.078247793,156.478,0.0907
m,3.071802801,161.153,0.0944
m,3.037874957,148.925,0.1146
m,3.037960697,152.183,0.1176
m,3.027243178,152.271,0.1207
m,3.021847945,154.339,0.1237
m,3.016005126,152.556,0.1271
m,2.981349936,158.899,0.1417
m,2.976375831,151.757,0.1446
m,2.971148623,148.043,0.146
m,2.95973146,153.411,0.1471
m,2.934136247,147.869,0.15
m,2.933110168,148.508,0.1509
s,2.932691031,149.784,0.1504
s,2.93290681,149.488,0.15
s,2.932894482,148.006,0.1497
s,2.93346403,148.653,0.1482
s,2.933788327,147.528,0.148
s,2.934108611,146.56,0.1477
s,2.934432961,147.204,0.1475
s,2.934587106,147.972,0.1472
s,2.936011392,149.422,0.1454
s,2.936332027,147.925,0.1451
s,2.936420454,149.217,0.1448
s,2.936578845,148.781,0.1446
s,2.93760661,148.541,0.1428
s,2.937761311,147.768,0.1425
s,2.937738258,149.854,0.1419
s,2.937959022,149.534,0.1416
s,2.938179818,149.979,0.1413
s,2.938268716,149.725,0.141
s,2.938423617,149.413,0.1407
s,2.938416043,149.724,0.1405
s,2.938570996,148.995,0.1402
s,2.939075147,150.147,0.1385
s,2.939234048,148.311,0.1383
s,2.939149648,149.59,0.1378
s,2.939246394,149.311,0.1377
s,2.939339477,149.669,0.1375
s,2.939693886,148.054,0.1362
s,2.939953527,149.191,0.136
s,2.940147403,148.102,0.1358
s,2.940213216,148.274,0.1358
s,2.940389117,149.119,0.1351
s,2.940645786,150.113,0.1347
s,2.941102803,149.233,0.1349
s,2.941172902,148.264,0.1351
s,2.940440661,148.956,0.1349
s,2.939416863,149.354,0.1353
s,2.939250586,150.25,0.1353
s,2.939246982,149.894,0.1352
s,2.93901471,149.949,0.1352
s,2.939007512,148.231,0.135
s,2.938868346,149.161,0.1348
s,2.938934334,151.38,0.1348
s,2.938930747,151.036,0.1347
s,2.939096198,149.246,0.1346
s,2.939096198,149.407,0.1346
s,2.938427407,149.579,0.1345
s,2.938520297,151.415,0.1345
s,2.938352081,150.169,0.1345
s,2.938380668,152.255,0.1344
s,2.938108042,148.947,0.1343
s,2.938240503,149.146,0.1343
s,2.938240503,150.717,0.1343
s,2.938273118,150.952,0.1343
s,2.938173261,150.148,0.1343
s,2.938722223,150.259,0.1398
s,2.938811312,149.984,0.1395
s,2.938800081,152.755,0.1392
s,2.939159676,150.279,0.139
s,2.93915222,150.909,0.1388
s,2.939432591,149.904,0.1373
s,2.939425251,150.03,0.1371
s,2.939452546,148.29,0.1369
s,2.939607942,149.122,0.1366
s,2.940645355,149.873,0.1348
s,2.940645355,149.219,0.1348
s,2.940641769,148.984,0.1347
s,2.940475365,151.764,0.1347
s,2.940645786,149.828,0.1347
s,2.940343795,150.175,0.135
s,2.94056647,150.598,0.1349
s,2.940535731,149.684,0.135
s,2.940079436,149.995,0.1353
s,2.940048253,150.362,0.1355
s,2.939236191,151.042,0.1349
s,2.939170197,149.004,0.1349
s,2.939003918,150.765,0.1349
s,2.938868346,151.67,0.1348
s,2.938929892,151.314,0.1346
s,2.938894799,151.652,0.1345
s,2.938762952,151.376,0.1345
s,2.938697037,149.878,0.1345
s,2.938496233,150.337,0.1345
s,2.938346757,152.039,0.1344
s,2.938312892,152.849,0.1344
s,2.938209313,150.741,0.1343
s,2.938275491,149.971,0.1343
s,2.938175515,150.096,0.1343
s,2.938339377,149.825,0.1343
s,2.938173261,148.917,0.1343
s,2.938073424,148.706,0.1343
s,2.937977176,151.057,0.1344
s,2.937877372,149.473,0.1344
s,2.937843892,149.061,0.1344
s,2.937843892,150.06,0.1344
s,2.937843409,149.739,0.1344
s,2.937743705,148.952,0.1344
s,2.935992051,150.181,0.1343
s,2.935759767,149.386,0.1343
s,2.935860014,148.826,0.1343
s,2.935561724,149.354,0.1343
s,2.934801625,148.467,0.1343
s,2.934569369,150.463,0.1343
s,2.934503422,149.329,0.1343
s,2.934205229,150.343,0.1343
s,2.933775208,149.825,0.1343
s,2.929803443,149.792,0.1343
s,2.93107993,149.621,0.1343
s,2.93108266,149.983,0.1343
s,2.931349332,149.185,0.1343
s,2.931512068,149.84,0.1342
s,2.932832497,147.656,0.134
s,2.932998809,148.742,0.134
s,2.933161557,149.157,0.1339
s,2.933393811,149.545,0.1339
s,2.933746692,149.286,0.1335
s,2.933843563,149.937,0.1334
s,2.933905926,149.928,0.1333
s,2.934002814,150.119,0.1332
s,2.933933377,149.664,0.1331
s,2.9339746,149.329,0.1324
s,2.933971088,149.309,0.1323
s,2.934033485,149.413,0.1322
s,2.934095892,149.785,0.1321
s,2.933922562,148.515,0.1319
s,2.933891751,149.418,0.1311
s,2.933562608,150.102,0.1312
m,2.933555669,149.035,0.131
m,2.935174007,150.981,0.1307
s,2.93757765,150.146,0.1344
s,2.93605808,149.38,0.1343
s,2.935957864,148.369,0.1343
s,2.935957864,149.686,0.1343
s,2.93605808,148.915,0.1343
s,2.935495723,152.502,0.1343
s,2.935263447,147.743,0.1343
s,2.935065486,147.763,0.1343
s,2.935099843,151.292,0.1343
s,2.935033885,150.902,0.1343
s,2.933775208,149.963,0.1343
s,2.931591419,151.046,0.1343
s,2.93063158,149.595,0.1343
s,2.930101408,149.113,0.1343
s,2.931512068,149.43,0.1342
s,2.931910634,149.576,0.1342
s,2.931907059,149.032,0.1341
s,2.932271195,148.728,0.1341
s,2.932603816,149.908,0.1341
s,2.933390248,148.063,0.1338
s,2.933490631,147.58,0.1338
s,2.933487071,148.816,0.1337
s,2.93341759,150.009,0.1336
s,2.933580362,150.293,0.1335
s,2.934092652,149.939,0.1329
s,2.933922781,148.214,0.1328
s,2.933853362,148.998,0.1327
s,2.933846322,149.063,0.1325
s,2.934047427,149.353,0.1317
s,2.934109874,148.578,0.1316
s,2.933936589,149.299,0.1314
s,2.933933112,149.508,0.1313
s,2.93415843,147.791,0.1311
m,2.935205007,153.972,0.1306
m,2.935135634,159.938,0.1305
m,2.934927955,150.938,0.1303
m,2.9334965,162.532,0.1302
m,2.928807664,154.679,0.1301
m,2.925518795,145.716,0.1301
m,2.918078106,159.764,0.1301
m,2.914557129,150.309,0.1301
m,2.910703747,146.13,0.1301
m,2.906750385,150.447,0.1301
m,2.883728971,149.724,0.13
m,2.879843268,149.081,0.13
m,2.875522658,144.995,0.1299
m,2.866897221,150.207,0.1301
m,2.8627443,146.623,0.13
m,2.835750794,154.029,0.1294
m,2.83116874,161.214,0.1292
m,2.821454185,151.73,0.1291
m,2.816378559,151.375,0.1289
m,2.783657362,152.879,0.1282
m,2.779158107,155.044,0.1281
m,2.774986431,146.538,0.1279
m,2.770650752,156.882,0.1277
m,2.766223039,148.978,0.1276
m,2.741232,154.19,0.1265
m,2.737277178,152.189,0.1263
m,2.733323884,149.412,0.1261
m,2.729441256,161.483,0.1259
m,2.716669267,145.53,0.1257
m,2.687836028,147.394,0.1245
m,2.687828962,142.452,0.1243
m,2.679673298,149.951,0.1241
m,2.675474825,153.17,0.1241
m,2.643681789,145.99,0.1223
m,2.639919677,148.658,0.1222
m,2.636390651,158.397,0.122
m,2.632788303,149.58,0.1217
m,2.629191496,148.092,0.1215
m,2.608517748,148.511,0.1207
m,2.604770505,148.673,0.1204
m,2.601105672,151.973,0.1203
m,2.593875144,155.085,0.1202
m,2.593875144,155.831,0.1202
m,2.902661458,149.655,0.13
m,2.894921792,153.772,0.13
m,2.891138795,158.298,0.1301
m,2.887352497,152.694,0.1301
m,2.8627443,150.689,0.13
m,2.854079453,154.66,0.1299
m,2.849699265,148.124,0.1299
m,2.84521712,156.365,0.1298
m,2.840404223,148.513,0.1297
m,2.816375028,156.837,0.1288
m,2.806737758,149.728,0.1288
m,2.802063932,157.978,0.1286
m,2.797391328,147.192,0.1284
m,2.792655746,152.84,0.1283
m,2.762180488,147.236,0.1271
m,2.75382586,151.337,0.1269
m,2.749636612,146.871,0.1268
m,2.749629535,151.738,0.1266
m,2.712138053,149.534,0.1255
m,2.707776707,148.73,0.1254
m,2.703577911,147.019,0.1252
m,2.699611425,152.222,0.1249
m,2.695580578,156.272,0.1247
m,2.671108908,145.317,0.1239
m,2.666909145,144.77,0.1237
m,2.662708722,151.464,0.1234
m,2.658595837,145.096,0.1229
m,2.650825975,144.145,0.1228
m,2.622245588,146.334,0.1213
m,2.618889575,152.855,0.1211
m,2.615466542,146.598,0.121
m,2.612114695,151.033,0.1208
m,2.586657456,156.759,0.1202
m,2.582931132,150.802,0.1201
m,2.579136742,149.127,0.1201
m,2.575576004,157.572,0.12
m,2.568542348,151.819,0.12
m,2.565149064,151.252,0.1199
m,2.561514431,153.601,0.1199
m,2.557953557,147.846,0.1198
m,2.553757152,152.773,0.1198
m,2.52308379,148.87,0.1198
m,2.520201983,152.859,0.1198
m,2.517082446,156.564,0.1199
m,2.513483205,159.045,0.1199
m,2.509561584,146.122,0.1199
m,2.484897653,148.968,0.1207
m,2.480697533,141.695,0.1209
m,2.472221015,151.799,0.1211
m,2.467952625,151.149,0.1213
m,2.463768533,155.217,0.1215
m,2.438835019,149.316,0.1229
m,2.430045503,141.175,0.123
m,2.42566447,139.408,0.1232
m,2.42128456,152.411,0.1233
m,2.393039652,158.567,0.1243
m,2.384284968,156.807,0.1244
m,2.37980349,158.035,0.1246
m,2.375633841,156.081,0.1247
m,2.371244255,148.918,0.1251
m,2.346505047,153.773,0.126
m,2.342449809,149.69,0.1262
m,2.338469555,148.061,0.1264
m,2.334589364,158.95,0.1269
m,2.330701071,158.885,0.1271
m,2.30750607,155.431,0.1277
m,2.303711733,159.572,0.1278
m,2.299925552,159.63,0.128
m,2.296067684,160.718,0.128
m,2.292375053,155.854,0.1282
m,2.261331069,156.571,0.1294
m,2.257372105,150.652,0.1295
m,2.253505385,157.533,0.1296
m,2.249648596,151.516,0.1298
m,2.549486034,152.964,0.1197
m,2.540641067,154.526,0.1197
m,2.536544308,155.718,0.1197
m,2.529008654,150.365,0.1197
m,2.525963679,149.801,0.1197
m,2.501271773,150.453,0.1201
m,2.501275396,156.167,0.1202
m,2.492918226,155.999,0.1204
m,2.488946517,148.429,0.1206
m,2.459662969,142.668,0.1216
m,2.455644652,146.05,0.1218
m,2.451708724,157.393,0.122
m,2.447394388,145.682,0.1225
m,2.43882737,150.049,0.1227
m,2.416527881,144.574,0.1236
m,2.411769773,146.501,0.1237
m,2.402348057,142.323,0.1239
m,2.397612736,147.545,0.1241
m,2.393035694,149.842,0.1242
m,2.367084636,160.284,0.1252
m,2.358765926,159.577,0.1253
m,2.354700832,157.034,0.1256
m,2.350560751,149.657,0.1257
m,2.322836684,147.91,0.1271
m,2.318961316,150.511,0.1273
m,2.31517059,157.941,0.1274
m,2.311219657,150.332,0.1276
m,2.284538532,151.682,0.1284
m,2.280641854,156.346,0.1286
m,2.276811512,160.075,0.1287
m,2.27282195,155.196,0.129
m,2.268901231,158.452,0.1293
m,2.245434125,154.495,0.13
m,2.241351325,154.415,0.1302
m,2.237207631,161.267,0.1303
m,2.233215459,157.002,0.1303
m,2.225015667,159.734,0.1304
m,2.220808092,156.249,0.1305
m,2.216988955,147.305,0.1305
m,2.212580307,161.401,0.1305
m,2.20888285,153.037,0.1303
m,2.204600421,151.928,0.1302
m,2.180778673,155.983,0.1302
m,2.176809645,151.138,0.1301
m,2.172761362,151.453,0.1301
m,2.168958038,157.166,0.1301
m,2.161156275,147.696,0.1302
m,2.134476517,152.045,0.1303
m,2.134476517,150.872,0.1303
m,2.127547366,149.466,0.1303
m,2.124069361,155.438,0.1304
m,2.099916341,147.927,0.13
m,2.099916341,151.966,0.13
m,2.093710361,153.212,0.13
m,2.090810121,153.613,0.1301
m,2.087956994,157.056,0.1301
m,2.068689041,155.711,0.1296
m,2.068684212,147.901,0.1295
m,2.061680118,155.359,0.1293
m,2.058113081,144.507,0.1291
m,2.054688922,152.797,0.1288
m,2.03468422,149.425,0.1278
m,2.034674585,146.91,0.1276
m,2.02883277,144.394,0.1273
m,2.026156689,149.367,0.1269
m,2.023471207,148.486,0.1262
s,2.018737317,150.477,0.1243
s,2.018856856,152.612,0.1239
s,2.018990444,151.588,0.1238
s,2.019119389,151.695,0.1236
s,2.020117863,152.564,0.1221
s,2.020104161,155.283,0.1218
s,2.020328438,153.192,0.1215
s,2.020453149,152.733,0.1212
s,2.020439582,154.262,0.1209
m,2.196686163,151.948,0.1302
m,2.192672755,149.078,0.1304
m,2.192672755,151.494,0.1304
m,2.184550218,159.321,0.1303
m,2.157422375,152.548,0.1301
m,2.153481622,147.389,0.1302
m,2.149725138,155.2,0.1302
m,2.145876653,151.584,0.1301
m,2.14193657,146.064,0.1302
m,2.12067616,158.236,0.1302
m,2.117059999,149.052,0.1302
m,2.113534182,153.358,0.13
m,2.110078359,158.703,0.1301
m,2.10307887,151.758,0.1301
m,2.084914032,151.151,0.13
m,2.081927482,147.949,0.13
m,2.075537513,153.782,0.1299
m,2.072226863,147.633,0.1297
m,2.050893033,148.33,0.1285
m,2.044004844,152.219,0.1284
m,2.040649143,145.424,0.1281
m,2.03764558,148.673,0.128
m,2.021164027,148.804,0.1259
m,2.018517463,153.121,0.1255
m,2.018365026,151.641,0.1252
m,2.01849379,150.779,0.125
s,2.018613166,151.813,0.1246
s,2.019248367,152.436,0.1234
s,2.019649321,152.553,0.1231
s,2.019878011,152.158,0.1229
s,2.020011698,154.133,0.1228
s,2.019997891,156.965,0.1225
s,2.020702729,154.058,0.1206
s,2.020698232,153.603,0.1205
s,2.020827604,153.671,0.1203
s,2.020857417,152.48,0.1201
s,2.020973479,153.154,0.1196
s,2.021146238,152.939,0.1195
s,2.021319069,153.287,0.1194
s,2.021448626,152.009,0.1192
s,2.021582635,151.015,0.1191
s,2.022127077,150.556,0.118
s,2.022261199,150.633,0.1179
s,2.022390982,151.269,0.1177
s,2.022282818,150.907,0.1175
s,2.022534355,150.97,0.116
s,2.022517323,151.235,0.1156
s,2.022552186,152.507,0.1155
s,2.02305883,153.008,0.1153
s,2.022812386,151.214,0.1151
s,2.022892164,149.513,0.1142
s,2.023026612,150.823,0.1141
s,2.023156906,150.314,0.1139
s,2.023256276,150.407,0.1139
s,2.023390748,151.462,0.1138
s,2.023322513,153.67,0.1131
s,2.023322513,151.716,0.1131
s,2.023318393,152.102,0.113
s,2.023314277,151.129,0.1129
s,2.023635257,151.11,0.1125
s,2.023596042,151.245,0.1125
s,2.023453351,149.915,0.1124
s,2.023449266,150.867,0.1123
s,2.023406011,151.087,0.1122
s,2.023307414,150.561,0.1117
s,2.023402817,152.076,0.1116
s,2.023494186,153.389,0.1114
s,2.023628694,151.582,0.1113
s,2.023763219,151.553,0.1112
s,2.02390487,152.474,0.1103
s,2.023896913,153.659,0.1101
s,2.023892942,150.605,0.11
s,2.023992376,150.514,0.11
s,2.021573798,150.749,0.1189
s,2.021699019,149.8,0.1186
s,2.021729175,151.525,0.1184
s,2.021824294,150.819,0.1183
s,2.021992967,149.15,0.1181
s,2.022304539,150.269,0.1171
s,2.022295903,152.278,0.1169
s,2.022425816,151.179,0.1167
s,2.02241293,151.11,0.1164
s,2.022404364,151.125,0.1162
s,2.022843116,152.199,0.1149
s,2.022878099,150.992,0.1148
s,2.022774507,150.926,0.1147
s,2.022904721,150.834,0.1145
s,2.023624595,151.223,0.1137
s,2.023858449,153.248,0.1136
s,2.023477669,151.567,0.1135
s,2.023330769,152.979,0.1133
s,2.023326639,153.529,0.1132
s,2.023552281,148.938,0.1129
s,2.023409552,149.964,0.1128
s,2.023266833,149.937,0.1127
s,2.023405446,151.393,0.1127
s,2.023401346,150.264,0.1126
s,2.023401935,151.411,0.1121
s,2.023220152,150.784,0.112
s,2.023216086,151.544,0.1119
s,2.02331147,150.999,0.1118
s,2.023759193,152.416,0.1111
s,2.023889721,150.131,0.1109
s,2.02388571,151.444,0.1108
s,2.023782265,151.149,0.1107
s,2.023916842,151.569,0.1106
s,2.02408785,150.777,0.1099
s,2.023945325,150.902,0.1098
s,2.023941369,150.376,0.1097
s,2.023941369,150.246,0.1097
s,2.023937418,150.532,0.1096
s,2.024072037,152.35,0.1095
s,2.023993841,149.456,0.1095
s,2.02389043,151.661,0.1094
s,2.023985963,149.346,0.1093
s,2.023985963,150.733,0.1093
s,2.024065831,150.013,0.1088
s,2.024065831,149.806,0.1088
s,2.023962449,148.157,0.1087
s,2.024100996,149.199,0.1087
s,2.024235651,149.407,0.1086
s,2.024842772,152.642,0.1073
s,2.024934638,152.76,0.1071
s,2.025026529,150.117,0.1069
s,2.025256934,152.135,0.1067
s,2.025988783,152.492,0.1051
s,2.026119877,150.187,0.1049
s,2.026112462,152.283,0.1047
s,2.02627897,153.055,0.1044
s,2.026310695,150.16,0.1042
s,2.027006576,150.354,0.1027
s,2.026939328,151.987,0.1025
s,2.02706727,152.848,0.1022
s,2.027238215,151.402,0.102
s,2.02716053,152.025,0.1015
s,2.028016215,153.262,0.0999
s,2.02804889,152.029,0.0997
s,2.028130932,150.879,0.0992
s,2.028160271,149.376,0.0989
s,2.028681544,149.492,0.0967
s,2.028890045,150.022,0.0964
s,2.028926547,149.292,0.0963
s,2.029158087,150.011,0.0961
s,2.029287244,148.883,0.0958
s,2.029355306,149.427,0.0942
s,2.029385702,148.979,0.0939
s,2.029518406,149.279,0.0937
s,2.02955206,149.72,0.0935
s,2.029542648,149.704,0.0932
s,2.024021117,150.733,0.1092
s,2.024112731,150.851,0.109
s,2.024108814,150.484,0.1089
s,2.024108814,151.942,0.1089
s,2.024430688,149.227,0.1085
s,2.024383849,150.833,0.1083
s,2.024575076,150.242,0.1081
s,2.024766348,151.823,0.1079
s,2.024854294,151.526,0.1076
s,2.025348874,150.975,0.1065
s,2.025579319,151.504,0.1063
s,2.025610724,152.872,0.1061
s,2.025730428,152.962,0.1056
s,2.025999974,152.734,0.1054
s,2.026509229,152.437,0.1037
s,2.026537477,150.951,0.1034
s,2.026747318,151.942,0.1032
s,2.02687512,151.503,0.1029
s,2.0271929,151.262,0.1013
s,2.027324609,151.073,0.1011
s,2.027631143,150.234,0.1008
s,2.027759447,151.905,0.1005
s,2.027887804,151.701,0.1002
s,2.028249293,150.27,0.0986
s,2.02823574,149.187,0.0982
s,2.02830489,149.822,0.0979
s,2.028433697,150.886,0.0976
s,2.028549268,150.126,0.0969
s,2.029181598,148.173,0.0956
s,2.02917511,149.982,0.0954
s,2.029198815,149.979,0.0949
s,2.029328182,150.767,0.0946
s,2.029567039,148.341,0.0927
s,2.029838971,150.099,0.0925
s,2.029733745,149.554,0.0923
s,2.02976456,147.967,0.092
s,2.029897528,149.15,0.0918
s,2.029925416,148.976,0.0914
s,2.030435731,148.298,0.0912
s,2.030191543,148.093,0.091
s,2.030185512,148.538,0.0908
m,2.030515255,147.182,0.0892
m,2.030271259,148.577,0.089
m,2.030228203,142.175,0.0889
m,2.029344795,153.762,0.0886
m,2.027919661,153.84,0.0881
m,2.014178531,150.807,0.0857
m,2.01148147,155.965,0.0844
m,2.008707003,150.775,0.0838
m,2.002694413,145.571,0.0831
m,1.999616584,148.864,0.0824
m,1.980912386,147.55,0.0771
m,1.977561532,145.218,0.0763
m,1.97062676,145.219,0.0755
m,1.967160297,145.478,0.0747
m,1.944755343,144.902,0.0691
m,1.944735342,155.958,0.0681
m,1.93899589,144.628,0.0672
m,1.935832856,148.036,0.0664
m,1.932278917,153.874,0.0656
m,1.909940743,150.467,0.0613
m,1.906370234,150.717,0.0606
m,1.902913939,140.436,0.0599
m,1.899431593,147.114,0.0585
m,1.892595852,141.757,0.0579
m,1.873502054,138.382,0.0544
m,1.870107176,145.617,0.0535
m,1.866855773,144.231,0.0531
m,1.860292985,147.939,0.0527
m,1.838006712,139.977,0.0511
m,1.834843955,133.442,0.0508
m,1.831801903,130.34,0.0505
m,1.828659336,131.473,0.0503
m,1.825291961,135.83,0.0502
s,2.030077504,148.233,0.0905
s,2.03007451,149.04,0.0904
s,2.030303698,147.244,0.0901
s,2.030288879,148.922,0.0896
m,2.030282986,145.068,0.0894
m,2.024017577,153.995,0.0876
m,2.021748081,146.121,0.0872
m,2.021731099,145.348,0.0866
m,2.016762913,143.382,0.0864
m,1.996408862,160.048,0.0818
m,1.993203512,151.428,0.0811
m,1.990236045,141.117,0.0802
m,1.987137216,145.721,0.0793
m,1.984130912,153.071,0.0778
m,1.963808125,140.953,0.0741
m,1.960223357,144.173,0.0734
m,1.95667953,148.909,0.0728
m,1.953538521,154.461,0.0719
m,1.947612279,145.726,0.07
m,1.928573893,140.771,0.0648
m,1.920933914,145.581,0.0633
m,1.917180833,144.077,0.0626
m,1.913568153,146.208,0.0619
m,1.892587013,140.647,0.0573
m,1.886104786,139.964,0.0567
m,1.883066694,153.317,0.0562
m,1.880034902,143.927,0.0556
m,1.876645991,143.172,0.055
m,1.860289305,156.071,0.0524
m,1.853887172,149.8,0.0521
m,1.85071127,142.48,0.0517
m,1.84753049,139.635,0.0516
m,1.844354338,135.505,0.0512
m,1.82192299,145.873,0.0501
m,1.818439732,130.38,0.0498
m,1.811748683,143.716,0.0497
m,1.811745403,135.429,0.0494
m,1.805239086,135.248,0.0493
m,1.802178705,135.555,0.0492
m,1.799128198,147.44,0.0491
m,1.796203704,158.623,0.0492
m,1.790383925,132.738,0.0492
m,1.773189676,135.097,0.0503
m,1.767542672,130.069,0.0504
m,1.767543843,131.845,0.0505
m,1.762177908,124.452,0.0507
m,1.744699024,141.89,0.0521
m,1.742584192,131.653,0.0526
m,1.742585506,121.133,0.0527
m,1.737924202,122.363,0.053
m,1.735606488,128.321,0.053
m,1.721477872,128.466,0.0545
m,1.719154598,127.207,0.0547
m,1.71915751,134.715,0.0549
m,1.714579389,138.882,0.0552
m,1.712543211,135.241,0.0553
m,1.698161729,133.402,0.0557
m,1.696250662,133.344,0.0557
m,1.694274159,132.512,0.0558
m,1.692296221,131.372,0.056
m,1.679885271,133.709,0.0566
m,1.678199337,139.811,0.0565
m,1.676409118,133.932,0.0566
m,1.673042415,140.487,0.0567
m,1.67156508,135.195,0.0567
m,1.664826607,135.235,0.0567
m,1.663807961,142.288,0.0567
m,1.66172131,142.035,0.0566
m,1.660837143,140.852,0.0564
m,1.659873772,143.323,0.0561
m,1.654308733,152.003,0.0541
m,1.653773077,140.172,0.054
m,1.653121308,135.178,0.0538
m,1.652438263,141.69,0.0534
m,1.787490918,143.466,0.0493
m,1.784842583,132.863,0.0494
m,1.781970715,134.903,0.0495
m,1.779110671,142.865,0.0497
m,1.776144384,135.11,0.05
m,1.759513801,125.048,0.0509
m,1.756975669,136.05,0.051
m,1.754450786,129.479,0.0511
m,1.751824027,133.462,0.0515
m,1.749439047,136.888,0.0517
m,1.733427026,128.817,0.0535
m,1.73103734,130.156,0.054
m,1.728546651,137.755,0.0542
m,1.723815434,132.13,0.0543
m,1.710538929,132.269,0.0555
m,1.708426161,135.178,0.0555
m,1.706313602,141.137,0.0555
m,1.702362921,140.882,0.0555
m,1.700192265,137.757,0.0556
m,1.688536683,136.395,0.0562
m,1.688538251,137.784,0.0563
m,1.684951085,137.304,0.0564
m,1.683184979,136.309,0.0565
m,1.681687669,138.099,0.0565
m,1.671566694,143.324,0.0568
m,1.668642169,149.919,0.0569
m,1.667320552,143.145,0.0569
m,1.666018389,147.131,0.0569
m,1.658977486,150.91,0.0558
m,1.658003231,139.739,0.0555
m,1.657170706,150.947,0.055
m,1.655557566,143.816,0.0546
m,1.65555458,146.276,0.0544
m,1.651939702,134.606,0.0527
m,1.651506264,146.487,0.0523
m,1.650875069,142.519,0.0521
m,1.650755466,131.452,0.0517
m,1.650748904,138.624,0.0512
m,1.65038012,142.094,0.0509
m,1.650256767,141.758,0.0505
m,1.650281327,144.27,0.05
m,1.650322288,140.088,0.0496
m,1.650157553,142.191,0.0488
m,1.649365239,148.341,0.0468
m,1.649328961,135.571,0.0464
m,1.649442378,147.888,0.046
m,1.649293801,145.044,0.0453
m,1.649273796,153.415,0.0449
m,1.648943512,140.598,0.0428
m,1.649186953,149.04,0.0425
m,1.649185424,158.221,0.0423
m,1.649613222,140.704,0.042
m,1.652382784,131.858,0.0404
m,1.652756867,140.455,0.0402
m,1.653419227,134.995,0.0399
m,1.653885841,136.819,0.0395
m,1.65464618,132.62,0.0393
m,1.659341367,142.398,0.0389
m,1.660142014,141.175,0.0388
m,1.66095615,136.862,0.0386
m,1.662627518,149.939,0.0384
m,1.663545686,138.247,0.0384
m,1.671668237,144.634,0.0378
m,1.672924155,147.985,0.0378
m,1.674336829,145.483,0.0377
m,1.675764011,144.621,0.0376
m,1.687615426,126.434,0.0367
m,1.689320491,131.404,0.0364
m,1.69089556,148.465,0.0361
m,1.692679213,137.514,0.0358
m,1.695901151,133.463,0.0352
m,1.704408704,139.258,0.0339
m,1.706147494,132.28,0.0335
m,1.707945384,130.599,0.0334
m,1.711620875,139.697,0.0331
m,1.713408908,137.662,0.0329
m,1.649960347,140.499,0.0485
m,1.649689961,134.84,0.048
m,1.649398597,141.998,0.0476
m,1.649394326,156.382,0.0472
m,1.649241553,140.948,0.0445
m,1.649297596,147.959,0.0442
m,1.649302444,149.648,0.0439
m,1.64930587,141.479,0.0436
m,1.64904704,148.246,0.0434
m,1.650048382,138.414,0.0418
m,1.650422199,151.618,0.0416
m,1.650733206,138.943,0.041
m,1.651605234,143.972,0.0408
m,1.651953033,139.693,0.0406
m,1.656646654,128.977,0.0393
m,1.656646654,138.267,0.0393
m,1.657759867,138.243,0.0392
m,1.658542089,143.734,0.039
m,1.665256027,138.167,0.0382
m,1.666330965,134.145,0.0382
m,1.667333406,150.505,0.0381
m,1.668203407,138.857,0.038
m,1.669309536,137.979,0.0379
m,1.677007601,141.685,0.0376
m,1.680073099,133.958,0
m,1.681349002,131.454,0.0373
m,1.682940517,132.617,0.037
m,1.686028428,137.924,0.0369
m,1.697627419,137.877,0.0349
m,1.699365967,133.762,0.0347
m,1.701116451,137.955,0.0345
m,1.70278052,133.571,0.0342
m,1.715253166,142.922,0.0326
m,1.717211778,152.379,0.0324
m,1.719226077,135.35,0.0323
m,1.721105824,141.022,0.0321
m,1.725004917,137.851,0.032
m,1.727025163,135.401,0.032
m,1.727025433,139.075,0.0322
m,1.731356395,143.316,0.0322
m,1.733442881,139.616,0.0322
m,1.749320049,134.512,0.032
m,1.751561422,141.257,0.032
m,1.753816872,135.911,0.032
m,1.758517496,146.814,0.0321
m,1.761044061,135.175,0.0322
m,1.772836832,136.871,0.0329
m,1.777757689,131.465,0.0331
m,1.780402562,134.579,0.0332
m,1.783211504,139.165,0.0333
m,1.786008108,153.212,0.0333
m,1.804556617,137.932,0.0341
m,1.807101613,138.604,0.0345
m,1.81212566,136.423,0.0347
m,1.812126218,132.352,0.0349
m,1.834195161,131.482,0.0356
m,1.836745315,148.084,0.0355
m,1.839456374,139.329,0.0355
m,1.839456374,134.982,0.0355
m,1.844728187,154.312,0.0355
m,1.859734495,139.855,0.0357
m,1.862014028,141.64,0.0356
m,1.864435781,145.33,0.0355
m,1.867014918,134.163,0.0355
m,1.869601476,130.833,0.0355
m,1.887503815,142.643,0.0348
m,1.890281314,133.15,0.0347
m,1.893338611,136.82,0.0349
m,1.896106313,131.907,0.0347
m,1.918317475,138.749,0.0345
m,1.920892255,133.224,0.0344
m,1.923325741,133.175,0.0345
m,1.925767399,134.467,0.0346
m,1.928371855,134.554,0.0347
m,1.73558369,140.338,0.0321
m,1.737738964,136.512,0.032
m,1.742349639,140.695,0.032
m,1.744695885,133.982,0.032
m,1.74709268,138.461,0.0319
m,1.761044061,134.035,0.0322
m,1.76594631,136.891,0.0322
m,1.76831871,137.815,0.0323
m,1.77055586,141.905,0.0324
m,1.78884942,137.347,0.0335
m,1.794211551,141.942,0.0334
m,1.796852524,130.531,0.0336
m,1.799358038,138.118,0.0338
m,1.801876348,140.201,0.0339
m,1.817644266,137.304,0.0351
m,1.820399383,130.6,0.0352
m,1.823167177,132.706,0.0353
m,1.825947898,138.183,0.0355
m,1.828571556,143.067,0.0356
m,1.84730747,130.013,0.0355
m,1.849915405,133.188,0.0356
m,1.852416395,139.579,0.0356
m,1.857326942,135.815,0.0357
m,1.872032432,137.842,0.0354
m,1.877068289,146.327,0.0352
m,1.877068,133.512,0.0351
m,1.882274633,136.308,0.035
m,1.884896173,142.817,0.035
m,1.901426968,137.784,0.0346
m,1.90678939,133.742,0.0345
m,1.909629315,142.716,0.0346
m,1.912613397,133.023,0.0346
m,1.915457268,126.035,0.0345
m,1.931133738,136.687,0.0348
m,1.936825823,147.762,0.0349
m,1.939609806,134.938,0.0349
m,1.942251267,139.248,0.035
m,1.94534528,142.597,0.0351
m,1.948443716,127.83,0.0351
m,1.955268678,126.756,0.0352
m,1.958549237,135.172,0.0352
m,1.9646901,130.969,0.0352
m,1.985931153,130.485,0.0356
m,1.989458236,137.761,0.0356
m,1.992699411,129.406,0.0356
m,1.995939623,131.579,0.0356
m,2.017982856,131.114,0.0368
m,2.021136351,132.201,0.0369
m,2.024304789,138.182,0.0369
m,2.027482032,131.444,0.037
m,2.030667697,136.627,0.0371
m,2.046549988,130.276,0.0374
m,2.049474433,132.796,0.0375
m,2.052439745,131.696,0.0378
m,2.05868543,121.423,0.0379
m,2.061666498,131.226,0.038
m,2.082942623,131.441,0.0386
m,2.082942623,137.384,0.0386
m,2.088454243,126.626,0.0387
m,2.091056919,125.163,0.0386
m,2.106097269,127.867,0.0382
m,2.106097269,127.777,0.0382
m,2.106670638,127.291,0.0382
s,2.106838374,127.865,0.0383
s,2.106838374,127.737,0.0383
s,2.107119174,127.424,0.0383
s,2.107118766,127.854,0.0382
s,2.107268142,127.805,0.0382
s,2.107250214,127.933,0.0382
s,2.107399997,128.186,0.0383
s,2.107549374,127.452,0.0383
s,2.107549374,127.527,0.0383
s,2.107531054,127.796,0.0382
s,2.107531054,128.071,0.0382
m,1.967548722,144.099,0.0353
m,1.970414034,130.885,0.0354
m,1.973288701,138.043,0.0355
m,1.976171719,136.156,0.0356
m,1.9825647,140.139,0.0356
m,1.999044301,136.202,0.036
m,2.002448287,135.558,0.0362
m,2.009163927,143.103,0.0366
m,2.009164273,130.603,0.0367
m,2.015143923,132.041,0.0368
m,2.033544962,127.79,0.0373
m,2.039141056,130.662,0.0373
m,2.039141056,123.713,0.0373
m,2.043962214,126.827,0.0373
m,2.064656385,129.118,0.0381
m,2.067654641,126.418,0.0381
m,2.070824541,143.844,0.0381
m,2.073827829,128.763,0.0383
m,2.077016612,136.175,0.0385
m,2.093651711,123.251,0.0386
m,2.096236707,129.735,0.0385
m,2.098678696,128.398,0.0384
m,2.101127578,123.443,0.0384
m,2.105006081,126.193,0.0383
s,2.106820423,127.59,0.0383
s,2.106987748,127.342,0.0383
s,2.106987748,127.192,0.0383
s,2.106969797,127.293,0.0383
s,2.107399997,128.286,0.0383
s,2.107399997,128.136,0.0383
s,2.107549374,128.302,0.0383
s,2.107549374,127.826,0.0383
s,2.107549374,127.83,0.0383
s,2.107680029,127.568,0.0381
s,2.107661738,127.231,0.038
s,2.107643856,127.417,0.038
s,2.107643463,127.611,0.0379
s,2.107643074,127.606,0.0378
s,2.107625211,127.228,0.0378
s,2.107624826,127.547,0.0377
s,2.107624826,127.669,0.0377
s,2.107624447,127.288,0.0376
s,2.107606601,127.633,0.0376
s,2.107288888,127.824,0.0373
s,2.107288888,127.571,0.0373
s,2.107139142,128.068,0.0372
s,2.107121322,127.793,0.0372
s,2.107120966,127.123,0.0371
s,2.106934954,127.327,0.0368
s,2.106934617,126.862,0.0367
s,2.106934617,126.963,0.0367
s,2.106934617,126.85,0.0367
s,2.106916844,126.917,0.0367
s,2.106916844,126.85,0.0367
s,2.107066234,126.802,0.0367
s,2.106917181,127.192,0.0368
s,2.106917181,127.785,0.0368
s,2.106619089,127.488,0.037
s,2.106636862,126.776,0.037
s,2.106637214,126.765,0.0371
s,2.106637214,127.525,0.0371
s,2.106637214,126.986,0.0371
s,2.106357682,127.216,0.0375
s,2.106358057,126.963,0.0376
s,2.106393688,127.332,0.0376
s,2.106394068,127.217,0.0377
s,2.106132169,127.27,0.038
s,2.106132169,127.307,0.038
s,2.106132169,127.136,0.038
s,2.106132169,127.038,0.038
s,2.105964928,127.316,0.038
s,2.105682855,126.663,0.0377
s,2.105664993,126.02,0.0377
s,2.105664993,126.013,0.0377
s,2.105497382,126.739,0.0376
s,2.105497382,126.986,0.0376
s,2.107606226,127.7,0.0375
s,2.107570581,127.94,0.0375
s,2.107552412,127.681,0.0374
s,2.107588025,128.188,0.0374
s,2.107103168,127.189,0.0371
s,2.107102816,127.387,0.037
s,2.106935642,127.41,0.037
s,2.106935295,127.597,0.0369
s,2.106935295,127.512,0.0369
s,2.106934617,126.783,0.0367
s,2.106934617,126.65,0.0367
s,2.106934617,126.581,0.0367
s,2.106916844,126.569,0.0367
s,2.106916844,126.563,0.0367
s,2.106767789,127.496,0.0368
s,2.106768131,127.501,0.0369
s,2.106618743,127.392,0.0369
s,2.106618743,127.141,0.0369
s,2.106488179,126.917,0.0372
s,2.106506331,127.165,0.0373
s,2.106506331,126.954,0.0373
s,2.106506696,127.258,0.0374
s,2.106507066,127.236,0.0375
s,2.106394452,127.023,0.0378
s,2.106245068,126.666,0.0378
s,2.106263298,126.868,0.0379
s,2.106281157,127.164,0.0379
s,2.106281551,127.07,0.038
s,2.105964534,127.359,0.0379
s,2.105833012,127.004,0.0379
s,2.105832623,126.664,0.0378
s,2.10568324,126.423,0.0378
s,2.105479175,126.498,0.0375
s,2.10546099,126.375,0.0374
s,2.10546099,126.282,0.0374
s,2.105460624,126.973,0.0373
s,2.105311236,126.799,0.0373
s,2.105293076,126.888,0.0372
s,2.105293076,126.775,0.0372
s,2.10527458,126.546,0.037
s,2.105274233,126.862,0.0369
s,2.105369357,126.771,0.0366
s,2.105518422,127.025,0.0365
s,2.105667815,127.046,0.0365
s,2.105650098,126.936,0.0365
s,2.105650098,126.977,0.0365
s,2.106079944,126.6,0.0363
s,2.106247039,126.394,0.0363
s,2.106229029,126.637,0.0362
s,2.106229029,126.639,0.0362
s,2.10622872,126.582,0.0361
s,2.106210737,127.343,0.036
s,2.106210737,127.318,0.036
s,2.106210737,127.483,0.036
s,2.106210737,127.181,0.036
s,2.106193073,127.248,0.036
s,2.106193073,127.175,0.036
s,2.106359835,126.575,0.0359
s,2.106359835,126.396,0.0359
s,2.106359835,127.055,0.0359
s,2.10619248,127.72,0.0358
s,2.106192191,127.581,0.0357
s,2.106025145,127.609,0.0357
s,2.10602486,127.39,0.0356
s,2.10587546,127.03,0.0356
s,2.105391175,127.674,0.0353
s,2.105223902,127.785,0.0352
s,2.105074497,127.981,0.0352
s,2.105074497,128.073,0.0352
s,2.104607924,127.234,0.0349
s,2.104607924,127.447,0.0349
s,2.104608176,127.855,0.035
s,2.104590598,127.353,0.035
s,2.104608176,127.431,0.035
s,2.105256466,126.793,0.0369
s,2.105238367,126.895,0.0368
s,2.105238367,126.875,0.0368
s,2.105387423,126.823,0.0367
s,2.105369689,127.272,0.0367
s,2.105930866,127.314,0.0364
s,2.105930866,127.157,0.0364
s,2.106080262,126.757,0.0364
s,2.106080262,126.864,0.0364
s,2.106360438,126.474,0.0361
s,2.10621104,127.118,0.0361
s,2.106193377,126.848,0.0361
s,2.106193377,126.95,0.0361
s,2.106193073,127.251,0.036
s,2.106210737,127.19,0.036
s,2.106210737,127.186,0.036
s,2.106210737,127.39,0.036
s,2.106210737,127.314,0.036
s,2.106210737,127.182,0.036
s,2.106359835,127.032,0.0359
s,2.106192774,127.351,0.0359
s,2.106342173,127.216,0.0359
s,2.106341879,127.152,0.0358
s,2.10587546,127.225,0.0356
s,2.105725778,127.672,0.0355
s,2.105708145,127.744,0.0355
s,2.105558469,127.949,0.0354
s,2.105558198,127.811,0.0353
s,2.104924835,127.948,0.0351
s,2.104977242,127.429,0
s,2.104775174,127.999,0.035
s,2.104625771,127.853,0.035
s,2.104607924,127.625,0.0349
s,2.104608176,127.141,0.035
s,2.104608176,127.664,0.035
s,2.104608176,128.097,0.035
m,2.104625771,128.219,0.035
m,2.104608176,128.43,0.035
m,2.104590598,128.425,0.035
m,2.104608176,127.116,0.035
m,2.104643383,152.93,0.035
m,2.10497745,121.979,0.035
m,2.11697778,123.012,0.0348
m,2.11697778,125.208,0.0348
m,2.121234614,123.019,0.0349
m,2.123467376,120.673,0.0349
m,2.139679643,120.157,0.0348
m,2.139679643,120.792,0.0348
m,2.14416278,125.168,0.0347
m,2.146490162,135.098,0.0347
m,2.148973564,123.134,0.0346
m,2.163546332,133.531,0.0342
m,2.166068822,137.926,0.0342
m,2.168777608,140.213,0.0341
m,2.174230571,132.149,0.0341
m,2.177031139,131.924,0.0341
m,2.195453193,123.546,0.0342
m,2.197848854,118.686,0.0342
m,2.20022403,122.483,0.0343
m,2.202576855,120.781,0.0342
m,2.217026779,117.174,0.0344
m,2.218904781,115.487,0.0345
m,2.220937863,118.988,0.0346
m,2.222867785,128.599,0.0348
m,2.227341045,122.398,0.0349
m,2.24092688,120.837,0.0361
m,2.243202922,116.884,0.0362
m,2.245636149,119.465,0.0364
m,2.247932754,117.892,0.0365
m,2.250239622,113.961,0.0366
m,2.266207485,135.756,0.0374
m,2.268403721,126.957,0.0373
m,2.270564939,126.394,0.0371
m,2.272779568,122.173,0.037
m,2.105812615,122.662,0.0349
m,2.106869077,127.55,0.0349
m,2.108501193,118.307,0.0349
m,2.110472257,119.5,0.0348
m,2.11261627,118.664,0.0348
m,2.125707131,120.066,0.0349
m,2.127974823,128.476,0.0349
m,2.130228607,122.263,0.0348
m,2.132660251,118.6,0.0348
m,2.137374775,120.216,0.0348
m,2.151315769,133.978,0.0346
m,2.155923537,128.343,0.0345
m,2.158487884,120.259,0.0344
m,2.160912262,135.027,0.0343
m,2.177031347,124.916,0.0342
m,2.182346636,124.37,0.0342
m,2.185008743,120.675,0.0342
m,2.187713142,127.973,0.0341
m,2.190400589,125.89,0.0342
m,2.204759071,123.766,0.0342
m,2.206917338,118.03,0.0343
m,2.211111404,131.487,0.0344
m,2.212965169,116.719,0.0343
m,2.212965169,117.309,0.0343
m,2.229556136,120.433,0.035
m,2.231744323,114.284,0.0352
m,2.234088866,122.548,0.0353
m,2.23629749,114.396,0.0359
m,2.25255769,115.583,0.037
m,2.257180287,118.374,0.0371
m,2.257180621,123.738,0.0372
m,2.261695854,126.096,0.0372
m,2.264063312,122.162,0.0374
m,2.277202829,117.947,0.0371
m,2.281886364,118.68,0.0372
m,2.284291823,113.856,0.0372
m,2.286706002,117.61,0.0371
m,2.289128883,128.545,0.0369
m,2.291416277,129.394,0.0369
m,2.293810222,118.751,0.0369
m,2.296260358,118.896,0.0369
m,2.298718464,121.823,0.0366
m,2.301041564,116.714,0.0366
m,2.316624451,126.982,0.0354
m,2.319010956,128.49,0.0352
m,2.32390334,137.251,0.0351
m,2.326460023,135.301,0.035
m,2.331454981,132.258,0.0347
m,2.348054878,121.421,0.0338
m,2.353732894,123.438,0.0337
m,2.356528622,117.698,0.0334
m,2.356528462,117.947,0.0333
m,2.380282176,122.243,0.032
m,2.383152071,121.836,0.0315
m,2.385887818,120.519,0.0312
m,2.388773839,121.383,0.0312
m,2.394629268,130.727,0.031
m,2.408792902,121.736,0.0297
m,2.414698827,122.873,0.0297
m,2.414698826,130.432,0.0294
m,2.420259963,123.768,0.0291
m,2.423035943,121.031,0.0287
m,2.443376012,120.347,0.0266
m,2.446417736,119.867,0.0262
m,2.453082215,122.634,0.026
m,2.456631647,127.12,0.0258
m,2.48394491,130.642,0.0244
m,2.488108596,129.17,0.0243
m,2.492136746,130.734,0.0239
m,2.500962946,126.609,0.0238
m,2.500963649,129.686,0.0235
m,2.529526491,148.979,0.0212
m,2.533581181,133.933,0.0209
m,2.5408751,135.807,0.0206
m,2.543978565,138.374,0.0203
m,2.546746089,140.856,0.0199
m,2.303518109,119.433,0.0365
m,2.308742258,118.68,0.0365
m,2.311439525,122.108,0.0361
m,2.31405271,122.834,0.0359
m,2.334037358,130.025,0.0346
m,2.336681774,129.684,0.0345
m,2.33938925,124.774,0.0344
m,2.34210634,130.333,0.0342
m,2.344976466,124.084,0.0339
m,2.362201637,117.894,0.0332
m,2.365079185,120.353,0.0331
m,2.371288235,132.229,0.033
m,2.371287689,133.893,0.0326
m,2.377361596,124.64,0.0323
m,2.39745745,127.958,0.0308
m,2.400294131,121.945,0.0306
m,2.403077959,118.382,0.0303
m,2.405931214,117.339,0.03
m,2.425805771,125.959,0.0282
m,2.42886556,127.231,0.0279
m,2.434587004,125.313,0.0276
m,2.437389924,123.12,0.0273
m,2.440341675,118.694,0.0269
m,2.464663378,125.146,0.0252
m,2.464663737,131.06,0.025
m,2.472383396,129.733,0.0249
m,2.476325023,124.498,0.0246
m,2.480132354,126.317,0.0246
m,2.510702425,129.362,0.0231
m,2.515715772,130.568,0.0228
m,2.520592595,134.973,0.0224
m,2.525056767,137.012,0.022
m,2.54910721,143.6,0.0193
m,2.552549688,141.678,0.0192
m,2.553769207,145.818,0.0193
m,2.553769207,144.869,0.0193
m,2.554565586,138.72,0.0192
m,2.554216878,142.857,0.0191
m,2.553251074,148.361,0.0191
m,2.551732891,143.334,0.019
m,2.547568635,142.603,0.019
m,2.523037059,154.524,0.0191
m,2.518852686,135.285,0.0193
m,2.518851489,136.172,0.0196
m,2.510228613,136.46,0.02
m,2.505930042,141.35,0.0204
m,2.475923914,136.591,0.0223
m,2.47009768,135.602,0.0225
m,2.470097119,131.373,0.0227
m,2.4586049,127.447,0.0229
m,2.453141698,123.916,0.0231
m,2.406950371,127.866,0.0248
m,2.40067351,129.444,0.025
m,2.391246739,130.359,0.025
m,2.386730719,140.475,0.0252
m,2.348743178,134.528,0.0268
m,2.343209001,144.792,0.027
m,2.337611671,134.272,0.0271
m,2.332014775,139.295,0.0271
m,2.326763742,132.066,0.0272
m,2.294393544,129.178,0.028
m,2.289080558,122.591,0.0281
m,2.283832106,123.499,0.0283
m,2.278378939,124.622,0.0285
m,2.273066813,123.707,0.0287
m,2.23649595,118.295,0.0287
m,2.231608215,122.009,0.0284
m,2.226580043,127.501,0.0283
m,2.216664811,132.818,0.0282
m,2.181749294,144.682,0.0268
m,2.176864181,130.215,0.0265
m,2.176864632,133.579,0.0262
m,2.165625825,123.743,0.0258
m,2.159694012,125.038,0.0253
m,2.544856003,148.07,0.0189
m,2.54185163,132.37,0.0189
m,2.538507139,135.514,0.0188
m,2.534930961,142.081,0.0188
m,2.527063968,143.655,0.0189
m,2.501551931,148.203,0.0208
m,2.497094559,150.006,0.0211
m,2.492414808,142.672,0.0218
m,2.487373883,136.07,0.0221
m,2.447882704,125.343,0.0232
m,2.442702686,130.786,0.0234
m,2.437160946,134.194,0.0238
m,2.425735039,127.755,0.024
m,2.419583255,126.851,0.0242
m,2.386730362,130.213,0.0254
m,2.376518537,129.186,0.0257
m,2.371342321,130.918,0.0259
m,2.365884105,127.791,0.0262
m,2.360221607,129.817,0.0266
m,2.321244203,130.686,0.0275
m,2.310538967,124.571,0.0277
m,2.305366059,125.286,0.0278
m,2.305365984,125.838,0.0279
m,2.267473604,122.768,0.0288
m,2.25669897,118.882,0.0288
m,2.251593599,123.521,0.0288
m,2.246488598,122.9,0.0288
m,2.241459721,123.113,0.0287
m,2.211637361,127.83,0.028
m,2.206610152,129.036,0.0278
m,2.201583098,128.327,0.0277
m,2.196621748,133.57,0.0275
m,2.191661357,138.053,0.0268
m,2.153903407,130.347,0.0246
m,2.148178274,122.722,0.0243
m,2.136728981,120.882,0.0239
m,2.131005625,125.948,0.0235
m,2.125356711,124.833,0.0231
m,2.119847663,123.071,0.0229
m,2.114479342,124.326,0.0226
m,2.109178436,122.212,0.0221
m,2.09907637,122.175,0.0217
m,2.069444171,124.168,0.0197
m,2.059657437,127.229,0.0195
m,2.054731649,124.496,0.0193
m,2.049745842,123.501,0.0194
m,2.024812387,135.259,0.0191
m,2.022062438,133.147,0.0188
m,2.018910147,129.269,0.0188
m,2.01536465,141.101,0.0178
m,2.011625571,133.746,0.0173
m,1.991497716,140.29,0.0156
m,1.988277831,137.742,0.0149
m,1.982550855,135.539,0.0146
m,1.979865846,138.841,0.0142
m,1.979866631,142.599,0.0141
m,1.96271917,144.395,0.0147
m,1.960684826,146.157,0.015
m,1.958805169,139.616,0.0153
m,1.957191549,149.909,0.0158
m,1.948674914,140.761,0.021
m,1.948259073,142.619,0.0221
m,1.947614872,136.901,0.0226
m,1.946827421,137.771,0.0237
m,1.946205693,139.221,0.0239
m,1.95432749,137.439,0.0263
m,1.957055888,137.662,0.0265
m,1.959784974,133.788,0.0269
m,1.966028228,137.596,0.0273
m,1.969490296,133.753,0.0276
m,1.998570682,127.56,0.0281
m,1.998570764,129.145,0.028
m,2.008022705,125.657,0.0281
m,2.012990788,130.98,0.0282
m,2.094062671,123.371,0.0214
m,2.088915953,124.533,0.0211
m,2.083975918,129.599,0.0208
m,2.079036375,130.513,0.0204
m,2.074171371,127.632,0.0198
m,2.045108887,123.859,0.0192
m,2.040678445,123.81,0.0191
m,2.032527211,132.466,0.0193
m,2.029427546,136.105,0.0192
m,2.027086639,128.531,0.0192
m,2.004606038,135.923,0.0169
m,2.0011913,135.609,0.0165
m,1.997925295,133.414,0.0162
m,1.994667905,134.155,0.0159
m,1.975298362,142.906,0.014
m,1.973275764,146.306,0.014
m,1.971205718,140.669,0.0141
m,1.96900613,145.119,0.0143
m,1.964764482,138.678,0.0145
m,1.955644423,137.797,0.0163
m,1.954158136,146.922,0.0175
m,1.951532209,138.283,0.0181
m,1.951527617,130.516,0.0189
m,1.94925757,146.58,0.0197
m,1.946854302,144.051,0.0243
m,1.947991878,145.284,0.0248
m,1.949722584,133.038,0.0252
m,1.95190061,135.522,0.0255
m,1.973004189,126.712,0.0276
m,1.976756037,129.211,0.0277
m,1.981136621,149.527,0.0278
m,1.985517773,135.342,0.0279
m,1.994137445,142.266,0.028
m,2.017959142,136.146,0.0282
m,2.02249432,145.98,0.0281
m,2.031709326,136.925,0.0282
m,2.036100294,136.92,0.0282
m,2.040441465,129.402,0.0281
m,2.04463822,131.445,0.0281
m,2.048790458,135.311,0.028
m,2.052892839,130.368,0.0279
m,2.056995384,135.66,0.0277
m,2.064861606,140.501,0.0275
m,2.077927464,130.991,0.0263
m,2.078216908,131.688,0.0262
m,2.078217077,130.966,0.0261
m,2.07807279,131.769,0.0259
m,2.078023511,131.72,0.0258
s,2.07778468,131.085,0.0253
s,2.077784893,130.799,0.0252
s,2.077640254,131.329,0.0252
s,2.077640254,130.853,0.0252
s,2.077594821,130.648,0.0251
s,2.077595043,130.82,0.025
s,2.077450414,130.963,0.025
s,2.077450641,131.03,0.0249
s,2.077500163,131.228,0.0249
s,2.077501118,131.165,0.0245
s,2.077501369,130.707,0.0244
s,2.077406286,131.227,0.0244
s,2.077406542,130.853,0.0243
s,2.077357259,130.49,0.0242
s,2.076923651,131.495,0.0241
s,2.076779028,131.96,0.0241
s,2.076779028,131.574,0.0241
s,2.076828855,132.625,0.024
s,2.076490609,131.364,0.0238
s,2.076490609,130.65,0.0238
s,2.076490609,131.146,0.0238
s,2.076490894,131.648,0.0237
s,2.076490894,131.283,0.0237
s,2.076442231,131.155,0.0234
s,2.076442535,131.417,0.0233
s,2.076537945,131.399,0.0232
s,2.076682573,131.014,0.0232
s,2.076682887,130.477,0.0231
m,2.064861825,134.485,0.0273
m,2.071947242,136.912,0.027
m,2.074889436,136.247,0.0268
m,2.076769903,130.816,0.0266
m,2.078073162,131.883,0.0257
m,2.078073355,131.372,0.0256
m,2.07802409,131.514,0.0255
s,2.077879649,131.434,0.0254
s,2.077929322,131.408,0.0253
s,2.077689738,130.881,0.0252
s,2.077689956,131.386,0.0251
s,2.077545321,131.48,0.0251
s,2.077594821,131.201,0.0251
s,2.077594821,130.813,0.0251
s,2.077500631,131.176,0.0247
s,2.077500631,131.219,0.0247
s,2.077500872,131.056,0.0246
s,2.077500872,131.329,0.0246
s,2.077212634,130.901,0.0242
s,2.077068275,131.72,0.0241
s,2.077068275,132.87,0.0241
s,2.076923651,131.787,0.0241
s,2.076923651,131.634,0.0241
s,2.076828855,131.727,0.024
s,2.076828855,131.77,0.024
s,2.07682913,131.864,0.0239
s,2.076634951,131.344,0.0239
s,2.076634951,131.294,0.0239
s,2.076441348,131.331,0.0237
s,2.07639211,131.107,0.0236
s,2.076441638,131.48,0.0236
s,2.076442231,131.306,0.0234
s,2.076827835,130.989,0.023
s,2.076972789,131.133,0.0229
s,2.077117418,131.085,0.0229
s,2.077117418,131.045,0.0229
s,2.077117746,130.917,0.0228
s,2.077117746,130.968,0.0228
s,2.077262377,131.028,0.0228
s,2.07740701,130.689,0.0228
s,2.077456516,130.979,0.0228
s,2.077893718,131.221,0.023
s,2.078087579,130.833,0.0231
s,2.078182332,130.18,0.0232
s,2.07842576,130.118,0.0233
s,2.078425456,130.365,0.0234
s,2.079061442,131.59,0.0236
s,2.079061442,131.076,0.0236
s,2.079061153,130.772,0.0237
s,2.079205747,130.799,0.0237
s,2.079350342,130.26,0.0237
s,2.079400601,130.864,0.0235
s,2.079545494,130.941,0.0234
s,2.079545494,131.455,0.0234
s,2.079496123,131.132,0.0233
s,2.079494067,130.924,0.0226
s,2.079444798,130.705,0.0225
s,2.079395556,131.123,0.0224
s,2.079395908,130.877,0.0223
s,2.079396264,130.707,0.0222
s,2.079637024,131.139,0.0219
s,2.079637024,130.895,0.0219
s,2.079443223,131.159,0.0218
s,2.079393682,131.13,0.0218
s,2.079344534,130.824,0.0217
s,2.079246303,130.842,0.0215
s,2.079196821,130.923,0.0215
s,2.079052577,130.671,0.0214
s,2.078957429,130.633,0.0214
s,2.078475249,130.949,0.0211
s,2.078330615,130.959,0.0211
s,2.078041346,131.1,0.0211
s,2.077847636,130.808,0.021
s,2.077847636,130.844,0.021
s,2.077456516,131.425,0.0228
s,2.077601143,130.902,0.0228
s,2.077795291,130.781,0.0228
s,2.077844496,130.975,0.0229
s,2.077844173,131.212,0.023
s,2.078524634,130.146,0.0234
s,2.078623578,130.759,0.0235
s,2.078767885,131.196,0.0236
s,2.078817525,129.903,0.0236
s,2.079350342,130.381,0.0237
s,2.079350342,130.682,0.0237
s,2.079400018,131.251,0.0237
s,2.079400307,131.159,0.0236
s,2.079545196,130.582,0.0235
s,2.079496431,130.986,0.0232
s,2.079447408,131.034,0.023
s,2.079397766,130.886,0.023
s,2.07934879,130.884,0.0228
s,2.079349123,130.65,0.0227
s,2.07954124,130.586,0.0221
s,2.07954124,130.759,0.0221
s,2.079541606,130.499,0.022
s,2.079686221,130.545,0.022
s,2.079295024,131.091,0.0217
s,2.079295409,131.018,0.0216
s,2.079295409,130.835,0.0216
s,2.079245913,130.98,0.0216
s,2.079246303,130.858,0.0215
s,2.078957429,130.958,0.0214
s,2.078957429,130.819,0.0214
s,2.078763705,130.972,0.0213
s,2.078619067,131.05,0.0213
s,2.078474839,130.746,0.0212
s,2.077703421,130.623,0.0209
s,2.077703421,130.803,0.0209
s,2.077509726,130.762,0.0208
s,2.077509726,130.797,0.0208
s,2.07746025,130.729,0.0208
s,2.07746025,130.822,0.0208
s,2.077410794,130.965,0.0208
s,2.07760489,130.718,0.0208
s,2.07746025,130.655,0.0208
s,2.077315188,131.131,0.0209
s,2.077121509,130.967,0.0208
s,2.077121509,130.853,0.0208
s,2.076976867,131.087,0.0208
s,2.07683056,131.262,0.0212
s,2.076830155,130.997,0.0213
s,2.076829755,131.057,0.0214
s,2.076829359,130.801,0.0215
s,2.076779514,131.109,0.0216
m,2.07687358,131.264,0.0219
m,2.076873208,130.895,0.022
m,2.076872842,132.773,0.0221
m,2.07687248,135.062,0.0222
m,2.077016772,135.37,0.0223
m,2.099332868,135.166,0.0234
m,2.103682907,132.886,0.0236
m,2.112334381,133.761,0.0238
m,2.116585276,143.783,0.0241
m,2.145232713,133.899,0.0256
m,2.145232346,132.847,0.0258
m,2.153640979,129.811,0.0259
m,2.157892834,127.376,0.0259
m,2.162289103,127.309,0.026
m,2.188333329,125.795,0.0264
m,2.192779458,131.318,0.0266
m,2.197031456,131.036,0.0266
m,2.205680015,127.938,0.0266
m,2.210270797,129.798,0.0268
m,2.243375907,126.292,0.027
m,2.247967088,126.732,0.0271
m,2.252558411,127.01,0.0271
m,2.257149764,127.479,0.0271
s,2.077459826,130.932,0.0209
s,2.077459826,131.045,0.0209
s,2.077459826,131.085,0.0209
s,2.077265727,131.086,0.0209
s,2.077265727,130.847,0.0209
s,2.077025911,131.017,0.0209
s,2.076881273,130.877,0.0209
s,2.076880854,130.853,0.021
s,2.07683097,130.921,0.0211
s,2.07683097,131.03,0.0211
s,2.076874337,131.12,0.0217
s,2.076873956,130.806,0.0218
s,2.076873956,131.12,0.0218
s,2.07687358,130.989,0.0219
m,2.080008304,140.593,0.0224
m,2.082759969,140.411,0.0225
m,2.086527739,143.152,0.0226
m,2.090489241,134.015,0.0228
m,2.094838337,132.858,0.0232
m,2.120691627,129.806,0.0244
m,2.124798047,129.027,0.0247
m,2.128904314,126.195,0.0251
m,2.137213175,130.335,0.0253
m,2.141125889,149.551,0.0254
m,2.166540818,130.122,0.0261
m,2.175189018,126.215,0.0262
m,2.179490613,123.529,0.0263
m,2.183936818,128.502,0.0264
m,2.210270672,130.694,0.0269
m,2.219647381,126.904,0.0269
m,2.224382925,128.595,0.027
m,2.229168668,124.953,0.027
m,2.233904393,125.82,0.027
m,2.261885736,125.263,0.027
m,2.266621614,124.984,0.027
m,2.271451777,125.379,0.027
m,2.281407353,122.925,0.0269
m,2.281407353,123.867,0.0269
m,2.292185759,123.207,0.0269
m,2.297600182,122.606,0.0269
m,2.302675444,123.663,0.0269
m,2.30818419,121.213,0.0268
m,2.313252888,121.3,0.0268
m,2.343646595,125.234,0.0283
m,2.34891668,124.034,0.0288
m,2.354186982,124.153,0.0291
m,2.359312996,124.408,0.0295
m,2.368691731,124.429,0.0298
m,2.40195584,127.05,0.0308
m,2.407031929,129.144,0.031
m,2.407032058,127.719,0.0312
m,2.417668007,129.877,0.0313
m,2.454695288,126.904,0.0312
m,2.459720511,128.078,0.031
m,2.464550508,128.461,0.0308
m,2.469431387,127.833,0.0304
m,2.474456688,127.766,0.0302
m,2.504855261,135.676,0.029
m,2.510025008,126.695,0.0288
m,2.520313527,129.511,0.0284
m,2.525483436,128.24,0.028
m,2.530560166,128.28,0.0276
m,2.560180548,141.818,0.0253
m,2.570036937,135.19,0.0248
m,2.574867783,139.917,0.0244
m,2.579554627,138.62,0.0239
m,2.607092247,141.183,0.0207
m,2.615743809,138.71,0.0203
m,2.619853929,139.056,0.0199
m,2.623913032,141.86,0.0195
m,2.628167155,143.602,0.0192
m,2.649965608,140.092,0.0174
m,2.659678182,143.257,0.0171
m,2.664849278,136.658,0.0168
m,2.670071052,149.782,0.0166
m,2.675146685,145.725,0.0168
m,2.318277712,121.927,0.0269
m,2.328471736,121.769,0.0272
m,2.333301521,120.925,0.0276
m,2.338521064,124.119,0.0279
m,2.373283722,125.447,0.0301
m,2.377926316,126.838,0.0302
m,2.382713362,130.143,0.0303
m,2.387500471,130.419,0.0304
m,2.392287786,127.439,0.0308
m,2.423083589,128.23,0.0313
m,2.428592707,129.729,0.0313
m,2.434152856,130.572,0.0315
m,2.444593754,128.567,0.0313
m,2.449670009,128.77,0.0313
m,2.484414071,130.594,0.03
m,2.484414093,137.925,0.0301
m,2.494660137,130.632,0.0299
m,2.499685513,135.835,0.0296
m,2.535585923,134.919,0.0272
m,2.54041641,129.91,0.0268
m,2.545442176,135.657,0.0265
m,2.550324252,129.672,0.0258
m,2.555154638,136.821,0.0256
m,2.584334535,136.631,0.0235
m,2.588970988,138.153,0.0228
m,2.593658129,143.447,0.0223
m,2.602742894,138.858,0.0217
m,2.607090614,138.088,0.0212
m,2.632422123,136.131,0.0187
m,2.641073593,143.978,0.0184
m,2.645421002,138.736,0.0181
m,2.649964261,145.088,0.0177
m,2.680368025,146.963,0.0167
m,2.690572547,142.736,0.0167
m,2.695454268,135.999,0.0166
m,2.704928788,131.309,0.0165
m,2.709521599,139.459,0.0165
m,2.714063153,135.248,0.0165
m,2.718656463,137.947,0.0164
m,2.723444838,134.846,0.0164
m,2.733743274,138.027,0.0163
m,2.762945957,140.967,0.0169
m,2.771987463,144.789,0.017
m,2.771987463,143.884,0.017
m,2.780885329,149.19,0.017
m,2.785283223,136.048,0.0169
m,2.813074829,138.611,0.0179
m,2.817523106,135.734,0.0181
m,2.817522707,141.825,0.0182
m,2.826472184,144.252,0.0183
m,2.830920581,136.099,0.0185
m,2.864170886,138.983,0.0198
m,2.869483952,137.741,0.0201
m,2.874653558,146.808,0.0202
m,2.879678114,143.451,0.0206
m,2.912849483,142.824,0.0217
m,2.916958145,143.813,0.022
m,2.9229518,150.03,0.0222
m,2.925320402,148.043,0.0223
m,2.927349204,144.494,0.0223
m,2.933683426,143.913,0.0223
m,2.936334391,138.228,0
m,2.937936519,140.55,0.0225
m,2.94035704,150.613,0.0226
m,2.947774845,147.302,0.0228
m,2.973714769,151.509,0.0221
m,2.978256555,139.521,0.0221
m,2.986999946,144.753,0.0221
m,2.987000188,135.871,0.022
m,3.019029167,135.49,0.0218
m,3.028008579,143.209,0.0218
m,3.032446241,130.677,0.0218
m,3.032445996,135.03,0.0219
m,3.041517747,143.556,0.0218
m,2.738820179,135.108,0.0163
m,2.74389664,143.474,0.0164
m,2.748921745,141.004,0.0165
m,2.753709856,138.575,0.0166
m,2.758353368,135.779,0.0168
m,2.789876371,144.273,0.0169
m,2.794613702,144.874,0.0169
m,2.799153579,130.095,0.0173
m,2.80388965,134.624,0.0176
m,2.83551241,135.572,0.0189
m,2.840249168,140.711,0.0191
m,2.849435922,141.753,0.0191
m,2.854121026,140.172,0.0193
m,2.859146114,131.626,0.0195
m,2.889492928,148.176,0.0207
m,2.88949263,139.043,0.0208
m,2.899019,155.892,0.021
m,2.903755227,139.149,0.0215
m,2.908348483,139.909,0.0216
m,2.927349204,145.488,0.0223
m,2.930686579,135.847,0.0222
m,2.931798959,142.067,0.0222
m,2.932715136,137.135,0.0223
m,2.951896354,138.445,0.0228
m,2.955966429,138.342,0.0226
m,2.960324475,135.904,0.0225
m,2.964722444,135.924,0.0224
m,2.969172277,147.609,0.0224
m,2.995939726,140.912,0.022
m,3.000573452,136.752,0.022
m,3.005115483,134.621,0.0219
m,3.009801306,145.174,0.0219
m,3.01434334,132.728,0.0218
m,3.04585152,132.712,0.0218
m,3.049937261,131.905,0.0219
m,3.053354759,136.068,0.022
m,3.057492871,134.615,0.0221
m,3.057781071,137.236,0.0221
m,3.057781546,136.901,0.0219
s,3.057442001,136.85,0.0217
s,3.057246072,137.674,0.0217
s,3.057049904,137.949,0.0218
s,3.055533094,137.327,0.0224
s,3.055338143,136.288,0.022
s,3.055192656,135.522,0.0226
s,3.054904417,136.87,0.0226
s,3.054131427,136.641,0.0229
s,3.054131427,136.074,0.0229
s,3.053987309,136.22,0.0229
s,3.053987102,137.022,0.023
s,3.053894553,137.314,0.0231
s,3.05360593,137.621,0.0233
s,3.05360593,137.882,0.0233
s,3.053553959,137.373,0.0234
s,3.053553959,137.904,0.0234
s,3.053553768,135.777,0.0235
s,3.053305396,135.976,0.0239
s,3.053213039,137.862,0.0239
s,3.053356981,137.576,0.024
s,3.053356981,136.775,0.024
s,3.052739974,137.281,0.024
s,3.052595865,137.779,0.024
s,3.052452288,136.89,0.0237
s,3.052124166,137.864,0.0234
s,3.052124557,137.83,0.0232
s,3.051561324,137.455,0.0224
s,3.051613203,137.195,0.0224
s,3.051480737,136.634,0.0224
s,3.051532662,136.577,0.0224
s,3.051532889,136.227,0.0223
s,3.051926846,137.002,0.0215
s,3.051875423,137.017,0.0213
s,3.051968102,137.155,0.0211
s,3.052112724,138.083,0.0209
s,3.056853747,137.969,0.0219
s,3.056358132,136.555,0.022
s,3.056357896,135.457,0.0221
s,3.05587332,135.642,0.0223
s,3.055729201,136.703,0.0223
s,3.0547603,136.445,0.0226
s,3.054615966,136.663,0.0227
s,3.054615966,136.422,0.0227
s,3.054615752,136.981,0.0228
s,3.054275754,136.8,0.0228
s,3.053894553,137.275,0.0231
s,3.05375024,136.432,0.0232
s,3.05375024,136.643,0.0232
s,3.05375024,137.429,0.0232
s,3.053501816,136.648,0.0236
s,3.053357513,138.132,0.0237
s,3.053305573,138.823,0.0238
s,3.053449694,138.05,0.0238
s,3.053305396,136.505,0.0239
s,3.053264635,136.586,0.024
s,3.053316417,136.922,0.024
s,3.053172305,136.804,0.024
s,3.053028194,137.808,0.024
s,3.052884085,138.002,0.024
s,3.051744501,136.652,0.023
s,3.051796772,136.6,0.0228
s,3.05165289,137.576,0.0227
s,3.05156088,137.545,0.0226
s,3.051532889,137.17,0.0223
s,3.051729129,136.825,0.0222
s,3.051729599,137.958,0.022
s,3.051730082,136.582,0.0218
s,3.051782271,136.292,0.0217
s,3.052061364,136.841,0.0207
s,3.052062514,136.201,0.0203
s,3.052011503,136.8,0.02
s,3.051960224,137.291,0.0198
s,3.051908969,137.831,0.0196
s,3.05185806,138.248,0.0193
s,3.051806858,136.339,0.0191
s,3.051755677,136.176,0.0189
s,3.051704522,136.147,0.0187
s,3.051654103,137.329,0.0183
s,3.051686697,136.927,0.0174
s,3.051687482,137.451,0.0172
s,3.051636113,138.617,0.0171
s,3.051584759,137.253,0.017
s,3.051429964,135.738,0.0169
s,3.051224407,136.264,0.0166
s,3.05108027,136.97,0.0166
s,3.050936552,136.327,0.0165
s,3.050936972,137.313,0.0164
s,3.050247535,137.645,0.0161
s,3.050247968,136.913,0.016
s,3.05010426,137.192,0.0159
s,3.049960114,136.578,0.0159
s,3.049765216,137.047,0.0157
s,3.050003693,136.018,0.0153
s,3.050147842,136.388,0.0153
s,3.050148302,137.59,0.0152
s,3.050241307,138.282,0.0151
s,3.050242243,136.978,0.0149
s,3.050532463,137.586,0.0145
s,3.050533438,136.249,0.0143
s,3.050677592,136.334,0.0143
s,3.050678085,138.013,0.0142
s,3.051165168,138.356,0.0136
s,3.051165684,137.917,0.0135
s,3.051310356,138.216,0.0134
s,3.051403969,136.09,0.0132
s,3.051404497,135.437,0.0131
s,3.051695504,136.039,0.0126
s,3.051696052,136.727,0.0125
s,3.051696603,137.62,0.0124
s,3.051841874,137.095,0.0122
s,3.051842435,136.726,0.0121
s,3.051695301,137.725,0.0181
s,3.051643872,136.402,0.018
s,3.051644617,135.862,0.0178
s,3.0517377,136.256,0.0176
s,3.051378658,135.705,0.0168
s,3.051471087,135.926,0.0168
s,3.051471497,136.838,0.0167
s,3.051275675,137.384,0.0167
s,3.05113154,136.105,0.0167
s,3.050885297,136.858,0.0164
s,3.050834053,136.222,0.0163
s,3.050731182,135.828,0.0162
s,3.050731182,137.12,0.0162
s,3.050443323,137.707,0.0161
s,3.049765216,138.192,0.0157
s,3.049765663,138.313,0.0156
s,3.049910259,136.938,0.0155
s,3.049859086,136.504,0.0154
s,3.050242716,136.231,0.0148
s,3.050438951,135.698,0.0147
s,3.050438951,136.892,0.0147
s,3.050583583,138.28,0.0146
s,3.050584066,137.471,0.0145
s,3.05067858,138.811,0.0141
s,3.050823234,138.543,0.014
s,3.051018986,137.258,0.014
s,3.051019488,135.93,0.0139
s,3.051019993,137.084,0.0138
s,3.051405029,136.958,0.013
s,3.051549722,137.073,0.0129
s,3.05155026,136.624,0.0128
s,3.051602387,137.052,0.0127
s,3.051935027,136.531,0.0121
s,3.052079753,135.941,0.012
s,3.052224484,135.963,0.0119
s,3.052225054,137.188,0.0118
s,3.052369793,137.515,0.0117
s,3.05242193,136.907,0.0116
s,3.052566091,136.036,0.0116
s,3.052566671,135.366,0.0115
s,3.052566671,136.323,0.0115
s,3.052566671,137.433,0.0115
s,3.05242251,137.165,0.0115
s,3.052474081,136.742,0.0115
s,3.05261766,135.902,0.0116
s,3.05261766,136.646,0.0116
s,3.053142165,136.458,0.0117
s,3.053193725,136.714,0.0117
m,3.053193725,137.607,0.0117
m,3.053337313,137.002,0.0118
m,3.053337313,132.914,0.0118
m,3.067445713,136.906,0.0119
m,3.071986794,140.006,0.012
m,3.076476308,135.282,0.0121
m,3.080914841,139.97,0.0121
m,3.111165222,139.762,0.0119
m,3.115399996,135.286,0.0118
m,3.119974211,131.718,0.0118
m,3.128401492,132.225,0.0119
m,3.133061169,136.043,0.0119
m,3.148611842,131.318,0.0119
m,3.163860176,130.237,0.012
m,3.168097263,129.978,0.0123
m,3.172190261,131.048,0.0126
m,3.180374601,131.062,0.0125
m,3.21021958,134.828,0.0126
m,3.215083086,131.697,0.0127
m,3.219658645,130.247,0.0128
m,3.228428602,127.596,0.013
m,3.256843097,128.988,0.0129
m,3.261238891,134.401,0.0127
m,3.265828703,135.024,0.0126
m,3.27037219,127.204,0.0124
m,3.279171968,130.694,0.0123
s,3.052711416,137.358,0.0114
s,3.052711416,136.695,0.0114
s,3.052659861,136.088,0.0114
s,3.052659861,135.648,0.0114
s,3.052515697,136.211,0.0114
s,3.052761819,137.386,0.0116
s,3.052761242,137.919,0.0117
s,3.052905403,136.99,0.0117
s,3.053049563,136.726,0.0117
m,3.053388879,136.441,0.0118
m,3.053676629,133.598,0.0119
m,3.054593163,132.417,0.0119
m,3.059227407,133.989,0.0119
m,3.063192394,138.362,0.0119
m,3.089298239,140.244,0.012
m,3.089298799,137.66,0.0119
m,3.098114202,137.334,0.012
m,3.102399519,134.086,0.0119
m,3.106685073,140.349,0.0118
m,3.133061169,140.747,0.0119
m,3.13919181,139.663,0.0119
m,3.143038308,145.697,0.012
m,3.142626484,133.298,0.0119
m,3.184947371,133.542,0.0126
m,3.18990537,130.758,0.0125
m,3.194863831,133.142,0.0125
m,3.194863831,137.489,0.0125
m,3.205067774,134.187,0.0126
m,3.232574101,131.88,0.013
m,3.236575959,127.647,0.013
m,3.240433605,132.789,0.0131
m,3.244437584,129.228,0.0131
m,3.252544571,135.884,0.0132
m,3.28381656,127.649,0.0122
m,3.28381656,128.605,0.0122
m,3.292675163,131.522,0.0121
m,3.297179741,147.71,0.012
m,3.301685459,131.277,0.012
m,3.305565612,135.05,0.0119
m,3.314538511,132.408,0.0119
m,3.316971289,127.337,0.0118
m,3.321240611,130.059,0.0119
m,3.346891123,143.168,0.0125
m,3.354630432,137.122,0.0128
m,3.358565825,132.582,0.013
m,3.362456482,133.027,0.0132
m,3.392572885,140.687,0.0124
m,3.397112486,137.488,0.0123
m,3.401655106,141.113,0.0119
m,3.411222867,134.264,0.0118
m,3.411223886,148.097,0.0116
m,3.438620047,131.849,0.0114
m,3.447291869,131.755,0.0114
m,3.451557907,145.542,0.0112
m,3.455971293,137.755,0.011
m,3.460239029,136.084,0.011
m,3.489631372,138.83,0.0109
m,3.493909086,142.526,0.0109
m,3.498480999,138.056,0.0108
m,3.503096712,128.015,0.0106
m,3.535378832,124.421,0.0094
m,3.540109124,125.48,0.0093
m,3.544840244,124.478,0.0093
m,3.553575023,126.171,0.0092
m,3.557806093,128.674,0.0091
m,3.58474035,132.706,0.0087
m,3.589417123,124.436,0.0086
m,3.589417123,129.116,0.0086
m,3.599105162,122.773,0.0086
m,3.603970841,125.883,0.0085
m,3.639200361,122.246,0.0087
m,3.644148507,121.862,0.0088
m,3.653049875,123.784,0.0088
m,3.657266281,121.7,0.0088
m,3.325610567,131.505,0.0119
m,3.330027907,134.124,0.012
m,3.334400347,135.03,0.0121
m,3.338919713,132.801,0.0122
m,3.346892626,155.938,0.0122
m,3.366013055,140.309,0.0131
m,3.374438841,133.222,0.013
m,3.378871678,136.867,0.013
m,3.383451863,136.975,0.0129
m,3.388034319,135.11,0.0126
m,3.420607653,143.579,0.0115
m,3.425156276,136.701,0.0114
m,3.42985171,137.638,0.0114
m,3.434256928,133.247,0.0114
m,3.464508112,135.596,0.011
m,3.468821787,140.244,0.0109
m,3.473238981,135.637,0.011
m,3.477408412,134.836,0.011
m,3.485458245,131.737,0.011
m,3.512288911,128.072,0.0104
m,3.516720395,129.68,0.0102
m,3.52104839,130.553,0.01
m,3.521050024,130.482,0.0097
m,3.530503049,126.775,0.0096
m,3.562143381,133.37,0.0091
m,3.56652267,128.878,0.009
m,3.570902804,124.677,0.0089
m,3.575430291,124.072,0.0088
m,3.608983313,123.158,0.0085
m,3.614036083,130.352,0.0085
m,3.624289543,121.722,0.0086
m,3.62919747,123.548,0.0086
m,3.634290789,122.376,0.0088
m,3.662032829,128.661,0.0085
m,3.662032829,124.682,0.0085
m,3.672414238,123.152,0.0085
m,3.67755148,121.283,0.0085
m,3.682615198,123.033,0.0079
m,3.687863176,121.525,0.0076
m,3.698140835,122.129,0.0075
m,3.703279855,126.672,0.0075
m,3.708419775,127.373,0.0074
m,3.713783432,117.888,0.0073
m,3.73915827,119.916,0.0075
m,3.744228095,128.439,0.0076
m,3.749336052,119.398,0.0077
m,3.754406107,120.461,0.0078
m,3.759514788,125.566,0.0078
m,3.799500649,143.383,0.0086
m,3.804461906,120.068,0.0088
m,3.809460954,126.95,0.009
m,3.809459917,121.672,0.0092
m,3.84783305,125.198,0.0102
m,3.85279492,125.555,0.0104
m,3.857903841,139.717,0.0106
m,3.863050806,137.569,0.0107
m,3.868123299,128.665,0.0107
m,3.89808452,127.412,0.0107
m,3.903195459,123.485,0.0106
m,3.908268722,132.615,0.0106
m,3.918894357,132.856,0.0105
m,3.92415216,128.204,0.0105
m,3.959195259,148.273,0.0098
m,3.959195739,133.309,0.0097
m,3.969381655,133.917,0.0097
m,3.974456767,128.868,0.0096
m,4.009028157,128.891,0.0091
m,4.013993104,131.187,0.0091
m,4.018810495,134.462,0.0092
m,4.027967387,123.164,0.0094
m,4.031975093,128.001,0.0097
s,4.038263127,127.714,0.0102
s,4.03841027,127.26,0.0102
s,4.03841027,127.189,0.0102
s,4.038557414,127.101,0.0102
s,4.038557414,127.154,0.0102
m,3.719439788,119.059,0.0074
m,3.72354712,121.642,0.0072
m,3.728469632,119.262,0.0073
m,3.733832904,119.1,0.0074
m,3.769546987,122.844,0.0079
m,3.77421347,117.3,0.0082
m,3.779065888,125.573,0.0083
m,3.784027414,126.848,0.0084
m,3.788989002,122.217,0.0085
m,3.819128073,122.706,0.0093
m,3.823943103,128.236,0.0094
m,3.828610225,126.508,0.0097
m,3.833424871,122.237,0.0099
m,3.843018217,130.748,0.01
m,3.878306048,134.555,0.0107
m,3.883268787,123.603,0.0108
m,3.883268787,122.508,0.0108
m,3.89301099,124.738,0.0108
m,3.929410496,134.633,0.0104
m,3.934484719,127.856,0.0103
m,3.939559525,132.923,0.0101
m,3.944486919,133.89,0.01
m,3.954157447,133.357,0.0099
m,3.979385384,134.424,0.0094
m,3.984350452,128.238,0.0093
m,3.994353277,142.833,0.0093
m,3.999134667,135.067,0.0092
m,4.0040995,143.396,0.0092
m,4.031974154,128.162,0.0099
m,4.037123464,127.924,0.01
m,4.038005387,128.065,0.0102
m,4.038152529,127.476,0.0102
s,4.038704558,126.941,0.0102
s,4.038704558,127.154,0.0102
s,4.038815633,127.047,0.0101
s,4.038815173,127.083,0.0102
s,4.038815633,127.151,0.0101
s,4.038815173,127.051,0.0102
s,4.038814261,127.083,0.0104
s,4.038778195,127.232,0.0103
s,4.03877774,127.061,0.0104
s,4.039216943,127.069,0.0109
s,4.039363215,127.211,0.0111
s,4.039363215,127.093,0.0111
s,4.039473858,127.029,0.0111
s,4.03903241,127.241,0.0111
s,4.039142191,126.948,0.0113
s,4.039214768,126.965,0.0114
s,4.039251288,126.931,0.0114
s,4.039140667,127.149,0.0114
s,4.039471489,127.269,0.0114
s,4.039435388,127.062,0.0113
s,4.03910457,127.151,0.0113
s,4.03910457,127.286,0.0113
s,4.038957425,127.211,0.0113
s,4.039067464,127.18,0.0112
s,4.038920324,127.13,0.0112
s,4.038809737,127.171,0.0112
s,4.038809737,127.053,0.0112
s,4.038846302,127.067,0.0112
s,4.038294324,127.403,0.0112
s,4.038294324,127.483,0.0112
s,4.038146757,128.022,0.0113
s,4.03799962,126.57,0.0113
s,4.037852483,126.557,0.0113
s,4.037557353,127.234,0.0115
s,4.03774108,127.395,0.0115
s,4.037593943,127.396,0.0115
s,4.037630119,126.954,0.0116
s,4.038071096,127.256,0.0117
s,4.038218231,127.194,0.0117
s,4.038254834,127.194,0.0117
s,4.038401967,127.415,0.0117
s,4.038401967,127.682,0.0117
s,4.038776837,127.106,0.0106
s,4.038923984,127.262,0.0106
s,4.039071131,127.063,0.0106
s,4.039070238,127.271,0.0108
s,4.039217386,127.141,0.0108
s,4.03903241,127.067,0.0111
s,4.038995907,127.067,0.0111
s,4.038995907,126.892,0.0111
s,4.039326274,127.218,0.0112
s,4.039471489,127.234,0.0114
s,4.039471489,127.111,0.0114
s,4.039471489,127.055,0.0114
s,4.039471489,127.064,0.0114
s,4.039434958,127.08,0.0114
s,4.039398863,127.065,0.0113
s,4.039398863,127.306,0.0113
s,4.039324776,127.208,0.0113
s,4.039214175,127.141,0.0113
s,4.039067031,127.269,0.0113
s,4.038699161,127.131,0.0112
s,4.038552024,127.111,0.0112
s,4.038588598,127.275,0.0112
s,4.038441462,127.607,0.0112
s,4.037852483,127.24,0.0113
s,4.037852053,127.283,0.0114
s,4.037704916,127.036,0.0114
s,4.037704916,127.2,0.0114
s,4.037704489,127.196,0.0115
s,4.037630119,127.095,0.0116
s,4.037630119,127.151,0.0116
s,4.037777252,127.126,0.0116
s,4.037776829,127.056,0.0117
s,4.037923964,127.231,0.0117
s,4.038732838,127.458,0.0117
s,4.038732838,127.506,0.0117
s,4.038879971,127.46,0.0117
s,4.038879971,127.508,0.0117
s,4.039027103,127.554,0.0117
s,4.039063296,127.463,0.0118
s,4.039173814,127.424,0.0118
s,4.039320947,127.291,0.0118
s,4.039504689,127.309,0.0118
s,4.039872468,127.685,0.0119
s,4.040019601,127.65,0.0119
s,4.040056614,127.46,0.0118
s,4.040020019,127.571,0.0118
s,4.039983432,127.484,0.0118
s,4.039983432,128.39,0.0118
s,4.039983852,127.567,0.0117
s,4.039983852,127.968,0.0117
s,4.039983852,127.422,0.0117
s,4.039836295,127.419,0.0118
s,4.039836295,127.685,0.0118
s,4.039836715,127.855,0.0117
s,4.039983852,127.326,0.0117
s,4.039800137,127.699,0.0117
s,4.039836715,127.504,0.0117
s,4.039836715,127.506,0.0117
s,4.039836715,127.609,0.0117
s,4.039836715,127.813,0.0117
s,4.039873728,127.554,0.0116
s,4.039873728,127.596,0.0116
s,4.040020861,128.186,0.0116
s,4.040020861,127.683,0.0116
s,4.040020861,127.426,0.0116
s,4.039874153,127.519,0.0115
s,4.039874153,127.767,0.0115
s,4.03987458,127.915,0.0114
s,4.03987458,127.254,0.0114
s,4.040022144,127.703,0.0113
s,4.040501009,127.888,0.0111
s,4.040685177,127.716,0.011
s,4.040832311,127.363,0.011
s,4.040832311,127.404,0.011
s,4.039615213,127.404,0.0118
s,4.039615213,127.346,0.0118
s,4.039909481,127.465,0.0118
s,4.039909064,127.547,0.0119
s,4.039909064,127.519,0.0119
s,4.040020019,127.488,0.0118
s,4.040020019,127.438,0.0118
s,4.040020019,127.592,0.0118
s,4.040020019,127.842,0.0118
s,4.040020019,127.337,0.0118
s,4.039836295,127.999,0.0118
s,4.039836295,127.615,0.0118
s,4.039836715,127.569,0.0117
s,4.039836715,127.554,0.0117
s,4.039836715,128.044,0.0117
s,4.039836715,127.55,0.0117
s,4.039836715,127.737,0.0117
s,4.039836715,127.816,0.0117
s,4.039836715,127.389,0.0117
s,4.039836715,127.24,0.0117
s,4.039983852,127.534,0.0117
s,4.040020439,128.02,0.0117
s,4.040020439,127.016,0.0117
s,4.039873305,127.358,0.0117
s,4.040021286,127.613,0.0115
s,4.039874153,127.298,0.0115
s,4.039874153,127.525,0.0115
s,4.039874153,127.837,0.0115
s,4.040022144,127.378,0.0113
s,4.040169279,127.268,0.0113
s,4.040169711,127.417,0.0112
s,4.040316848,127.656,0.0112
s,4.040353437,127.287,0.0112
s,4.040979444,127.51,0.011
s,4.041127017,127.61,0.0109
s,4.041274152,127.536,0.0109
s,4.041274152,127.57,0.0109
s,4.041605017,127.37,0.0109
s,4.041605017,126.958,0.0109
s,4.04175215,127.261,0.0109
s,4.041715997,127.256,0.0108
s,4.041752592,127.031,0.0108
s,4.041642065,127.038,0.0108
m,4.041348694,129.013,0.0106
m,4.041937221,128.591,0.0106
m,4.041937221,122.574,0.0106
m,4.045100219,130.037,0.0106
m,4.048079518,127.163,0.0106
m,4.075957139,128.767,0.0113
m,4.080297238,125.419,0.0114
m,4.084784567,131.184,0.0115
m,4.093870675,120.702,0.0116
m,4.120757754,123.66,0.0124
m,4.129586827,124.275,0.0125
m,4.134074865,127.194,0.0126
m,4.138599508,123.368,0.0126
m,4.142757104,125.858,0.0127
m,4.166009366,118.912,0.0126
m,4.176201475,118.098,0.0125
m,4.181279081,125.76,0.0126
m,4.186540717,120.655,0.0125
m,4.19161887,128.059,0.0125
m,4.226612008,124.186,0.0122
m,4.236917625,125.217,0.012
m,4.242032619,120.58,0.0119
m,4.242033013,119.248,0.0118
m,4.284249753,118.625,0.0111
m,4.289806817,122.844,0.0111
m,4.29551046,123.402,0.0113
m,4.306807241,125.446,0.0114
m,4.312399141,127.842,0.0116
m,4.339122962,138.296,0.0108
m,4.349467952,128.679,0.0104
m,4.349469212,142.205,0.0101
m,4.360221398,131.97,0.0097
m,4.365745453,136.767,0.0094
s,4.041495378,127.033,0.0107
m,4.041458769,127.087,0.0107
m,4.041458769,127.481,0.0107
m,4.041459216,130.242,0.0106
m,4.051242115,127.51,0.0107
m,4.054846599,126.67,0.0107
m,4.062937657,121.205,0.0109
m,4.067277563,138.767,0.011
m,4.071617103,122.566,0.0112
m,4.098505415,130.473,0.0117
m,4.098505002,119.616,0.0118
m,4.107222664,123.64,0.0119
m,4.111857595,119.309,0.012
m,4.116381251,127.702,0.0122
m,4.147246104,123.419,0.0126
m,4.151734781,143.19,0.0126
m,4.156406418,120.267,0.0127
m,4.166008983,122.86,0.0127
m,4.20122191,128.377,0.0126
m,4.206188882,129.074,0.0126
m,4.211156273,127.318,0.0125
m,4.216270586,125.799,0.0125
m,4.221533366,123.1,0.0122
m,4.252633732,123.278,0.0116
m,4.257860599,121.949,0.0115
m,4.262940266,126.28,0.0114
m,4.267907473,121.086,0.0115
m,4.278727451,123.507,0.0113
m,4.317991858,125.318,0.0116
m,4.323254968,136.995,0.0115
m,4.328518521,124.832,0.0113
m,4.333746815,123.873,0.0111
m,4.37112316,128.467,0.0089
m,4.376501937,134.895,0.0082
m,4.381992272,137.203,0.0077
m,4.387665244,138.599,0.0072
m,4.39333938,131.184,0.0065
m,4.404829998,129.661,0.0062
m,4.404831014,138.297,0.006
m,4.416763838,131.841,0.0058
m,4.422912716,129.863,0.0057
m,4.464786472,134.159,0.005
m,4.464786472,131.531,0.005
m,4.476096235,129.926,0.005
m,4.481144221,136.297,0.005
m,4.485715423,128.912,0.005
m,4.512712359,131.881,0.0061
m,4.512710886,130.699,0.0064
m,4.521957157,134.173,0.0066
m,4.526562298,140.76,0.0069
m,4.531347505,142.463,0.0076
m,4.566290319,135.132,0.0093
m,4.576253711,140.718,0.0096
m,4.581087666,128.758,0.0099
m,4.585921902,134.214,0.0102
m,4.615799025,137.269,0.0118
m,4.620239954,141.397,0.012
m,4.624976675,133.259,0.0122
m,4.629861606,132.105,0.0124
m,4.634599152,137.411,0.0127
m,4.662643962,139.458,0.014
m,4.667238916,133.1,0.014
m,4.671505544,149.292,0.0142
m,4.675806154,135.846,0.0142
m,4.684228182,137.605,0.0143
m,4.703544864,133.852,0.0145
m,4.707785363,135.482,0.0144
m,4.71202691,140.301,0.0142
m,4.716121689,149.175,0.0139
m,4.72454401,136.191,0.0137
m,4.744898276,135.429,0.013
m,4.753270838,147.449,0.0128
m,4.757428073,133.837,0.0125
m,4.757428405,136.717,0.0124
m,4.765386799,142.479,0.0123
m,4.428879436,133.613,0.0056
m,4.435063832,133.391,0.0054
m,4.441212964,143.217,0.0053
m,4.447215805,134.696,0.005
m,4.458819583,139.668,0.005
m,4.490025844,130.734,0.0051
m,4.494335327,134.329,0.0054
m,4.503286021,136.229,0.0056
m,4.507924664,133.488,0.006
m,4.536134678,137.372,0.0079
m,4.545642581,143.385,0.0081
m,4.550691286,135.109,0.0083
m,4.55585349,142.813,0.0085
m,4.56101591,136.169,0.0087
m,4.590461289,130.644,0.0105
m,4.594853738,138.705,0.0107
m,4.599245664,130.513,0.0111
m,4.607374725,133.525,0.0113
m,4.60737399,137.439,0.0115
m,4.639517888,134.748,0.0131
m,4.648520927,134.532,0.0133
m,4.653195252,131.52,0.0134
m,4.653194301,134.093,0.0137
m,4.687939307,144.521,0.0143
m,4.691766407,141.315,0.0142
m,4.695445998,142.911,0.0142
m,4.699389012,131.22,0.0143
m,4.72875682,135.756,0.0135
m,4.732938746,134.525,0.0133
m,4.736973851,148.453,0.0131
m,4.741009664,147.724,0.013
m,4.769251547,133.368,0.0121
m,4.773233888,136.208,0.0121
m,4.777070607,152.685,0.0118
m,4.7882591,134.741,0.0118
m,4.791834457,135.797,0.0118
m,4.795262834,134.623,0.0118
m,4.798692616,138.21,0.0117
m,4.801796793,149.834,0.0117
m,4.805079288,143.265,0.012
m,4.827410092,140.606,0.0122
m,4.830376152,140.028,0.0121
m,4.836459255,146.294,0.0121
m,4.839992212,136.904,0.0121
m,4.846914468,147.536,0.012
m,4.86855243,142.417,0.0125
m,4.872218341,136.854,0.0127
m,4.875886199,137.697,0.0128
m,4.879528039,140.918,0.0128
m,4.883199552,146.147,0.0128
m,4.904869545,139.708,0.0127
m,4.908593534,151.605,0.0127
m,4.912495474,140.393,0.0127
m,4.916251223,144.029,0.0127
m,4.923918131,139.117,0.0127
m,4.945691164,136.968,0.0136
m,4.951883995,130.795,0.014
m,4.951883431,132.905,0.0142
m,4.957960091,134.83,0.0143
m,4.98066184,134.761,0.0148
m,4.983935818,134.952,0.015
m,4.983935818,134.841,0.015
m,4.990886219,143.544,0.0152
m,4.994414324,131.329,0.0152
m,5.015793434,133.456,0.0159
m,5.019506776,136.862,0.016
m,5.023370216,130.369,0.0163
m,5.027235831,127.821,0.0164
m,5.034148045,126.157,0.0165
m,5.03954907,132.774,0.0191
s,5.039571704,132.622,0.0192
s,5.03974312,132.409,0.0194
s,5.039765772,132.469,0.0195
m,4.811678638,141.583,0.0122
m,4.811678638,139.141,0.0122
m,4.818045619,138.993,0.0122
m,4.82115611,138.553,0.0122
m,4.824267447,136.364,0.0123
m,4.850422858,136.923,0.012
m,4.853932866,149.534,0.012
m,4.861254002,133.676,0.0121
m,4.861253673,144.412,0.0122
m,4.886696858,133.586,0.0127
m,4.893872168,140.327,0.0127
m,4.897347357,142.755,0.0126
m,4.897347357,147.092,0.0126
m,4.927707148,140.37,0.0127
m,4.931497883,144.013,0.0128
m,4.935142063,142.082,0.0129
m,4.938813989,134.134,0.0131
m,4.942312543,135.316,0.0135
m,4.960926094,140.479,0.0144
m,4.964017254,133.063,0.0144
m,4.967258758,142.936,0.0144
m,4.970650365,137.283,0.0145
m,4.974043658,137.445,0.0146
m,4.998117035,143.762,0.0153
m,5.001648329,134.708,0.0155
m,5.00903886,133.945,0.0156
m,5.012427134,129.584,0.0157
m,5.032805367,129.966,0.0168
m,5.032804278,138.118,0.0173
m,5.037076323,131.1,0.0177
m,5.03857657,131.2,0.0182
m,5.039252083,133.161,0.0186
s,5.039765604,132.364,0.0196
s,5.039765604,132.58,0.0196
s,5.039765438,132.58,0.0197
s,5.039765438,132.866,0.0197
s,5.039765438,132.49,0.0197
s,5.039765438,132.878,0.0197
s,5.039765604,133.034,0.0196
s,5.039765604,133.02,0.0196
s,5.039765604,132.589,0.0196
s,5.039765772,132.531,0.0195
s,5.03974295,132.775,0.0195
s,5.039594173,132.797,0.0194
s,5.039594345,132.526,0.0193
s,5.03957153,132.927,0.0193
s,5.039422583,132.738,0.0193
s,5.038908034,133.314,0.0189
s,5.038885241,133.153,0.0189
s,5.038862639,132.97,0.0188
s,5.038862639,132.883,0.0188
s,5.038691467,132.416,0.0185
s,5.038668884,132.838,0.0184
s,5.038519934,133.174,0.0184
s,5.038519934,133.327,0.0184
s,5.038497168,133.262,0.0184
s,5.038452041,132.475,0.0182
s,5.038452041,132.709,0.0182
s,5.038474989,132.755,0.0181
s,5.038474989,132.937,0.0181
s,5.038348797,132.93,0.0181
s,5.038452835,131.958,0.0178
s,5.038452835,132.412,0.0178
s,5.038453039,132.769,0.0177
s,5.038430293,131.963,0.0177
s,5.038476414,132.55,0.0174
s,5.038453662,132.613,0.0174
s,5.038728823,132.202,0.0174
s,5.038602614,132.445,0.0174
s,5.038774319,132.823,0.0174
s,5.038557556,133.837,0.0172
s,5.038557556,133.142,0.0172
s,5.038706511,133.1,0.0172
s,5.038706511,132.701,0.0172
s,5.038855465,132.506,0.0172
s,5.039765772,132.262,0.0195
s,5.03974295,132.721,0.0195
s,5.03974295,132.831,0.0195
s,5.03974295,133.014,0.0195
s,5.039399773,132.653,0.0193
s,5.039376971,132.958,0.0193
s,5.039250999,132.899,0.0192
s,5.039102051,132.421,0.0192
s,5.039079424,133.14,0.0191
s,5.038736659,133.054,0.0187
s,5.038736659,133.622,0.0187
s,5.038713873,129.608,0.0187
s,5.038862823,133.665,0.0187
s,5.038714058,132.991,0.0186
s,5.038497168,132.618,0.0184
s,5.03849736,132.707,0.0183
s,5.03849736,132.726,0.0183
s,5.038497553,132.791,0.0182
s,5.038326234,132.478,0.018
s,5.038475187,132.913,0.018
s,5.038475386,132.379,0.0179
s,5.038475588,131.832,0.0178
s,5.038452835,131.821,0.0178
s,5.038453245,132.558,0.0176
s,5.038453452,132.359,0.0175
s,5.038453452,132.238,0.0175
s,5.038453452,132.273,0.0175
s,5.038476414,132.232,0.0174
s,5.038774531,132.762,0.0173
s,5.038431127,132.524,0.0173
s,5.038580081,132.436,0.0173
s,5.038557342,133.365,0.0173
s,5.038855465,132.545,0.0172
s,5.038855465,132.181,0.0172
s,5.038832735,132.321,0.0172
s,5.03900442,132.319,0.0172
s,5.03900442,133.02,0.0172
s,5.039279817,132.909,0.0171
s,5.039428774,132.812,0.0171
s,5.0394515,132.365,0.0171
s,5.039325498,132.385,0.017
s,5.039348905,132.607,0.0167
s,5.039348905,132.873,0.0167
s,5.0392227,132.228,0.0167
s,5.0392227,132.456,0.0167
s,5.039371878,131.783,0.0166
s,5.039521059,131.959,0.0165
s,5.039417623,132.016,0.0165
s,5.039440392,132.225,0.0165
s,5.039440392,132.343,0.0165
s,5.039440392,132.4,0.0165
s,5.039313765,132.661,0.0167
s,5.039313765,131.937,0.0167
s,5.039336774,132.209,0.0166
s,5.039336774,132.227,0.0166
s,5.03916504,131.787,0.0166
s,5.039417396,132.624,0.0166
s,5.039313765,132.539,0.0167
s,5.039164814,132.665,0.0167
s,5.039164591,132.996,0.0168
s,5.039439716,132.798,0.0168
s,5.039439716,132.806,0.0168
s,5.039588666,133.161,0.0168
s,5.039588666,133.166,0.0168
s,5.039588666,133.309,0.0168
s,5.040080414,132.818,0.0171
s,5.040229363,132.482,0.0171
s,5.040229363,133.175,0.0171
s,5.040295371,133.81,0
s,5.040526624,133.079,0.0174
s,5.040526415,133.099,0.0175
s,5.040549198,133.031,0.0175
s,5.040548991,133.051,0.0176
s,5.040697941,132.659,0.0176
s,5.039325717,132.385,0.0169
s,5.039325717,132.769,0.0169
s,5.039325939,132.631,0.0168
s,5.039325939,132.613,0.0168
s,5.039325939,132.544,0.0168
s,5.039371878,132.204,0.0166
s,5.039371878,131.96,0.0166
s,5.039371878,131.848,0.0166
s,5.039498083,131.839,0.0166
s,5.039440165,132.317,0.0166
s,5.039440165,132.343,0.0166
s,5.03931399,131.93,0.0166
s,5.03931399,132.294,0.0166
s,5.03931399,132.013,0.0166
s,5.03931399,132.415,0.0166
s,5.03931399,132.39,0.0166
s,5.03931399,132.757,0.0166
s,5.03931399,131.237,0.0166
s,5.03931399,134.034,0.0166
s,5.039290765,132.912,0.0168
s,5.039313541,133.277,0.0168
s,5.039313541,133.441,0.0168
s,5.039439716,133.133,0.0168
s,5.039737396,133.236,0.0169
s,5.039886348,133.58,0.0169
s,5.039886129,132.932,0.017
s,5.039908902,132.792,0.017
s,5.040057852,132.731,0.017
s,5.040378098,132.82,0.0172
s,5.040377885,132.613,0.0173
s,5.040377885,132.759,0.0173
s,5.040377885,132.72,0.0173
s,5.040526624,132.847,0.0174
s,5.040697735,132.794,0.0177
s,5.040995634,132.877,0.0177
s,5.040950077,133.069,0.0177
s,5.040033395,132.81,0.0178
s,5.039907218,132.267,0.0178
s,5.039907218,132.304,0.0178
s,5.039758267,132.821,0.0178
s,5.039929998,132.448,0.0178
s,5.039907218,132.962,0.0178
s,5.040078948,133.262,0.0178
s,5.040078948,133.657,0.0178
s,5.040078948,133.067,0.0178
s,5.040078948,133.844,0.0178
m,5.043552698,129.176,0.0178
m,5.046156268,123.863,0.0179
m,5.049185185,126.312,0.018
m,5.05234105,128.164,0.0185
m,5.055499244,121.516,0.0185
m,5.076367317,123.256,0.0189
m,5.079386359,126.993,0.0192
m,5.082258176,126.592,0.0192
m,5.088473974,127.257,0.0194
m,5.091796924,125.141,0.0194
m,5.113921503,129.317,0.02
m,5.117959731,130.669,0.0201
m,5.117959731,130.693,0.0201
m,5.126130277,128.765,0.0202
m,5.130432634,126.559,0.0202
m,5.161580894,123.753,0.0208
m,5.166181558,123.408,0.0209
m,5.170653683,123.912,0.0216
m,5.179345162,122.354,0.0218
m,5.20374792,130.363,0.0222
m,5.212153829,129.905,0.0223
m,5.216368929,138.85,0.0222
m,5.220867075,129.771,0.0222
m,5.225499483,135.504,0.0221
m,5.247968399,132.147,0.0214
m,5.256849575,132.639,0.0213
m,5.261052739,138.151,0.0212
m,5.265424159,132.728,0.0211
m,5.269781864,130.515,0.0207
s,5.039907218,133.296,0.0178
s,5.040056169,132.365,0.0178
s,5.040056169,132.767,0.0178
s,5.040056169,132.423,0.0178
s,5.040078948,132.062,0.0178
m,5.040078948,133.162,0.0178
m,5.040227897,132.9,0.0178
m,5.040227897,128.83,0.0178
m,5.040480249,127.824,0.0178
m,5.041603609,125.239,0.0178
m,5.062371493,126.057,0.0185
m,5.066063835,121.205,0.0186
m,5.066063651,123.445,0.0187
m,5.073200204,124.45,0.0188
m,5.095249032,126.777,0.0195
m,5.098830962,129.246,0.0195
m,5.102435429,135.588,0.0196
m,5.106148671,138.851,0.0199
m,5.134607935,123.542,0.0203
m,5.13891464,124.365,0.0204
m,5.147794528,123.949,0.0204
m,5.152367971,123.69,0.0205
m,5.156963464,124.55,0.0207
m,5.183563114,119.883,0.022
m,5.18763351,122.734,0.0222
m,5.191556429,122.655,0.0223
m,5.195499493,126.711,0.0223
m,5.199557138,128.416,0.0222
m,5.230283798,136.359,0.022
m,5.234771852,143.547,0.0218
m,5.243622605,143.112,0.0216
m,5.247968278,134.313,0.0215
m,5.278802687,129.896,0.0205
m,5.28363164,139.792,0.0204
m,5.288462487,129.542,0.0205
m,5.293162027,130.592,0.0203
m,5.2979981,125.208,0.0197
m,5.302836069,126.276,0.0193
m,5.312786815,131.216,0.0188
m,5.317915652,139.3,0.0184
m,5.31791619,129.952,0.0181
m,5.36363437,151.294,0.0157
m,5.36970974,143.148,0.0154
m,5.375651306,144.241,0.0151
m,5.381893711,145.652,0.0149
m,5.38798843,139.481,0.0146
m,5.424272953,136.938,0.0135
m,5.430118031,141.033,0.0133
m,5.435990409,133.704,0.013
m,5.441713878,132.126,0.0127
m,5.447576184,140.042,0.012
m,5.485696387,127.178,0.0098
m,5.490864336,132.601,0.0095
m,5.496182773,130.992,0.0091
m,5.50759375,134.366,0.0084
m,5.540923536,130.312,0.0064
m,5.546268375,129.057,0.0062
m,5.557442023,127.23,0.0062
m,5.562960056,127.984,0.0062
m,5.568489993,127.624,0.0062
m,5.603224888,130.893,0.0068
m,5.609376224,132.786,0.0072
m,5.615378173,133.286,0.0075
m,5.621542711,135.132,0.0075
m,5.634608983,129.403,0.0075
m,5.67348678,132.916,0.0077
m,5.684814812,132.736,0.0076
m,5.690241886,139.14,0.0077
m,5.695681116,133.666,0.0077
m,5.730735204,130.854,0.0083
m,5.73541388,136.459,0.0083
m,5.740242676,132.076,0.0082
m,5.745071149,135.141,0.0082
m,5.749761447,139.167,0.0083
m,5.328943071,129.685,0.0178
m,5.334542611,138.991,0.0174
m,5.340144166,135.743,0.0171
m,5.34589838,132.482,0.0164
m,5.351654201,136.773,0.016
m,5.394084643,148.652,0.0144
m,5.400196559,138.831,0.014
m,5.406309494,144.17,0.0138
m,5.418266088,131.502,0.0137
m,5.45331439,133.786,0.0116
m,5.464329467,129.584,0.0113
m,5.464330069,131.722,0.0111
m,5.475086592,128.977,0.0106
m,5.480391226,130.494,0.0102
m,5.513362266,130.217,0.0081
m,5.519131559,125.719,0.0077
m,5.519133016,129.527,0.0073
m,5.530072354,125.139,0.0069
m,5.535416788,127.646,0.0067
m,5.574157968,131.66,0.0062
m,5.579986826,129.146,0.0064
m,5.591519558,128.754,0.0065
m,5.597372404,128.283,0.0066
m,5.634608983,135.642,0.0075
m,5.648308841,135.422,0.0077
m,5.654946183,132.781,0.0077
m,5.661571806,135.247,0.0077
m,5.667598304,132.309,0.0077
m,5.70082047,134.991,0.0078
m,5.705959516,131.808,0.008
m,5.711097933,132.07,0.0084
m,5.716249585,136.48,0.0084
m,5.721089875,135.346,0.0084
m,5.754451783,138.814,0.0084
m,5.764144072,132.966,0.0086
m,5.769134069,139.336,0.0087
m,5.769133746,135.059,0.0088
m,5.779264252,135.606,0.0088
m,5.784392412,133.61,0.0088
m,5.789544327,133.511,0.0089
m,5.794234952,140.326,0.009
m,5.799213398,136.623,0.009
m,5.833050816,135.215,0.009
m,5.837879918,136.534,0.0089
m,5.84257142,135.925,0.0088
m,5.847250791,135.866,0.0087
m,5.879904913,146.28,0.0083
m,5.884584086,140.251,0.0083
m,5.889263269,145.468,0.0083
m,5.898496149,157.33,0.0084
m,5.903175061,157.138,0.0085
m,5.92615852,137.736,0.0087
m,5.930837529,145.359,0.0088
m,5.935378862,145.725,0.009
m,5.944749659,146.322,0.0091
m,5.949291692,138.59,0.0091
m,5.975135438,142.172,0.0088
m,5.979054033,136.654,0.0087
m,5.986753649,144.063,0.0086
m,5.990522511,146.907,0.0085
m,6.020099282,149.414,0.0078
m,6.020099928,144.962,0.0076
m,6.02861086,144.962,0.0074
m,6.031468796,142.741,0.0073
m,6.032816812,145.449,0.0072
s,6.032506511,146.353,0.0067
s,6.032506851,145.992,0.0066
s,6.032506851,146.563,0.0066
s,6.032369257,145.301,0.0067
s,6.032219514,145.606,0.0067
s,6.031944017,146.854,0.007
s,6.031956191,146.775,0.0071
s,6.031956191,146.646,0.0071
s,6.031956191,146.09,0.0071
m,5.809044399,135.087,0.0091
m,5.813885224,133.867,0.0091
m,5.818713968,133.385,0.0091
m,5.818713968,133.198,0.0091
m,5.828221727,135.547,0.0091
m,5.856471671,135.371,0.0086
m,5.86116328,142.169,0.0085
m,5.865842395,140.409,0.0085
m,5.865842395,141.426,0.0085
m,5.875225428,149.443,0.0084
m,5.907704552,142.494,0.0085
m,5.912246682,148.942,0.0084
m,5.912246364,139.721,0.0085
m,5.921616936,137.634,0.0086
m,5.953821346,138.12,0.0091
m,5.958201261,147.516,0.0091
m,5.962431442,143.044,0.0091
m,5.966661941,141.623,0.009
m,5.970892454,138.766,0.0089
m,5.993991577,144.624,0.0085
m,5.997611016,136.199,0.0083
m,6.001828177,140.045,0.0085
m,6.006208832,136.609,0.0083
m,6.010739564,136.458,0.008
m,6.033117297,145.78,0.0069
m,6.032805323,145.351,0.0069
m,6.032655916,146.801,0.0068
s,6.032506511,146.164,0.0067
s,6.032219176,146.672,0.0068
s,6.032069433,146.307,0.0068
s,6.032081593,146.458,0.0069
s,6.032081593,145.765,0.0069
s,6.032093759,146.059,0.007
s,6.031955859,146.117,0.0072
s,6.031955859,144.977,0.0072
s,6.031955859,145.673,0.0072
s,6.032105602,145.998,0.0072
s,6.032105602,145.415,0.0072
s,6.032255675,146.542,0.0071
s,6.032268186,146.829,0.0071
s,6.032268186,146.632,0.0071
s,6.032418262,145.815,0.007
s,6.032567669,147.453,0.0071
s,6.032717412,145.372,0.0071
s,6.032717081,146.215,0.0072
s,6.032717081,146.555,0.0072
s,6.032716751,146.044,0.0073
s,6.032741791,145.235,0.0073
s,6.032753339,144.846,0.0076
s,6.032753339,143.908,0.0076
s,6.032753339,144.571,0.0076
s,6.032603275,143.78,0.0077
s,6.032440364,144.408,0.0079
s,6.032427522,144.417,0.008
s,6.032277781,143.99,0.008
s,6.032264946,144.676,0.0081
s,6.032264946,145.237,0.0081
s,6.031926693,144.158,0.0085
s,6.031939194,145.517,0.0085
s,6.031776641,145.079,0.0086
s,6.031614095,144.457,0.0087
s,6.031464047,144.473,0.0088
s,6.031288422,144.313,0.0091
s,6.03113838,144.889,0.0092
s,6.0311259,145.197,0.0092
s,6.031125603,144.565,0.0093
s,6.030675783,144.023,0.0095
s,6.030525747,144.439,0.0096
s,6.030525747,143.756,0.0096
s,6.030376003,142.928,0.0096
s,6.030376003,143.503,0.0096
s,6.030225394,144.344,0.0099
s,6.030225394,144.352,0.0099
s,6.030225394,144.361,0.0099
s,6.030225394,143.766,0.0099
s,6.030375138,143.575,0.0099
s,6.032555492,146.052,0.007
s,6.032555492,145.239,0.007
s,6.0327049,145.399,0.0071
s,6.0327049,145.425,0.0071
s,6.032741463,145.786,0.0074
s,6.032741463,145.049,0.0074
s,6.032741137,144.643,0.0075
s,6.032741137,144.71,0.0075
s,6.032890877,144.792,0.0075
s,6.032603275,145.036,0.0077
s,6.032453213,144.414,0.0078
s,6.032453213,144.226,0.0078
s,6.032440684,144.058,0.0078
s,6.032440364,142.831,0.0079
s,6.032264631,143.687,0.0082
s,6.032264318,144.328,0.0083
s,6.0322393,144.641,0.0083
s,6.032226487,145.42,0.0084
s,6.031463744,145.006,0.0089
s,6.031463744,144.764,0.0089
s,6.031450951,146.959,0.009
s,6.031450951,148.424,0.009
s,6.031288422,143.974,0.0091
s,6.030975859,144.09,0.0093
s,6.030975859,144.603,0.0093
s,6.03082582,142.541,0.0094
s,6.03082582,143.796,0.0094
s,6.030825526,144.492,0.0095
s,6.030375713,144.443,0.0097
s,6.030375425,144.542,0.0098
s,6.03022568,144.483,0.0098
s,6.030225394,143.635,0.0099
s,6.030362662,144.425,0.0099
s,6.030524881,145.288,0.0099
s,6.030524881,143.812,0.0099
s,6.030537364,143.183,0.0099
s,6.030687394,144.099,0.0098
s,6.030687394,143.642,0.0098
s,6.030687394,143.442,0.0098
s,6.030687682,142.405,0.0097
s,6.030824945,143.355,0.0097
s,6.030962505,144.302,0.0096
s,6.030962796,144.896,0.0095
s,6.030962796,144.211,0.0095
s,6.03096309,142.999,0.0094
s,6.03096309,143.233,0.0094
s,6.030489812,145.001,0.0091
s,6.030340067,144.515,0.0091
s,6.030190622,144.143,0.009
s,6.030040877,145.215,0.009
s,6.030041179,145.179,0.0089
s,6.02977519,144.802,0
s,6.029891435,144.515,0.0089
s,6.029903901,144.681,0.0089
s,6.029903901,145.17,0.0089
s,6.030353437,144.581,0.0088
s,6.030503182,145.192,0.0088
s,6.030503182,144.298,0.0088
s,6.030665397,143.847,0.0088
s,6.030665397,145.265,0.0088
s,6.031251904,144.417,0.0088
s,6.031251904,145.751,0.0088
s,6.031252209,145.237,0.0087
s,6.031401953,144.395,0.0087
s,6.031401953,144.363,0.0087
s,6.03153893,148.344,0.0088
s,6.03153893,146.923,0.0088
s,6.031676523,145.357,0.0087
s,6.031676523,144.764,0.0087
s,6.031664998,145.337,0.0084
s,6.031664998,144.911,0.0084
s,6.031652865,148.061,0.0083
s,6.031802611,146.474,0.0083
s,6.031802924,148.202,0.0082
s,6.030824945,143.621,0.0097
s,6.030974689,143.722,0.0097
s,6.030974979,144.723,0.0096
s,6.030974979,143.969,0.0096
s,6.030962505,145.392,0.0096
s,6.03081364,144.166,0.0093
s,6.03080117,144.56,0.0093
s,6.030639258,144.626,0.0092
s,6.030489513,144.748,0.0092
s,6.029878974,145.163,0.0089
s,6.029878974,144.217,0.0089
s,6.029878974,145.596,0.0089
s,6.029729229,144.577,0.0089
s,6.02974169,144.078,0.0089
s,6.029904204,143.967,0.0088
s,6.030053948,144.884,0.0088
s,6.030053948,143.976,0.0088
s,6.030053948,143.848,0.0088
s,6.030203693,144.577,0.0088
s,6.03081514,144.257,0.0088
s,6.03081514,145.384,0.0088
s,6.030952415,144.936,0.0088
s,6.031102159,145.389,0.0088
s,6.031401953,147.045,0.0087
s,6.031401953,146.131,0.0087
s,6.031401953,146.31,0.0087
s,6.031539235,145.928,0.0087
s,6.03153893,147.717,0.0088
s,6.03167683,146.042,0.0086
s,6.03167683,146.29,0.0086
s,6.03167683,144.749,0.0086
s,6.031677138,146.232,0.0085
s,6.031664998,144.72,0.0084
s,6.031803239,146.191,0.0081
m,6.031983996,152.628,0
m,6.032265554,140.916,0.0079
m,6.03302673,141.813,0.0079
m,6.036957466,137.472,0.0079
m,6.040277091,141.057,0.0078
m,6.043771093,143.483,0.0078
m,6.050896463,145.391,0.0078
m,6.050896463,141.094,0.0078
m,6.0798341,141.101,0.0083
m,6.084077156,147.696,0.0083
m,6.088169898,147.882,0.0085
m,6.092112948,143.503,0.0087
m,6.118917666,137.198,0.0095
m,6.12269882,137.289,0.0096
m,6.126467255,140.694,0.0097
m,6.134017442,138.151,0.0097
m,6.13779836,138.805,0.0099
m,6.159114971,137.184,0.0097
m,6.163944905,139.268,0.0096
m,6.168612027,135.988,0.0096
m,6.178121635,135.908,0.0096
m,6.182938487,136.044,0.0096
m,6.21666058,135.218,0.0098
m,6.21666058,139.756,0.0098
m,6.225870976,136.45,0.0098
m,6.230700767,136.014,0.0098
m,6.268056885,142.491,0.0098
m,6.272750082,147.791,0.0098
m,6.277743008,147.402,0.0097
m,6.28303484,140.081,0.0098
m,6.288340018,141.165,0.0098
m,6.320131367,141.221,0.0103
m,6.331178064,139.576,0.0104
m,6.331177805,146.284,0.0105
m,6.341775774,142.838,0.0105
m,6.341775517,143.208,0.0106
m,6.388369987,138.283,0.0121
m,6.393499637,143.384,0.0121
m,6.393499408,143.974,0.0122
m,6.404448181,144.515,0.0134
m,6.058633121,139.033,0.0079
m,6.062726278,137.162,0.0079
m,6.066968894,140.455,0.008
m,6.066968579,142.24,0.0081
m,6.075591387,143.084,0.0082
m,6.099837673,140.507,0.0088
m,6.103768455,140.314,0.0089
m,6.107412177,137.561,0.0091
m,6.111205677,143.087,0.0093
m,6.114987088,144.976,0.0093
m,6.141742353,137.976,0.0099
m,6.145823326,135.779,0.0099
m,6.150054042,139.805,0.0099
m,6.154584781,138.972,0.0097
m,6.187618726,138.363,0.0095
m,6.192448416,138.526,0.0095
m,6.197277833,135.024,0.0096
m,6.202132974,134.332,0.0097
m,6.211967647,134.312,0.0098
m,6.235393502,137.716,0.0099
m,6.240073599,140.635,0.0099
m,6.244616935,139.841,0.0099
m,6.249297055,140.755,0.0099
m,6.258982986,141.785,0.0098
m,6.299223785,145.054,0.0098
m,6.304528807,138.494,0.0099
m,6.309820777,140.86,0.01
m,6.314826203,139.012,0.0102
m,6.352223667,141.274,0.0107
m,6.357665356,150.565,0.0109
m,6.367974329,148.17,0
m,6.373079129,141.192,0.0115
m,6.378221052,138.027,0.0119
m,6.410240905,152.941,0.0147
m,6.416034077,141.196,0.016
m,6.42152679,140.814,0.0184
m,6.432192341,143.038,0.0194
m,6.4370758,142.412,0.0204
m,6.442109329,148.163,0.0213
m,6.447428989,148.243,0.0221
m,6.452912106,144.093,0.0229
m,6.458395498,145.796,0.0236
m,6.463715549,151.552,0.025
m,6.498403494,146.506,0.0274
m,6.503411606,152.769,0.0276
m,6.50840598,148.971,0.0279
m,6.513101101,139.704,0.0284
m,6.518095526,141.529,0.0286
m,6.552009908,139.925,0.0305
m,6.556855384,140.662,0.0314
m,6.561714444,147.21,0.0317
m,6.571418538,142.968,0.032
m,6.598353521,142.223,0.034
m,6.606996616,142.344,0.0344
m,6.611257682,144.285,0.0348
m,6.615490314,150.47,0.0349
m,6.620200188,155.606,0.0351
m,6.644213216,144.002,0.0359
m,6.653590859,139.77,0.0361
m,6.658137148,147.164,0.0362
m,6.662697664,141.972,0.0363
m,6.667393959,142.073,0.0366
m,6.702810194,143.631,0.0371
m,6.708105256,149.91,0.0374
m,6.713250539,142.288,0.0376
m,6.7185598,144.896,0.0378
m,6.757912067,140.562,0.0388
m,6.762594092,154.829,0.0389
m,6.771972389,144.507,0.039
m,6.771972576,142.338,0.0391
m,6.781529423,148.836,0.0392
m,6.80727062,153.639,0.0394
m,6.81226613,147.107,0.0393
m,6.817261472,159.12,0.0391
m,6.827224107,159.102,0.0392
m,6.83250459,150.836,0.0392
m,6.475935713,147.535,0.0258
m,6.475935662,146.906,0.0263
m,6.487190043,146.708,0.0267
m,6.492946413,156.648,0.0271
m,6.527934723,143.218,0.0288
m,6.527934867,143.201,0.0292
m,6.53762455,141.056,0.0295
m,6.542469551,144.686,0.0299
m,6.54731449,144.863,0.0301
m,6.576114125,141.536,0.0323
m,6.576114392,144.526,0.0326
m,6.585341759,147.77,0.0329
m,6.589887689,141.453,0.0331
m,6.594270512,138.288,0.0338
m,6.625686443,146.887,0.0352
m,6.630232555,146.195,0.0353
m,6.634807084,148.759,0.0355
m,6.644212937,149.363,0.0357
m,6.672225405,141.121,0.0367
m,6.682066123,144.112,0.0367
m,6.687210977,146.813,0.0367
m,6.692505492,152.433,0.0367
m,6.697650536,142.876,0.0368
m,6.728999969,140.964,0.0381
m,6.734145354,141.731,0.0383
m,6.739140949,141.663,0.0384
m,6.743986928,149.066,0.0385
m,6.748683475,142.253,0.0387
m,6.786525212,148.192,0.0393
m,6.791820092,155.723,0.0393
m,6.796965357,152.017,0.0393
m,6.802110832,161.727,0.0394
m,6.83763545,152.797,0.0392
m,6.842766128,152.285,0.0391
m,6.847897182,152.165,0.0392
m,6.853177493,149.759,0.0391
m,6.857841671,146.186,0.0372
m,6.865984857,149.578,0.0377
m,6.865985024,146.841,0.0378
m,6.87461616,141.099,0.0383
m,6.879717307,149.072,0.0379
m,6.914828306,147.734,0.0386
m,6.914828485,149.756,0.0387
m,6.923955756,149.998,0.0387
m,6.928773391,147.311,0.039
m,6.933411868,137.476,0.039
m,6.965119904,150.52,0.0394
m,6.965120094,147.684,0.0395
m,6.975879523,150.099,0.0396
m,6.981102375,145.014,0.0396
m,6.986445826,145.509,0.0394
m,7.022422975,145.149,0.0385
m,7.027412098,140.866,0.0384
m,7.032293475,138.865,0.0379
m,7.0424651,142.281,0.0377
m,7.069151862,144.154,0.038
m,7.070185425,144.195,0.0378
s,7.070335096,144.127,0.0378
s,7.070348894,143.244,0.0378
s,7.070348894,142.972,0.0378
s,7.070741464,143.63,0.037
s,7.070741311,143.932,0.0369
s,7.070890831,143.536,0.0368
s,7.07089068,144.747,0.0367
s,7.070876901,143.484,0.0367
s,7.070848916,144.315,0.0364
s,7.070848916,145.016,0.0364
s,7.07116203,142.895,0.0364
s,7.071297789,143.723,0.0363
s,7.070971067,144.133,0.0364
s,7.070971067,143.498,0.0364
s,7.070971067,142.81,0.0364
s,7.070957313,143.323,0.0364
s,7.070807786,144.222,0.0365
m,6.884863704,141.747,0.0385
m,6.890159062,141.872,0.0387
m,6.895260883,157.344,0.0387
m,6.905209192,146.63,0.0389
m,6.910011219,146.969,0.0386
m,6.938387403,147.071,0
m,6.943587218,143.833,0.0393
m,6.954211183,142.094,0.0394
m,6.959598114,138.266,0.0395
m,6.991639593,148.4,0.0391
m,7.002163828,159.645,0.039
m,7.007508221,145.546,0.039
m,7.012674312,140.561,0.0388
m,7.017826488,147.037,0.0386
m,7.042464936,141.328,0.0376
m,7.053086678,154.552,0.0374
m,7.058241532,158.754,0.0374
m,7.062948351,147.563,0.0378
m,7.067069784,144.68,0.0377
s,7.070484602,143.634,0.0377
s,7.070483956,144.849,0.0373
s,7.070470005,143.25,0.0372
s,7.070605732,143.437,0.0371
s,7.070876752,142.564,0.0366
s,7.070713306,142.639,0.0366
s,7.070713158,143.582,0.0365
s,7.070713158,144.428,0.0365
s,7.070713011,142.647,0.0364
s,7.071297934,142.923,0.0364
s,7.071148262,144.135,0.0364
s,7.071148262,143.674,0.0364
s,7.071134498,144.517,0.0364
s,7.070984972,144.218,0.0365
s,7.070794038,144.66,0.0365
s,7.070794038,144.149,0.0365
s,7.070630619,144.65,0.0365
s,7.070780294,143.498,0.0365
s,7.070780294,143.989,0.0365
s,7.070780294,144.514,0.0365
s,7.070780294,144.754,0.0365
s,7.070780294,144.644,0.0365
s,7.070780147,144.695,0.0364
s,7.070752819,143.471,0.0365
s,7.070752673,144.315,0.0364
s,7.070602998,144.544,0.0364
s,7.070111538,144.505,0.0355
s,7.066910641,144.018,0.0338
s,7.066910641,144.611,0.0338
s,7.066910641,144.455,0.0338
s,7.066910641,144.138,0.0338
s,7.066910641,145.016,0.0338
s,7.067087525,144.378,0.0337
s,7.067087525,144.996,0.0337
s,7.067087634,143.556,0.0338
s,7.067087634,143.4,0.0338
s,7.067237204,144.438,0.0337
s,7.067550333,144.664,0.0338
s,7.067536562,144.636,0.0337
s,7.067536455,145.169,0.0336
s,7.067373012,143.989,0.0335
s,7.066719003,144.401,0.0328
s,7.066718816,144.562,0.0326
s,7.066868497,144.427,0.0326
s,7.066868497,144.394,0.0326
s,7.066868405,143.848,0.0325
s,7.066377868,145.04,0.0318
s,7.066214484,145.338,0.0317
s,7.066187024,144.954,0.0314
s,7.066023661,144.992,0.0313
s,7.065860159,144.978,0.031
s,7.065029487,144.763,0.0298
s,7.065002248,144.313,0.0296
s,7.065002151,145.721,0.0294
s,7.064689085,146.41,0.0291
s,7.070766407,143.549,0.0364
s,7.070916081,142.942,0.0364
s,7.070916081,143.597,0.0364
s,7.070752673,142.501,0.0364
s,7.070752673,143.565,0.0364
s,7.06883137,144.505,0.0351
s,7.068830871,144.254,0.0347
s,7.067700576,145.003,0.0343
s,7.067223763,143.853,0.0339
s,7.066910641,143.804,0.0338
s,7.066910641,144.088,0.0338
s,7.067209999,144.718,0.0338
s,7.066924295,145.388,0.0338
s,7.067087525,144.094,0.0337
s,7.067237204,143.578,0.0337
s,7.067386883,144.006,0.0337
s,7.067386992,145.316,0.0338
s,7.067386992,145.012,0.0338
s,7.067386992,145.16,0.0338
s,7.067209574,144.406,0.0334
s,7.067209471,144.546,0.0333
s,7.067195522,144.8,0.033
s,7.066882419,144.963,0.0329
s,7.066882323,143.837,0.0328
s,7.066718458,145.374,0.0322
s,7.066541425,145.875,0.0321
s,7.066541341,145.607,0.032
s,7.066541341,145.927,0.032
s,7.065710274,144.881,0.0307
s,7.065369997,143.998,0.0305
s,7.065356291,145.665,0.0303
s,7.065356232,143.792,0.0302
s,7.065192855,145.309,0.03
s,7.064675488,145.714,0.029
s,7.06451217,145.83,0.0288
s,7.064498585,146.126,0.0287
s,7.064498548,145.802,0.0286
s,7.064484938,146.385,0.0284
s,7.064484818,145.689,0.028
s,7.064321567,146.311,0.0279
s,7.064321519,145.251,0.0277
s,7.06417181,145.478,0.0276
s,7.06400855,145.126,0.0274
s,7.063818179,146.131,0.0265
s,7.06381817,146.355,0.0263
s,7.063818167,146.216,0.0262
s,7.063804653,146.687,0.026
s,7.063791146,145.647,0.0259
s,7.063574094,145.473,0.0248
s,7.063424444,145.552,0.0246
s,7.06328831,144.883,0.0243
s,7.063138646,145.634,0.0242
s,7.06294881,146.554,0.0233
s,7.062948934,145.031,0.023
s,7.062935551,145.903,0.0228
s,7.062935599,145.818,0.0227
s,7.062935697,144.599,0.0225
s,7.062935969,145.852,0.022
s,7.062936027,146.152,0.0219
s,7.063085839,147.357,0.0217
s,7.063085839,146.514,0.0217
s,7.063235592,146.556,0.0216
s,7.063372294,147.627,0.0209
s,7.063522134,146.685,0.0207
s,7.06350875,145.769,0.0206
s,7.063508828,145.931,0.0205
s,7.063808622,144.625,0.02
s,7.063958488,144.133,0.0198
s,7.063931581,145.008,0.0198
s,7.063931671,144.076,0.0197
m,7.063931854,144.292,0.0195
m,7.064627045,141.582,0.019
m,7.065960956,141.55,0.0189
m,7.070970251,135.811,0.0188
m,7.0739109,137.342,0.0186
m,7.073911114,137.341,0.0184
s,7.064158202,146.658,0.0272
s,7.064144645,146.232,0.027
s,7.064144622,146.408,0.0268
s,7.0639814,145.042,0.0267
s,7.063777662,146.342,0.0255
s,7.063627993,144.325,0.0253
s,7.063464816,145.966,0.0252
s,7.063464829,146.003,0.0251
s,7.063601037,144.555,0.025
s,7.063138702,146.553,0.024
s,7.062975557,145.376,0.0239
s,7.06296214,145.953,0.0237
s,7.062962174,144.71,0.0236
s,7.06296221,142.905,0.0235
s,7.062935749,145.014,0.0224
s,7.062799584,144.481,0.0223
s,7.062799638,144.598,0.0222
s,7.062949385,146.041,0.0221
s,7.063235722,147.378,0.0214
s,7.063235789,146.517,0.0213
s,7.063235857,147.826,0.0212
s,7.063385617,147.623,0.0211
s,7.063432021,146.946,0
s,7.063508908,146.224,0.0204
s,7.06365868,146.233,0.0203
s,7.063645306,145.799,0.0202
s,7.063808453,145.007,0.0202
s,7.063795081,145.365,0.0201
m,7.06376881,144.883,0.0194
m,7.063605676,152.549,0.0194
m,7.063755464,153.519,0.0193
m,7.064041606,145.958,0.0191
m,7.080025306,150.813,0.0184
m,7.083225915,143.567,0.0184
m,7.085991271,139.199,0.0181
m,7.088893075,140.499,0.0181
m,7.095771925,144.282,0.018
m,7.099573135,142.933,0.0178
m,7.103387481,145.344,0.0178
m,7.107176131,141.326,0.0178
m,7.110978147,143.162,0.0178
m,7.136054134,148.448,0.0176
m,7.139546832,143.913,0.0177
m,7.143052613,140.58,0.0177
m,7.146396586,138.342,0.0176
m,7.149740969,137.824,0.0175
m,7.171939814,136.869,0.0175
m,7.175574831,144.174,0.0175
m,7.179198306,142.883,0.0175
m,7.183121817,139.713,0.0176
m,7.187183789,144.199,0.0177
m,7.214071974,138.158,0.0177
m,7.217541158,139.401,0.0176
m,7.220988192,136.111,0.0176
m,7.228312085,142.831,0.0176
m,7.257093793,142.646,0.0185
m,7.257093793,143.975,0.0185
m,7.265884813,157.432,0.0185
m,7.27019204,145.705,0.0185
m,7.274501032,144.259,0.0185
m,7.300642959,134.466,0.0183
m,7.300642959,145.446,0.0183
m,7.30911908,139.155,0.0183
m,7.31343506,142.109,0.0182
m,7.31774359,147.79,0.0181
m,7.351746818,149.067,0.0182
m,7.355640405,141.502,0.0184
m,7.359411263,145.379,0.0184
m,7.363025104,137.734,0.0183
m,7.388942664,145.642,0.0182
m,7.39255942,147.147,0.0182
m,7.399962438,151.52,0.0182
m,7.399962438,148.401,0.0182
m,7.407205922,144.369,0.0182
m,7.114630899,145.325,0.0177
m,7.118271021,134.09,0.0177
m,7.121911683,141.106,0.0176
m,7.125552651,143.155,0.0176
m,7.132399203,144.527,0.0177
m,7.153372724,148.681,0.0175
m,7.161074839,138.182,0.0174
m,7.161074839,136.42,0.0174
m,7.168317744,138.301,0.0173
m,7.195298364,141.754,0.0177
m,7.199362718,138.029,0.0177
m,7.199362718,136.563,0.0177
m,7.207020999,142.759,0.0177
m,7.210626716,142.511,0.0177
m,7.232350217,138.721,0.0176
m,7.236378386,138.066,0.0176
m,7.240257998,137.075,0.0176
m,7.24442715,157.271,0.018
m,7.248458754,149.99,0.0184
m,7.27896174,142.934,0.0184
m,7.283424109,140.198,0.0184
m,7.2878782,140.354,0.0184
m,7.292184466,135.28,0.0183
m,7.322063389,144.856,0.0181
m,7.326375922,145.392,0.0181
m,7.335007278,142.107,0.0181
m,7.339334971,158.368,0.0181
m,7.3476962,144.308,0.0181
m,7.370398299,137.498,0.0183
m,7.373866163,143.159,0.0183
m,7.377635227,141.163,0.0183
m,7.381255674,151.097,0.0183
m,7.385019499,157.561,0.0183
m,7.410815537,158.927,0.0179
m,7.41472659,144.682,0.0179
m,7.418789435,142.027,0.0179
m,7.427206871,149.741,0.0177
m,7.431275469,152.342,0.0176
m,7.435195787,148.264,0.0176
m,7.443498703,154.786,0.0173
m,7.443498816,144.29,0.0172
m,7.447718067,142.417,0.0171
m,7.477043528,149.541,0.0163
m,7.480683643,139.805,0.0163
m,7.488435936,147.343,0.0163
m,7.492092069,149.858,0.0163
m,7.516979707,143.259,0.016
m,7.521682653,144.335,0.016
m,7.531235221,145.655,0.0159
m,7.535939627,140.92,0.0159
m,7.540650365,140.92,0.0161
m,7.568186579,146.399,0.0165
m,7.57246903,151.649,0.0164
m,7.57645317,143.495,0.0161
m,7.58029206,140.765,0.0161
m,7.587823893,139.072,0.0161
m,7.609713721,144.965,0.0162
m,7.613561602,145.62,0.0162
m,7.621414741,143.649,0.0162
m,7.625419836,142.577,0.0162
m,7.649319888,149.125,0.016
m,7.657344626,141.946,0.016
m,7.661360339,144.354,0.016
m,7.665375775,142.641,0.0159
m,7.665375899,144.6,0.0158
m,7.689956722,143.008,0.0158
m,7.698012824,145.117,0.0157
m,7.70189489,146.024,0.0156
m,7.705628313,143.245,0.0154
m,7.709362784,153.663,0.0154
m,7.736890405,141.251,0.0149
m,7.741235176,145.586,0.0148
m,7.745581417,151.116,0.0148
m,7.749629298,139.065,0.0148
m,7.456318719,157.458,0.017
m,7.460693847,139.028,0.0169
m,7.460693965,148.944,0.0168
m,7.469012075,149.134,0.0167
m,7.472954794,145.768,0.0166
m,7.495894216,160.147,0.0163
m,7.499692738,148.213,0.0162
m,7.5037877,144.728,0.0162
m,7.508034881,154.639,0.016
m,7.512433781,152.222,0.016
m,7.549623745,147.307,0.0161
m,7.554336436,145.667,0.0161
m,7.559047041,147.325,0.0162
m,7.563763805,151.563,0.0164
m,7.587823893,141.053,0.0161
m,7.594767485,146.215,0.0162
m,7.598469374,139.471,0.0163
m,7.602166073,144.81,0.0163
m,7.60586401,144.887,0.0164
m,7.625419958,140.988,0.0161
m,7.633429224,137.769,0.016
m,7.637436051,141.734,0.016
m,7.641296689,156.709,0.016
m,7.645306309,141.21,0.0161
m,7.673713338,143.138,0.0158
m,7.677733512,143.764,0.0158
m,7.681757003,145.296,0.0157
m,7.685930327,143.073,0.0158
m,7.713248763,148.3,0.0153
m,7.717285417,138.442,0.0151
m,7.720573761,143.443,0.015
m,7.724612977,154.684,0.015
m,7.732697063,137.224,0.0148
m,7.753828829,141.515,0.0147
m,7.762232014,143.923,0.0147
m,7.766435995,142.111,0.0147
m,7.766436132,142.885,0.0146
m,7.774998777,142.978,0.0145
m,7.779357135,144.722,0.0145
m,7.783416894,144.765,0.0144
m,7.787477933,147.214,0.0144
m,7.795304239,148.926,0.0143
m,7.799368887,139.001,0.0142
m,7.819264875,151.34,0.014
m,7.82318711,154.266,0.014
m,7.826959071,153.84,0.0141
m,7.834207733,147.245,0.0142
m,7.837831482,139.262,0.0143
m,7.863397627,151.616,0.0142
m,7.863397627,145.528,0.0142
m,7.870813165,146.551,0.0142
m,7.874749802,155.301,0.0141
m,7.904777699,148.835,0.0137
m,7.908423526,147.116,0.0138
m,7.912220481,150.645,0.0139
m,7.919820892,147.898,0.0139
m,7.923924312,156.978,0.014
m,7.943392158,144.212,0.0142
m,7.947352064,156.614,0.0145
m,7.951159673,146.758,0.0147
m,7.959235999,144.174,0.0148
m,7.963504856,149.856,0.0148
m,7.990393056,153.554,0.0147
m,7.993922294,154.553,0.0143
m,7.997598054,156.97,0.0142
m,8.001424881,144.588,0.0142
m,8.015265841,141.024,0.0156
s,8.015411053,140.623,0.0156
s,8.015556156,141.596,0.0157
s,8.015851287,141.024,0.0158
s,8.016146538,140.993,0.0158
s,8.016291432,140.947,0.0161
s,8.016441347,141.255,0.0162
s,8.016441238,141.513,0.0163
s,8.016441131,141.484,0.0164
s,8.016441131,141.249,0.0164
m,7.80328542,143.921,0.0142
m,7.807202577,148.229,0.0141
m,7.811272061,145.948,0.014
m,7.815342806,148.376,0.014
m,7.841457908,147.668,0.0143
m,7.845087219,142.245,0.0142
m,7.849017767,156.559,0.0142
m,7.852799479,151.658,0.0142
m,7.86051472,141.736,0.0142
m,7.878839863,145.627,0.014
m,7.883085779,148.639,0.014
m,7.891879775,140.3,0.014
m,7.896280368,150.478,0.0139
m,7.900679793,157.619,0.0138
m,7.923924453,146.587,0.0139
m,7.931831535,149.618,0.0141
m,7.935635197,151.03,0.0141
m,7.939436542,150.789,0.0141
m,7.967928823,142.099,0.0149
m,7.971896242,145.818,0.015
m,7.975864837,151.49,0.0151
m,7.97968482,161.18,0.015
m,7.983351914,159.253,0.0148
m,8.004952816,142.624,0.0142
m,8.00803131,144.109,0.0146
m,8.010506178,153.455,0.015
m,8.014656725,142.095,0.0151
m,8.014656243,140.729,0.0155
s,8.016296449,140.794,0.0159
s,8.016296449,141.173,0.0159
s,8.016296449,141.711,0.0159
s,8.016296337,141.287,0.016
s,8.016441025,141.576,0.0165
s,8.016436131,141.594,0.0166
s,8.016431243,142.02,0.0167
s,8.016431141,141.415,0.0168
s,8.016581166,141.676,0.0168
s,8.016576284,140.883,0.0169
s,8.016576184,141.906,0.017
s,8.016576085,141.307,0.0171
s,8.016576085,140.503,0.0171
s,8.017016138,142.445,0.0176
s,8.017161397,141.782,0.0176
s,8.017161305,142.67,0.0177
s,8.017311331,142.33,0.0177
s,8.017316188,141.266,0.0176
s,8.015995433,142.095,0.0168
s,8.015700389,141.175,0.0166
s,8.015700494,141.318,0.0165
s,8.015260136,141.998,0.0164
s,8.015265055,142.201,0.0163
s,8.015560621,142.166,0.016
s,8.015555815,142.179,0.016
s,8.015551013,142.037,0.016
s,8.015551013,141.782,0.016
s,8.015695909,141.875,0.0163
s,8.015395752,142.077,0.0164
s,8.01510061,141.75,0.0163
s,8.014955496,141.336,0.0162
s,8.014655669,140.911,0.016
s,8.014065416,141.456,0.0158
s,8.014210515,141.476,0.0159
s,8.014210403,140.968,0.016
s,8.014355509,141.906,0.0161
s,8.014355399,141.779,0.0162
s,8.014355183,142.544,0.0164
s,8.014505101,142.091,0.0165
s,8.014504996,142.283,0.0166
s,8.014655021,141.368,0.0166
s,8.015095287,141.573,0.0168
s,8.015245109,141.636,0.017
s,8.01539044,141.169,0.0169
s,8.015395335,141.743,0.0168
s,8.015395335,141.777,0.0168
s,8.016576085,141.971,0.0171
s,8.016575988,141.363,0.0172
s,8.016725917,141.883,0.0173
s,8.016721141,142.195,0.0173
s,8.016870977,142.445,0.0175
s,8.017175803,141.305,0.0175
s,8.017175992,141.525,0.0173
s,8.01703094,141.579,0.0171
s,8.016881014,141.575,0.017
s,8.015265273,141.442,0.0161
s,8.015265384,141.994,0.016
s,8.015415407,142.291,0.016
s,8.015415407,141.759,0.016
s,8.015560621,142.023,0.016
s,8.015700926,141.98,0.0161
s,8.015700926,141.314,0.0161
s,8.015550902,142.101,0.0161
s,8.015555704,141.764,0.0161
s,8.015550792,142.412,0.0162
s,8.014355733,142.145,0.0159
s,8.014060605,142.147,0.0158
s,8.014060605,141.94,0.0158
s,8.014065416,141.51,0.0158
s,8.014355399,141.899,0.0162
s,8.014355399,142.764,0.0162
s,8.014355291,142.516,0.0163
s,8.014355291,142.288,0.0163
s,8.014355183,143.078,0.0164
s,8.014655021,142.66,0.0166
s,8.014800138,142.512,0.0167
s,8.014804941,141.856,0.0167
s,8.014950163,141.642,0.0167
s,8.015100085,141.287,0.0168
s,8.015395437,142.068,0.0167
s,8.015395541,141.976,0.0166
s,8.015400445,141.508,0.0165
s,8.015400551,141.006,0.0164
s,8.015255545,141.201,0.0162
s,8.015260573,141.343,0.016
s,8.015115472,142.058,0.0159
s,8.015115586,141.757,0.0158
s,8.015120516,141.8,0.0157
s,8.01513016,141.03,0.0157
s,8.01513016,141.717,0.0157
s,8.01513016,141.295,0.0157
s,8.014985081,141.701,0.0156
s,8.015439869,141.338,0.0157
s,8.015439985,141.312,0.0156
s,8.015589892,141.732,0.0157
s,8.015590009,141.419,0.0156
s,8.015590009,141.31,0.0156
s,8.015590245,141.903,0.0154
s,8.015590364,141.366,0.0153
s,8.015590485,141.825,0.0152
s,8.015440584,141.899,0.0151
s,8.015440833,140.167,0.0149
s,8.014846484,141.622,0.0142
s,8.014701437,141.981,0.0141
s,8.014551825,142.378,0.0138
s,8.01440693,142.265,0.0136
s,8.014257337,142.299,0.0133
s,8.014262188,141.538,0.0133
s,8.014262188,141.739,0.0133
s,8.014257483,140.911,0.0132
s,8.014257483,141.238,0.0132
s,8.014412504,141.163,0.0131
s,8.014712551,141.451,0.0131
s,8.0147077,142.421,0.0131
s,8.01485273,141.888,0.0132
s,8.015002607,142.196,0.0133
s,8.015292546,141.573,0.0136
s,8.015292546,141.264,0.0136
s,8.015287713,142.021,0.0136
s,8.015287713,141.204,0.0136
s,8.015120516,141.66,0.0157
s,8.014975312,141.863,0.0157
s,8.015125336,141.341,0.0157
s,8.01513016,140.963,0.0157
s,8.01513016,141.269,0.0157
s,8.014989914,141.109,0.0156
s,8.015139938,140.778,0.0156
s,8.015139938,141.036,0.0156
s,8.015289845,141.811,0.0157
s,8.015289845,141.697,0.0157
s,8.015590126,141.089,0.0155
s,8.015590126,141.012,0.0155
s,8.015590245,141.458,0.0154
s,8.015590245,141.545,0.0154
s,8.015291062,141.476,0.0147
s,8.015291062,142.668,0.0147
s,8.015146004,141.714,0.0146
s,8.015146134,141.323,0.0145
s,8.014996374,141.664,0.0143
s,8.014407072,142.007,0.0135
s,8.014257049,141.693,0.0135
s,8.014257192,142.073,0.0134
s,8.014107313,142.507,0.0133
s,8.014257192,142.449,0.0134
s,8.014412356,141.077,0.0132
s,8.014267335,141.372,0.0131
s,8.014417358,141.829,0.0131
s,8.014412504,141.06,0.0131
s,8.015147644,141.393,0.0134
s,8.015297668,141.435,0.0134
s,8.015297525,142.144,0.0135
s,8.015442569,141.597,0.0136
s,8.015442569,140.984,0.0136
s,8.015287572,142.169,0.0137
s,8.015287572,141.338,0.0137
s,8.015287432,141.976,0.0138
s,8.015137409,141.84,0.0138
s,8.015137409,141.821,0.0138
s,8.015137409,141.471,0.0138
s,8.014992218,141.486,0.0138
s,8.014992218,141.712,0.0138
s,8.014996916,141.851,0.0139
s,8.014996916,142.888,0.0139
m,8.015152059,151.212,0.0137
m,8.015606835,146.464,0.0138
m,8.016681147,144.082,0.0139
m,8.018060633,149.695,0.0139
m,8.022044969,145.35,0.0139
m,8.040549449,151.615,0.0138
m,8.043762982,153.725,0.0138
m,8.050036336,147.767,0.0138
m,8.053107081,153.213,0.0137
m,8.074614402,141.146,0.0135
m,8.074614543,158.162,0.0134
m,8.080161026,157.419,0.0134
m,8.083088024,148.239,0.0135
m,8.08601611,149.635,0.0133
m,8.103791358,147.33,0.0132
m,8.103791215,149.81,0.0133
m,8.110426631,149.714,0.0134
m,8.113980416,148.728,0.0134
m,8.117534916,147.548,0.0136
m,8.143630965,150.07,0.0141
m,8.14779308,151.812,0.0143
m,8.15568522,148.606,0.0144
m,8.159550579,151.257,0.0145
m,8.184916715,147.082,0.0147
m,8.188789362,152.635,0.0147
m,8.192962966,159.779,0.0146
m,8.196837647,146.045,0.0145
m,8.200713161,145.978,0.0145
m,8.223677782,152.607,0.0147
m,8.227726522,150.676,0.0148
m,8.231617944,141.232,0.015
m,8.235501888,147.903,0.0152
m,8.23937828,144.368,0.0153
m,8.014996916,142.353,0.0139
m,8.014996916,142.775,0.0139
m,8.014997054,141.983,0.0138
m,8.014847031,145.315,0.0138
m,8.024650435,151.127,0.0137
m,8.02741104,150.349,0.0138
m,8.030617307,141.966,0.0138
m,8.034134383,154.288,0.0138
m,8.037491695,142.796,0.0138
m,8.056328359,142.964,0.0137
m,8.059550442,155.132,0.0136
m,8.062623041,146.054,0.0136
m,8.065696304,142.251,0.0136
m,8.068764666,149.444,0.0135
m,8.088950789,155.754,0.0132
m,8.091879965,143.813,0.0132
m,8.09760264,150.892,0.0133
m,8.100696486,147.564,0.0133
m,8.121383825,145.85,0.0137
m,8.128641232,148.848,0.0138
m,8.132349802,143.07,0.0138
m,8.136052297,152.011,0.0139
m,8.13976962,152.942,0.014
m,8.159550579,144.503,0.0145
m,8.167126936,150.47,0.0146
m,8.17083031,146.186,0.0146
m,8.174242074,150.283,0.0146
m,8.177796898,152.791,0.0147
m,8.204439697,146.057,0.0145
m,8.212037398,147.083,0.0145
m,8.215908311,144.687,0.0146
m,8.215908311,148.945,0.0146
m,8.247291831,149.578,0.0158
m,8.251329331,150.901,0.016
m,8.255367871,153.355,0.0161
m,8.255367666,147.253,0.0163
m,8.263016029,143.665,0.0163
m,8.266608118,146.148,0.0161
m,8.270051158,148.221,0.016
m,8.273635648,143.265,0.0161
m,8.277080512,142.198,0.016
m,8.305053788,140.814,0.0162
m,8.308965801,142.525,0.0163
m,8.312738838,149.441,0.0164
m,8.319799116,152.589,0.0165
m,8.322955969,143.959,0.0166
m,8.342258632,146.746,0.0166
m,8.345443143,149.206,0.0168
m,8.345443051,148.8,0.0169
m,8.351655494,142.095,0.017
m,8.354672425,157.081,0.0171
m,8.377283718,149.188,0.0173
m,8.380182301,142.536,0.0174
m,8.382932292,145.095,0.0175
m,8.385683482,142.831,0.0176
m,8.402275475,140.049,0.0176
m,8.407557155,150.483,0.0176
m,8.410044552,152.814,0.0176
m,8.412533368,141.547,0.0177
m,8.41516125,151.781,0.0177
m,8.430347633,149.867,0.0179
m,8.432874318,147.841,0.018
m,8.435402815,147.773,0.0181
m,8.437946267,145.778,0.018
m,8.440328851,146.357,0.018
m,8.45764535,153.607,0.0178
m,8.459636911,152.625,0.0177
m,8.461766543,143.474,0.0176
m,8.465732936,149.488,0.0176
m,8.479295387,152.481,0.0168
m,8.482733806,153.351,0.0166
m,8.482733991,152.427,0.0164
m,8.486166787,157.89,0.0162
m,8.487744824,145.655,0.016
m,8.280517024,145.159,0.0159
m,8.288329129,141.72,0.016
m,8.292546157,143.011,0.0159
m,8.292546157,143.647,0.0159
m,8.300983419,147.183,0.016
m,8.326103773,141.272,0.0166
m,8.329262634,146.45,0.0165
m,8.332272492,146.014,0.0165
m,8.335593241,148.738,0.0165
m,8.357540473,145.319,0.0172
m,8.360259734,158.318,0.0172
m,8.365861823,146.344,0.0172
m,8.368744686,152.3,0.0173
m,8.371628698,149.201,0.0173
m,8.388424386,144.779,0.0177
m,8.391177984,146.558,0.0177
m,8.393944404,149.208,0.0177
m,8.396712243,146.051,0.0176
m,8.399493116,152.705,0.0176
m,8.417802712,152.683,0.0178
m,8.420295928,150.638,0.0179
m,8.425299551,149.666,0.0179
m,8.427822762,150.015,0.0178
m,8.444936533,148.339,0.018
m,8.447174803,149.304,0.018
m,8.449401402,149.45,0.0181
m,8.453587551,157.054,0.0181
m,8.455683519,151.698,0.0179
m,8.467869042,145.185,0.0176
m,8.469857789,148.814,0.0175
m,8.471863153,155.656,0.0174
m,8.473721289,152.162,0.0173
m,8.475582074,154.147,0.0169
m,8.48949022,144.62,0.0158
m,8.489490423,148.64,0.0156
m,8.49303543,145.297,0.0156
m,8.49483609,147.323,0.0154
m,8.496639878,144.506,0.0153
m,8.498430935,146.183,0.0152
m,8.501872344,149.288,0.0152
m,8.50367252,143.496,0.015
m,8.505176633,144.411,0.0149
m,8.519018707,147.537,0.0146
m,8.520663006,151.012,0.0146
m,8.52231011,152.156,0.0144
m,8.524012378,145.776,0.0142
m,8.537154846,157.825,0.0131
m,8.539181808,151.271,0.013
m,8.541044057,147.168,0.0129
m,8.542909399,148.549,0.0127
m,8.556859573,155.65,0.0119
m,8.558392355,153.567,0.0118
m,8.560076712,157.823,0.0117
m,8.561614356,149.664,0.0115
m,8.563154361,153.229,0.0113
m,8.573392488,151.005,0.0112
m,8.575077843,155.706,0.0114
m,8.576765641,156.55,0.0114
m,8.578455431,156.995,0.0115
m,8.580167916,150.711,0.0118
m,8.592241969,160.88,0.0119
m,8.593928938,157.468,0.012
m,8.596989226,157.006,0.012
m,8.59853295,160.841,0.0121
m,8.611009783,153.853,0.013
m,8.611009654,161.719,0.0131
m,8.614910777,149.504,0.0133
m,8.616897561,157.229,0.0134
m,8.619057618,155.637,0.0136
m,8.633857642,155.745,0.0151
m,8.63635236,153.095,0.0154
m,8.639123348,150.696,0.0157
m,8.641723766,157.09,0.016
m,8.647251285,146.497,0.0162
m,8.506966092,150.809,0.0149
m,8.508758552,148.908,0.0147
m,8.512035643,144.529,0.0147
m,8.513819195,145.702,0.0147
m,8.517227446,147.222,0.0147
m,8.525867368,150.862,0.0139
m,8.527743077,150.396,0.0138
m,8.529622334,158.526,0.0136
m,8.531654372,148.936,0.0134
m,8.533540338,150.47,0.0133
m,8.544628548,152.857,0.0124
m,8.546630072,146.15,0.0123
m,8.550155166,154.607,0.0122
m,8.553522171,153.63,0.0119
m,8.555180058,154.338,0.0119
m,8.56490565,156.584,0.0112
m,8.566639818,157.007,0.0111
m,8.568376723,152.285,0.011
m,8.571817517,157.13,0.0111
m,8.58385685,154.274,0.0118
m,8.585534291,159.971,0.0118
m,8.587192336,159.962,0.0119
m,8.589022663,155.507,0.0119
m,8.590705866,160.084,0.0119
m,8.600100542,159.126,0.0122
m,8.601968138,155.034,0.0124
m,8.603688986,156.104,0.0125
m,8.605389777,154.764,0.0126
m,8.607241221,154.195,0.0129
m,8.621390952,156.875,0.0141
m,8.623898518,159.124,0.0143
m,8.628874266,158.446,0.0145
m,8.631388245,157.488,0.0147
m,8.647251285,148.502,0.0162
m,8.652833374,146.546,0.0164
m,8.655788007,154.165,0.0165
m,8.658571839,148.29,0.0165
m,8.661506151,148.595,0.0166
m,8.664418028,154.855,0.0167
m,8.667331593,155.076,0.0167
m,8.673139176,145.186,0.0166
m,8.676032864,151.105,0.0167
m,8.698090703,148.266,0.0162
m,8.701119809,152.472,0.0162
m,8.704175463,146.24,0.0161
m,8.707182012,150.3,0.016
m,8.710312931,147.603,0.016
m,8.730338667,145.481,0.0167
m,8.733651661,139.83,0.0162
m,8.736939655,138.108,0.016
m,8.740577495,145.558,0.0159
m,8.744339038,144.193,0.0159
m,8.772901225,162.026,0.0151
m,8.77726518,153.609,0.0149
m,8.781428254,150.111,0.015
m,8.790404327,158.717,0.0148
m,8.816502178,144.814,0.0145
m,8.820645258,143.756,0.0145
m,8.824964592,147.961,0.0144
m,8.834023388,142.267,0.0144
m,8.83846596,148.259,0.0144
m,8.860034755,140.346,0.0144
m,8.867871369,152.063,0.0144
m,8.867871369,146.601,0.0144
m,8.875099115,143.958,0.0144
m,8.877693659,143.513,0.0144
m,8.882058366,146.418,0.0145
m,8.882058366,145.666,0.0145
m,8.882058472,146.445,0.0144
m,8.882058472,146.716,0.0144
m,8.882707508,147.041,0.0141
m,8.882910083,146.818,0
m,8.882707618,146.632,0.014
m,8.882559346,144.665,0.0139
m,8.882411075,143.586,0.0138
m,8.676032779,153.054,0.0168
m,8.682146842,142.522,0.0167
m,8.685367249,146.563,0.0166
m,8.688589126,144.607,0.0166
m,8.69181282,146.157,0.0163
m,8.713618861,144.218,0.016
m,8.716925983,150.872,0.0159
m,8.720234109,144.894,0.0159
m,8.72371708,145.459,0.0164
m,8.748250477,142.036,0.0156
m,8.756399232,149.142,0.0155
m,8.760610606,155.482,0.0155
m,8.76464835,151.315,0.0153
m,8.768713122,155.704,0.0153
m,8.794893518,151.809,0.0148
m,8.799356913,155.786,0.0147
m,8.803699239,149.033,0.0147
m,8.808015777,148.6,0.0145
m,8.812211382,142.866,0.0144
m,8.842881897,150.698,0.0144
m,8.847271065,143.611,0.0144
m,8.851633341,149.817,0.0144
m,8.855847458,146.89,0.0145
m,8.879611986,149.944,0.0145
m,8.880733392,146.189,0.0145
m,8.88185471,146.092,0.0146
m,8.881882292,146.226,0.0146
m,8.881882292,145.37,0.0146
m,8.882206854,147.673,0.0144
m,8.882206961,145.995,0.0143
m,8.882355344,145.533,0.0143
m,8.882531424,146.774,0.0142
m,8.882531424,147.243,0.0142
m,8.882411188,143.888,0.0137
m,8.883384391,150.349,0.0136
m,8.885303121,151.852,0.0135
m,8.888222705,144.411,0.0134
m,8.891763745,142.118,0.0132
m,8.899736274,154.94,0.0131
m,8.904195587,146.002,0.0131
m,8.908627458,146.769,0.013
m,8.91305937,153.66,0.013
m,8.943169491,153.321,0.0128
m,8.947658793,150.153,0.0127
m,8.951972008,141.981,0.0126
m,8.956257383,145.924,0.0125
m,8.989273763,143.052,0.0128
m,8.99403348,146.864,0.0129
m,8.999118402,148.965,0.0129
m,9.004231894,152.038,0.0129
m,9.009288718,146.222,0.0131
m,9.038037446,146.296,0.0137
m,9.042325943,161.282,0.0136
m,9.046762862,144.518,0.0135
m,9.051080258,149.766,0.0134
m,9.059538684,149.617,0.0133
m,9.075333339,145.929,0.0136
s,9.075362074,146.078,0.0136
s,9.075362074,146.004,0.0136
s,9.075362074,145.341,0.0136
s,9.075481361,146.127,0.0138
s,9.075481361,145.894,0.0138
s,9.075481361,145.209,0.0138
s,9.075481361,146.335,0.0138
s,9.075481469,146.656,0.0137
s,9.0751851,145.69,0.0136
s,9.0751851,145.125,0.0136
s,9.0751851,145.421,0.0136
s,9.075036861,145.363,0.0136
s,9.075036861,145.305,0.0136
s,9.07479786,145.782,0.0136
s,9.074797751,145.627,0.0137
s,9.074797751,146.792,0.0137
s,9.074649513,146.073,0.0137
m,8.917491564,145.098,0.0129
m,8.921747598,144.617,0.0129
m,8.925883394,145.153,0.0128
m,8.93016771,146.425,0.0127
m,8.934424148,147.605,0.0127
m,8.960747539,136.476,0.0123
m,8.965181356,140.471,0.0124
m,8.969940099,139.56,0.0125
m,8.974699164,141.857,0.0125
m,8.979606485,137.413,0.0127
m,9.014345726,151.514,0.0133
m,9.019254753,151.002,0.0134
m,9.028868277,144.995,0.0135
m,9.028868166,147.285,0.0136
m,9.063383057,150.52,0.0134
m,9.067021996,151.488,0.0135
m,9.070216301,153.159,0.0136
m,9.072937383,146.912,0.0136
m,9.074682811,146.096,0.0137
s,9.075361965,146.697,0.0137
s,9.07533323,145.602,0.0137
s,9.075481469,145.769,0.0137
s,9.075481361,146.479,0.0138
s,9.075481361,145.812,0.0138
s,9.07533323,145.942,0.0137
s,9.075333339,146.251,0.0136
s,9.0751851,145.961,0.0136
s,9.0751851,146.474,0.0136
s,9.075065596,145.404,0.0136
s,9.075065596,146.642,0.0136
s,9.075065596,146.769,0.0136
s,9.075065596,146.338,0.0136
s,9.074946098,146.196,0.0136
s,9.074649405,146.744,0.0138
s,9.074649405,146.47,0.0138
s,9.074649298,146.866,0.0139
s,9.074649298,146.338,0.0139
s,9.074649298,145.922,0.0139
s,9.074649193,145.071,0.014
s,9.074649193,145.364,0.014
s,9.074649193,146.389,0.014
s,9.074649193,145.335,0.014
s,9.074649193,146.778,0.014
s,9.07500316,146.958,0.014
s,9.07500316,146.257,0.014
s,9.07500316,145.402,0.014
s,9.07500316,146.157,0.014
s,9.07500316,146.272,0.014
s,9.075151189,146.594,0.0142
s,9.075122339,146.612,0.0143
s,9.075122138,146.827,0.0145
s,9.075241535,145.963,0.0146
s,9.075541847,147.497,0.0154
s,9.075541758,147.247,0.0155
s,9.07551295,146.605,0.0156
s,9.075483977,147.589,0.0159
s,9.075455182,146.993,0.016
s,9.075072103,146.797,0.0166
s,9.075043255,146.478,0.0168
s,9.075043109,146.495,0.017
s,9.075014203,146.145,0.0173
s,9.074837133,146.494,0.0175
s,9.07457847,145.472,0.0185
s,9.074755215,145.393,0.0188
s,9.074697801,146.461,0.019
s,9.074611672,146.272,0.0194
s,9.074946519,146.391,0.0209
s,9.075066088,145.608,0.0212
s,9.075157078,145.818,0.0215
s,9.075276702,146.51,0.0217
s,9.075396271,146.245,0.0223
s,9.075492705,145.82,0.0234
s,9.075464148,146.17,0.0236
s,9.075435599,145.92,0.0238
s,9.075407058,146.228,0.024
s,9.075498264,146.384,0.0244
s,9.074677937,145.753,0.014
s,9.074826175,145.211,0.014
s,9.074826175,145.993,0.014
s,9.07500316,146.231,0.014
s,9.07500316,145.827,0.014
s,9.075151292,146.326,0.0141
s,9.075151292,146.213,0.0141
s,9.075003055,146.004,0.0141
s,9.075151189,146.051,0.0142
s,9.075212697,147.147,0.0147
s,9.075332009,146.7,0.0149
s,9.075451424,147.207,0.015
s,9.07557075,146.315,0.0152
s,9.075541937,146.168,0.0153
s,9.075278149,147.515,0.0161
s,9.075278067,145.614,0.0162
s,9.07510096,146.535,0.0164
s,9.075100882,146.441,0.0165
s,9.074750952,146.242,0.0177
s,9.074722211,146.522,0.0178
s,9.074693414,146.123,0.018
s,9.074664626,145.691,0.0182
s,9.074635902,146.39,0.0183
s,9.074582944,145.76,0.0196
s,9.074496965,146.184,0.0198
s,9.074616477,146.64,0.0201
s,9.074707386,146.64,0.0204
s,9.074707288,146.028,0.0207
s,9.075487331,145.794,0.0226
s,9.075578426,146.125,0.0228
s,9.075549844,146.855,0.023
s,9.075549834,146.598,0.0232
s,9.075498274,146.727,0.0245
s,9.075498297,146.657,0.0247
s,9.075469788,146.623,0.0249
s,9.075441286,146.801,0.0251
s,9.075441304,147.081,0.0252
s,9.075293099,147.556,0.0255
s,9.07526459,146.495,0.0256
s,9.075264637,145.877,0.0258
s,9.075264663,146.85,0.0259
s,9.075116789,145.929,0.0271
s,9.075116829,145.834,0.0272
s,9.075116912,146.048,0.0274
s,9.075145576,146.041,0.0277
s,9.07514567,146.141,0.0279
s,9.074821144,146.073,0.0289
s,9.074821203,145.76,0.029
s,9.07467306,146.801,0.0292
s,9.074673123,145.995,0.0293
s,9.074701785,146.504,0.0295
s,9.074554388,145.993,0.0307
s,9.074554548,146.103,0.0309
s,9.074434903,145.189,0.031
s,9.074434986,145.398,0.0311
s,9.074224614,146.031,0.0317
s,9.074224704,144.919,0.0318
s,9.074076441,147.329,0.0318
s,9.074105087,145.686,0.0319
s,9.074105179,145.738,0.032
s,9.074042694,145.571,0.0321
s,9.073894529,144.727,0.0322
s,9.073923097,145.76,0.0322
s,9.073923002,145.704,0.0321
s,9.073774743,146.087,0.0321
s,9.073803315,145.859,0.0321
s,9.073831893,145.245,0.0321
m,9.073831893,146.143,0.0321
m,9.073980059,146.555,0.032
m,9.077790349,149.018,0.032
m,9.080157092,156.917,0.0318
m,9.083293773,148.826,0.0316
m,9.086635984,151.149,0.0313
m,9.090245959,146.623,0.0308
s,9.075264717,146.661,0.0261
s,9.07511651,145.877,0.0263
s,9.075116573,146.136,0.0265
s,9.075116606,146.092,0.0266
s,9.075264942,145.704,0.0268
s,9.075117187,146.098,0.028
s,9.075145819,145.666,0.0282
s,9.074997713,145.464,0.0285
s,9.074821028,145.889,0.0287
s,9.074553654,145.945,0.0297
s,9.074702057,145.7,0.0299
s,9.074702272,147.09,0.0302
s,9.074554081,146.601,0.0303
s,9.074554233,145.78,0.0305
s,9.074315431,145.089,0.0313
s,9.074315518,144.875,0.0314
s,9.074195887,146.296,0.0315
s,9.074195975,146.171,0.0316
s,9.074196065,146.663,0.0317
s,9.073985474,145.58,0.032
s,9.073865774,145.834,0.032
s,9.074014036,146.679,0.032
s,9.074042694,144.765,0.0321
s,9.07380341,145.918,0.0322
s,9.07380341,145.531,0.0322
s,9.07380341,145.963,0.0322
s,9.07380341,145.413,0.0322
s,9.07380341,145.362,0.0322
m,9.074008638,145.946,0.032
m,9.074008638,145.769,0.032
m,9.07403713,144.162,0.0319
m,9.07453899,145.015,0.0318
m,9.076461248,158.622,0.032
m,9.097375866,152.856,0.0305
m,9.097375567,147.688,0.0301
m,9.104477131,150.36,0.0298
m,9.107968267,152.972,0.0296
m,9.11166513,147.189,0.0291
m,9.119446529,153.832,0.0282
m,9.123559715,155.231,0.0276
m,9.127611249,155.015,0.0263
m,9.135922094,155.112,0.0256
m,9.159388743,149.246,0.0223
m,9.163739637,149.399,0.0213
m,9.172147772,159.515,0.0208
m,9.176411544,152.947,0.0205
m,9.207888258,155.758,0.0187
m,9.212537688,153.845,0.0184
m,9.217128367,145.864,0.0183
m,9.221719187,155.797,0.0182
m,9.221719358,154.495,0.0179
m,9.252733628,150.603,0.0167
m,9.256911159,161.019,0.0163
m,9.261385063,148.091,0.016
m,9.265711057,145.812,0.0157
m,9.270037091,155.412,0.0156
m,9.300592702,155.226,0.0133
m,9.304890465,159.116,0.0131
m,9.313220176,156.819,0.0128
m,9.317222164,153.062,0.0127
m,9.348383357,151.599,0.0114
m,9.352860924,156.699,0.0114
m,9.35286105,147.137,0.0113
m,9.362260849,145.175,0.0113
m,9.36715289,155.706,0.0112
m,9.396689726,147.081,0.011
m,9.401169034,151.789,0.011
m,9.405796921,144.716,0.0107
m,9.410750987,152.365,0.0108
m,9.415822854,139.927,0.0108
m,9.450651685,145.353,0.0109
m,9.45513284,140.834,0.011
m,9.459909989,148.549,0.0112
m,9.469730033,144.818,0.0115
m,9.135921972,153.367,0.025
m,9.143940994,145.258,0.0245
m,9.147817097,156.105,0.0238
m,9.151516209,152.254,0.0233
m,9.155511913,161.719,0.0228
m,9.176411609,151.72,0.0203
m,9.18517537,159.877,0.02
m,9.189616969,144.927,0.0198
m,9.193910641,150.889,0.0194
m,9.198500802,156.478,0.019
m,9.230782857,155.019,0.0176
m,9.23522599,153.666,0.0175
m,9.23966953,149.614,0.017
m,9.244113027,151.532,0.0168
m,9.27421522,151.897,0.0155
m,9.278423611,152.759,0.0151
m,9.282691187,161.719,0.0144
m,9.287166493,154.298,0.0139
m,9.296116899,153.235,0.0137
m,9.321372492,150.508,0.0125
m,9.325967051,151.663,0.0124
m,9.330621811,144.506,0.0124
m,9.335247035,147.722,0.0121
m,9.339724517,154.847,0.0117
m,9.371866707,152.619,0.0111
m,9.376967416,145.224,0.0112
m,9.38693053,151.738,0.0112
m,9.391883899,144.424,0.0112
m,9.426176231,146.907,0.0108
m,9.426176231,152.429,0.0108
m,9.436499642,157.784,0.0109
m,9.441424368,145.776,0.0109
m,9.446201277,145.011,0.0109
m,9.47495166,151.327,0.0116
m,9.480056219,147.27,0.0118
m,9.485457122,154.679,0.0118
m,9.490710147,147.903,0.0119
m,9.495932665,150.397,0.0118
m,9.501038228,139.877,0.0118
m,9.511101793,148.035,0.012
m,9.516029107,143.677,0.0119
m,9.520660495,144.136,0.012
m,9.525292054,153.485,0.0121
m,9.54867821,145.68,0.0122
m,9.55761636,154.267,0.0122
m,9.561984644,147.438,0.0122
m,9.56632188,145.322,0.0122
m,9.570986394,151.805,0.0122
m,9.60395221,151.284,0.0122
m,9.608407352,156.669,0.0122
m,9.612862406,153.858,0.0124
m,9.617170049,144.837,0.0123
m,9.648224493,151.824,0.012
m,9.652681014,146.431,0.012
m,9.656989827,145.936,0.012
m,9.661267123,156.284,0.0119
m,9.670097021,152.434,0.0117
m,9.692300506,145.684,0.0114
m,9.701396188,146.244,0.0113
m,9.705822311,154.224,0.0113
m,9.70582208,146.327,0.0115
m,9.714706484,141.763,0.0116
m,9.744196003,147.292,0.0117
m,9.754541255,146.854,0.0116
m,9.754541368,153.903,0.0115
m,9.764919507,148.706,0.0114
m,9.793648077,148.408,0.0109
m,9.802241706,150.828,0.0108
m,9.802241826,141.925,0.0107
m,9.810803295,141.123,0.0107
m,9.814969037,150.436,0.0106
m,9.841820039,151.77,0.011
m,9.846429611,152.524,0.011
m,9.846429727,148.209,0.0109
m,9.855977264,154.859,0.0109
m,9.860767795,149.291,0.0107
m,9.530336552,156.682,0.0121
m,9.534968417,142.956,0.0122
m,9.539569525,143.727,0.0121
m,9.544170532,151.451,0.0122
m,9.575799127,148.555,0.0121
m,9.580612073,148.374,0.012
m,9.585245846,148.319,0.012
m,9.594778208,145.735,0.012
m,9.594778208,150.066,0.012
m,9.625996428,149.693,0.0124
m,9.630452469,157.449,0.0122
m,9.635119747,155.218,0.012
m,9.63960763,152.533,0.0119
m,9.63960763,148.044,0.0119
m,9.674258556,149.968,0.0117
m,9.678747714,155.914,0.0117
m,9.683384967,146.478,0.0116
m,9.68784256,146.568,0.0116
m,9.719164916,157.232,0.0116
m,9.723771147,148.291,0.0117
m,9.728885231,145.646,0.0116
m,9.733819503,153.858,0.0116
m,9.73893383,142.946,0.0116
m,9.770002752,147.755,0.0113
m,9.774970569,152.314,0.0113
m,9.77975862,147.432,0.0112
m,9.78436685,153.916,0.011
m,9.789039812,144.7,0.0109
m,9.81925001,150.317,0.0106
m,9.823530831,151.03,0.0108
m,9.827991998,152.302,0.011
m,9.832568793,141.357,0.0109
m,9.865886211,156.9,0.0108
m,9.870676702,147.118,0.0109
m,9.875615142,152.086,0.0109
m,9.885311974,146.136,0.0109
m,9.89007033,148.105,0.0109
m,9.894861504,152.846,0.011
m,9.894861504,151.42,0.011
m,9.904625178,159.516,0.0109
m,9.909745038,148.376,0.011
m,9.944357963,155.364,0.011
m,9.944357739,160.007,0.0112
m,9.953401305,161.135,0.0114
m,9.957980492,153.82,0.0115
m,9.962264385,154.459,0.0117
m,9.993687623,152.562,0.0119
m,9.998367678,153.781,0.0119
m,10.00334323,156.572,0.0118
m,10.00813771,153.851,0.012
m,10.01293214,154.853,0.0124
m,10.04014736,157.118,0.0128
m,10.04164292,161.449,0.013
m,10.04211907,162.165,0.0131
m,10.04197141,162.618,0.0132
s,10.04193762,160.527,0.0135
s,10.04193754,161.78,0.0136
s,10.04205134,161.609,0.0139
s,10.04205118,159.89,0.0141
s,10.04198407,161.563,0.0142
s,10.04188288,160.103,0.0151
s,10.04170173,159.905,0.0152
s,10.04166824,159.463,0.0152
s,10.04166817,159.395,0.0153
s,10.04152053,161.333,0.0154
s,10.04086304,159.012,0.0157
s,10.04086304,161.076,0.0157
s,10.04086304,160.769,0.0157
s,10.0407154,160.728,0.0158
s,10.04017221,159.751,0.0158
s,10.04013872,161.976,0.0158
s,10.04010518,159.91,0.0159
s,10.04021922,159.707,0.016
s,10.04015216,161.505,0.0162
m,9.914865303,156.522,0.0109
m,9.919805027,153.5,0.0109
m,9.92477786,144.18,0.0109
m,9.934658157,145.116,0.0108
m,9.93941766,153.066,0.0109
m,9.966548162,158.179,0.0121
m,9.975511572,152.43,0.0121
m,9.979829358,150.56,0.012
m,9.984327801,157.358,0.0122
m,10.02219363,159.124,0.0124
m,10.02669359,155.093,0.0125
m,10.030865,148.84,0.0127
m,10.03474157,153.64,0.0127
m,10.0378803,151.317,0.0128
s,10.04193779,161.727,0.0133
s,10.04197132,161.618,0.0133
s,10.04193779,160.162,0.0133
s,10.04182375,161.507,0.0133
s,10.04197123,162.462,0.0134
s,10.0419504,159.348,0.0144
s,10.04206432,159.746,0.0146
s,10.04206424,157.599,0.0147
s,10.04188309,159.443,0.0148
s,10.04137288,162.305,0.0155
s,10.04133939,161.965,0.0155
s,10.04133932,162.568,0.0156
s,10.04119175,159.861,0.0156
s,10.04104417,161.812,0.0156
s,10.04068191,160.659,0.0158
s,10.04068191,160.614,0.0158
s,10.04053433,160.554,0.0158
s,10.04035327,160.663,0.0158
s,10.04020569,160.212,0.0158
s,10.04034683,159.311,0.0164
s,10.04034677,161.665,0.0165
s,10.04068906,161.031,0.0167
s,10.0407697,158.783,0.0168
s,10.0408838,161.144,0.0169
s,10.04085032,158.833,0.017
s,10.04078346,160.312,0.017
s,10.0406025,161.413,0.0169
s,10.0406025,158.328,0.0169
s,10.03975074,161.026,0.0163
s,10.03989833,159.746,0.0163
s,10.0398649,160.609,0.0163
s,10.04001243,160.142,0.0164
s,10.04079738,160.683,0.017
s,10.0410591,159.546,0.0171
s,10.04135423,159.605,0.0172
s,10.04117319,162.302,0.0173
s,10.04132073,159.171,0.0174
s,10.04150159,159.836,0.0177
s,10.04135396,162.068,0.0178
s,10.04138732,159.598,0.0179
s,10.04138736,159.511,0.0178
s,10.04127314,159.014,0.0179
s,10.04055461,160.712,0.0182
s,10.0407022,160.98,0.0182
s,10.04084974,159.262,0.0183
s,10.04140666,162.423,0.0183
s,10.04309685,161.663,0.0186
s,10.04345891,159.753,0.0185
s,10.04345888,160.367,0.0186
s,10.04311647,161.93,0.0185
s,10.04554469,161.598,0.0185
s,10.0433567,160.67,0.0189
s,10.04294745,160.165,0.019
s,10.04268577,159.025,0.0191
s,10.04257168,159.795,0.0192
s,10.04260516,161.467,0.0193
s,10.04311476,160.476,0.0199
s,10.04300069,159.641,0.02
s,10.04300069,158.28,0.02
s,10.04300067,160.764,0.0201
s,10.04030738,157.498,0.0168
s,10.04015985,158.567,0.0167
s,10.04001232,160.627,0.0166
s,10.03986484,159.315,0.0164
s,10.03989833,158.186,0.0163
s,10.04001243,162.064,0.0164
s,10.04012654,160.063,0.0165
s,10.04012643,161.253,0.0167
s,10.04038813,160.53,0.0168
s,10.04038803,159.507,0.017
s,10.04132068,162.252,0.0175
s,10.04146827,161.612,0.0175
s,10.04161582,160.36,0.0176
s,10.04161582,158.563,0.0176
s,10.04101138,160.321,0.0179
s,10.04089717,159.553,0.018
s,10.04066885,161.965,0.018
s,10.0406688,161.18,0.0181
s,10.04055465,159.645,0.0181
s,10.04170179,162.127,0.0184
s,10.04199696,160.57,0.0184
s,10.04247311,160.718,0.0185
s,10.04276828,160.634,0.0185
s,10.0429493,160.817,0.0185
s,10.04508813,162.226,0.0186
s,10.04504093,160.57,0.0186
s,10.04466511,160.681,0.0187
s,10.0442893,162.103,0.0188
s,10.04260513,161.184,0.0194
s,10.04260511,159.124,0.0195
s,10.04278615,161.293,0.0197
s,10.04308127,160.766,0.0198
s,10.04311479,158.931,0.0198
s,10.04300067,158.041,0.0201
s,10.04300067,159.166,0.0201
s,10.04285308,160.365,0.0202
s,10.04285308,159.996,0.0202
s,10.04270551,160.574,0.0202
s,10.04270549,159.459,0.0203
s,10.04226278,159.698,0.0203
s,10.0420817,160.407,0.0202
s,10.04178656,158.577,0.0202
s,10.04163899,157.987,0.0202
s,10.04106218,158.871,0.0203
s,10.04133737,159.324,0.0204
s,10.04138447,159.648,0.0205
s,10.04143159,158.169,0.0206
s,10.04151222,160.616,0.0207
s,10.0401111,157.641,0.0222
s,10.04007767,159.666,0.0223
s,10.03996352,157.084,0.0223
s,10.03996352,159.705,0.0224
s,10.04065421,159.132,0.023
s,10.0409494,157.269,0.0232
s,10.04121115,157.225,0.0234
s,10.04150633,155.407,0.0235
s,10.04180153,157.708,0.0237
s,10.042949,156.79,0.0247
s,10.04306321,157.448,0.0249
s,10.04321083,157.735,0.025
s,10.04317747,157.551,0.0252
s,10.0431775,158.774,0.0253
m,10.04304414,159.397,0.0261
m,10.04301077,161.511,0.0262
m,10.04301081,150.434,0.0263
m,10.04276303,148.697,0.0263
m,10.05822923,154.16,0.0265
m,10.0620054,150.593,0.0266
m,10.06563399,157.894,0.0266
m,10.06914857,151.677,0.0267
m,10.07654007,155.274,0.0268
m,10.09528187,149.595,0.0265
m,10.09950097,154.498,0.0259
m,10.10777911,149.249,0.0256
m,10.11195192,154.758,0.0253
m,10.11601101,155.062,0.025
s,10.04145789,161.351,0.0202
s,10.04131032,157.128,0.0202
s,10.04112921,156.619,0.0203
s,10.04094812,158.513,0.0203
s,10.04155938,158.929,0.021
s,10.04145902,159.443,0.0211
s,10.04142556,157.969,0.0213
s,10.04058729,161.256,0.022
s,10.04040627,159.903,0.0221
s,10.03970179,158.337,0.0225
s,10.03970179,158.632,0.0225
s,10.03973524,156.998,0.0226
s,10.03988284,155.32,0.0229
s,10.04035903,160.04,0.0229
s,10.04194917,158.062,0.024
s,10.04224438,159.247,0.0242
s,10.04239201,159.02,0.0244
s,10.04280136,160.681,0.0245
s,10.04314418,157.838,0.0256
s,10.0431108,158.979,0.0257
s,10.04311084,159.302,0.0258
s,10.04307747,158.386,0.0259
m,10.0430441,159.543,0.026
m,10.04305825,157.5,0.0264
m,10.04412478,151.375,0.0264
m,10.04584851,146.536,0.0265
m,10.0513816,159.854,0.0265
m,10.05460072,151.295,0.0265
m,10.080236,151.568,0.0269
m,10.08023591,151.289,0.0267
m,10.08741327,153.849,0.0267
m,10.09129053,154.566,0.0266
m,10.12018409,148.822,0.0246
m,10.12424351,154.16,0.0243
m,10.12851804,148.885,0.0231
m,10.13663793,159.201,0.0225
m,10.14063047,157.641,0.0222
m,10.14063047,159.852,0.022
m,10.14861585,155.143,0.0219
m,10.15246115,155.426,0.0217
m,10.15645407,157.502,0.0215
m,10.18118507,157.925,0.02
m,10.18938787,160.467,0.0196
m,10.19349509,158.018,0.0194
m,10.19748894,161.385,0.0192
m,10.20148301,155.424,0.0186
m,10.22346348,160.734,0.0167
m,10.2276056,153.827,0.0164
m,10.23160035,153.485,0.0161
m,10.23940823,158.389,0.0158
m,10.23940841,157.376,0.0155
m,10.26865865,152.611,0.0128
m,10.273313,155.92,0.0124
m,10.27796741,149.999,0.0121
m,10.2779677,154.002,0.0118
m,10.31386356,153.087,0.0109
m,10.31800737,155.394,0.0109
m,10.32607892,158.079,0.0106
m,10.33018843,155.435,0.0105
m,10.33418532,153.806,0.0103
m,10.35729996,161.913,0.0102
m,10.36122766,160.147,0.0102
m,10.36519023,159.989,0.0101
m,10.36944762,154.876,0.01
m,10.37388698,154.019,0.0101
m,10.40272072,158.09,0.0093
m,10.40645906,154.789,0.0091
m,10.41001539,161.079,0.0088
m,10.41375386,149.891,0.0087
m,10.44341373,159.207,0.0079
m,10.44774263,158.914,0.0078
m,10.45188919,161.211,0.0077
m,10.45607109,160.343,0.0075
m,10.46450531,160.633,0.0073
m,10.16044709,153.569,0.0212
m,10.16422481,158.51,0.0212
m,10.17272166,152.299,0.0209
m,10.17701004,153.484,0.0206
m,10.18118502,154.815,0.0203
m,10.20866555,152.681,0.0182
m,10.2122174,152.599,0.0178
m,10.2159168,151.733,0.0175
m,10.21961639,155.799,0.017
m,10.24674001,153.98,0.0151
m,10.25040605,155.803,0.0147
m,10.25392494,153.429,0.014
m,10.25729633,155.032,0.0135
m,10.26451566,149.11,0.013
m,10.28738974,149.965,0.0114
m,10.29186266,160.942,0.0111
m,10.29648312,154.013,0.0108
m,10.30110336,157.149,0.0108
m,10.30539434,154.886,0.0108
m,10.33818208,156.252,0.0103
m,10.34214426,155.579,0.0103
m,10.34973943,160.782,0.0102
m,10.35351968,156.869,0.0102
m,10.37832662,155.831,0.01
m,10.38276656,161.457,0.0097
m,10.39153353,155.551,0.0096
m,10.395384,159.511,0.0095
m,10.39923455,155.241,0.0094
m,10.42156061,152.346,0.0087
m,10.42156098,158.79,0.0084
m,10.42995767,162.558,0.0084
m,10.43432144,153.643,0.0081
m,10.43886749,159.141,0.008
m,10.46450544,160.325,0.0072
m,10.47231594,160.628,0.0069
m,10.47635131,160.584,0.0066
m,10.48038651,161.717,0.0065
m,10.48438671,160.982,0.0063
m,10.48856957,158.04,0.0061
m,10.49278815,160.568,0.0057
m,10.50133681,161.188,0.0055
m,10.50559089,157.772,0.0053
m,10.53186059,160.182,0.0044
m,10.54103616,156.917,0.0043
m,10.54569769,160.122,0.0043
m,10.55068975,159.353,0.0041
m,10.58024284,160.884,0.0035
m,10.58505299,160.573,0.0033
m,10.59449013,160.537,0.0032
m,10.6034108,160.564,0.0029
m,10.60796298,160.986,0.0027
m,10.63307436,160.839,0.002
m,10.63744455,159.109,0.0018
m,10.64166789,160.367,0.0015
m,10.6457078,159.998,0.0014
m,10.64978424,161.08,0.0011
m,10.67887062,161.519,0.0006
m,10.68301947,158.132,0.001
m,10.68727927,162.43,0.0015
m,10.69150353,158.093,0.0017
m,10.72052328,161.364,0.0028
m,10.72496898,160.442,0.003
m,10.72956201,161.338,0.0032
m,10.73400816,161.16,0.0034
m,10.7384175,159.946,0.0039
m,10.76392546,160.99,0.0046
m,10.76789545,160.951,0.0048
m,10.7718655,161.182,0.005
m,10.77601954,159.585,0.0051
m,10.78017378,161.561,0.0051
m,10.81138847,160.588,0.0054
m,10.81576426,160.672,0.0054
m,10.82014032,160.673,0.0053
m,10.82455316,162.132,0.0054
m,10.50559104,158.744,0.0052
m,10.51384597,159.891,0.005
m,10.51821226,156.222,0.0049
m,10.52276157,158.466,0.0047
m,10.52731123,161.048,0.0044
m,10.55068975,161.505,0.0041
m,10.56049099,161.963,0.004
m,10.56530062,160.081,0.0038
m,10.57029311,161.239,0.0037
m,10.57525006,157.401,0.0036
m,10.61229624,161.148,0.0026
m,10.61633467,160.623,0.0028
m,10.62026225,161.131,0.0028
m,10.62863223,159.902,0.0023
m,10.65386103,159.702,0.0007
m,10.66223603,161.828,0.0005
m,10.66223642,160.575,0.0003
m,10.67075644,161.079,0.0001
m,10.67490518,159.876,0.0003
m,10.69572794,159.438,0.0019
m,10.70406676,161.606,0.0021
m,10.70406641,161.961,0.0023
m,10.71207393,161.338,0.0024
m,10.71622493,161.106,0.0026
m,10.74282751,162.17,0.0041
m,10.74720124,161.149,0.0042
m,10.75583883,157.185,0.0043
m,10.75988201,161.674,0.0045
m,10.78447501,159.594,0.0052
m,10.78881308,162.292,0.0053
m,10.79774711,161.599,0.0054
m,10.80245326,160.975,0.0055
m,10.80701281,159.708,0.0054
m,10.82900371,160.479,0.0051
m,10.83327093,162.906,0.0045
m,10.84191441,160.684,0.0043
m,10.84610714,160.621,0.0043
m,10.84985925,161.565,0.0041
m,10.85386841,160.922,0.0039
m,10.85773048,160.525,0.0038
m,10.86170299,161.358,0.0034
m,10.86571236,159.335,0.0032
m,10.86924526,160.329,0.003
m,10.89220209,160.318,0.002
m,10.89573413,160.196,0.0017
m,10.89959745,160.002,0.0014
m,10.90394034,161.36,0.0004
m,10.91262352,160.295,0
m,10.93621098,157.066,0.0007
m,10.93978004,161.706,0.0011
m,10.94312785,161.497,0.0012
m,10.95019262,160.681,0.0013
m,10.97549768,161.961,0.0044
m,10.9802426,160.586,0.005
m,10.98966188,161.084,0.0055
m,10.99455381,161.091,0.0062
m,10.99455317,160.833,0.0067
m,11.02181622,159.483,0.011
m,11.03020463,160.188,0.0117
m,11.03443423,159.936,0.0126
m,11.03870171,159.873,0.0134
m,11.03870123,161.193,0.0142
m,11.07326863,159.138,0.021
m,11.07801119,161.293,0.0221
m,11.08256919,160.764,0.0231
m,11.08698042,161.245,0.0242
m,11.11947492,161.124,0.0327
m,11.12326629,161.433,0.0342
m,11.12603342,162.577,0.0355
m,11.12603542,161.857,0.0369
m,11.12819919,162.228,0.0381
m,11.12716717,161.797,0.0459
m,11.1264646,162.628,0.0473
m,11.12613689,160.677,0.0488
m,11.12614083,159.273,0.0503
m,11.12559521,161.064,0.0518
m,10.87281402,162.587,0.0027
m,10.88072327,160.879,0.0025
m,10.88488007,159.808,0.0023
m,10.88863288,160.633,0.0023
m,10.91262258,159.854,0.0005
m,10.92104543,161.814,0.001
m,10.92513019,161.048,0.0011
m,10.92906866,159.413,0.0009
m,10.93275063,162.701,0.0008
m,10.95019209,161.665,0.0016
m,10.95762269,160.833,0.0018
m,10.96174204,162.25,0.0024
m,10.96630242,160.766,0.0029
m,10.97086284,158.996,0.0034
m,11.00430429,159.942,0.0073
m,11.00890269,160.842,0.008
m,11.01320736,161.548,0.0087
m,11.01754905,160.657,0.0102
m,11.04723691,159.338,0.0151
m,11.05179839,162.497,0.0161
m,11.05580605,161.342,0.017
m,11.0599605,159.134,0.0189
m,11.06871083,160.261,0.02
m,11.09150095,159.779,0.0254
m,11.09616853,162.184,0.0266
m,11.10068928,160.966,0.0277
m,11.10554275,160.43,0.0301
m,11.11506261,161.287,0.0314
m,11.12833375,160.401,0.0397
m,11.12821298,160.653,0.0408
m,11.12794697,159.134,0.042
m,11.1275762,162.548,0.0444
m,11.12527711,161.142,0.0547
m,11.12477142,160.229,0.0562
m,11.12441416,159.891,0.0577
m,11.12366193,161.81,0.0596
m,11.1235655,160.706,0.0615
m,11.12328508,158.999,0.0634
m,11.12293311,161.613,0.0642
m,11.12247189,159.154,0.0642
m,11.12201153,162.233,0.064
m,11.11875391,161.481,0.068
m,11.11819079,160.424,0.0687
m,11.11752524,161.325,0.0701
m,11.11704439,161.755,0.0708
m,11.11615124,161.231,0.0716
m,11.11414472,161.347,0.0753
m,11.11359583,160.511,0.0761
m,11.11316733,161.335,0.0765
m,11.11216685,159.982,0.0769
m,11.11145002,158.312,0.0772
m,11.10788379,161.548,0.0795
m,11.10739309,160.472,0.0806
m,11.10630106,161.957,0.081
m,11.10555955,159.042,0.0814
m,11.10100061,161.093,0.0842
m,11.10054089,161.922,0.0845
m,11.09962275,160.764,0.0848
m,11.0992085,159.401,0.0852
m,11.09894094,160.474,0.0855
m,11.09668773,160.833,0.0875
m,11.09597798,161.169,0.0878
m,11.09565855,161.242,0.0881
m,11.09538355,161.393,0.0885
m,11.09492089,160.929,0.0888
m,11.09130621,161.552,0.0904
m,11.09093981,160.619,0.0905
m,11.09053258,162.445,0.0907
m,11.09027277,161.173,0.0909
m,11.08812839,161.75,0.0919
m,11.08783782,161.191,0.0922
m,11.08754539,159.939,0.092
m,11.08725497,160.937,0.0919
m,11.08657709,160.257,0.0918
m,11.12151877,161.859,0.0651
m,11.12086319,161.229,0.0655
m,11.12086565,160.48,0.0661
m,11.11976647,159.791,0.0668
m,11.11923969,162.532,0.0674
m,11.11582183,162.164,0.0724
m,11.11582513,159.98,0.0731
m,11.11498056,160.724,0.0739
m,11.11465572,159.644,0.0747
m,11.11084166,161.325,0.0777
m,11.11084373,160.969,0.0781
m,11.10958724,162.02,0.0784
m,11.10891515,162.523,0.0782
m,11.10837913,161.642,0.079
m,11.10481962,160.017,0.0818
m,11.10403988,160.984,0.0822
m,11.10330303,161.385,0.0826
m,11.10252624,161.018,0.083
m,11.10171104,160.138,0.0837
m,11.0985709,162.108,0.0859
m,11.09813945,161.977,0.0862
m,11.09770951,160.131,0.0865
m,11.09724074,162.168,0.0871
m,11.09435619,160.719,0.0891
m,11.09375039,160.576,0.0894
m,11.09318934,160.52,0.0898
m,11.09273179,162.062,0.09
m,11.09227562,162.594,0.0902
m,11.08976721,161.282,0.0913
m,11.08940729,161.244,0.0914
m,11.08888172,159.134,0.0916
m,11.08862847,159.832,0.0916
m,11.08842096,162.532,0.0917
m,11.08604213,161.224,0.0915
m,11.0859024,162.773,0.0913
m,11.08551678,161.953,0.0911
m,11.0854247,160.421,0.091
m,11.08514283,160.604,0.0907
m,11.08476167,162.441,0.0905
m,11.0837584,159.574,0.0903
m,11.08375777,161.555,0.0902
m,11.08280499,160.649,0.0899
m,11.07953503,160.729,0.0883
m,11.07846803,158.934,0.0879
m,11.07801042,161.245,0.0878
m,11.07730724,160.275,0.0874
m,11.07270891,161.402,0.0857
m,11.07197036,161.503,0.0853
m,11.07142616,160.451,0.085
m,11.07078597,158.504,0.0848
m,11.07014835,160.088,0.0846
m,11.06638877,160.768,0.0832
m,11.06596521,159.649,0.0831
m,11.06544294,161.821,0.0825
m,11.06497556,161.291,0.0822
m,11.06446299,159.43,0.0819
m,11.06011137,161.433,0.0799
m,11.05966103,160.12,0.0796
m,11.05920902,162.389,0.0786
m,11.05895457,161.821,0.0781
m,11.05521557,160.015,0.0765
m,11.05463912,161.606,0.0756
m,11.05330754,161.646,0.0752
m,11.05330605,162.441,0.0749
m,11.05222304,160.162,0.0745
m,11.04953155,160.679,0.0721
m,11.0482932,160.135,0.0716
m,11.04760497,160.673,0.0712
m,11.04760359,160.186,0.0709
m,11.0464307,161.042,0.0704
m,11.04093376,159.329,0.0664
m,11.03955254,162.123,0.0652
m,11.03883638,160.089,0.0646
m,11.03850765,160.017,0.0648
m,11.08242089,161.766,0.0898
m,11.08208232,161.711,0.0895
m,11.08169977,161.597,0.089
m,11.08127611,161.599,0.0888
m,11.08014447,160.307,0.0886
m,11.07669824,161.387,0.0872
m,11.07619124,160.619,0.087
m,11.07518448,161.661,0.0868
m,11.07463707,161.176,0.0865
m,11.07394678,162.288,0.0863
m,11.06878768,161.822,0.0842
m,11.06806314,159.786,0.0838
m,11.06753335,161.659,0.0835
m,11.06700593,160.909,0.0832
m,11.06334986,162.024,0.0815
m,11.0626503,159.156,0.0812
m,11.062,161.082,0.0809
m,11.06140147,158.164,0.0806
m,11.06080452,160.813,0.0803
m,11.05787683,160.331,0.0778
m,11.05748481,160.662,0.0775
m,11.0569029,161.96,0.0774
m,11.05632305,161.499,0.0773
m,11.05579211,162.488,0.0769
m,11.05175499,162.689,0.0741
m,11.05114664,161.955,0.0737
m,11.05059034,160.924,0.0734
m,11.0500835,161.639,0.0726
m,11.04589406,161.552,0.0698
m,11.04526018,162.128,0.0692
m,11.04448413,160.975,0.0686
m,11.04356381,162.694,0.0675
m,11.04179417,162.788,0.067
m,11.03778979,160.766,0.0648
m,11.03674499,161.563,0.0655
m,11.03428062,159.503,0.0652
m,11.03200555,161.148,0.0649
m,11.0291456,160.723,0.0646
m,11.02608214,161.556,0.0643
m,11.02300119,161.745,0.064
m,11.01980893,160.407,0.0636
m,11.01646402,162.737,0.0633
m,11.00885913,162.384,0.063
m,10.98884097,160.964,0.0606
m,10.98462228,161.605,0.0603
m,10.98035242,154.871,0.0599
m,10.97598833,157.552,0.0592
m,10.97188066,160.309,0.059
m,10.94073058,160.176,0.0564
m,10.93578972,159.679,0.0556
m,10.92630264,160.813,0.0553
m,10.92165185,156.432,0.0549
m,10.89507953,155.128,0.0525
m,10.89005449,158.742,0.0519
m,10.87976945,161.042,0.0517
m,10.87479689,160.67,0.0517
m,10.86982375,159.384,0.0515
m,10.84040338,158.982,0.0508
m,10.83552465,162.585,0.0509
m,10.83078993,161.719,0.0509
m,10.82596192,161.329,0.051
m,10.82142958,161.339,0.0508
m,10.78909485,160.93,0.0495
m,10.78459818,161.67,0.0496
m,10.7798637,160.462,0.0497
m,10.7749929,161.803,0.0498
m,10.74149127,161.395,0.0505
m,10.73691031,157.911,0.051
m,10.73242169,159.3,0.0511
m,10.72383468,160.094,0.0513
m,10.71964345,160.971,0.0516
m,10.70464792,161.617,0.0524
m,10.70393164,160.482,0.0524
m,10.70393164,161.488,0.0524
m,10.70573617,160.329,0.0526
m,10.70712516,161.38,0.0526
m,11.0088576,160.571,0.0626
m,11.00103171,160.558,0.062
m,10.99702479,160.458,0.0615
m,10.99295853,162.023,0.0611
m,10.96776418,158.762,0.0587
m,10.95943871,160.32,0.0583
m,10.95533812,160.408,0.0577
m,10.95060157,157.226,0.0572
m,10.94571275,159.642,0.0568
m,10.9216506,160.513,0.0545
m,10.91274103,161.084,0.0542
m,10.90848063,159.533,0.0538
m,10.9042206,160.717,0.0535
m,10.8996635,156.96,0.053
m,10.86474885,161.331,0.0512
m,10.85972442,162.549,0.0508
m,10.8498652,161.024,0.0509
m,10.84986492,159.882,0.0508
m,10.81674587,159.21,0.0509
m,10.81215571,159.748,0.051
m,10.80319176,161.193,0.0503
m,10.80319014,160.666,0.0497
m,10.79378687,162.934,0.0495
m,10.76525887,159.234,0.0498
m,10.76043894,161.09,0.0499
m,10.7559076,159.533,0.05
m,10.75103693,162.108,0.0501
m,10.74616654,161.017,0.0503
m,10.71570663,158.263,0.0519
m,10.71211762,161.019,0.0521
m,10.70907234,162.024,0.0523
m,10.70666408,160.475,0.0523
m,10.7083722,160.626,0.0526
m,10.70962113,160.557,0.0525
m,10.71096461,158.69,0.0524
m,10.71211423,161.026,0.0523
m,10.71351352,161.543,0.0522
m,10.71631885,161.022,0.0521
m,10.71631827,161.825,0.0519
m,10.71870006,159.386,0.0517
m,10.72005761,160.986,0.0515
m,10.72770447,158.465,0.0485
m,10.72770269,160.508,0.0478
m,10.72987705,161.188,0.0472
m,10.73092875,160.271,0.0465
m,10.73174863,161.291,0.0458
m,10.73883954,161.398,0.0405
m,10.73883811,160.091,0.0397
m,10.74125692,159.972,0.0388
m,10.74238927,159.196,0.0381
m,10.74357832,160.553,0.0374
m,10.75082398,159.944,0.0311
m,10.75310147,160.434,0.0299
m,10.75428225,160.655,0.0289
m,10.75560956,158.738,0.0279
m,10.7639652,160.464,0.0206
m,10.76526237,157.505,0.0196
m,10.76647598,155.615,0.0165
m,10.76876882,160.504,0.0149
m,10.7687699,155.271,0.0132
m,10.77542037,161.193,0.004
m,10.77646488,159.039,0.0022
m,10.77765494,156.25,0.0007
m,10.77869926,158.707,0.0025
m,10.77997561,160.519,0.0042
m,10.78576978,149.248,0.015
m,10.78618415,149.192,0.0169
m,10.78637393,145.614,0.0189
m,10.78633544,146.236,0.0204
m,10.78291054,149.98,0.0282
m,10.78112938,151.076,0.0295
m,10.78020003,149.241,0.0301
m,10.78020094,154.531,0.0311
m,10.77815699,153.026,0.0321
m,10.72132559,160.837,0.0513
m,10.7224513,160.508,0.0509
m,10.72357926,160.659,0.0505
m,10.72544859,160.87,0.0496
m,10.72667369,159.557,0.049
m,10.73291233,160.165,0.0453
m,10.73427303,161.608,0.0435
m,10.73535101,162.017,0.0424
m,10.73637896,162.024,0.0415
m,10.74468072,159.989,0.0366
m,10.74592975,161.514,0.0359
m,10.74718165,159.557,0.0351
m,10.74838091,160.325,0.0333
m,10.7496728,161.355,0.0322
m,10.75679684,161.184,0.0269
m,10.75798686,160.082,0.0246
m,10.76017963,161.752,0.0235
m,10.76146762,161.457,0.0225
m,10.76267106,161.703,0.0216
m,10.77107614,154.006,0.0114
m,10.7721636,161.23,0.0096
m,10.77325468,159.679,0.0077
m,10.77437918,161.337,0.0058
m,10.78196827,160.915,0.0062
m,10.78282507,160.773,0.0082
m,10.78382819,156.062,0.0098
m,10.78469164,159.926,0.0115
m,10.78530062,154.244,0.0132
m,10.78572652,149.163,0.0218
m,10.78526733,148.991,0.0223
m,10.78472618,154.14,0.0234
m,10.78421349,148.413,0.0246
m,10.78356054,149.535,0.0258
m,10.77692616,155.533,0.0332
m,10.77592341,154.219,0.0342
m,10.77466433,153.644,0.0363
m,10.77202991,154.528,0.0373
m,10.77057428,150.89,0.0383
m,10.76895514,154.447,0.0393
m,10.76707752,156.214,0.0403
m,10.76526159,158.333,0.0413
m,10.76339046,157.495,0.0433
m,10.74647664,158.796,0.0489
m,10.74310188,159.924,0.0497
m,10.73655914,160.861,0
m,10.73343583,158.985,0.0521
m,10.71162396,159.083,0.0578
m,10.70802346,152.334,0.0585
m,10.70100612,155.877,0.0594
m,10.69742989,161.45,0.0603
m,10.69379341,158.047,0.0611
m,10.67209867,161.315,0.0655
m,10.67210161,161.163,0.0662
m,10.66488383,161.471,0.0669
m,10.66145929,161.572,0.0675
m,10.65795639,160.986,0.0682
m,10.63853093,161.247,0.0728
m,10.63284554,159.725,0.0734
m,10.63015606,159.014,0.0741
m,10.62746733,161.317,0.0748
m,10.61094894,162.197,0.08
m,10.61035423,161.189,0.0806
m,10.61006203,160.717,0.0818
m,10.60998089,159.676,0.0814
m,10.60993327,160.885,0.0811
m,10.61005386,159.939,0.0797
m,10.6100693,161.161,0.0795
m,10.61022548,161.976,0.0792
m,10.61022385,160.878,0.0789
m,10.61044241,162.294,0.0786
m,10.61145336,162.365,0.0765
m,10.61167202,161.733,0.0762
m,10.61167047,161.938,0.0759
m,10.61188916,162.873,0.0756
m,10.7615423,153.526,0.0443
m,10.75756525,152.832,0.0453
m,10.75756756,160.624,0.0463
m,10.7526263,156.13,0.0473
m,10.74944895,161.901,0.0479
m,10.72988699,154.897,0.0528
m,10.72640048,161.375,0.0536
m,10.72277448,159.818,0.0546
m,10.7190283,159.392,0.0554
m,10.71522519,160.744,0.0569
m,10.69013854,160.472,0.0619
m,10.68642381,160.289,0.0627
m,10.68279025,161.203,0.0634
m,10.6790993,161.664,0.0648
m,10.65439266,161.978,0.0688
m,10.65097196,159.596,0.0695
m,10.64769661,161.673,0.0708
m,10.6444992,160.381,0.0715
m,10.63852803,158.135,0.0722
m,10.62471977,161.26,0.076
m,10.62219027,161.359,0.0766
m,10.61747503,158.879,0.0773
m,10.61523019,159.32,0.078
m,10.61196759,162.099,0.0794
m,10.61001045,161.033,0.0808
m,10.60988401,161.717,0.0805
m,10.60996289,161.362,0.0805
m,10.60997774,161.739,0.0802
m,10.61066099,161.375,0.0783
m,10.61073831,161.715,0.078
m,10.61095691,161.889,0.0777
m,10.61103426,162.197,0.0774
m,10.61131365,160.735,0.0768
m,10.6120289,162.047,0.0753
m,10.61224813,161.67,0.0751
m,10.61224661,160.08,0.0748
m,10.61238688,160.621,0.0746
m,10.61238437,160.779,0.0741
m,10.61254083,161.145,0.0738
m,10.61268112,159.645,0.0736
m,10.61267964,160.564,0.0733
m,10.61275715,160.688,0.073
m,10.61289746,162.472,0.0728
m,10.6133294,163.119,0.071
m,10.613328,159.997,0.0707
m,10.61326478,160.366,0.0705
m,10.61340468,160.746,0.0702
m,10.61340192,162.866,0.0696
m,10.61363132,162.255,0.0679
m,10.61356642,161.516,0.0673
m,10.61364414,161.569,0.067
m,10.61372231,162.211,0.0668
m,10.61381177,160.94,0.0653
m,10.61388834,161.421,0.0647
m,10.61388752,161.475,0.0645
m,10.61396535,160.934,0.0642
m,10.61396454,161.532,0.064
m,10.61424315,160.666,0.063
m,10.61438405,161.113,0.0629
m,10.61438327,160.737,0.0627
m,10.61431985,161.509,0.0624
m,10.61446077,162.102,0.0623
m,10.61489767,161.362,0.0613
m,10.61489729,161.735,0.0612
m,10.61511729,161.612,0.0611
m,10.61511654,161.113,0.0609
m,10.61549141,161.721,0.0599
m,10.6155529,160.623,0.0597
m,10.6152077,159.743,0.0596
m,10.61520734,158.436,0.0595
m,10.612172,161.397,0.0593
m,10.60089406,161.455,0.0581
m,10.59864519,160.834,0.0578
m,10.59694627,159.14,0.0574
m,10.59532714,159.925,0.0569
m,10.59281653,162.246,0.0565
m,10.61297499,160.822,0.0725
m,10.61297306,161.004,0.0721
m,10.61311291,160.94,0.0718
m,10.61319048,159.272,0.0715
m,10.61340055,161.45,0.0693
m,10.61354094,159.636,0.0691
m,10.61347685,160.94,0.0687
m,10.61355452,160.481,0.0684
m,10.61349136,163.081,0.0682
m,10.61372102,161.994,0.0665
m,10.61359564,161.102,0.0663
m,10.61373567,161.673,0.066
m,10.6137344,159.834,0.0657
m,10.6138126,163.029,0.0655
m,10.61410503,161.739,0.0638
m,10.61424553,162.199,0.0636
m,10.61424473,162.407,0.0634
m,10.61424394,161.269,0.0632
m,10.61453905,160.623,0.0621
m,10.61467997,159.945,0.062
m,10.61461735,160.777,0.0619
m,10.61475827,161.453,0.0618
m,10.61475751,160.374,0.0616
m,10.61533656,161.001,0.0608
m,10.61533581,160.829,0.0606
m,10.61547675,160.934,0.0605
m,10.61547601,161.824,0.0603
m,10.61555399,159.674,0.06
m,10.6097818,157.137,0.0592
m,10.60745405,161.033,0.059
m,10.60533085,161.527,0.0589
m,10.6031915,160.365,0.0587
m,10.591844,161.11,0.0559
m,10.59115519,161.263,0.0554
m,10.59059408,160.566,0.0551
m,10.58995565,162.26,0.0546
m,10.58931843,161.82,0.054
m,10.58825813,160.903,0.0529
m,10.58614759,159.792,0.0524
m,10.58614584,159.816,0.0518
m,10.58425997,161.47,0.0512
m,10.57925577,162.445,0.0466
m,10.57885481,160.666,0.0452
m,10.57866297,161.572,0.0445
m,10.57854912,160.788,0.0438
m,10.57856317,161.271,0.0422
m,10.58050772,158.625,0.0384
m,10.58095574,160.076,0.0376
m,10.58140532,160.116,0.0369
m,10.58199561,159.383,0.0353
m,10.58252333,157.611,0.0343
m,10.58511115,161.011,0.0281
m,10.58544389,156.246,0.0272
m,10.58638458,160.298,0.0263
m,10.58685191,159.023,0.0253
m,10.5903461,159.235,0.0167
m,10.59178241,157.25,0.0151
m,10.59233034,160.533,0.0134
m,10.59287984,156.826,0.0119
m,10.59288137,160.703,0.0103
m,10.59772159,161.536,0.0006
m,10.59854499,161.25,0.0029
m,10.59916421,160.858,0.0052
m,10.59999251,158.422,0.0076
m,10.59998939,160.852,0.0103
m,10.60639445,159.147,0.0322
m,10.60760726,160.179,0.0361
m,10.60868331,160.127,0.0402
m,10.60990184,160.326,0.0443
m,10.61854706,153.677,0.0755
m,10.61917244,155.719,0.0796
m,10.62014759,156.464,0.0838
m,10.6215512,151.659,0.0892
m,10.62288171,150.933,0.0939
m,10.58342765,160.956,0.0506
m,10.58253293,160.997,0.0499
m,10.58190768,159.141,0.0492
m,10.58134794,162.15,0.0486
m,10.57981045,162.449,0.0472
m,10.57865684,159.338,0.0414
m,10.57918362,162.05,0.0406
m,10.5797564,159.573,0.0399
m,10.58020174,160.543,0.0392
m,10.58304167,158.009,0.0333
m,10.58360789,159.702,0.0322
m,10.58386025,156.175,0.0314
m,10.5841791,156.814,0.0306
m,10.5845746,161.254,0.0298
m,10.58685154,161.43,0.0242
m,10.58785653,161.17,0.0232
m,10.58838513,161.306,0.0221
m,10.5889901,160.953,0.0209
m,10.58980318,160.394,0.0183
m,10.59406541,160.152,0.0087
m,10.59462018,158.785,0.0069
m,10.59544947,160.59,0.0052
m,10.59689718,160.439,0
m,10.60181365,160.339,0.013
m,10.60238637,160.951,0.0159
m,10.60324071,161.382,0.0189
m,10.60389068,160.575,0.025
m,10.60467751,162.211,0.0284
m,10.61105629,161.201,0.0487
m,10.61214658,160.678,0.0533
m,10.61338014,160.851,0.0581
m,10.61488916,161.641,0.0622
m,10.61614856,157.089,0.0714
m,10.62425304,149.416,0.1041
m,10.62559143,155.681,0.1092
m,10.62686349,158.819,0.1145
m,10.62888503,158.584,0.1196
m,10.62961455,156.295,0.1251
m,10.62960651,161.527,0.1319
m,10.62991208,160.486,0.131
m,10.62932617,160.696,0.1307
m,10.62798943,159.706,0.1312
m,10.61823228,159.631,0.1371
m,10.61628815,157.501,0.1382
m,10.61420541,161.431,0.1393
m,10.61137179,160.577,0.1416
m,10.58430643,161.015,0.1483
m,10.58015326,160.229,0.1499
m,10.57581067,159.48,0.153
m,10.56746973,159.543,0.1536
m,10.56337544,160.836,0.1545
m,10.54439165,160.493,0.1605
m,10.54057788,160.005,0.1614
m,10.53294073,161.008,0.1624
m,10.52885145,161.249,0.1634
m,10.52483192,159.403,0.1644
m,10.50072796,161.751,0.1708
m,10.49664136,159.018,0.1718
m,10.48824593,158.883,0.1728
m,10.48395292,158.743,0.1739
m,10.45742606,159.931,0.1798
m,10.44854285,158.393,0.1805
m,10.4442477,160.245,0.1813
m,10.43988135,160.7,0.182
m,10.43572403,155.908,0.1827
m,10.40974277,159.927,0.1873
m,10.40496128,160.495,0.188
m,10.40024881,159.292,0.1887
m,10.39561236,156.39,0.19
m,10.39125152,159.279,0.191
m,10.35889388,160.074,0.197
m,10.35445908,154.929,0.1978
m,10.35009448,159.628,0.1986
m,10.34560639,159.831,0.2002
m,10.6266593,161.936,0.1318
m,10.6241426,160.745,0.133
m,10.62415424,159.181,0.1341
m,10.62177808,161.578,0.135
m,10.6201083,160.24,0.136
m,10.60490814,160.807,0.1428
m,10.60109302,160.531,0.1439
m,10.60110581,160.858,0.145
m,10.59249037,161.883,0.1461
m,10.58818948,158.994,0.1472
m,10.55935276,161.019,0.1555
m,10.55526317,162.005,0.1566
m,10.55172777,160.843,0.1576
m,10.5480536,160.002,0.1586
m,10.52067369,162.314,0.1654
m,10.52066549,159.099,0.1648
m,10.5127603,159.299,0.1663
m,10.50895349,161.379,0.1675
m,10.50479799,160.542,0.1686
m,10.47951977,159.994,0.1749
m,10.47529563,158.081,0.1759
m,10.47107124,160.186,0.1769
m,10.46650449,160.836,0.1782
m,10.46193059,155.715,0.179
m,10.43170582,160.473,0.1834
m,10.42742148,159.778,0.1849
m,10.41909663,159.392,0.1857
m,10.41452406,159.045,0.1865
m,10.38675036,158.214,0.1919
m,10.38234157,156.673,0.1943
m,10.37302767,156.139,0.1941
m,10.36817719,160.901,0.1953
m,10.36353632,160.296,0.1962
m,10.33672964,159.35,0.201
m,10.33222664,157.84,0.2018
m,10.3279326,158.478,0.2025
m,10.32377905,160.217,0.2031
m,10.31941854,159.149,0.2038
m,10.31512508,160.362,0.2043
m,10.31062651,159.106,0.2049
m,10.3011403,160.2,0.206
m,10.30115285,158.335,0.2067
m,10.29130273,160.26,0.2073
m,10.2689218,157.281,0.2109
m,10.26573856,159.55,0.2113
m,10.26074816,157.489,0.2116
m,10.26075186,161.276,0.2118
m,10.25804504,159.262,0.212
m,10.25733359,156.947,0.2114
m,10.25733174,158.56,0.2113
m,10.25725757,157.679,0.2111
m,10.25697606,159.074,0.211
m,10.25401455,158.337,0.2086
m,10.25310732,158.021,0.2086
m,10.2526203,156.952,0.2087
m,10.25206504,159.312,0.2088
m,10.25171897,157.835,0.2089
m,10.25020181,157.334,0.2095
m,10.25013685,159.804,0.2098
m,10.24999996,159.094,0.2099
m,10.24979262,160.115,0.21
m,10.24979446,160.026,0.2101
m,10.2498837,155.95,0.211
m,10.24988555,156.592,0.2111
m,10.24995971,159.154,0.2113
m,10.25003388,158.702,0.2115
m,10.25089519,159.717,0.2127
m,10.2509694,159.173,0.2129
m,10.25118047,158.075,0.213
m,10.2511842,158.853,0.2132
m,10.25139714,160.373,0.2134
m,10.25190521,157.433,0.2143
m,10.25190897,155.066,0.2145
m,10.25080079,160.652,0.2147
m,10.24871982,156.954,0.2148
m,10.24615225,157.42,0.2149
m,10.28631041,157.169,0.208
m,10.28138646,160.406,0.2087
m,10.276672,159.163,0.2093
m,10.27258479,156.294,0.21
m,10.25769857,157.728,0.2122
m,10.25748566,157.921,0.212
m,10.25741147,156.552,0.2118
m,10.25733914,159.975,0.2117
m,10.25733729,161.708,0.2116
m,10.25676318,158.106,0.2108
m,10.25669271,158.055,0.2108
m,10.25634297,159.753,0.2107
m,10.25634113,155.571,0.2106
m,10.25541666,159.246,0.2088
m,10.25109545,156.789,0.209
m,10.25082166,158.654,0.2092
m,10.25082349,159.266,0.2093
m,10.2503387,157.533,0.2094
m,10.24972803,159.922,0.2102
m,10.24972987,157.527,0.2103
m,10.24980402,159.072,0.2105
m,10.24980586,158.395,0.2106
m,10.24988001,158.993,0.2108
m,10.25024492,156.05,0.2116
m,10.25031911,156.233,0.2118
m,10.2503933,159.455,0.212
m,10.2506062,157.94,0.2122
m,10.25068041,159.715,0.2124
m,10.25147138,159.964,0.2136
m,10.25147325,160.963,0.2137
m,10.25161799,159.654,0.2139
m,10.25169037,159.73,0.214
m,10.24316673,158.381,0.2149
m,10.23990765,160.714,0.2151
m,10.23636747,160.454,0.2151
m,10.22887382,155.157,0.2151
m,10.2251253,158.561,0.215
m,10.2251253,159.899,0.215
m,10.21749644,160.22,0.215
m,10.21361244,162.011,0.2149
m,10.20958916,158.744,0.2149
m,10.17831151,161.826,0.2151
m,10.17422189,160.558,0.2151
m,10.17019634,158.425,0.2149
m,10.16624379,160.06,0.2148
m,10.15840343,159.771,0.2146
m,10.13933219,159.818,0.2138
m,10.13551397,159.219,0.2134
m,10.13177465,162.022,0.2134
m,10.12789332,160.719,0.2132
m,10.12000264,155.44,0.2131
m,10.09368814,157.722,0.2123
m,10.09003471,157.124,0.2121
m,10.09002907,159.25,0.2118
m,10.08314477,156.403,0.2114
m,10.06229806,157.761,0.209
m,10.05943199,159.169,0.2086
m,10.05663608,155.351,0.208
m,10.05356945,161.287,0.2076
m,10.05062806,160.648,0.2064
m,10.0325904,158.151,0.2028
m,10.0295152,161.072,0.2011
m,10.02638514,158.187,0.2003
m,10.02041839,160.164,0.1994
m,10.01707734,161.186,0.1983
m,9.995462292,159.759,0.1933
m,9.991508099,162.324,0.1921
m,9.98756251,159.906,0.1913
m,9.979743572,160.049,0.1905
m,9.956102958,161.955,0.1863
m,9.952358348,160.97,0.1853
m,9.948758926,159.097,0.1847
m,9.9450266,158.892,0.1843
m,9.937285652,161.124,0.1839
m,10.20293405,160.258,0.215
m,10.19870372,157.761,0.2151
m,10.19100808,160.218,0.2155
m,10.18677809,160.359,0.2156
m,10.18240514,159.074,0.2153
m,10.15451894,161.235,0.2145
m,10.15063621,157.274,0.2143
m,10.14682121,156.28,0.2141
m,10.14307938,160,0.214
m,10.11591841,161.516,0.213
m,10.11190585,159.558,0.2129
m,10.10817482,160.88,0.2128
m,10.10451762,160.869,0.2128
m,10.10092494,157.543,0.2124
m,10.07991217,154.906,0.2111
m,10.07681884,159.521,0.2108
m,10.07365446,162.327,0.2102
m,10.06776434,159.672,0.2098
m,10.06509958,159.068,0.2094
m,10.04769956,160.424,0.2058
m,10.04470038,158.069,0.2052
m,10.03857821,159.926,0.2045
m,10.03572596,159.067,0.2037
m,10.01360551,162.018,0.1975
m,10.01358979,160.503,0.1966
m,10.00667264,161.396,0.1957
m,10.00300255,158.942,0.1948
m,9.999195078,160.346,0.1938
m,9.97587859,160.835,0.1898
m,9.975866853,159.824,0.1891
m,9.967857992,160.611,0.1884
m,9.963987586,161.345,0.1877
m,9.960118759,160.157,0.187
m,9.937280776,159.859,0.1836
m,9.929966569,156.921,0.1831
m,9.926316561,156.792,0.1828
m,9.922579103,156.588,0.1824
m,9.91885188,160.209,0.1818
m,9.914993529,159.11,0.1815
m,9.906936101,158.769,0.1812
m,9.902810482,158.595,0.1811
m,9.89847075,161.615,0.1808
m,9.867505241,161.858,0.1781
m,9.863067372,161.657,0.1776
m,9.85855459,161.759,0.1771
m,9.854253433,161.842,0.1765
m,9.823896262,159.649,0.1736
m,9.819511947,161.646,0.1732
m,9.815340831,160.918,0.1728
m,9.811185448,161.275,0.1724
m,9.806875504,161.587,0.1718
m,9.779413159,160.822,0.1681
m,9.774883628,161.315,0.1679
m,9.770354375,161.171,0.1677
m,9.766249989,161.489,0.1674
m,9.761812443,162.274,0.1671
m,9.729792038,160.384,0.1662
m,9.725361409,160.156,0.1661
m,9.721087763,161.761,0.1662
m,9.716736507,159.887,0.1662
m,9.687455311,160.31,0.1665
m,9.683440343,160.107,0.1665
m,9.67915602,159.354,0.1667
m,9.67031167,160.402,0.1668
m,9.666162201,161.739,0.1668
m,9.646051777,159.91,0.1673
m,9.642256548,160.545,0.1674
m,9.638381297,160.211,0.1673
m,9.629876375,160.874,0.1673
m,9.625734491,161.066,0.1675
m,9.600435099,159.963,0.168
m,9.596294874,160.298,0.1681
m,9.587899564,160.049,0.1683
m,9.583427623,159.154,0.1682
m,9.894269376,159.224,0.1805
m,9.889930586,159.097,0.1801
m,9.885656372,161.985,0.1798
m,9.881224562,159.863,0.179
m,9.876510574,161.555,0.1785
m,9.849590528,160.213,0.176
m,9.845064978,161.657,0.1755
m,9.840686744,158.81,0.1747
m,9.832225861,161.266,0.1744
m,9.832219686,160.925,0.174
m,9.802797438,160.496,0.1714
m,9.798388346,160.966,0.1692
m,9.788765221,160.611,0.1687
m,9.788760744,160.717,0.1684
m,9.757376882,161.164,0.1669
m,9.748298575,160.804,0.1668
m,9.743727914,159.54,0.1666
m,9.743726436,161.379,0.1665
m,9.734436379,159.192,0.1663
m,9.712793826,160.056,0.1661
m,9.704351184,160.811,0.1662
m,9.700122579,160.534,0.1663
m,9.70012406,158.24,0.1664
m,9.691684156,158.067,0.1665
m,9.662016179,161.16,0.167
m,9.657866139,159.598,0.1669
m,9.657872121,161.185,0.1673
m,9.649926383,160.755,0.1673
m,9.621727763,158.177,0.1676
m,9.617643796,160.71,0.1677
m,9.613503263,160.514,0.1679
m,9.609207703,160.813,0.1681
m,9.604924347,161.373,0.1678
m,9.579095408,160.409,0.1683
m,9.574685738,160.303,0.1684
m,9.569474667,160.796,0.1681
m,9.565281923,160.409,0.1683
m,9.561003962,160.902,0.168
m,9.55285163,161.657,0.1681
m,9.55285163,161.107,0.1681
m,9.544815711,159.616,0.1681
m,9.540973757,157.761,0.1681
m,9.537055475,162.726,0.1682
m,9.51043231,159.694,0.1687
m,9.506377736,158.092,0.1685
m,9.502407131,161.63,0.1686
m,9.498082259,161.489,0.1684
m,9.493749276,160.063,0.1657
m,9.462542618,160.979,0.1614
m,9.458610576,157.61,0.1612
m,9.454895383,158.885,0.1611
m,9.451383365,155.348,0.1612
m,9.41915023,160.798,0.162
m,9.414844544,160.337,0.1621
m,9.410593467,161.27,0.1621
m,9.402769439,160.211,0.1621
m,9.398655178,159.709,0.1621
m,9.378364861,157.348,0.1623
m,9.369737316,160.15,0.1623
m,9.369737316,160.436,0.1623
m,9.361190872,161.444,0.1622
m,9.356946656,160.094,0.1622
m,9.328377853,160.007,0.1617
m,9.324485842,160.927,0.1615
m,9.320425857,159.589,0.1609
m,9.316130254,157.087,0.1607
m,9.286582609,161.288,0.1585
m,9.282183977,160.739,0.1583
m,9.277842588,160.954,0.1582
m,9.273069834,159.404,0.1581
m,9.268836847,160.002,0.158
m,9.23710982,162.155,0.1554
m,9.234333542,160.116,0.1549
m,9.23005946,160.441,0.1548
m,9.222788099,156.85,0.1552
m,9.219048808,157.206,0.1555
m,9.533136197,161.275,0.1682
m,9.529295991,158.206,0.1682
m,9.521579154,161.704,0.1685
m,9.517854897,158.518,0.1685
m,9.474627898,158.885,0.1634
m,9.475474025,161.746,0.1625
m,9.477249288,157.885,0.1624
m,9.470091639,158.193,0.1619
m,9.470087243,160.652,0.1616
m,9.447627114,161.07,0.1615
m,9.43939859,160.394,0.1616
m,9.435472719,157.359,0.1617
m,9.427539416,159.365,0.1617
m,9.423345344,160.391,0.1619
m,9.394542902,159.548,0.1622
m,9.390509739,158.502,0.1622
m,9.386475682,159.337,0.1621
m,9.382500233,156.337,0.1622
m,9.352918549,160.814,0.1622
m,9.349024652,158.518,0.1621
m,9.344970265,160.309,0.162
m,9.336644892,159.365,0.1618
m,9.332484635,162.018,0.1618
m,9.310392544,160.04,0
m,9.30693989,161.858,0.1598
m,9.298974355,160.655,0.1594
m,9.295221748,160.436,0.1592
m,9.291388587,161.059,0.159
m,9.264444569,159.557,0.1581
m,9.255685048,161.531,0.158
m,9.249543955,160.979,0.1569
m,9.221799469,161.943,0.1557
m,9.219047375,155.974,0.1554
m,9.211939784,154.405,0.1553
m,9.208093267,153.391,0.1554
m,9.204031952,160.354,0.1556
m,9.199835015,161.279,0.1557
m,9.195639822,160.746,0.1559
m,9.186927817,155.764,0.1562
m,9.182765105,157.311,0.1565
m,9.178602874,159.006,0.1568
m,9.153598127,159.156,0.1593
m,9.150017735,156.953,0.1603
m,9.146483671,160.414,0.1609
m,9.139542122,160.402,0.1615
m,9.139549688,160.77,0.162
m,9.115965205,160.97,0.1648
m,9.112034844,159.112,0.1655
m,9.108114489,159.596,0.1668
m,9.100566479,156.344,0.1676
m,9.10057759,156.221,0.1683
m,9.072941913,156.468,0.1741
m,9.064684498,159.89,0.175
m,9.060626182,159.656,0.1756
m,9.060639642,156.252,0.1764
m,9.033629107,157.374,0.183
m,9.026489741,155.623,0.184
m,9.022981575,154.814,0.1851
m,9.022999528,159.922,0.1861
m,9.015978187,159.164,0.1869
m,9.000130051,160.173,0.1913
m,8.996978671,159.918,0.1924
m,8.990957123,158.118,0.1934
m,8.99097416,157.003,0.1943
m,8.984721153,153.064,0.1952
m,8.962436879,157.379,0.1999
m,8.959354275,156.585,0.2004
m,8.95626668,154.394,0.2006
m,8.953260927,156.543,0.2006
s,8.946754582,159.093,0.2011
s,8.946839605,160.522,0.2011
s,8.946841588,156.527,0.2012
s,8.946710318,158.983,0.2013
s,8.946712303,160.379,0.2014
m,9.178607239,161.498,0.1571
m,9.170282774,160.213,0.1576
m,9.166207311,162.011,0.1581
m,9.161912716,158.704,0.1584
m,9.157620113,160.554,0.1588
m,9.131882742,158.986,0.1623
m,9.128029711,161.37,0.1628
m,9.124097574,160.436,0.1635
m,9.120033401,157.047,0.1643
m,9.092978964,157.972,0.169
m,9.089135166,159.91,0.1697
m,9.085073203,153.846,0.1703
m,9.081065856,160.062,0.1711
m,9.076929963,161.288,0.1722
m,9.052650357,156.732,0.1771
m,9.048595591,162.233,0.1778
m,9.044867995,154.735,0.179
m,9.039681316,158.704,0
m,9.037305498,153.772,0.1809
m,9.012581074,160.56,0.1875
m,9.009404265,161.228,0.1882
m,9.006361964,157.284,0.1889
m,9.003188682,160.951,0.1897
m,8.981686803,159.237,0.196
m,8.978515943,159.785,0.1966
m,8.975365316,153.385,0.1982
m,8.968916649,158.394,0.1987
m,8.965785267,155.926,0.1993
m,8.950439807,160.014,0.2007
m,8.948427074,157.896,0.2012
m,8.947169805,158.919,0.2013
m,8.946719786,159.164,0.2012
m,8.946802819,159.984,0.2011
s,8.94671429,159.332,0.2015
s,8.946716277,159.661,0.2016
s,8.946585011,160.808,0.2017
s,8.946672031,158.063,0.2018
s,8.946674022,158.199,0.2019
s,8.946676015,160.854,0.202
s,8.946678008,157.56,0.2021
s,8.946765034,159.434,0.2022
s,8.946633778,159.537,0.2023
s,8.946587561,159.558,0.2024
s,8.946585565,156.278,0.2023
s,8.946585565,157.874,0.2023
s,8.946583569,160.056,0.2022
s,8.946224061,161.258,0.2018
s,8.946307111,159.42,0.2017
s,8.946171874,159.926,0.2016
s,8.946171874,160.007,0.2016
s,8.946169887,158.62,0.2015
s,8.945806445,159.334,0.2009
s,8.945717444,158.773,0.2007
s,8.945715467,157.681,0.2006
s,8.94571349,158.53,0.2005
s,8.945711514,159.376,0.2004
s,8.945394391,159.775,0.1997
s,8.945392424,159.341,0.1996
s,8.945390459,156.493,0.1995
s,8.945303461,158.681,0.1994
s,8.945073412,158.685,0.1988
s,8.944988383,161.255,0.1988
s,8.944986427,161.414,0.1987
s,8.944984471,160.724,0.1986
s,8.944849261,159.766,0.1985
s,8.944839505,160.613,0.198
s,8.944970813,158.98,0.1979
s,8.944968866,159.672,0.1978
s,8.944966921,157.837,0.1977
s,8.945096289,158.296,0.1975
s,8.945351166,158.13,0.1969
s,8.945349231,160.385,0.1968
s,8.945260341,159.24,0.1966
s,8.945258409,160.482,0.1965
s,8.946633778,159.73,0.2023
s,8.946635775,157.381,0.2024
s,8.946720811,159.509,0.2024
s,8.946720811,157.091,0.2024
s,8.946720811,161.026,0.2024
s,8.946583569,159.338,0.2022
s,8.946581575,159.678,0.2021
s,8.946446333,157.918,0.202
s,8.94644434,160.316,0.2019
s,8.946226052,157.705,0.2019
s,8.946165914,158.783,0.2013
s,8.94594564,158.796,0.2012
s,8.94594564,161.206,0.2012
s,8.945808426,156.75,0.201
s,8.945622528,156.046,0.2002
s,8.945620556,159.42,0.2001
s,8.945618585,160.468,0.2
s,8.945616615,156.891,0.1999
s,8.945614646,159.085,0.1998
s,8.945301498,157.518,0.1993
s,8.945214504,160.26,0.1992
s,8.945212543,159.723,0.1991
s,8.945210583,156.666,0.199
s,8.94507537,158.72,0.1989
s,8.944847308,159.971,0.1984
s,8.944845355,158.268,0.1983
s,8.94497666,161.493,0.1982
s,8.944841454,159.284,0.1981
s,8.945094347,160.604,0.1974
s,8.945225662,160.328,0.1973
s,8.945223722,159.166,0.1972
s,8.945221783,157.874,0.1971
s,8.945353103,158.486,0.197
s,8.945256478,160.305,0.1964
s,8.945036268,159.14,0.1963
s,8.945036268,158.676,0.1963
s,8.945034339,160.679,0.1962
s,8.944814134,160.657,0.1961
s,8.944810282,160.164,0.1959
s,8.944810282,160.783,0.1959
s,8.944808358,157.8,0.1958
s,8.944673174,160.169,0.1957
s,8.944673174,161.493,0.1957
s,8.944704198,160.567,0.1954
s,8.944789225,159.628,0.1954
s,8.945005592,159.515,0.1953
s,8.945005592,160.009,0.1953
s,8.945090626,160.216,0.1953
s,8.945338078,158.502,0.1949
s,8.945423123,159.826,0.1949
s,8.94550817,159.44,0.1949
s,8.945506257,159.323,0.1948
s,8.94545424,159.882,0.1946
s,8.945406051,161.495,0.1946
s,8.945406051,161.308,0.1946
s,8.94549111,159.931,0.1946
s,8.9454892,159.434,0.1945
s,8.946010876,159.519,0.1945
s,8.946314255,158.548,0.1945
s,8.946399328,157.609,0.1945
s,8.946619551,155.976,0.1946
s,8.946837864,159.658,0.1946
s,8.947753811,161.105,0.1949
s,8.947753811,158.167,0.1949
s,8.947755725,158.776,0.195
s,8.947755725,158.445,0.195
s,8.947371057,156.229,0.1952
s,8.947371057,159.24,0.1952
s,8.947152741,156.06,0.1952
s,8.947065743,158.367,0.1951
s,8.946895588,160.173,0.1951
s,8.946553398,159.266,0.195
s,8.946684726,159.368,0.1949
s,8.946597754,159.116,0.1948
s,8.946597754,159.116,0.1948
s,8.946462599,160.376,0.1947
s,8.944671252,159.177,0.1956
s,8.944671252,161.031,0.1956
s,8.944754351,159.984,0.1955
s,8.944706118,160.468,0.1955
s,8.945088708,160.535,0.1952
s,8.945173743,159.064,0.1952
s,8.945171827,158.486,0.1951
s,8.94525495,159.786,0.195
s,8.945339992,160.312,0.195
s,8.945506257,156.787,0.1948
s,8.945458062,159.18,0.1948
s,8.945456151,157.565,0.1947
s,8.945456151,156.647,0.1947
s,8.945456151,157.005,0.1947
s,8.9454892,159.073,0.1945
s,8.945574264,159.231,0.1945
s,8.945792569,160.216,0.1945
s,8.946010876,158.487,0.1945
s,8.947058089,160.761,0.1947
s,8.947276405,160.608,0.1947
s,8.9473634,157.022,0.1948
s,8.947448487,157.459,0.1948
s,8.9474504,160.47,0.1949
s,8.94775764,160.423,0.1951
s,8.94775764,158.944,0.1951
s,8.947672548,161.958,0.1951
s,8.947589376,160.034,0.1952
s,8.947456144,158.2,0.1952
s,8.946810514,158.889,0.1951
s,8.946723529,157.984,0.195
s,8.946723529,157.872,0.195
s,8.946638462,158.178,0.195
s,8.946462599,160.754,0.1947
s,8.946508875,161.275,0.1946
s,8.946458779,160.413,0.1945
s,8.94640869,157.238,0.1944
s,8.946493755,157.918,0.1944
s,8.946358607,156.8,0.1943
s,8.946358607,158.456,0.1943
s,8.946358607,159.069,0.1943
s,8.946443677,159.318,0.1943
s,8.946310439,158.674,0.1943
s,8.946262276,157.703,0.1943
s,8.946262276,160.02,0.1943
s,8.945995805,159.043,0.1943
s,8.945997713,158.782,0.1944
m,8.945599919,151.457,0.1945
m,8.943360937,153.829,0.1945
m,8.943360937,158.93,0.1945
m,8.93932138,156.838,0.1945
m,8.937073518,160.566,0.1945
m,8.921719211,158.537,0.1947
m,8.921715381,155.494,0.1945
m,8.917402674,159.318,0.1943
m,8.914847132,161.163,0.1941
m,8.897261864,153.323,0.1937
m,8.897258047,156.484,0.1935
m,8.892169507,158.068,0.1932
m,8.889758714,161.812,0.193
m,8.887349045,155.973,0.1928
m,8.874697265,154.719,0.1926
m,8.872820849,159.321,0.1924
m,8.870852932,157.143,0.1921
m,8.868665487,150.256,0.1917
m,8.866436366,149.978,0.1914
m,8.85009886,158.246,0.1895
m,8.848017217,161.544,0.1892
m,8.845721325,159.238,0.1891
m,8.841226551,157.475,0.1891
m,8.827531789,159.511,0.1873
m,8.825340412,156.482,0.1872
m,8.823325997,158.076,0.1871
m,8.818686729,156.937,0.1869
m,8.818679345,159.173,0.1865
s,8.946443677,156.71,0.1943
s,8.946358607,154.925,0.1943
s,8.946310439,158.596,0.1943
s,8.946310439,159.775,0.1943
s,8.946310439,157.521,0.1943
s,8.945864478,158.67,0.1944
m,8.945864478,158.224,0.1944
m,8.945864478,155.967,0.1944
m,8.945731244,157.501,0.1944
m,8.934876295,159.416,0.1946
m,8.932630161,158.489,0.1946
m,8.930472258,160.555,0.1947
m,8.928361054,156.615,0.1947
m,8.92387517,154.238,0.1947
m,8.912161756,157.797,0.194
m,8.909649437,158.72,0.1939
m,8.907054507,158.928,0.1939
m,8.902132353,156.213,0.1938
m,8.899805026,159.273,0.1937
m,8.884946205,152.832,0.1929
m,8.880447365,152.401,0.1927
m,8.878528305,154.998,0.1926
m,8.876614141,156.662,0.1927
m,8.863987772,157.428,0.191
m,8.85932514,157.734,0.1907
m,8.856971401,161.874,0.1904
m,8.854621541,160.582,0.1902
m,8.852405858,159.61,0.19
m,8.84122095,156.267,0.1888
m,8.836816096,159.67,0.1885
m,8.834527498,157.419,0.1883
m,8.832150614,156.858,0.188
m,8.829687095,160.47,0.1877
m,8.814005467,155.492,0.1862
m,8.811823759,156.633,0.186
m,8.809684774,160.272,0.1857
m,8.807506874,160.184,0.1855
m,8.805544224,153.667,0.1849
m,8.803590951,153.626,0.1847
m,8.801420857,158.789,0.1846
m,8.797480631,152.242,0.1844
m,8.797476985,151.806,0.1842
m,8.785919805,155.821,0.1835
m,8.784575166,159.136,0.1834
m,8.782152618,152.751,0.1835
m,8.781162493,151.484,0.1836
m,8.775992071,154.294,0.1846
m,8.775728286,156.84,0.1849
m,8.775733793,161.539,0.1852
m,8.774594017,159.662,0.1855
m,8.773945493,154.206,0.1858
m,8.770737565,156.211,0.1878
m,8.770200319,157.8,0.1882
m,8.770211576,161.104,0.1888
m,8.768825053,159.996,0.1893
m,8.768297501,155.43,0.1898
m,8.764860141,158.517,0.1931
m,8.76451791,154.5,0.1935
m,8.764086986,161.107,0.194
m,8.76353827,161.254,0.195
m,8.760165243,161.087,0.1986
m,8.759931008,159.99,0.1991
m,8.759379222,155.766,0.1994
m,8.758995163,158.484,0.1997
m,8.758433872,161.186,0.2004
m,8.755830911,153.69,0.202
m,8.755474519,152.239,0.2026
m,8.755022149,153.036,0.203
m,8.754735292,157.991,0.2034
m,8.754359966,151.852,0.204
m,8.751724075,155.428,0.2068
m,8.751270502,154.327,0.2075
m,8.750846346,149.809,0.2079
m,8.750555343,155.437,0.2084
m,8.794160779,152.112,0.1841
m,8.792614926,154.78,0.184
m,8.79125036,155.389,0.1839
m,8.790019144,153.65,0.1838
m,8.788746928,159.22,0.1836
m,8.780355542,156.581,0.1837
m,8.779460528,153.077,0.1838
m,8.778789325,161.418,0.1839
m,8.778035291,156.763,0.1843
m,8.777279889,154.656,0.1845
m,8.773519446,157.899,0.186
m,8.772875877,161.389,0.1863
m,8.772464152,158.71,0.187
m,8.771369212,153.633,0.1874
m,8.767640654,160.512,0.1902
m,8.767033691,152.283,0.1911
m,8.766024915,159.737,0.1916
m,8.765640335,158.224,0.1921
m,8.765297394,160.595,0.1927
m,8.76307715,155.715,0.1956
m,8.762585958,160.355,0.1964
m,8.761424213,159.489,0.1969
m,8.76095868,161.625,0.1975
m,8.76062401,160.257,0.198
m,8.758123351,155.931,0.2006
m,8.757117899,151.733,0.2008
m,8.756878168,154.44,0.2012
m,8.756417697,152.948,0.2016
m,8.754088001,156.195,0.2049
m,8.753713003,158.462,0.2053
m,8.753054325,149.678,0.2056
m,8.752619262,148.885,0.206
m,8.752186858,146.983,0.2064
m,8.750068926,150.837,0.2086
m,8.749167356,150.461,0.209
m,8.748595566,152.712,0.2094
m,8.748346338,158.864,0.2098
m,8.747969152,156.748,0.2101
m,8.747564689,152.678,0.2105
m,8.747393771,158.925,0.2112
m,8.746684113,150.508,0.2115
m,8.746259148,152.25,0.2119
m,8.746263447,162.063,0.2121
m,8.743672048,160.015,0.2134
m,8.743552249,152.376,0.2137
m,8.74330738,161.202,0.214
m,8.742835707,154.441,0.2141
m,8.742366513,158.098,0.2142
m,8.740441366,155.973,0.2149
m,8.740066885,144.123,0.2145
m,8.739702915,160.891,0.2145
m,8.73946999,140.957,0.2146
m,8.737839445,153.439,0.2145
m,8.737877121,153.893,0.2143
m,8.737816192,155.272,0.2141
m,8.737684908,153.345,0.2139
m,8.737682735,155.563,0.2138
m,8.736866018,156.767,0.2132
m,8.736511327,153.761,0.2131
m,8.736511327,156.884,0.2131
m,8.736287903,155.127,0.2132
m,8.736287903,154.875,0.2132
m,8.735589353,154.242,0.2135
m,8.735591522,155.036,0.2136
m,8.735365935,152.607,0.2136
m,8.735269457,151.504,0.2137
m,8.734879235,154.023,0.2139
m,8.734879235,156.454,0.2139
m,8.734811091,156.247,0.214
m,8.734712464,154.658,0.214
m,8.73461384,153.332,0.214
m,8.734050507,154.063,0.214
m,8.734048332,155.292,0.2139
m,8.733851133,152.866,0.2139
m,8.733978099,154.913,0.2139
m,8.733879505,153.2,0.2139
m,8.745251013,157.633,0.2125
m,8.744792883,149.879,0.2126
m,8.744403215,152.601,0.2127
m,8.744055476,151.449,0.2132
m,8.742122729,155.746,0.2142
m,8.741790277,159.347,0.2145
m,8.741371926,149.225,0.2144
m,8.741380647,160.704,0.2148
m,8.740838058,153.752,0.2149
m,8.738768702,147.859,0.2147
m,8.738330257,152.661,0.2148
m,8.738072068,151.658,0.2147
m,8.737901686,160.453,0.2147
m,8.737854128,159.29,0.2145
m,8.737452804,155.33,0.2136
m,8.737323699,156.141,0.2135
m,8.737098109,156.066,0.2135
m,8.736868184,158.712,0.2133
m,8.736062314,152.15,0.2132
m,8.735937543,153.684,0.2133
m,8.735937543,156.862,0.2133
m,8.735714122,153.792,0.2134
m,8.735589353,152.557,0.2135
m,8.735271629,153.02,0.2138
m,8.735175156,152.921,0.2139
m,8.735076513,153.885,0.2139
m,8.734977873,156.258,0.2139
m,8.734977873,153.468,0.2139
m,8.734513043,154.644,0.2139
m,8.734543552,155.098,0.214
m,8.734444937,154.443,0.214
m,8.73414911,153.381,0.214
m,8.733907883,155.005,0.2139
m,8.733907883,154.242,0.2139
m,8.733807123,152.685,0.2138
m,8.733931922,152.18,0.2137
m,8.733931922,154.043,0.2137
m,8.73392975,153.475,0.2136
m,8.733704195,153.907,0.2136
m,8.733828998,155.621,0.2135
m,8.733828998,153.463,0.2135
m,8.730682459,156.01,0.2122
m,8.729140554,155.669,0.212
m,8.728572113,156.024,0.2118
m,8.728001599,157.567,0.2115
m,8.727402995,159.566,0.2112
m,8.725162682,157.141,0.2099
m,8.724635485,155.717,0.2096
m,8.724448343,156.541,0.2094
m,8.723908716,154.22,0.2092
m,8.723719534,158.612,0.2089
m,8.721972962,155.439,0.2068
m,8.721782025,150.664,0.2064
m,8.721494294,152.043,0.2061
m,8.721303449,149.57,0.2057
m,8.714581879,151.203,0.2004
m,8.712047401,151.105,0.1988
m,8.70938733,159.259,0.1963
m,8.70936761,149.489,0.1953
m,8.708635128,159.315,0.1945
m,8.704810694,158.345,0.1901
m,8.70417239,159.999,0.1889
m,8.70338071,155.707,0.1861
m,8.702645448,148.908,0.1848
m,8.700878724,154.984,0.1835
m,8.694380502,159.755,0.1729
m,8.694354954,153.427,0.1714
m,8.692106278,157.205,0.1698
m,8.691097114,151.404,0.1681
m,8.680934284,159.146,0.1573
m,8.680902312,157.348,0.1552
m,8.679401224,148.995,0.1534
m,8.678314423,149.885,0.1525
m,8.677721459,151.301,0.151
m,8.733728249,156.474,0.2134
m,8.732905327,154.41,0.2132
m,8.732082513,159.152,0.213
m,8.731384595,155.931,0.2127
m,8.73068893,155.238,0.2125
m,8.72692927,156.842,0.2108
m,8.726488062,155.561,0.2106
m,8.725736974,153.265,0.2104
m,8.725166945,156.871,0.2101
m,8.723399337,158.437,0.2084
m,8.722930775,156.148,0.2082
m,8.722739654,157.818,0.2078
m,8.722423878,158.506,0.2075
m,8.722415474,156.64,0.2071
m,8.72105285,154.63,0.2051
m,8.720663533,153.723,0.2045
m,8.720378305,152.933,0.2039
m,8.717544033,152.486,0.2023
m,8.717525676,151.774,0.2014
m,8.707666107,157.594,0.1937
m,8.707272293,152.463,0.1926
m,8.706409881,150.772,0.1919
m,8.705544104,156.11,0.1909
m,8.700224362,160.306,0.1821
m,8.699241778,152.095,0.1805
m,8.69846379,159.204,0.1789
m,8.697463876,157.005,0.1774
m,8.696343191,154.815,0.1746
m,8.690192892,147.373,0.1664
m,8.688941337,150.34,0.1648
m,8.686100413,149.543,0.162
m,8.683734713,146.277,0.1607
m,8.681793086,150.242,0.159
m,8.677102769,148.335,0.1475
m,8.675448692,149.769,0.1456
m,8.674854493,158.466,0.1447
m,8.673801045,148.879,0.1433
m,8.672770687,149.565,0.1418
m,8.671869009,153.341,0.1404
m,8.671070683,143.547,0.1388
m,8.669201255,152.682,0.1391
m,8.668850179,144.085,0.1364
m,8.663337144,151.187,0.1282
m,8.662551111,151.054,0.1269
m,8.661564214,158.903,0.1243
m,8.660907033,151.427,0.1229
m,8.655436695,153.246,0.1157
m,8.654804872,151.374,0.1145
m,8.654020793,148.639,0.1134
m,8.652421795,155.586,0.1124
m,8.652419757,149.486,0.1122
m,8.64712369,152.41,0.1085
m,8.64638612,155.079,0.1075
m,8.645755105,151.944,0.1062
m,8.645039124,152.921,0.105
m,8.644091281,148.716,0.1044
m,8.640716055,160.688,0.0983
m,8.638787778,158.205,0.0973
m,8.638780203,154.068,0.0964
m,8.637443776,153.161,0.0953
m,8.633351052,150.597,0.0928
m,8.632702236,152.368,0.0923
m,8.632699873,151.819,0.092
m,8.631906848,155.429,0.0921
m,8.631406572,158.136,0.0922
m,8.62859848,158.15,0.0919
m,8.62719548,156.791,0.0915
m,8.626728409,154.923,0.0914
m,8.626178334,154.944,0.0912
m,8.625533042,154.939,0.091
m,8.622276284,156.923,0.0911
m,8.620868783,151.789,0.0912
m,8.620337197,151.131,0.0912
m,8.619588607,160.01,0.0913
m,8.667879507,154.092,0.1352
m,8.66606104,151.764,0.1337
m,8.665383787,148.463,0.1321
m,8.664625927,154.706,0.1305
m,8.663880442,156.794,0.1297
m,8.66013011,155.44,0.1216
m,8.657856232,154.393,0.121
m,8.657460164,150.314,0.1198
m,8.656715779,156.98,0.1187
m,8.655957519,155.091,0.1178
m,8.650624615,152.178,0.1115
m,8.649651549,153.743,0.1111
m,8.648816225,156.032,0.1101
m,8.648805361,148.72,0.109
m,8.644148654,149.941,0.1035
m,8.643709528,159.17,0.1026
m,8.64310224,150.104,0.1017
m,8.642406667,153.608,0.1007
m,8.641608177,159.659,0.0998
m,8.637088223,151.413,0.094
m,8.63605784,158.297,0.094
m,8.635568336,152.183,0.094
m,8.635217167,156.939,0.0937
m,8.634530689,147.764,0.0932
m,8.630798168,155.386,0.092
m,8.630193737,156.245,0.092
m,8.629820998,159.968,0.0919
m,8.62919235,156.651,0.0918
m,8.625227857,159.467,0.0907
m,8.624791887,150.631,0.0905
m,8.62357704,153.655,0.0905
m,8.622687997,160.415,0.0906
m,8.622274733,156.981,0.0909
m,8.618718323,161.052,0.0911
m,8.618204104,153.969,0.0913
m,8.61746805,146.513,0.0904
m,8.617056022,151.473,0.0903
m,8.616668301,155.541,0.0904
m,8.61666984,150.411,0.0906
m,8.616601397,156.334,0.0908
m,8.616447241,157.053,0.0907
m,8.617119221,156.165,0.0908
m,8.61724037,158.273,0.0909
m,8.618108415,147.041,0.0913
m,8.618123784,147.777,0.092
m,8.61871311,146.164,0.0929
m,8.619770999,148.402,0.0934
m,8.619774221,148.147,0.0938
m,8.623082576,147.834,0.0958
m,8.623439717,148.139,0.0965
m,8.624034344,148.939,0.0968
m,8.624036876,148.572,0.0971
m,8.626176471,147.835,0.0985
m,8.626991274,148.61,0.0987
m,8.627113415,149.794,0.0989
m,8.62711515,148.454,0.0991
m,8.627588602,148.261,0.0993
m,8.629134696,148.519,0.1005
m,8.629377303,148.568,0.1007
m,8.631143638,148.561,0.1018
m,8.631728526,147.571,0.1021
m,8.631973897,149.299,0.1026
m,8.629948003,156.691,0.1047
m,8.628896859,149.166,0.1047
m,8.627596353,146.548,0.1047
m,8.626278872,154.249,0.1048
m,8.618411995,159.889,0.1057
m,8.617683339,158.291,0.1059
m,8.61708692,154.603,0.1063
m,8.616723357,154.725,0.1067
m,8.616480302,155.338,0.107
m,8.615112296,148.323,0.1091
m,8.614545917,158.132,0.1096
m,8.614321157,149.839,0.1098
m,8.614574231,150.826,0.1106
m,8.614352175,155.284,0.1108
m,8.617211406,149.016,0.0909
m,8.617180929,148.109,0.0908
m,8.617523111,148.307,0.0909
m,8.617875958,147.475,0.0911
m,8.620479241,148.372,0.0941
m,8.620954189,148.274,0.0945
m,8.621538836,147.531,0.0948
m,8.622013817,149.173,0.0952
m,8.622718886,148.2,0.0955
m,8.624738627,149.619,0.097
m,8.625102385,148.069,0.0973
m,8.625456233,150.051,0.0976
m,8.625578348,150.107,0.0978
m,8.625823451,150.118,0.0983
m,8.627941645,149.459,0.0995
m,8.62806556,148.634,0.0999
m,8.628308148,149.93,0.1001
m,8.628781628,149.358,0.1003
m,8.632328844,145.486,0.103
m,8.632804231,147.23,0.1034
m,8.634128188,152.366,0.1044
m,8.634150038,152.507,0.1046
m,8.632514831,154.68,0.1046
m,8.624029552,154.426,0.1049
m,8.621725306,156.924,0.105
m,8.620978699,155.886,0.1051
m,8.61965003,155.479,0.105
m,8.618909508,154.834,0.1053
m,8.614949047,158.015,0.1071
m,8.614710626,150.265,0.1074
m,8.614142551,159.405,0.1081
m,8.614736641,159.27,0.1084
m,8.614936067,157.617,0.1112
m,8.614832714,148.892,0.1116
m,8.613791485,153.313,0.1121
m,8.612984636,153.739,0.1127
m,8.61171677,152.768,0.114
m,8.609595045,151.027,0.1145
m,8.606676943,158.554,0.1149
m,8.605415545,161.047,0.1154
m,8.60541873,157.39,0.1157
m,8.608202424,151.406,0.1169
m,8.60845803,150.298,0.1169
m,8.608835388,156.869,0.117
m,8.609096233,156.318,0.1171
m,8.609478743,154.976,0.1173
m,8.612734104,157.401,0.1171
m,8.613589838,158.53,0.1168
m,8.614566894,155.228,0.1166
m,8.615664058,160.308,0.1164
m,8.616641927,155.793,0.1159
m,8.625321399,158.177,0.1146
m,8.626664839,161.999,0.1143
m,8.628008421,156.059,0.1138
m,8.62946927,160.006,0.1133
m,8.640007327,159.867,0.1102
m,8.641719075,161.388,0.1095
m,8.643431586,161.833,0.1085
m,8.647219679,161.281,0.108
m,8.649406041,158.126,0.1076
m,8.662027805,156.958,0.1058
m,8.665155089,157.967,0.1044
m,8.671551161,156.488,0.1038
m,8.674809166,161.101,0.1034
m,8.678182716,155.929,0.1027
m,8.696942584,155.818,0.0981
m,8.703721127,160.941,0.0974
m,8.706992803,159.905,0.0966
m,8.710500395,158.802,0.0959
m,8.7357912,159.715,0.0911
m,8.739302967,155.197,0.0892
m,8.742823646,152.331,0.0885
m,8.749069643,157.875,0.0879
m,8.749068184,156.289,0.0877
m,8.606484672,159.367,0.1161
m,8.606955437,155.206,0.1163
m,8.607434423,162.741,0.1165
m,8.607564873,157.095,0.1167
m,8.607829139,160.544,0.1168
m,8.610100146,156.789,0.1175
m,8.610485517,160.991,0.1176
m,8.610987996,156.153,0.1174
m,8.611878334,153.737,0.1172
m,8.618966119,155.706,0.1157
m,8.620184501,158.711,0.1154
m,8.620182387,160.463,0.1152
m,8.622636975,155.463,0.1151
m,8.62397609,155.523,0.1148
m,8.631044922,155.083,0.1123
m,8.63251053,155.892,0.1118
m,8.633979535,160.462,0.1114
m,8.636935528,160.094,0.1111
m,8.638412092,151.433,0.1106
m,8.65159831,156.375,0.1072
m,8.651594479,155.012,0.1068
m,8.656457841,153.605,0.1064
m,8.65923977,156.366,0.1059
m,8.681093774,159.595,0.1022
m,8.684005653,159.995,0.1016
m,8.687263649,159.648,0.1004
m,8.69379833,158.809,0.0996
m,8.696949431,154.322,0.0989
m,8.714124218,156.235,0.095
m,8.720918877,155.594,0.0943
m,8.724549216,157.731,0.0936
m,8.728065252,160.785,0.0929
m,8.731923676,153.951,0.0915
m,8.754944266,156.28,0.0877
m,8.757528188,153.266,0.0877
m,8.760224541,158.47,0.0872
m,8.762457184,156.913,0.0868
m,8.764220091,150.595,0.0867
m,8.767392228,156.778,0.0865
m,8.768566235,157.626,0.0862
m,8.769274397,160.792,0.0861
m,8.769274898,160.364,0.0858
m,8.768830675,158.365,0.0857
m,8.768951552,155.931,0.0857
m,8.769658057,156.503,0.0857
m,8.77095024,157.808,0.0857
m,8.774378835,153.179,0.0864
m,8.772333059,153.157,0.0866
m,8.769246657,153.434,0.087
m,8.766166532,156.573,0.087
m,8.762737409,156.726,0.0872
m,8.744001692,156.006,0.088
m,8.741493579,158.044,0.088
m,8.738757039,157.987,0.088
m,8.738758506,161.055,0.0882
m,8.732941803,154.02,0.0884
m,8.716691316,154.04,0.0891
m,8.715150928,160.333,0.0892
m,8.715152425,160.86,0.0894
m,8.712424919,154.768,0.0895
m,8.702876232,149.92,0.09
m,8.701348109,156.816,0.0902
m,8.699927262,156.548,0.0902
m,8.698412804,153.865,0.09
m,8.696915789,152.556,0.09
m,8.687246373,159.408,0.0902
m,8.685750899,160.581,0.0902
m,8.68425749,161.046,0.0902
m,8.682867265,157.935,0.0907
m,8.681257059,157.907,0.0908
m,8.66898388,156.281,0
m,8.667952878,158.81,0.0896
m,8.666588486,161.34,0.0897
m,8.66533635,155.939,0.0895
m,8.769162702,160.735,0.0859
m,8.769163927,160.161,0.0857
m,8.769051048,157.15,0.0857
m,8.768938181,160.101,0.0857
m,8.768944214,160.293,0.0858
m,8.772373939,158.197,0.086
m,8.773689056,157.214,0.086
m,8.774777878,158.109,0.0861
m,8.775524806,160.849,0.0862
m,8.775379546,158.773,0.0863
m,8.759420118,160.151,0.0872
m,8.755869602,157.62,0.0876
m,8.752679665,153.003,0.0877
m,8.746624287,159.417,0.0878
m,8.730090239,159.353,0.0885
m,8.727593444,153.73,0.0886
m,8.725103658,154.085,0.0888
m,8.722735709,156.055,0.0891
m,8.720482338,150.076,0.0892
m,8.711239255,152.453,0.0897
m,8.709934477,153.192,0.0898
m,8.708398524,153.614,0.0901
m,8.705808215,151.765,0.0901
m,8.704402613,160.865,0.0902
m,8.695189079,152.235,0.0903
m,8.693214429,154.518,0.0904
m,8.690116578,154.728,0.0904
m,8.688631149,154.618,0.0903
m,8.678050038,149.473,0.0909
m,8.678047734,157.623,0.0906
m,8.674638383,149.702,0.0905
m,8.673168896,157.9,0.0906
m,8.671689811,154.302,0.0903
m,8.66272519,162.125,0.0892
m,8.661365502,156.774,0.089
m,8.660232761,158.87,0.0888
m,8.65910236,161.194,0.0887
m,8.657972065,162.485,0.0884
m,8.656517611,158.229,0.0883
m,8.654808188,159.603,0.088
m,8.653469288,156.024,0.0878
m,8.651764753,158.546,0.0877
m,8.650307526,160.522,0.0876
m,8.643141023,158.546,0.0873
m,8.640987626,160.68,0.0873
m,8.639919998,160.705,0.0873
m,8.638966411,161.5,0.0873
m,8.638966411,158.794,0.0873
m,8.63354278,161.896,0.0883
m,8.632956519,160.557,0.0884
m,8.63196338,160.379,0.089
m,8.63157963,161.022,0.0892
m,8.627956193,160.671,0.0912
m,8.627490521,160.813,0.0917
m,8.627150797,160.216,0.0921
m,8.626562284,158.359,0.0924
m,8.626356147,159.565,0.0934
m,8.623682224,161.34,0.0961
m,8.623094797,159.26,0.0967
m,8.62262007,157.477,0.0974
m,8.622273212,159.346,0.0982
m,8.621811935,159.516,0.1001
m,8.617714525,155.702,0.1069
m,8.616409456,161.011,0.1091
m,8.615426616,159.148,0.1103
m,8.613038916,158.513,0.1111
m,8.604231251,160.993,0.1143
m,8.602408493,158.814,0.115
m,8.600693568,160.768,0.1154
m,8.598421538,159.016,0.1163
m,8.59600563,159.95,0.1171
m,8.58362163,156.316,0.121
m,8.580759331,160.361,0.1216
m,8.575268038,157.207,0.1221
m,8.57242826,160.009,0.1226
m,8.56956811,160.469,0.1228
m,8.648362395,158.743,0.0876
m,8.647055974,160.557,0.0875
m,8.645874445,161.021,0.0873
m,8.644450582,161.013,0.0873
m,8.637747791,158.754,0.0873
m,8.637135411,157.376,0.0873
m,8.636537168,159.563,0.0873
m,8.635846308,159.825,0.0879
m,8.634906301,161.06,0.088
m,8.631072966,157.346,0.0894
m,8.630819689,155.268,0.09
m,8.630342902,160.375,0.0902
m,8.629504925,160.354,0.0905
m,8.628785595,160.717,0.0909
m,8.62577364,160.557,0.094
m,8.625552129,161.201,0.0944
m,8.624736352,157.905,0.0949
m,8.624145834,158.866,0.0955
m,8.620695769,157.663,0.1011
m,8.620706561,158.382,0.1023
m,8.619647072,156.456,0.1035
m,8.619157123,160.029,0.1046
m,8.618544867,154.588,0.1058
m,8.611642219,160.009,0.1116
m,8.611648331,158.47,0.1122
m,8.609197429,160.257,0.1125
m,8.60825984,160.431,0.113
m,8.607068156,160.152,0.1133
m,8.593827477,162.335,0.1179
m,8.591447242,162.224,0.1184
m,8.58896094,161.242,0.119
m,8.586242649,153.893,0.1198
m,8.569565812,159.498,0.1226
m,8.5645405,161.493,0.123
m,8.561762616,157.953,0.1238
m,8.558780943,161.251,0.124
m,8.555895933,159.803,0.1247
m,8.552768756,152.549,0.1248
m,8.550132755,155.697,0.1247
m,8.545554826,152.928,0.1245
m,8.543069866,159.764,0.1243
m,8.521240553,160.628,0.1224
m,8.518189397,157.275,0.1222
m,8.515033341,161.489,0.1221
m,8.512026596,152.784,0.1218
m,8.509368879,161.136,0.1217
m,8.49361509,161.26,0.1207
m,8.491099726,158.971,0.1204
m,8.486036533,160.325,0.1202
m,8.48603315,161.017,0.1199
m,8.480739596,158.242,0.1195
m,8.466047461,160.676,0.1158
m,8.462818547,160.21,0.1155
m,8.462812108,161.298,0.1149
m,8.459589414,157.524,0.1143
m,8.45051943,161.834,0.1112
m,8.447628552,160.779,0.111
m,8.447623441,160.615,0.1105
m,8.445403253,158.181,0.1102
m,8.44458331,160.535,0.1097
m,8.439620655,162.145,0.1077
m,8.438898626,159.697,0.1074
m,8.438152545,159.922,0.1071
m,8.437643528,160.225,0.1066
m,8.436921632,159.8,0.1057
m,8.434964997,160.121,0.1027
m,8.434517914,162.192,0.1019
m,8.434208072,161.282,0.1015
m,8.433690503,157.889,0.1012
m,8.431400439,161.218,0.0985
m,8.431321543,160.479,0.0979
m,8.431100477,161.075,0.0974
m,8.430879288,160.79,0.0971
m,8.430555869,160.124,0.0967
m,8.543065192,156.965,0.1239
m,8.537302969,160.717,0.1235
m,8.534369479,154.124,0.1232
m,8.53141544,159.016,0.1227
m,8.527819175,157.567,0.1226
m,8.50658567,157.001,0.1217
m,8.500954702,158.861,0
m,8.498807044,161.685,0.1216
m,8.496156755,156.921,0.1212
m,8.478340713,161.832,0.119
m,8.47562285,160.772,0.1185
m,8.473057964,161.896,0.1178
m,8.470758124,162.03,0.1173
m,8.468173357,160.824,0.1163
m,8.457948931,159.016,0.1137
m,8.456360069,160.918,0.1132
m,8.45475038,161.246,0.1127
m,8.453142624,161.235,0.1121
m,8.45164727,162.428,0.1118
m,8.443661879,160.405,0.1094
m,8.442822419,160.361,0.109
m,8.441150972,158.757,0.1083
m,8.440343743,162.808,0.1079
m,8.436233966,160.331,0.1052
m,8.436230145,161.147,0.1048
m,8.435546999,160.266,0.1044
m,8.435544571,159.417,0.1038
m,8.435463376,162.185,0.1031
m,8.432849262,160.963,0.1008
m,8.432843849,157.389,0.1002
m,8.432331452,160.364,0.0999
m,8.431904471,161.103,0.0994
m,8.431717187,161.135,0.0989
m,8.430551597,160.872,0.0962
m,8.43012521,161.071,0.0957
m,8.42988697,159.439,0.0954
m,8.429622208,161.326,0.0951
m,8.429490005,160.827,0.0944
m,8.429336669,161.259,0.0929
m,8.429288095,159.827,0.0924
m,8.429137143,162.145,0.0918
m,8.428884006,160.943,0.0911
m,8.42772217,162.051,0.0864
m,8.427798635,161.451,0.0858
m,8.427774695,158.684,0.0853
m,8.427815412,160.3,0.0848
m,8.427610722,160.044,0.082
m,8.42764286,161.912,0.0818
m,8.427780149,161.225,0.0816
m,8.427683407,160.334,0.0816
m,8.427682053,159.978,0.0814
m,8.426763856,159.99,0.0808
m,8.426242963,161.015,0.0808
m,8.425726636,161.65,0.0811
m,8.42538258,160.588,0.0813
m,8.424735789,160.425,0.0816
m,8.420446183,161.471,0.0818
m,8.419742998,162.346,0.0817
m,8.418704347,162.02,0.0819
m,8.417529281,161.131,0.0818
m,8.409624048,162.737,0.0817
m,8.408639434,161.178,0.0817
m,8.407758076,161.133,0.0817
m,8.407391008,159.669,0.0817
m,8.406750756,159.921,0.0815
m,8.401859083,159.882,0.0817
m,8.400971287,160.253,0.0816
m,8.399711259,161.544,0.0816
m,8.398728022,160.69,0.0814
m,8.397747056,161.02,0.0811
m,8.390521405,159.365,0.0808
m,8.389550072,158.978,0.0809
m,8.388541357,162.013,0.0809
m,8.387574707,160.656,0.0811
m,8.428766437,158.94,0.0903
m,8.428487361,161.375,0.0895
m,8.428205252,161.562,0.088
m,8.428140878,160.887,0.0876
m,8.42807628,160.251,0.0869
m,8.427725108,160.146,0.0844
m,8.427638119,157.869,0.0841
m,8.42754883,161.892,0.0831
m,8.427388602,160.55,0.0826
m,8.427386537,160.588,0.0823
m,8.427764078,159.743,0.0811
m,8.427742696,161.497,0.0809
m,8.427587251,161.7,0.0806
m,8.42740258,161.641,0.0806
m,8.424087912,161.505,0.0815
m,8.423679509,160.876,0.0814
m,8.422393916,160.293,0.0815
m,8.422393916,161.853,0.0815
m,8.421048238,159.666,0.0817
m,8.416528308,160.992,0.0818
m,8.415564088,163.163,0.0817
m,8.414228539,160.436,0.0817
m,8.413032048,160.968,0.0817
m,8.410611628,161.553,0.0818
m,8.40587673,160.981,0.0816
m,8.405004196,162.927,0.0816
m,8.404411218,158.78,0.082
m,8.40275037,160.678,0.0819
m,8.395934633,160.779,0.0809
m,8.395102646,160.447,0.0809
m,8.395101975,161.117,0.0808
m,8.392932801,161.364,0.0808
m,8.39159531,163.535,0.0808
m,8.385487718,160.382,0.0815
m,8.384306325,160.144,0.0815
m,8.384307688,159.871,0.0817
m,8.382153716,161.31,0.0819
m,8.381041963,159.522,0.0821
m,8.380170932,158.728,0.0823
m,8.379361663,160.486,0.0825
m,8.37855668,160.797,0.083
m,8.377613343,157.93,0.0833
m,8.375813001,161.106,0.0838
m,8.37175984,161.696,0.0857
m,8.370959474,161.11,0.0862
m,8.370358138,161.42,0.0866
m,8.369522667,160.887,0.0872
m,8.368037457,161.839,0.0879
m,8.363903811,161.017,0.0905
m,8.362457875,157.776,0.0906
m,8.361788312,158.377,0.0907
m,8.361166108,159.746,0.091
m,8.358612967,158.044,0.0897
m,8.357461878,156.168,0.089
m,8.35696309,161.557,0.0884
m,8.356523052,162.266,0.0883
m,8.356268401,160.88,0.0879
m,8.354239737,160.867,0.0889
m,8.353282923,161.769,0.0889
m,8.352814993,160.302,0.0894
m,8.352347754,161.13,0.0897
m,8.35174232,160.797,0.0902
m,8.347947756,161.395,0.0937
m,8.347498087,159.68,0.0941
m,8.346716302,160.842,0.0944
m,8.346414247,158.445,0.0947
m,8.343190531,161.299,0.0968
m,8.342673361,159.897,0.0973
m,8.342492997,161.265,0.0979
m,8.342265898,159.618,0.0984
m,8.342039043,160.779,0.0987
m,8.339633367,159.736,0.1006
m,8.339232081,157.597,0.1009
m,8.338738457,161.536,0.1012
m,8.338343566,160.29,0.1017
m,8.337855549,158.538,0.1021
m,8.374916665,163.368,0.0841
m,8.374919521,160.442,0.0845
m,8.373410669,160.842,0.0848
m,8.372463699,161.279,0.0851
m,8.367346231,159.789,0.088
m,8.366564937,160.121,0.0888
m,8.366126,159.312,0.09
m,8.365402319,160.196,0.0903
m,8.364581582,157.963,0.0904
m,8.360404569,160.831,0.0911
m,8.359742562,156.258,0.0911
m,8.359836069,158.202,0.0904
m,8.359357823,161.501,0.0904
m,8.358617667,160.923,0.0903
m,8.35597523,161.508,0.088
m,8.355687103,159.334,0.0885
m,8.355204369,160.846,0.0886
m,8.354626374,162.253,0.0886
m,8.351139016,160.603,0.0907
m,8.350491961,161.762,0.0912
m,8.349851658,160.88,0.0923
m,8.349135808,159.04,0.0928
m,8.349140736,160.721,0.0934
m,8.345828993,161.593,0.0949
m,8.345343777,160.752,0.0953
m,8.34495673,160.251,0.0957
m,8.344523924,160.088,0.096
m,8.344094219,159.888,0.0964
m,8.341814195,157.907,0.099
m,8.341498198,163.433,0.0995
m,8.341139857,162.056,0.1002
m,8.340776767,160.324,0.1001
m,8.337559638,160.197,0.1026
m,8.337074373,158.512,0.1028
m,8.336783796,162.462,0.1034
m,8.33654246,159.642,0.1037
m,8.336105522,162.058,0.1044
m,8.33596123,157.916,0.105
m,8.335721743,159.771,0.1053
m,8.33558502,160.433,0.1056
m,8.335545397,161.363,0.106
m,8.333026992,161.23,0.1105
m,8.332671803,159.478,0.1109
m,8.332123304,160.839,0.1114
m,8.33162323,162.217,0.1114
m,8.331034107,161.843,0.1116
m,8.330336705,160.12,0.1123
m,8.32989588,161.847,0.1125
m,8.329416828,162.715,0.1127
m,8.328903269,161.111,0.1132
m,8.328348342,160.578,0.1133
m,8.326396439,162.008,0.1139
m,8.326270912,160.926,0.114
m,8.326423551,158.118,0.1141
m,8.326044724,161.841,0.1144
m,8.325669089,160.881,0.1136
m,8.324601633,156.197,0.1133
m,8.323551379,162.042,0.1141
m,8.32145939,161.228,0.1145
m,8.317993328,160.691,0.1146
m,8.308567038,161.909,0.1155
m,8.306494173,160.78,0.1156
m,8.304571142,158.968,0.1157
m,8.302650421,161.212,0.1158
m,8.299050854,159.464,0.1157
m,8.288142351,161.012,0.1157
m,8.286569809,161.154,0.1158
m,8.284761254,161.587,0.1159
m,8.282180763,159.717,0.1159
m,8.268635818,162.17,0.1157
m,8.26681833,159.98,0.1159
m,8.264974828,162.069,0.1163
m,8.263316371,159.122,0.1171
m,8.259752119,162.622,0.1174
m,8.33531362,158.684,0.1065
m,8.334991863,162.245,0.1072
m,8.334723882,161.203,0.1088
m,8.334354889,161.038,0.1095
m,8.333528225,157.542,0.11
m,8.331021644,158.882,0.1112
m,8.330852492,162.25,0.1119
m,8.330853541,161.536,0.112
m,8.330778268,160.589,0.112
m,8.327888892,158.63,0.1134
m,8.327268972,161.701,0.1135
m,8.32727111,158.867,0.1137
m,8.326808778,159.663,0.1138
m,8.326508462,161.405,0.1138
m,8.325747853,161.692,0.1143
m,8.326709066,159.212,0.1141
m,8.326705845,161.038,0.1138
m,8.32755647,157.822,0.1137
m,8.32675682,160.535,0.1135
m,8.316422264,160.722,0.1148
m,8.31642335,158.634,0.1149
m,8.312717157,160.45,0.1151
m,8.310641,161.939,0.1153
m,8.297078447,160.402,0.1157
m,8.297079546,159.118,0.1158
m,8.293559668,160.244,0.1158
m,8.291683556,162.507,0.1158
m,8.289958599,157.819,0.1159
m,8.277947437,161.408,0.1159
m,8.277946335,161.538,0.1158
m,8.27390091,161.746,0.1158
m,8.27204403,160.229,0.1157
m,8.27033888,161.007,0.1157
m,8.259753243,160.351,0.1175
m,8.256402871,161.867,0.1176
m,8.254656572,160.931,0.1177
m,8.252761846,160.942,0.1177
m,8.250630776,161.607,0.1177
m,8.248740725,162.144,0.1178
m,8.246913001,158.981,0.1179
m,8.244937889,161.699,0.118
m,8.24152272,161.45,0.118
m,8.230421044,158.349,0.1187
m,8.228522169,161.764,0.1186
m,8.224471162,159.418,0.1188
m,8.222167113,162.213,0.1189
m,8.208613678,161.446,0.1188
m,8.206979316,161.513,0.1189
m,8.205222045,160.22,0.1191
m,8.203438835,161.105,0.119
m,8.201507017,157.297,0.1189
m,8.18937404,160.724,0.1174
m,8.187085801,160.017,0.1172
m,8.184799274,159.561,0.1169
m,8.179823629,161.605,0.1163
m,8.177309061,161.394,0.1161
m,8.161426443,161.066,0.1139
m,8.159164017,161.35,0.1136
m,8.157052744,160.526,0.1131
m,8.154790242,161.489,0.1125
m,8.137912774,161.703,0.1101
m,8.135360557,161.992,0.1097
m,8.133048492,158.242,0.1094
m,8.130500088,154.744,0.1091
m,8.12793049,160.094,0.1084
m,8.113030033,161.068,0.1077
m,8.110832835,160.742,0.1074
m,8.110828773,160.702,0.107
m,8.105438326,161.563,0.1067
m,8.102328872,160.443,0.1065
m,8.081195079,161.105,0
m,8.078243047,161.448,0.1055
m,8.075009086,160.24,0.1051
m,8.071865913,159.66,0.1052
m,8.241523853,161.791,0.1181
m,8.238204566,160.17,0.1182
m,8.236239303,160.491,0.1184
m,8.234397381,162.265,0.1185
m,8.232408085,160.697,0.1186
m,8.222168259,161.367,0.119
m,8.218104535,161.21,0.1191
m,8.216044674,161.304,0.1191
m,8.21407265,161.455,0.1189
m,8.212340889,160.872,0.1187
m,8.199639404,161.107,0.1187
m,8.19768561,161.915,0.1184
m,8.195582165,161.109,0.118
m,8.193696697,161.959,0.1177
m,8.174880507,161.32,0.1156
m,8.172542228,161.118,0.1152
m,8.170225573,161.703,0.1146
m,8.165824161,161.461,0.1144
m,8.163624974,161.856,0.1142
m,8.150537185,161.309,0.1122
m,8.148280284,160.654,0.1117
m,8.14827709,161.349,0.1114
m,8.143213179,160.296,0.111
m,8.140637672,160.742,0.1105
m,8.12536775,158.162,0.1082
m,8.122654284,158.775,0.108
m,8.117746226,162.045,0.1079
m,8.115225179,160.626,0.1077
m,8.098897826,162.121,0.1062
m,8.095315926,161.489,0.1059
m,8.091959044,161.401,0.1058
m,8.088449432,161.123,0.1055
m,8.084961064,161.416,0.1055
m,8.068720118,161.76,0.1049
m,8.062824455,160.244,0.1044
m,8.062821502,161.395,0.1041
m,8.057255015,159.563,0.1038
m,8.05459204,160.884,0.1036
m,8.051774959,159.663,0.1032
m,8.049114612,160.788,0.103
m,8.046624376,161.3,0.1029
m,8.044301068,161.888,0.1026
m,8.042132374,160.119,0.1023
m,8.029675956,160.437,0.1007
m,8.024972033,161.292,0.1004
m,8.024968282,157.384,0.1
m,8.020566441,160.626,0.0996
m,8.018278393,159.967,0.0993
m,8.007144638,160.166,0.0962
m,8.006177419,160.442,0.096
m,8.005470339,160.738,0.0958
m,8.005032629,161.599,0.0955
s,8.005136742,160.866,0.0934
s,8.005130789,161.757,0.0927
s,8.004962936,161.019,0.0924
s,8.004961254,161.404,0.0922
s,8.004804975,160.72,0.092
s,8.004419407,160.542,0
s,8.004656933,161.744,0.0915
s,8.004656933,161.341,0.0915
s,8.004501508,161.312,0.0914
s,8.004501508,161.462,0.0914
s,8.004750353,161.552,0.0915
s,8.004594933,161.437,0.0914
s,8.004893365,161.116,0.0914
s,8.004964468,160.96,0.0913
s,8.006022844,160.768,0.091
s,8.006166807,162.051,0.091
s,8.006392599,162.188,0.0909
s,8.006773039,161.603,0.0908
s,8.006999687,161.44,0.0908
s,8.007891788,161.936,0.0903
s,8.008189783,161.413,0.0902
s,8.008261054,160.869,0.0901
s,8.008487005,161.164,0.09
s,8.008558294,161.859,0.0899
m,8.039799097,161.217,0.1022
m,8.037060239,160.86,0.1019
m,8.034544812,159.059,0.1014
m,8.032032098,160.175,0.101
m,8.016229226,160.399,0.0989
m,8.014264672,159.678,0.0984
m,8.012385461,160.544,0.0979
m,8.010898302,158.877,0.0972
m,8.008081932,159.184,0
m,8.005006717,162.347,0.095
m,8.005005843,161.264,0.0949
s,8.005152627,161.493,0.094
s,8.005065664,161.017,0.0935
s,8.004983857,159.433,0.0936
s,8.004804139,161.105,0.0919
s,8.004649536,160.44,0.0919
s,8.004731364,160.589,0.0918
s,8.004730529,161.606,0.0917
s,8.004584177,159.583,0.0914
s,8.004584177,159.937,0.0914
s,8.004584177,161.197,0.0914
s,8.004666849,161.954,0.0914
s,8.004749522,161.224,0.0914
s,8.004964468,161.368,0.0913
s,8.005344782,160.788,0.0912
s,8.005571341,160.173,0.0912
s,8.005642473,161.316,0.0911
s,8.005951697,161.505,0.0911
s,8.007224708,161.356,0.0906
s,8.007451383,160.826,0.0906
s,8.007440002,161.222,0.0905
s,8.007892605,161.545,0.0904
s,8.008557484,161.352,0.0898
s,8.00885477,160.929,0.0896
s,8.008926087,160.879,0.0895
s,8.008996608,160.936,0.0893
s,8.008984591,161.213,0.0891
s,8.009209036,162.251,0.0888
s,8.009279599,162.655,0.0886
s,8.009347806,160.54,0.0881
s,8.009573107,160.444,0.0879
s,8.010476344,161.006,0.086
s,8.010546269,161.994,0.0857
s,8.010698723,162.188,0.0854
s,8.01076868,161.502,0.0851
s,8.010838654,160.433,0.0848
s,8.011422401,159.683,0.0828
s,8.011482287,159.472,0.0825
s,8.011551699,162.064,0.0821
s,8.011621139,160.58,0.0817
s,8.011687803,160.393,0.0809
s,8.012238528,160.294,0.0783
s,8.012222515,160.022,0.0774
s,8.012199808,162.238,0.077
s,8.01219722,162.872,0.0766
s,8.012439951,160.294,0.0739
s,8.012345804,160.871,0.0736
s,8.012416445,162.501,0.0733
s,8.012414641,158.472,0.073
s,8.012237608,161.255,0.0726
s,8.012111749,162.049,0.0702
s,8.012016769,158.325,0.0697
s,8.012087074,161.15,0.0693
s,8.012084323,162.154,0.0688
s,8.011989473,162.012,0.0683
s,8.012099408,161.159,0.0653
s,8.012169986,158.567,0.0649
s,8.012167509,161.797,0.0644
s,8.012155346,160.527,0.0639
s,8.012350367,160.138,0.0611
s,8.012421199,161.17,0.0607
s,8.012419425,160.864,0.0603
s,8.012480668,160.813,0.0599
s,8.012633423,160.29,0.0594
s,8.009570755,161.021,0.0876
s,8.009795302,161.996,0.0873
s,8.009947684,161.123,0.087
s,8.010016787,161.543,0.0866
s,8.010324683,161.397,0.0864
s,8.010906424,160.673,0.0842
s,8.011058208,160.812,0.0838
s,8.011282985,161.006,0.0835
s,8.011424572,160.62,0.0831
s,8.011901926,160.628,0.0805
s,8.011971477,161.079,0.0801
s,8.011958607,160.956,0.0797
s,8.012182317,161.35,0.0792
s,8.012169522,161.341,0.0788
s,8.012257663,160.479,0.0763
s,8.012172703,162.545,0.0759
s,8.012242578,162.155,0.0755
s,8.012230079,161.466,0.0751
s,8.012372439,160.911,0.0747
s,8.012224768,161.61,0.0721
s,8.012294915,160.768,0.0717
s,8.012208505,162.247,0.071
s,8.01204151,159.621,0.0706
s,8.012059867,162.21,0.0679
s,8.012129756,162.051,0.0674
s,8.0121976,160.832,0.0665
s,8.012185788,159.973,0.0661
s,8.012184253,161.012,0.0658
s,8.012226009,161.74,0.0635
s,8.012296223,160.496,0.063
s,8.012366944,160.974,0.0626
s,8.012283249,161.507,0.0623
s,8.012281395,160.071,0.0619
s,8.012776601,160.168,0.0589
s,8.012692235,162.709,0.0584
s,8.012762832,161.807,0.0579
s,8.012676924,162.657,0.057
s,8.012747619,161.017,0.0565
s,8.012973292,160.377,0.056
s,8.012971752,161.209,0.0556
s,8.012360306,160.646,0.0577
s,8.012358682,161.947,0.0573
s,8.011726571,161.498,0.0566
s,8.011879936,160.6,0.0562
s,8.011879158,161.64,0.056
s,8.011878002,160.723,0.0557
s,8.012334322,160.031,0.0534
s,8.012405605,161.912,0.053
s,8.012713074,160.488,0.0523
s,8.012629813,160.082,0.052
s,8.012773898,159.781,0.0516
s,8.014051258,161.44,0.0495
s,8.014349699,161.748,0.0488
s,8.014576306,161.846,0.0484
s,8.014885129,160.631,0.048
s,8.014956802,162.464,0.0476
s,8.016018026,161.005,0.0457
s,8.016245387,159.733,0.0455
s,8.016472513,162.301,0.0452
s,8.016544639,160.873,0.0449
m,8.017607362,161.534,0.0432
m,8.017679833,161.692,0.043
m,8.017752093,160.815,0.0427
m,8.017906703,160.132,0.0425
m,8.018134045,158.282,0.0422
m,8.018577664,160.42,0.0406
m,8.018485885,157.855,0.0403
m,8.018394336,160.985,0.0401
m,8.018138497,160.123,0.0398
m,8.017882736,159.78,0.0395
m,8.015427959,159.386,0.0389
m,8.014902359,160.488,0.0388
m,8.01436077,160.238,0.0388
m,8.01350151,162.822,0.0389
s,8.012357477,161.638,0.057
s,8.011815306,161.692,0.0582
s,8.01164792,161.541,0.0575
s,8.011646306,160.497,0.0571
s,8.011727363,161.638,0.0568
s,8.011959112,160.487,0.0554
s,8.012111418,161.323,0.0547
s,8.012110311,160.97,0.0544
s,8.012109214,160.877,0.0541
s,8.012180453,159.214,0.0537
s,8.012772578,161.419,0.0512
s,8.01345403,159.062,0.0507
s,8.013835444,161.397,0.0503
s,8.013906951,161.707,0.0499
s,8.01495596,161.857,0.0473
s,8.015337948,161.35,0.047
s,8.015410231,162.303,0.0468
s,8.015563624,161.903,0.0462
s,8.015635937,160.09,0.046
s,8.016772056,162.01,0.0447
s,8.016926595,159.378,0.0445
s,8.016998287,161.401,0.044
s,8.01722552,161.647,0.0437
s,8.017380093,159.532,0.0435
m,8.018288461,160.687,0.0419
m,8.018360371,161.269,0.0414
m,8.018359762,161.603,0.0411
m,8.018432319,161.224,0.0409
m,8.017709816,161.681,0.0396
m,8.01719916,161.552,0.0393
m,8.016416686,160.043,0.0392
m,8.016416509,160.888,0.0391
m,8.015863552,160.696,0.039
m,8.012717027,160.644,0.039
m,8.010833329,161.395,0.0392
m,8.009807812,160.533,0.0391
m,8.009808168,161.275,0.0393
m,8.00808126,159.717,0.0395
m,8.007297803,161.164,0.0395
m,8.006441816,161.346,0.0396
m,8.00567505,159.369,0.0395
m,8.0050722,160.929,0.0396
m,8.004470041,158.562,0.0396
m,8.000164854,161.164,0.0397
m,7.999072191,158.779,0.0399
m,7.997658345,161.685,0.0401
m,7.996247359,159.274,0.0404
m,7.993745349,154.6,0.0407
m,7.987226993,159.665,0.0419
m,7.986319141,157.454,0.0424
m,7.984423911,159.364,0.0426
m,7.983518525,155.62,0.043
m,7.976231563,154.527,0.0443
m,7.975105458,152.645,0.0445
m,7.972858121,161.258,0.0447
m,7.971895325,156.59,0.045
m,7.97061908,156.884,0.0451
m,7.967437316,160.656,0.0462
m,7.967520717,159.264,0.0463
m,7.968169733,156.263,0.0464
m,7.968419562,156.373,0.0464
m,7.968908758,154.391,0.0464
m,7.9722951,160.747,0.047
m,7.973392344,152.472,0.0472
m,7.974063376,156.072,0.0474
m,7.974814405,154.315,0.0475
m,7.980012062,160.239,0.0482
m,7.980712466,154.994,0.0483
m,7.981333794,154.294,0.0484
m,7.981957939,160.603,0.0485
m,7.982584607,156.807,0.0485
m,7.98578309,152.012,0.0494
m,7.986636355,156.789,0.0495
m,7.987110683,155.776,0.0495
m,7.987754676,153.283,0.0497
m,7.98824168,156.97,0.05
m,8.003112511,161.219,0.0396
m,8.002519072,161.023,0.0395
m,8.002519255,157.73,0.0396
m,8.001091663,157.727,0.0396
m,7.992503565,161.273,0.041
m,7.991420343,156.28,0.0412
m,7.99026776,159.378,0.0413
m,7.989197612,157.197,0.0415
m,7.988289804,158.329,0.0417
m,7.982534798,155.399,0.0431
m,7.981396809,158.014,0.0433
m,7.979944414,161.368,0.0434
m,7.97865165,159.838,0.0436
m,7.977361198,152.401,0.0437
m,7.96966064,154.149,0.0452
m,7.968705665,160.702,0.0454
m,7.96806978,158.031,0.0459
m,7.967593938,161.614,0.046
m,7.969321433,156.398,0.0465
m,7.969894931,155.868,0.0466
m,7.970392589,160.088,0.0465
m,7.971050138,152.459,0.0467
m,7.972294825,157.577,0.0469
m,7.975808225,159.542,0.0478
m,7.977563348,159.673,0.048
m,7.978092648,154.671,0.048
m,7.978861276,157.224,0.0481
m,7.979473937,155.363,0.0482
m,7.983681897,160.605,0.0488
m,7.984228565,157.029,0.0491
m,7.984853282,150.703,0.0492
m,7.985237581,155.256,0.0493
m,7.988808242,154.423,0.0507
m,7.989542264,155.735,0.0506
m,7.991027367,158.498,0.0506
m,7.991027367,151.93,0.0506
m,7.992296546,159.24,0.0504
m,7.992809194,152.196,0.0504
m,7.99332422,155.489,0.0503
m,7.99407845,160.356,0.0505
m,7.994909019,157.492,0.0502
m,8.000354318,154.793,0.0501
m,8.001207729,160.35,0.0501
m,8.002946348,156.926,0.0503
m,8.003744978,160.739,0.0502
m,8.004546047,154.039,0.0499
m,8.007742265,161.421,0.0498
m,8.008298725,154.423,0.0496
m,8.009433618,154.314,0.0496
m,8.010159456,161.374,0.0497
m,8.010887681,153.947,0.0498
m,8.015277495,152.473,0.0495
m,8.016388598,154.678,0.0492
m,8.016903632,159.695,0.0491
m,8.017509904,155.259,0.0489
m,8.02081566,153.457,0.0472
m,8.021155025,153.33,0.0468
m,8.021425601,149.838,0.0464
m,8.021933707,157.921,0.0458
m,8.022373338,153.374,0.0452
m,8.02468277,159.872,0.0432
m,8.024935284,160.543,0.0429
m,8.025191297,160.022,0.0423
m,8.026001617,155.79,0.0419
m,8.026000989,149.057,0.0416
m,8.028260251,156.559,0.0401
m,8.028485515,156.131,0.0398
m,8.029015294,159.616,0.0396
m,8.029015112,155.897,0.0395
m,8.030077068,155.212,0.038
m,8.028539682,157.014,0.0379
m,8.035392188,156.835,0.0378
m,8.035391713,161.026,0.0375
m,8.033724324,157.078,0.0373
m,7.996344075,153.63,0.0502
m,7.997022708,158.408,0.0502
m,7.998300947,161.806,0.05
m,7.99898665,156.179,0.05
m,7.99974953,154.306,0.05
m,8.005264367,156.436,0.0499
m,8.005897985,160.603,0.0497
m,8.00645974,159.616,0.0494
m,8.00709912,161.403,0.0494
m,8.011545398,156.261,0.0501
m,8.012366574,158.573,0.0502
m,8.012955094,155.026,0.0502
m,8.013781244,161.801,0.0502
m,8.014608462,157.452,0.0497
m,8.01804608,149.381,0.0487
m,8.018584795,158.027,0.0484
m,8.019839178,159.976,0
m,8.020308863,154.383,0.0479
m,8.020551999,150.386,0.0476
m,8.023193698,153.778,0.0448
m,8.023572606,153.75,0.0442
m,8.02404704,150.45,0.0438
m,8.02443418,158.522,0.0434
m,8.026500001,159.182,0.0413
m,8.026896204,149.877,0.041
m,8.027203369,160.289,0.0409
m,8.027654764,155.134,0.0408
m,8.027874427,152.747,0.0405
m,8.029555631,157.794,0.0393
m,8.029864732,154.79,0.0391
m,8.030176445,155.834,0.0389
m,8.030186613,155.112,0.0384
m,8.030224648,157.392,0.0382
m,8.033454127,153.281,0.0372
m,8.033653498,154.03,0.0367
m,8.033760686,157.869,0.0364
m,8.034450724,156.487,0.0363
m,8.034894947,160.994,0.0359
m,8.035411067,157.647,0.0357
m,8.03635551,154.669,0.0355
m,8.03635551,154.162,0.0355
m,8.037213973,157.307,0.0354
m,8.039731068,158.077,0.0347
m,8.040140758,157.177,0.0345
m,8.040999358,162.203,0.0344
m,8.041516013,160.506,0.0342
m,8.047210609,153.129,0.0333
m,8.048448689,156.69,0.0332
m,8.051268693,161.158,0.0331
m,8.052783108,159.516,0.0332
m,8.054465797,155.377,0.0332
m,8.064346068,158.549,0.0329
m,8.066775394,159.477,0.0327
m,8.0710436,155.239,0.0327
m,8.073114081,155.691,0.0326
m,8.07528723,158.729,0.0326
m,8.090887842,152.089,0.0324
m,8.093448703,152.857,0.0324
m,8.09607807,153.101,0.0326
m,8.098376409,161.168,0.0326
m,8.113644486,154.797,0.0333
m,8.115924718,162.144,0.0334
m,8.118142662,161.347,0.0336
m,8.120530567,157.577,0.0341
m,8.123087898,160.792,0.0343
m,8.137247774,160.072,0.0351
m,8.139758675,161.511,0.0353
m,8.142272126,157.969,0.0354
m,8.147370769,154.523,0.0356
m,8.147371172,160.966,0.0359
m,8.164028682,160.773,0.0368
m,8.168541276,161.547,0.0367
m,8.17331399,156.083,0.0364
m,8.17331399,160.983,0.0364
m,8.037715461,157.542,0.0355
m,8.038082366,155.765,0.0354
m,8.038616874,160.583,0.0353
m,8.038920744,157.792,0.0351
m,8.039324648,158.863,0.0351
m,8.042133922,154.984,0.0341
m,8.042890354,153.817,0.034
m,8.043815532,158.148,0.0339
m,8.044811342,158.919,0.0338
m,8.045975829,159.522,0.0336
m,8.056217602,159.181,0.0331
m,8.058237225,161.612,0.033
m,8.060193251,154.499,0.0331
m,8.062218399,155.174,0.033
m,8.077428193,157.078,0.0326
m,8.081782016,153.953,0.0326
m,8.084161196,161.118,0.0325
m,8.08664329,159.739,0.0324
m,8.088996605,157.935,0.0325
m,8.100575691,156.8,0.0326
m,8.104545488,161.033,0.0325
m,8.106816784,159.488,0.0326
m,8.109090513,154.667,0.0329
m,8.11136628,159.824,0.033
m,8.127707917,161.898,0.0346
m,8.130105189,158.43,0.0347
m,8.132505031,159.486,0.0349
m,8.134843094,156.4,0.035
m,8.152584462,156.418,0.0361
m,8.154943365,158.924,0.0362
m,8.157264031,161.716,0.0365
m,8.159650392,156.888,0.0369
m,8.161806953,153.778,0.0369
m,8.178854979,160.691,0.0365
m,8.181850542,160.033,0.0363
m,8.184555601,159.578,0.0361
m,8.187326357,156.304,0.0358
m,8.190162827,158.837,0.0356
m,8.192727855,159.132,0.0356
m,8.195401141,158.683,0.0351
m,8.197971413,162.093,0.035
m,8.202951252,159.82,0.0349
m,8.205422452,156.794,0.0347
m,8.219549145,158.843,0.0348
m,8.222374043,153.41,0.0345
m,8.222373924,159.587,0.0344
m,8.227848177,159.73,0.0345
m,8.230451106,151.126,0.0347
m,8.247703905,159.976,0.0352
m,8.247704294,160.38,0.0355
m,8.252734013,158.892,0.0357
m,8.255143233,156.048,0.0357
m,8.272289204,159.316,0.0376
m,8.274546149,159.09,0.0379
m,8.276804806,156.84,0.038
m,8.279065816,160.389,0.0383
m,8.281498809,157.088,0.0386
m,8.293201776,160.747,0.0404
m,8.297206447,160.189,0.0408
m,8.29948458,155.086,0.0411
m,8.302046261,161.026,0.0415
m,8.304891535,155.63,0.0418
m,8.321941984,160.824,0.043
m,8.324471123,161.226,0.0437
m,8.326830447,161.903,0.0439
m,8.329415428,158.823,0.0438
m,8.349047559,161.565,0.0437
m,8.351879609,156.88,0.0442
m,8.357323137,160.404,0.0444
m,8.357323856,161.498,0.0447
m,8.36352316,160.976,0.0448
m,8.374396958,154.861,0.0448
m,8.377252595,156.303,0.0449
m,8.382455867,162.318,0.045
m,8.382456112,160.685,0.0451
m,8.387265985,158.172,0.0453
m,8.207896279,151.497,0.0347
m,8.210265374,156.313,0.0346
m,8.212468134,158.683,0.0348
m,8.214841488,160.286,0.0347
m,8.232887086,159.989,0.0346
m,8.235386784,159.838,0.0346
m,8.237888958,156.57,0.0347
m,8.242791772,156.939,0.0348
m,8.245131504,154.187,0.0349
m,8.257445588,158.632,0.0358
m,8.259640773,152.355,0.036
m,8.263647392,160.705,0.0361
m,8.265628796,159.673,0.0365
m,8.26783054,157.492,0.0368
m,8.284104592,159.318,0.0393
m,8.289040385,159.215,0.0397
m,8.291090271,161.221,0.0399
m,8.293201398,161.709,0.0402
m,8.307680398,161.894,0.0421
m,8.313042242,153.859,0.0422
m,8.315333487,156.164,0.0424
m,8.317514982,161.863,0.0426
m,8.319586435,158.626,0.0428
m,8.334817624,161.695,0.0438
m,8.337522463,158.575,0.0438
m,8.340229796,160.599,0.0438
m,8.343052215,161.107,0.0437
m,8.346048258,154.47,0.0436
m,8.36522205,158.331,0.0447
m,8.367784403,160.702,0.0448
m,8.370119885,162.369,0.0448
m,8.3723429,159.881,0.0448
m,8.38950293,158.029,0.0456
m,8.391741636,160.728,0.0459
m,8.394268885,155.394,0.0463
m,8.396798429,156.801,0.0468
m,8.39944463,161.951,0.0471
m,8.404970948,162.223,0.0474
m,8.407507205,155.294,0.0473
m,8.407507205,161.867,0.0473
m,8.412299047,160.051,0.0474
m,8.429039572,161.87,0.0491
m,8.431591384,161.066,0.0496
m,8.433916784,160.578,0.05
m,8.436189842,156.292,0.0509
m,8.438462475,161.32,0.0511
m,8.453126514,158.58,0.0519
m,8.455592032,161.908,0.0522
m,8.458287139,160.655,0.0525
m,8.460701626,159.675,0.0526
m,8.465764316,160.605,0.0526
m,8.478596142,160.732,0.0529
m,8.483401176,158.536,0.0529
m,8.486012458,159.985,0.053
m,8.488744353,156.701,0.0529
m,8.502720382,158.669,0.0527
m,8.507715246,156.164,0.0528
m,8.510189384,154.195,0.0526
m,8.512546795,158.43,0.0525
m,8.514560034,160.608,0.0523
m,8.524407933,154.341,0.0514
m,8.528467223,151.764,0.0514
m,8.5303274,160.028,0.0515
m,8.532137157,160.019,0.0515
m,8.533949164,151.165,0.0514
m,8.548793685,161.348,0.0496
m,8.550818312,154.504,0.0486
m,8.555229787,160.376,0.0482
m,8.555228129,155.018,0.0476
m,8.570504808,159.56,0.0433
m,8.574775417,158.237,0.0424
m,8.576888429,155.045,0.0413
m,8.579056003,151.303,0.0406
m,8.581401258,154.391,0.0401
m,8.414610731,157.013,0.0477
m,8.417040172,160.631,0.0481
m,8.419244139,155.525,0.0487
m,8.424110128,159.184,0.0488
m,8.426545959,157.732,0.0489
m,8.442963212,159.589,0.0513
m,8.442963531,161.455,0.0514
m,8.448154749,154.308,0.0516
m,8.450553662,157.682,0.0518
m,8.468349774,160.495,0.0527
m,8.468350109,160.386,0.0528
m,8.472717242,157.544,0.0527
m,8.474499153,156.076,0.0527
m,8.476573918,160.795,0.0528
m,8.491359949,159.54,0.0528
m,8.493913444,156.426,0.0529
m,8.496003262,156.07,0.0528
m,8.500320196,156.776,0.0528
m,8.502720716,157.318,0.0528
m,8.516748088,154.87,0.0518
m,8.520720389,159.958,0.0516
m,8.522622683,159.534,0.0513
m,8.524407616,155.932,0.0513
m,8.537961563,154.831,0.0511
m,8.540146128,158.029,0.0509
m,8.54233367,154.174,0.0506
m,8.544351014,159.816,0.0504
m,8.546597011,157.287,0.0501
m,8.559529775,160.425,0.0471
m,8.561797106,157.889,0.0465
m,8.563945171,152.126,0.0461
m,8.566147257,159.577,0.0457
m,8.56812365,155.68,0.044
m,8.583400867,152.304,0.0398
m,8.585351589,156.865,0.0388
m,8.587081094,158.013,0.0382
m,8.588988377,149.061,0.0377
m,8.592514244,151.141,0.0375
m,8.594181436,156.907,0.0371
m,8.597698291,147.828,0.0362
m,8.599623119,152.304,0.0356
m,8.601500988,160.878,0.0347
m,8.613809047,158.959,0.0301
m,8.615635489,150.922,0.0293
m,8.617464813,154.033,0.0285
m,8.61909326,161.064,0.0277
m,8.629159651,155,0.0215
m,8.632308132,152.914,0.0207
m,8.633989481,160.263,0.0198
m,8.635673648,153.601,0.0189
m,8.637360557,156.417,0.0181
m,8.647100754,149.149,0.0133
m,8.651024093,152.008,0.0126
m,8.653072456,154.082,0.0117
m,8.655347312,155.021,0.011
m,8.657755937,148.846,0.0094
m,8.673201363,149.055,0.0042
m,8.675463043,154.654,0.0035
m,8.679773529,150.042,0.0027
m,8.679775282,152.47,0.002
m,8.697555595,158.099,0.0001
m,8.699289525,158.379,0.0006
m,8.700849805,151.721,0.0008
m,8.702453123,155.662,0.001
m,8.704367009,154.766,0.0013
m,8.716485842,157.831,0.0026
m,8.718244287,150.627,0.0031
m,8.719828193,152.563,0.0035
m,8.721723706,149.285,0.0039
m,8.723531522,142.725,0.0049
m,8.735691594,151.974,0.0095
m,8.737475566,148.338,0.0102
m,8.741318482,155.934,0.0109
m,8.743108993,148.82,0.0117
m,8.603481174,153.164,0.0336
m,8.605415262,157.589,0.0329
m,8.608943458,154.108,0.0322
m,8.610536738,156.95,0.0315
m,8.61225883,156.82,0.0308
m,8.621982152,150.434,0
m,8.623505373,151.466,0.0254
m,8.624840262,151.73,0.0239
m,8.626352568,156.457,0.0231
m,8.629159421,151.895,0.0224
m,8.639274437,152.362,0.0165
m,8.641318166,155.19,0.0157
m,8.645142342,153.849,0.015
m,8.647099789,152.713,0.0141
m,8.661958837,152.536,0.0086
m,8.66433061,152.403,0.0079
m,8.666659597,149.304,0.0072
m,8.668863547,155.312,0.0064
m,8.670941868,153.067,0.0056
m,8.684752116,151.232,0.0013
m,8.687248052,158.293,0.0006
m,8.689747859,161.608,0.0001
m,8.691943146,159.982,0.0002
m,8.695958504,156.233,0.0003
m,8.706547882,151.52,0.0013
m,8.708686099,156.878,0.0017
m,8.710696212,151.189,0.002
m,8.71459693,157.31,0.0023
m,8.727026125,148.818,0.0053
m,8.728754656,144.862,0.006
m,8.728753438,144.721,0.0066
m,8.732219785,151.605,0.0072
m,8.733955296,148.972,0.0079
m,8.744724485,146.2,0.0124
m,8.746385477,152.264,0.0131
m,8.747961722,153.701,0.0139
m,8.749717997,151.297,0.0144
m,8.751341474,150.909,0.0157
m,8.754504856,146.933,0.0168
m,8.754504163,157.742,0.0177
m,8.758373909,155.36,0.0185
m,8.760271088,155.663,0.0191
m,8.761992504,153.948,0.0198
m,8.770632916,146.866,0.023
m,8.770632896,159.377,0.0232
m,8.774196416,149.806,0.0233
m,8.77512972,151.466,0.0243
m,8.776158084,152.403,0.0258
m,8.783635346,155.417,0.0289
m,8.784333906,147.593,0.03
m,8.784856152,148.445,0.0305
m,8.786304029,157.23,0.0311
m,8.786495127,147.433,0.035
m,8.786242641,151.705,0.0354
m,8.786033041,145.886,0.0358
m,8.785565682,150.045,0.0362
m,8.785197374,158.817,0.0364
m,8.78122658,148.096,0.0383
m,8.780480956,157.276,0.0387
m,8.779380575,151.8,0.039
m,8.77871986,148.256,0.0394
m,8.778200131,145.445,0.0397
m,8.774508909,149.539,0.0403
m,8.774011509,147.328,0.0403
m,8.773516794,153.343,0.0404
m,8.773063516,155.594,0.0405
m,8.769443522,150.357,0.0407
m,8.768997765,156.092,0.0406
m,8.768633159,156.595,0.0413
m,8.767654775,149.125,0.0414
m,8.767325106,152.797,0.0414
m,8.766155331,155.579,0.0409
m,8.765819846,160.123,0.0408
m,8.765703772,149.089,0.0406
m,8.765373995,151.996,0.0405
m,8.764972798,148.55,0.0403
m,8.763537962,152.781,0.021
m,8.764907799,146.826,0.0217
m,8.7676103,146.853,0.0223
m,8.769120635,150.548,0.0229
m,8.77732383,150.113,0.0266
m,8.779890375,155.133,0.0272
m,8.780977862,152.881,0.0276
m,8.782025508,150.622,0.0278
m,8.782939225,151.546,0.0283
m,8.786304717,154.354,0.0319
m,8.787184988,148.441,0.0325
m,8.787539245,151.72,0.033
m,8.787497995,152.678,0.0335
m,8.78728127,146.32,0.0346
m,8.784669761,148.992,0.0368
m,8.784145985,151.977,0.0376
m,8.783405863,152.356,0.0379
m,8.782709179,150.286,0.0381
m,8.777742447,150.977,0.04
m,8.777207832,145.611,0.0399
m,8.776031008,158.076,0.04
m,8.776031192,146.975,0.0401
m,8.774947709,147.594,0.0403
m,8.772535061,148.43,0.0407
m,8.771868478,147.373,0.0406
m,8.771041742,148.848,0.0407
m,8.771041933,145.772,0.0408
m,8.770071597,149.826,0.0408
m,8.766999082,152.329,0.0414
m,8.76685603,151.649,0.0414
m,8.766574185,150.734,0.041
m,8.766314089,155.142,0.0409
m,8.764680294,148.866,0.04
m,8.764571054,149.159,0.0397
m,8.765273529,160.077,0.0386
m,8.765467751,155.058,0.038
m,8.765342763,148.374,0.0378
m,8.76506697,149.869,0.0375
m,8.765058814,150.914,0.0372
m,8.764909382,157.751,0.0369
m,8.764654563,151.564,0.0367
m,8.764549404,152.635,0.0364
m,8.764586,160.772,0.0364
m,8.764694423,157.276,0.0365
m,8.764838533,156.184,0.0365
m,8.764802859,157.005,0.0366
m,8.765307879,150.527,0.0373
m,8.765487966,149.569,0.0374
m,8.76548812,149.563,0.0375
m,8.765308341,147.848,0.0376
m,8.765308654,149.186,0.0378
m,8.765165338,147.301,0.0383
m,8.765165502,147.22,0.0384
m,8.765165667,148.34,0.0385
m,8.76511569,157.826,0
m,8.765062506,150.541,0.0396
m,8.76648534,155.746,0.0396
m,8.766485699,155.827,0.0398
m,8.7702301,162.28,0.04
m,8.772655514,150.717,0.04
m,8.783252435,159.158,0.04
m,8.782629033,157.65,0.04
m,8.781250496,148.63,0.04
m,8.778937303,155.158,0.0403
m,8.776550937,153.501,0.0408
m,8.771929359,149.725,0.0415
m,8.77239979,154.271,0.0414
m,8.772985358,149.955,0.0415
m,8.77393195,150.622,0.0414
m,8.531914721,155.66,0.0235
m,8.534607138,155.802,0.0242
m,8.536743055,157.222,0.0251
m,8.53937128,154.146,0.0259
m,8.540308801,161.625,0.0267
m,8.764545574,149.55,0.0365
m,8.764401954,146.209,0.0364
m,8.764462847,155.687,0
m,8.764403735,153.064,0.0362
m,8.76436864,154.602,0.0363
m,8.76519883,160.177,0.0368
m,8.765414874,157.975,0.037
m,8.765343391,161.284,0.0371
m,8.765343541,153.77,0.0372
m,8.765308812,148.41,0.0379
m,8.765308972,149.543,0.038
m,8.7651292,150.036,0.0381
m,8.765129361,148.258,0.0382
m,8.765165338,148.831,0.0383
m,8.764953161,151.803,0.0387
m,8.764669863,149.778,0.0389
m,8.764426131,158.955,0.039
m,8.764042324,159.671,0.0393
m,8.764020737,150.168,0.0394
m,8.775291986,158.287,0.0399
m,8.777813948,160.026,0.0398
m,8.781582986,157.74,0.0398
m,8.782580082,157.684,0.0399
m,8.773981582,156.223,0.041
m,8.772346111,160.478,0.041
m,8.771233913,154.247,0.0412
m,8.771364381,151.919,0.0412
m,8.771572177,147.787,0.0414
m,8.774620172,145.332,0.0414
m,8.774619974,146.249,0.0413
m,8.776651367,156.736,0.0413
m,8.777781857,150.22,0.0413
m,8.528497938,160.413,0.0232
m,8.540309104,158.311,0.0276
m,8.54220078,158.952,0.0282
m,8.542191025,160.051,0.0287
m,8.541365345,148.686,0.029
m,8.539864264,151.365,0
m,8.53774027,153.282,0.0303
m,8.531798226,150.366,0.0311
m,8.527968273,151.038,0.0316
m,8.519578317,160.184,0.0331
m,8.491227189,154.956,0.0383
m,8.486172221,155.652,0.0391
m,8.481224987,154.183,0.0399
m,8.47649335,160.624,0.0408
m,8.4381598,158.256,0.0439
m,8.433362449,156.871,0.0443
m,8.428694072,158.899,0.0447
m,8.423983202,158.91,0.0451
m,8.419036978,162.255,0.046
m,8.39008794,159.338,0.0491
m,8.384883915,161.873,0.0498
m,8.379809496,156.36,0.0507
m,8.374757947,153.715,0.0521
m,8.364390486,160.211,0.0528
m,8.332684665,153.688,0.0543
m,8.32752418,149.876,0.0552
m,8.317650801,155.83,0.0557
m,8.312726724,153.555,0.0565
m,8.283980443,160.044,0.0619
m,8.279315984,161.455,0.063
m,8.27028415,156.422,0.064
m,8.265578971,157.768,0.0653
m,8.260981838,151.837,0.0666
m,8.227410753,159.701,0.0753
m,8.222923384,160.347,0.0766
m,8.218210844,156.056,0.0796
m,8.208574706,156.113,0.0799
m,8.208582861,158.791,0.0811
m,8.169207627,151.45,0.0827
m,8.162890731,154.084,0.0833
m,8.150617823,156.505,0.0838
m,8.15062219,158.371,0.0844
m,8.519579069,154.099,0.0338
m,8.510457201,160.228,0.0346
m,8.505724849,151.774,0.0355
m,8.500884854,155.167,0.0363
m,8.500885869,157.878,0.037
m,8.471762675,155.169,0.0421
m,8.457327849,160.664,0.0428
m,8.452508505,156.466,0.0429
m,8.452508725,152.81,0.043
m,8.442870732,161.257,0.0435
m,8.414434963,153.482,0.0468
m,8.404841945,155.621,0.0475
m,8.404843052,158.643,0.0479
m,8.395055714,154.769,0.0485
m,8.359316487,155.862,0.0537
m,8.354024908,154.776,0.054
m,8.354025261,150.493,0.0541
m,8.343289791,152.583,0.054
m,8.33786908,155.454,0.0542
m,8.307715122,158.999,0.0571
m,8.302575554,156.781,0.0579
m,8.297759095,159.703,0.0586
m,8.292963691,159.353,0.0593
m,8.288408866,159.88,0.0609
m,8.256153618,153.555,0.0689
m,8.251556562,156.084,0.0701
m,8.241881826,160.351,0.0711
m,8.237007345,161.123,0.0724
m,8.198608584,156.382,0.0823
m,8.193215526,159.776,0.0833
m,8.187563055,160.89,0.084
m,8.181757601,159.991,0.0842
m,8.175598336,156.443,0.0831
m,8.139548945,160.576,0.085
m,8.134370963,159.831,0.0858
m,8.129062261,158.745,0.0863
m,8.123777211,156.464,0.0872
m,8.118508916,157.89,0.0876
m,8.113485054,154.141,0.089
m,8.103122124,155.533,0.0896
m,8.097921835,155.577,0.0901
m,8.097926691,153.708,0.0907
m,8.088142753,153.528,0.091
m,8.058167719,160.526,0.0948
m,8.052880365,158.703,0.0953
m,8.047850866,158.741,0.0959
m,8.042820527,160.947,0.0964
m,8.037970144,160.801,0.0974
m,8.01188939,160.195,0.1009
m,8.009772175,161.521,0.1021
m,8.008686295,159.344,0.103
m,8.00792411,160.111,0.1038
m,8.005559676,162.357,0.1075
m,8.005288366,161.259,0.108
m,8.005254654,162.302,0.1086
m,8.005093846,161.701,0.1093
m,8.00507918,157.904,0.1098
m,8.004669384,161.056,0.1122
m,8.004640608,159.767,0.1132
m,8.004606427,160.845,0.1137
m,8.00442433,160.264,0.1142
m,8.00428084,161.908,0.1146
m,8.004004266,160.999,0.1172
m,8.004096352,160.672,0.1175
m,8.004149032,161.602,0.1178
m,8.004133977,160.375,0.1182
m,8.00420088,160.738,0.1205
m,8.004274829,161.179,0.1209
m,8.004130795,161.213,0.1212
m,8.004116015,160.582,0.1216
m,8.004208475,160.483,0.1219
m,8.004362812,159.847,0.1239
m,8.004309278,160.89,0.1243
m,8.004272807,159.685,0.1245
m,8.004255829,160.136,0.1247
m,8.004240112,159.517,0.125
m,8.083436225,156.934,0.0915
m,8.078627534,159.496,0.0927
m,8.073815629,158.207,0.0935
m,8.068873615,156.507,0.0941
m,8.033362007,158.192,0.099
m,8.025262522,158.388,0.0994
m,8.025256978,160.947,0.0988
m,8.017076947,162.113,0.0992
m,8.014484522,160.722,0.1002
m,8.007162086,161.573,0.1046
m,8.006765037,161.056,0.1054
m,8.006456253,160.785,0.1062
m,8.005992219,162.615,0.1063
m,8.005721786,164.004,0.1069
m,8.005044615,161.639,0.1103
m,8.004901827,161.222,0.1108
m,8.004827576,160.35,0.1113
m,8.004812011,161.683,0.1117
m,8.004138514,162.61,0.1151
m,8.004143028,161.541,0.1155
m,8.004088194,162.003,0.1159
m,8.004053207,161.215,0.1163
m,8.004018268,160.805,0.1167
m,8.004226158,159.268,0.1185
m,8.004229669,158.243,0.1188
m,8.004175327,160.722,0.1192
m,8.004139539,160.273,0.1195
m,8.004236582,159.26,0.1202
m,8.004213329,161.497,0.1223
m,8.004228802,159.146,0.1227
m,8.004301839,162.507,0.123
m,8.004266472,161.646,0.1233
m,8.004243867,162.621,0.1253
m,8.004207477,161.759,0.1255
m,8.004190551,162.562,0.1257
m,8.00406767,159.149,0.1261
m,8.004178693,161.734,0.1263
m,8.004161802,160.519,0.1265
m,8.004163071,162.2,0.1266
m,8.004057117,161.683,0.1268
m,8.004059664,161.595,0.127
m,8.004167112,159.931,0.1278
m,8.00394887,160.359,0.1277
m,8.003840393,160.251,0.1277
m,8.003731917,160.902,0.1277
m,8.00375011,161.679,0.1276
m,8.003667178,159.61,0.1274
m,8.003704982,160.15,0.1273
m,8.003614819,158.894,0.1272
m,8.003633104,160.259,0.1271
m,8.003779404,160.423,0.127
m,8.003617512,160.471,0.1267
m,8.003490762,161.333,0.1268
m,8.003600455,161.123,0.1269
m,8.00360173,160.801,0.127
m,8.003478819,162.155,0.1281
m,8.003503534,159.556,0.1285
m,8.003485277,161.163,0.1286
m,8.003251438,161.53,0.1288
m,8.003124747,161.955,0.1289
m,8.002683213,160.963,0.1283
m,8.002704064,157.947,0.1284
m,8.002596923,161.635,0.1285
m,8.002509356,162.25,0.1286
m,8.00253023,162.17,0.1287
m,8.002212757,160.796,0.1293
m,8.002214061,161.954,0.1294
m,8.002304204,159.722,0.1295
m,8.002395672,159.298,0.1297
m,8.002726649,162.36,0.1308
m,8.002727972,160.738,0.1309
m,8.002709783,160.037,0.131
m,8.002712435,161.599,0.1312
m,8.002692929,159.717,0.1312
m,8.004060939,161.06,0.1271
m,8.004081644,161.688,0.1272
m,8.004084201,162.373,0.1274
m,8.003886659,160.482,0.1274
m,8.003889221,162.051,0.1276
m,8.003769593,161.102,0.1276
m,8.003591657,159.476,0.1276
m,8.003629402,160.737,0.1275
m,8.003629402,161.164,0.1275
m,8.003580861,161.856,0.1269
m,8.003579588,160.246,0.1268
m,8.003599182,160.42,0.1268
m,8.003599182,160.836,0.1268
m,8.003489491,161.6,0.1267
m,8.003691834,159.408,0.1271
m,8.003566378,160.307,0.1273
m,8.003549358,161.626,0.1275
m,8.00353235,159.89,0.1277
m,8.003387358,162.318,0.1279
m,8.003107808,160.886,0.1291
m,8.003001966,160.043,0.1293
m,8.002986413,160.731,0.1281
m,8.002790362,162.615,0.1282
m,8.002423101,160.003,0.1288
m,8.002314677,160.787,0.1288
m,8.002315975,160.483,0.1289
m,8.002445288,162.119,0.129
m,8.002339469,162.115,0.1292
m,8.002250726,159.999,0.1299
m,8.002470225,161.049,0.1301
m,8.00256043,160.418,0.1302
m,8.00254484,160.271,0.1305
m,8.002527946,160.785,0.1307
m,8.002694257,160.48,0.1313
m,8.002696917,161.436,0.1315
m,8.002716423,161.89,0.1315
m,8.002588456,160.997,0.1315
m,8.002589788,160.683,0.1316
m,8.002589788,160.469,0.1316
m,8.00261063,162.349,0.1317
m,8.002738601,159.667,0.1317
m,8.002739935,160.729,0.1318
m,8.002746625,160.569,0.1323
m,8.002619996,160.564,0.1324
m,8.002731141,159.369,0.1326
m,8.00260452,161.019,0.1327
m,8.002808691,160.517,0.1332
m,8.002794621,162,0.1336
m,8.002904448,161.991,0.1337
m,8.002737554,159.623,0.1337
m,8.002738914,161.678,0.1338
m,8.002829385,160.255,0.1345
m,8.00281135,161.732,0.1346
m,8.002903202,159.632,0.1348
m,8.002885187,161.049,0.1349
m,8.002995074,159.26,0.135
m,8.003269424,159.034,0.1355
m,8.003141547,161.369,0.1355
m,8.003141547,161.002,0.1355
m,8.003141547,161.116,0.1355
s,8.003054625,161.989,0.1351
s,8.003071281,161.849,0.1349
s,8.003217237,159.988,0.1348
s,8.003250614,162,0.1344
s,8.003160199,160.792,0.1343
m,7.998689191,161.148,0.1338
m,7.99672696,160.353,0.1337
m,7.994271045,159.886,0.1335
m,7.988291001,161.838,0.1335
m,7.985110414,159.503,0.1336
m,7.966781964,155.125,0.013
m,7.963429359,160.246,0.1368
m,7.959240726,159.822,0.1374
m,7.951174021,158.452,0.1383
m,7.946982692,160.215,0.1387
m,8.002741271,160.67,0.1319
m,8.002634153,160.246,0.132
m,8.002634153,161.584,0.132
m,8.002743946,161.908,0.1321
m,8.002745285,159.474,0.1322
m,8.002605867,160.67,0.1328
m,8.002715675,161.326,0.1329
m,8.002715675,160.954,0.1329
m,8.002826836,158.614,0.1331
m,8.002700227,160.032,0.1332
m,8.00270136,161.004,0.1339
m,8.002684637,159.005,0.1341
m,8.002666562,162.556,0.1342
m,8.002758354,160.405,0.1344
m,8.002977071,161.892,0.1351
m,8.003088343,160.163,0.1353
m,8.003068975,161.063,0.1353
m,8.003050993,160.257,0.1354
m,8.003159518,159.875,0.1354
m,8.003160898,162.617,0.1355
m,8.003070354,161.809,0.1354
m,8.003089722,162.358,0.1354
m,8.003088343,162.092,0.1353
m,8.00314511,162.922,0.1352
m,8.002852841,159.242,0.1342
m,8.002163049,160.159,0.1342
m,8.002161684,160.303,0.1341
m,8.000071484,159.396,0.134
m,7.981840841,159.617,0.1337
m,7.9784628,160.585,0.1338
m,7.975166875,162.243,0.1342
m,7.971526257,160.836,0.1346
m,7.942628547,159.149,0.1394
m,7.938278852,158.641,0.1404
m,7.933836034,160.057,0.1411
m,7.929595054,158.188,0.1421
m,7.925409762,156.727,0.1442
m,7.921315229,159.625,0.1451
m,7.917306701,160.471,0.1458
m,7.909170714,161.329,0.1465
m,7.90527554,157.852,0.1475
m,7.877144978,161.434,0.1496
m,7.877151308,159.658,0.15
m,7.868865871,161.15,0.1505
m,7.864727247,162.425,0.151
m,7.83672603,160.886,0.1542
m,7.836732626,160.733,0.1546
m,7.8286514,160.565,0.155
m,7.824550223,157.438,0.1554
m,7.79732378,159.465,0.1611
m,7.797344783,160.091,0.1623
m,7.787946063,159.211,0.1633
m,7.783261077,162.205,0.1646
m,7.778601791,160.722,0.1673
m,7.752748159,158.881,0.176
m,7.748385894,161.38,0.177
m,7.740122767,160.098,0.1784
m,7.736136975,160.003,0.18
m,7.709158083,158.45,0.1878
m,7.705756069,158.072,0.1894
m,7.70227258,161.316,0.1905
m,7.698748531,159.77,0.193
m,7.667476926,154.792,0.2023
m,7.663022237,154.32,0.2038
m,7.658967078,157.261,0.2068
m,7.650966897,162.753,0.2082
m,7.650998066,158.679,0.2095
m,7.626033866,159.217,0.2143
m,7.621820089,160.089,0.2166
m,7.617597796,160.248,0.2178
m,7.609396578,159.159,0.219
m,7.609427194,159.612,0.2202
m,7.901286848,159.421,0.1482
m,7.897419906,159.992,0.1485
m,7.893407184,160.858,0.1489
m,7.885283373,160.362,0.1491
m,7.881269195,159.414,0.1494
m,7.860879858,160.722,0.1513
m,7.856906232,160.474,0.1517
m,7.852902088,159.371,0.1526
m,7.848765354,161.651,0.1532
m,7.840733075,161.285,0.1535
m,7.820485879,162.06,0.1557
m,7.81662448,158.09,0.1563
m,7.812797598,160.327,0.1578
m,7.805180382,161.211,0.1588
m,7.801214396,160.776,0.16
m,7.774052694,160.191,0.169
m,7.765442202,159.209,0.1704
m,7.761069322,159.262,0.1719
m,7.756948418,160.469,0.1732
m,7.727671029,161.218,0.1802
m,7.724156377,158.197,0.1817
m,7.720426675,159.925,0.1833
m,7.71643802,158.045,0.1847
m,7.712798901,156.597,0.1863
m,7.69476633,157.899,0.1946
m,7.685391636,154.985,0.1964
m,7.681179347,158.892,0.1974
m,7.676493938,161.058,0.1992
m,7.67193428,157.261,0.2009
m,7.64260659,158.848,0.2105
m,7.638600614,160.2,0.2117
m,7.634489957,160.414,0.2123
m,7.630264274,161.759,0.2134
m,7.601189591,160.249,0.2214
m,7.597064041,160.85,0.2228
m,7.593105635,160.524,0.2243
m,7.589004448,157.663,0.2252
m,7.585105983,159.421,0.2276
m,7.57391243,158.998,0
m,7.57225297,160.143,0.2294
m,7.567810281,158.733,0.2304
m,7.563137858,160.474,0.2323
m,7.533238217,161.475,0.2384
m,7.528899482,158.152,0.2398
m,7.524777267,160.694,0.2405
m,7.520658069,160.458,0.2413
m,7.516436547,161.257,0.2417
m,7.491025915,160.414,0.2468
m,7.487066651,158.47,0.2474
m,7.483187228,160.749,0.2482
m,7.479733537,161.836,0.2492
m,7.477166585,160.897,0.25
m,7.472783656,160.776,0.2585
m,7.472834231,161.008,0.2596
m,7.472842543,161.521,0.2608
m,7.47283258,160.891,0.2623
m,7.472987656,160.307,0.2683
m,7.473152707,159.997,0.2688
m,7.473093632,158.283,0.2691
m,7.473041129,161.525,0.2695
m,7.472897567,159.396,0.2704
m,7.47186211,160.006,0.2724
m,7.471854158,161.8,0.273
m,7.47175727,160.838,0.2734
m,7.471781128,157.737,0.2744
m,7.471895138,161.593,0.2743
m,7.47203029,159.447,0.2768
m,7.472168173,160.6,0.2768
m,7.472353679,161.101,0.2778
m,7.47271512,160.946,0.2783
m,7.474019144,161.255,0.2815
m,7.4741946,160.626,0.2821
m,7.474256592,162.78,0.2823
m,7.474821758,160.289,0.2825
m,7.474894808,159.766,0.2828
m,7.558804654,159.036,0.2333
m,7.549947499,160.51,0.2343
m,7.545611984,159.877,0.2352
m,7.54564263,161.748,0.2363
m,7.537455756,159.843,0.2372
m,7.512093728,161.01,0.2423
m,7.507980717,160.084,0.2433
m,7.503779298,160.642,0.245
m,7.49942774,160.535,0.2459
m,7.475426129,161.952,0.2522
m,7.474293535,161.102,0.2533
m,7.473748696,160.421,0.2545
m,7.473193365,159.408,0.2556
m,7.472990262,159.769,0.2569
m,7.472850109,159.416,0.2645
m,7.472815664,160.206,0.2654
m,7.4729244,161.369,0.2662
m,7.472924565,160.96,0.267
m,7.472945039,160.084,0.2676
m,7.472512697,159.581,0.2706
m,7.472265262,160.246,0.2711
m,7.472108714,160.947,0.2716
m,7.471869606,158.534,0.2721
m,7.471913039,160.475,0.275
m,7.471929743,159.375,0.2755
m,7.472074234,161.135,0.2756
m,7.471975784,159.794,0.2758
m,7.47199656,160.926,0.2765
m,7.473086289,161.192,0.2789
m,7.473103252,159.614,0.2794
m,7.473516759,160.661,0.2799
m,7.47345205,161.11,0.2806
m,7.473737655,159.825,0.281
m,7.474901692,161.428,0.283
m,7.474804186,161.741,0.2834
m,7.474646464,160.202,0.2836
m,7.474501578,159.672,0.2841
m,7.474459883,159.594,0.2845
m,7.474660942,160.25,0.2848
m,7.474513334,159.914,0.285
m,7.47411364,159.192,0.2852
m,7.469002557,160.243,0
m,7.47252883,161.146,0.2879
m,7.472746562,160.738,0.2882
m,7.47296366,160.876,0.2882
m,7.473074121,159.968,0.2885
m,7.475150481,159.667,0.2904
m,7.468508397,160.57,0.281
m,7.474189986,157.768,0.2812
m,7.47599547,158.416,0.2815
m,7.476630331,161.588,0.2816
m,7.47685782,158.992,0.2821
m,7.47702032,160.76,0.2823
m,7.477307352,160.888,0.2827
m,7.477475306,153.915,0.2829
m,7.477927575,161.1,0.283
m,7.479723559,158.579,0.2841
m,7.480454548,162.032,0.2843
m,7.480769546,161.246,0.2845
m,7.480846679,161.675,0.2845
m,7.482287168,158.668,0.2848
m,7.483519172,160.877,0.2845
m,7.483742098,160.78,0.2846
m,7.483838068,161.768,0.2843
m,7.484287818,160.557,0.2841
m,7.484916779,159.505,0.2854
m,7.48563007,160.032,0.2853
m,7.485989125,160.678,0.2852
m,7.486229432,160.71,0.285
m,7.486709214,160.881,0.2849
m,7.488510085,161.047,0.2815
m,7.488652204,160.202,0.2813
m,7.488906927,160.198,0.2809
m,7.489158116,159.94,0.2804
m,7.47302226,161.043,0.2862
m,7.472550213,159.545,0.2866
m,7.472421113,160.93,0.287
m,7.472110806,160.146,0.2873
m,7.4724282,159.876,0.2874
m,7.473316028,161.671,0.2892
m,7.473653284,158.828,0.2891
m,7.474010208,161.482,0.2893
m,7.474371831,161.527,0.2895
m,7.474639332,158.785,0.29
m,7.477048695,161.304,0.2815
m,7.477055542,160.03,0.2817
m,7.476425131,160.738,0.2818
m,7.476927594,162.364,0.2819
m,7.478100077,159.648,0.2831
m,7.478106966,154.83,0.2833
m,7.478690259,158.874,0.2834
m,7.478989076,159.964,0.2835
m,7.479293864,160.287,0.2837
m,7.481162898,157.484,0.2847
m,7.481347329,161.375,0.2844
m,7.481541975,160.125,0.2843
m,7.481867678,157.207,0.2845
m,7.481966266,160.468,0.2849
m,7.484628735,158.325,0.284
m,7.483738528,160.178,0.2853
m,7.484321864,161.508,0.2853
m,7.484678137,159.439,0.2854
m,7.48670229,160.996,0.2847
m,7.487302678,158.918,0.2841
m,7.487512322,157.262,0.2828
m,7.48774958,159.94,0.2822
m,7.488231985,160.999,0.2819
m,7.489275821,159.242,0.2793
m,7.489806884,160.682,0.2787
m,7.490186519,160.396,0.2782
m,7.490457047,158.857,0.2778
m,7.49044359,161.136,0.2774
m,7.491123158,160.903,0.277
m,7.491401,160.912,0.2765
m,7.491890343,160.423,0.2754
m,7.492169857,161.457,0.2749
m,7.493099717,159.946,0.2743
m,7.49466062,161.65,0.2709
m,7.495984019,159.782,0.2701
m,7.496527561,160.542,0.2695
m,7.496504818,161.111,0.2688
m,7.497491007,161.865,0.2682
m,7.499264836,161.293,0.2643
m,7.499211577,158.214,0.2555
m,7.48723187,161.704,0.2547
m,7.487213535,160.056,0.2541
m,7.486513892,161.451,0.2537
m,7.487766526,160.75,0.253
m,7.488010202,160.765,0.2528
m,7.488007169,158.852,0.2527
m,7.488880458,159.311,0.2527
m,7.492670014,161.361,0.252
m,7.493988029,159.985,0.2519
m,7.49399105,162.161,0.252
m,7.494752573,160.517,0.2519
m,7.494865301,161.308,0.2513
m,7.497264635,161.36,0.2482
m,7.498214232,160.349,0.2477
m,7.498187626,161.625,0.2468
m,7.498675253,159.945,0.2461
m,7.499167147,161.739,0.2452
m,7.50179117,158.597,0.237
m,7.501749047,159.308,0.2355
m,7.502076988,162.141,0.2339
m,7.502286438,160.108,0.2325
m,7.505042642,159.933,0.2234
m,7.505381055,159.625,0.2219
m,7.506277391,158.703,0.2206
m,7.507024633,160.894,0.2192
m,7.507794525,160.833,0.2181
m,7.493386526,159.743,0.2738
m,7.49367993,161.291,0.2733
m,7.493972744,158.888,0.2727
m,7.494268285,160.321,0.2721
m,7.497918933,160.741,0.2676
m,7.498346189,160.574,0.2669
m,7.498782433,160.961,0.2664
m,7.4989516,158.841,0.2649
m,7.486744076,159.149,0.2534
m,7.487096055,155.373,0.2531
m,7.486867468,159.905,0.253
m,7.487339871,159.998,0.2528
m,7.487719114,160.86,0.2529
m,7.489753101,158.075,0.253
m,7.490480358,159.931,0.2529
m,7.490978869,160.535,0.2528
m,7.49146525,160.35,0.2525
m,7.492175916,159.115,0.2519
m,7.495108791,160.053,0.251
m,7.495591362,158.807,0.2506
m,7.496195988,160.997,0.2502
m,7.496806339,160.215,0.2496
m,7.499674663,161.383,0.2444
m,7.499955932,160.259,0.2433
m,7.500456702,161.796,0.2421
m,7.500917367,157.56,0.2398
m,7.501453335,162.39,0.2384
m,7.502889147,155.828,0.2313
m,7.503124933,158.077,0.2299
m,7.503370455,159.879,0.2288
m,7.504116873,159.714,0.2278
m,7.50468392,161.467,0.225
m,7.508667662,156.445,0.2167
m,7.509556102,157.382,0.2153
m,7.51043889,161.105,0.2141
m,7.510900988,157.473,0.2111
m,7.51209093,155.715,0.2096
m,7.512059196,157.469,0.2083
m,7.513035831,157.883,0.2066
m,7.513530487,159.428,0.2045
m,7.513919316,158.899,0.2024
m,7.517991557,162.706,0.1892
m,7.518655215,159.772,0.1884
m,7.51930559,158.901,0.1876
m,7.520503338,156.836,0.1867
m,7.522746748,160.879,0.1816
m,7.523790576,156.988,0.181
m,7.524368113,162.514,0.1803
m,7.524840903,156.497,0.1796
m,7.524824568,158.69,0.1788
m,7.52759027,159.46,0.1756
m,7.527995191,161.342,0.1752
m,7.528629353,161.076,0.1747
m,7.529142607,161.082,0.1742
m,7.52912882,158.355,0.1735
m,7.534589508,160.517,0.1684
m,7.535329636,161.608,0.1678
m,7.535944278,158.068,0.167
m,7.535927438,157.148,0.1661
m,7.542245989,157.35,0.164
m,7.543157633,158.481,0.1638
m,7.543695619,161.657,0.1634
m,7.543690142,155.731,0.1631
m,7.545253899,158.613,0.1628
m,7.548705517,159.859,0.1611
m,7.549304934,155.427,0.1608
m,7.550213184,161.294,0.1603
m,7.551000589,153.532,0.1599
m,7.55192246,156.816,0.1556
m,7.559032636,159.344,0.1518
m,7.559835533,157.265,0.1512
m,7.559825582,154.473,0.1506
m,7.561034072,159.928,0.1498
m,7.514698676,161.309,0.1986
m,7.515325975,158.395,0.1966
m,7.516070704,159.361,0.1943
m,7.516700142,160.191,0.1922
m,7.517351504,161.206,0.191
m,7.520484108,156.881,0.1858
m,7.521199924,156.826,0.185
m,7.521618745,161.215,0.1845
m,7.522019089,159.567,0.1838
m,7.522417351,157.933,0.1822
m,7.525409523,161.156,0.1783
m,7.525873346,159.078,0.1777
m,7.52636152,157.779,0.1774
m,7.526589681,159.295,0.1763
m,7.530269389,160.406,0.1726
m,7.530781236,161.186,0.1717
m,7.531380957,159.701,0.1707
m,7.532127679,154.679,0.1699
m,7.532981819,158.565,0.1691
m,7.537473131,156.615,0.1659
m,7.538155757,161.244,0.1654
m,7.538960927,158.664,0.1647
m,7.539913575,159.655,0.1641
m,7.541557421,161.863,0.1638
m,7.545983245,160.521,0.1624
m,7.546611539,158.611,0.162
m,7.547472556,159.444,0.1617
m,7.548108459,156.639,0.1614
m,7.552963602,156.569,0.1551
m,7.553981562,156.445,0.1544
m,7.555002992,154.839,0.1538
m,7.556152642,156.471,0.1533
m,7.557400122,159.45,0.1524
m,7.561105711,157.568,0.1493
m,7.561824364,152.888,0.1479
m,7.562576542,156.288,0.147
m,7.563289005,154.806,0.1449
m,7.56179671,154.401,0.1373
m,7.562416751,157.443,0.1363
m,7.564672019,153.663,0.1351
m,7.564660472,158.843,0.1343
m,7.568109923,158.585,0.1339
m,7.569169875,150.65,0.1336
m,7.557178558,154.24,0.1197
m,7.539594591,152.172,0.1172
m,7.534694442,160.926,0.1154
m,7.53134351,160.235,0.1136
m,7.529175486,161.709,0.1129
m,7.542304789,154.414,0.109
m,7.543967979,160.932,0.1087
m,7.546250217,156.477,0.1079
m,7.548743079,158.834,0.1072
m,7.558550421,154.062,0.1078
m,7.559206124,159.934,0.1081
m,7.560017271,157.964,0.1063
m,7.56203798,153.497,0.1052
m,7.562200482,149.465,0.105
m,7.56573916,160.126,0.1034
m,7.566645449,160.387,0.1032
m,7.568339016,156.421,0.1027
m,7.569379121,148.556,0.1023
m,7.569988597,156.81,0.1008
m,7.57957502,150.503,0.0902
m,7.580852184,161.232,0.0885
m,7.582021265,160.75,0.0877
m,7.583179786,157.593,0.0861
m,7.591296312,157.973,0.0726
m,7.592932275,148.774,0.0692
m,7.593971934,154.379,0.0681
m,7.59491673,146.044,0.067
m,7.59585868,151.688,0.065
m,7.60186557,147.86,0.0577
m,7.602985747,153.513,0.0563
m,7.603853465,158.469,0.055
m,7.60498183,152.895,0.0539
m,7.606147639,159.097,0.0532
m,7.570255656,161.924,0.1333
m,7.571140723,161.494,0.133
m,7.572305116,155.708,0.1328
m,7.570872599,155.833,0.1247
m,7.533504736,161.025,0.112
m,7.535987865,158.667,0.1113
m,7.538158141,157.669,0.1108
m,7.539181784,159.545,0.1103
m,7.540700631,161.194,0.1095
m,7.551626827,156.793,0.107
m,7.552717875,160.12,0.1058
m,7.556045877,154.172,0.1058
m,7.556918552,154.049,0.1065
m,7.557770006,152.396,0.1072
m,7.562198383,149.027,0.1048
m,7.563316278,152.465,0.1047
m,7.564266927,155.493,0.1044
m,7.564842068,156.173,0.1042
m,7.571129701,153.276,0.1
m,7.572304476,154.633,0.0994
m,7.573571113,155.385,0.0978
m,7.574605484,156.101,0.0951
m,7.575905387,157.167,0.0922
m,7.58421192,160.269,0.0841
m,7.58519431,161.836,0.083
m,7.58610213,160.687,0.0796
m,7.587154177,160.737,0.078
m,7.587688704,155.956,0.075
m,7.59693547,159.114,0.0639
m,7.598809436,151.969,0.0624
m,7.599697725,159.423,0.0608
m,7.599691792,150.517,0.0595
m,7.60718726,155.564,0.0522
m,7.608032139,158.749,0.0502
m,7.609046266,156.434,0.0496
m,7.60996779,158.261,0.0489
m,7.611429921,157.984,0.0481
m,7.612231742,158.039,0.0475
m,7.613036917,160.366,0.047
m,7.615514651,161.175,0.0441
m,7.617576278,152.529,0.041
m,7.628319024,160.666,0.0335
m,7.629639548,161.315,0.031
m,7.631633438,157.017,0.0289
m,7.636257765,159.765,0.0265
m,7.63749969,160.313,0.0262
m,7.644724353,159.178,0.0234
m,7.645873734,160.746,0.0235
m,7.648162043,162.056,0.0236
m,7.649524235,160.898,0.0234
m,7.650759425,157.513,0.0233
m,7.66562776,159.701,0.0174
m,7.66681675,160.85,0.0172
m,7.667877238,158.796,0.0173
m,7.668848957,156.522,0.0174
m,7.677755751,153.97,0.0164
m,7.679009306,157.965,0.0163
m,7.68039678,153.868,0.016
m,7.68200799,152.871,0.0159
m,7.683622484,161.044,0.0153
m,7.694376891,160.014,0.014
m,7.696319589,158.047,0.0137
m,7.698396705,154.872,0.013
m,7.700436019,159.043,0.0112
m,7.703884027,161.674,0.0107
m,7.716705641,159.891,0.0065
m,7.719694727,159.915,0.0028
m,7.722416604,159.337,0.0012
m,7.727281317,161.358,0.001
m,7.729650504,158.274,0.0006
m,7.743759885,161.446,0.0022
m,7.748480581,159.817,0.002
m,7.750997136,155.082,0.0021
m,7.753382816,161.05,0.0024
m,7.620324793,160.69,0.0381
m,7.621886768,160.42,0.0379
m,7.624617121,159.804,0.0338
m,7.625742103,160.951,0.0339
m,7.626964234,155.839,0.0337
m,7.638874574,158.41,0.026
m,7.638874684,159.906,0.024
m,7.64226626,158.734,0.0238
m,7.643447538,161.053,0.0236
m,7.658275608,160.687,0.0193
m,7.659434384,158.701,0.0189
m,7.660649488,161.104,0.0185
m,7.663217749,161.709,0.0182
m,7.664402067,160.512,0.0177
m,7.670136174,158.786,0.0172
m,7.671203992,160.2,0.017
m,7.672495496,159.554,0.017
m,7.675165773,152.669,0.0168
m,7.676414198,158.999,0.0166
m,7.685370531,156.84,0.0149
m,7.687079887,159.335,0.0146
m,7.690678234,157.417,0.0144
m,7.692436548,160.1,0.0143
m,7.707793794,161.668,0.0103
m,7.70979674,160.729,0.0098
m,7.713039206,160.98,0.0077
m,7.71487159,159.256,0.0071
m,7.731977931,160.321,0.0002
m,7.731977607,160.46,0.0003
m,7.736457415,160.59,0.0008
m,7.739007728,158.799,0.001
m,7.741338435,160.747,0.0017
m,7.755815192,159.996,0.0027
m,7.758068553,158.492,0.0035
m,7.760368517,158.401,0.0042
m,7.762668428,156.134,0.0055
m,7.765148552,159.184,0.0064
m,7.767631659,160.845,0.0068
m,7.772960282,157.68,0.0071
m,7.775586111,154.109,0.0074
m,7.778340692,160.008,0.0083
m,7.780971085,155.532,0.0086
m,7.795064421,154.938,0.0121
m,7.802444329,159.495,0.0121
m,7.805264345,160.461,0.0123
m,7.808399564,161.101,0.0123
m,7.811537386,159.153,0.0122
m,7.838276098,161.136,0.0128
m,7.841654034,158.964,0.0129
m,7.845034274,160.437,0.013
m,7.845034274,156.009,0.013
m,7.873748952,157.738,0.013
m,7.877585745,157.03,0.0129
m,7.881290898,155.415,0.0128
m,7.881291055,161.061,0.0127
m,7.88800454,160.473,0.0125
m,7.90753761,158.083,0.0124
m,7.911075045,160.841,0.0125
m,7.914748201,160.805,0.0126
m,7.918155605,157.455,0.0123
m,7.9217303,156.5,0.0123
m,7.946261774,160.489,0.0134
m,7.949929106,157.914,0.0134
m,7.957080634,160.576,0.0137
m,7.96078138,160.73,0.014
m,7.981502775,155.941,0.0156
m,7.984917318,160.737,0.016
m,7.991180678,155.66,0.0164
m,7.993789402,154.415,0.0167
m,7.995860249,158.937,0.0169
m,8.015958377,156.739,0.0202
m,8.016496384,150.669,0.0202
m,8.017116345,157.365,0.0204
m,8.020045912,156.519,0.0206
m,8.022168825,152.923,0.0206
m,7.78390946,155.304,0.009
m,7.786764122,155.763,0.0091
m,7.789441648,159.18,0.0094
m,7.795069234,155.721,0.0095
m,7.814677146,158.359,0.0124
m,7.817867068,158.402,0.0124
m,7.824558675,153.857,0.0126
m,7.831345553,157.693,0.0129
m,7.831345553,158.38,0.0129
m,7.851899681,155.299,0.0128
m,7.855554298,160.052,0.0127
m,7.859126357,160.363,0.0129
m,7.862919171,157.903,0.013
m,7.8701816,160.464,0.013
m,7.89114658,161.825,0.0125
m,7.894324093,161.304,0.0126
m,7.897503488,158.45,0.0126
m,7.904219097,159.913,0.0124
m,7.928481237,157.327,0.0123
m,7.931791489,161.465,0.0123
m,7.931791169,153.675,0.0125
m,7.939117424,161.09,0.0127
m,7.942730025,159.864,0.0133
m,7.964348909,157.647,0.0141
m,7.967916886,158.457,0.0145
m,7.971216984,159.357,0.0148
m,7.974518108,160.441,0.0149
m,7.977901875,157.592,0.0152
m,7.997796715,162.182,0.0171
m,8.01528588,154.151,0.0202
m,8.015554877,154.214,0.0202
m,8.015823876,161.395,0.0202
m,8.022168719,152.269,0.0208
m,8.027994959,158.824,0.0209
m,8.03108471,154.304,0.0212
m,8.034175203,154.767,0.0217
m,8.037401286,155.079,0.0219
m,8.046896914,157.109,0.0223
m,8.050126327,158.343,0.0225
m,8.053491337,152.571,0.0227
m,8.056976897,156.091,0
m,8.080551243,152.494,0.0251
m,8.083600948,156.964,0.0259
m,8.09046944,157.871,0
m,8.09415872,161.976,0.0281
m,8.097967705,155.09,0.0293
m,8.121029161,150.922,0.032
m,8.125757079,152.549,0.0327
m,8.129736642,156.483,0.0332
m,8.133366447,158.699,0.0334
m,8.137132753,159.085,0.0336
m,8.163406729,153.596,0.035
m,8.167071194,153.964,0.0354
m,8.170712523,160.621,0.0356
m,8.178349413,151.802,0.036
m,8.201130003,149.546,0.0365
m,8.204453755,156.111,0.0362
m,8.207778476,146.532,0.0359
m,8.214646241,154.128,0.0359
m,8.221460135,151.85,0.0355
m,8.237980967,152.254,0.0343
m,8.241701759,148.334,0.0339
m,8.249032849,147.785,0.0337
m,8.249032632,153.312,0.0335
m,8.256562385,150.474,0.0333
m,8.277393411,153.062,0.0326
m,8.281070874,147.548,0.0328
m,8.285099398,155.691,0.0328
m,8.288915056,155.986,0.0326
m,8.292459524,143.912,0.0325
m,8.317688848,157.532,0.0328
m,8.321182926,153.708,0.033
m,8.32454151,152.498,0.0332
m,8.327978056,149.114,0.0335
m,8.060305384,159.697,0.0232
m,8.067229944,155.417,0.024
m,8.070788009,159.763,0.0244
m,8.070788003,154.527,0.0245
m,8.077853633,159.031,0.0246
m,8.105696041,152.443,0.0299
m,8.105696508,157.065,0.0306
m,8.113132315,160.147,0.0311
m,8.117134987,152.819,0.0315
m,8.1408452,157.721,0.0338
m,8.144558766,160.999,0.034
m,8.151742982,153.975,0.0343
m,8.155539708,161.671,0.0346
m,8.159472576,154.094,0.0347
m,8.182265778,148.633,0.0364
m,8.182265921,153.977,0.0365
m,8.190372978,150.69,0.0367
m,8.19415706,148.698,0.0366
m,8.197750178,151.323,0.0364
m,8.224868608,154.083,0.0355
m,8.228198988,149.968,0.0353
m,8.231337497,148.119,0.0353
m,8.234533809,150.512,0.0351
m,8.259939788,155.007,0.033
m,8.262910604,151.313,0.0329
m,8.266290956,148.648,0.0328
m,8.270314668,150.087,0.0326
m,8.296141406,145.913,0.0324
m,8.299765652,149.333,0.0324
m,8.303391002,147.862,0.0325
m,8.307153805,144.141,0.0327
m,8.314059438,152.736,0.0327
m,8.331261218,150.656,0.0334
m,8.33440889,147.255,0.0333
m,8.337617325,146.919,0.0332
m,8.341023348,144.401,0.0331
m,8.348905594,140.926,0.0331
m,8.352604951,150.687,0.0328
m,8.356169106,143.967,0.0328
m,8.359657793,141.732,0.0326
m,8.363011201,141.577,0.0326
m,8.385999605,142.932,0.0317
m,8.389301079,144.76,0.0318
m,8.392664784,143.854,0.032
m,8.399532039,151.275,0.0317
m,8.402899184,143.916,0.0318
m,8.419354879,141.945,0.0326
m,8.422591693,147.882,0.0327
m,8.42582962,148.005,0.0328
m,8.432073746,143.801,0.0335
m,8.43571299,152.747,0.0333
m,8.459905402,145.391,0.0328
m,8.459905206,146.826,0.0326
m,8.466372937,138.357,0.0325
m,8.469752126,139.84,0.0324
m,8.492016279,140.043,0.0305
m,8.492015998,150.6,0.0301
m,8.497642522,147.073,0.0297
m,8.50042043,149.196,0.0294
m,8.503401143,155.041,0.029
m,8.522817845,143.866,0.0271
m,8.522817752,156.031,0.0268
m,8.528307614,146.018,0.0265
m,8.531301932,145.05,0.0262
m,8.534500628,148.324,0.026
m,8.553362698,147.172,0.0258
m,8.556500009,143.698,0.0258
m,8.559638943,137.264,0.0257
m,8.562779465,139.534,0.0252
m,8.566059868,143.301,0.0248
m,8.58426577,134.041,0.0238
m,8.587285409,135.018,0.0234
m,8.590234751,133.481,0.0234
m,8.596133273,134.689,0.0234
m,8.598742822,132.393,0.0234
m,8.369584715,139.875,0.0325
m,8.369584715,148.432,0.0325
m,8.37631471,139.687,0.0321
m,8.37631462,150.52,0.032
m,8.38277535,137.081,0.0319
m,8.406130413,142.403,0.0318
m,8.409575323,140.58,0.0319
m,8.41280875,145.618,0.0319
m,8.416118994,141.392,0.0323
m,8.439141791,145.154,0.0332
m,8.442509952,140.671,0.0332
m,8.445679607,149.405,0.033
m,8.453008147,146.406,0.033
m,8.456456114,151.32,0.0329
m,8.473164082,139.121,0
m,8.47651441,143.557,0.0317
m,8.483081903,145.275,0.0315
m,8.486192787,144.92,0.031
m,8.48910393,143.458,0.0307
m,8.506584965,140.729,0.0284
m,8.509834774,151.018,0.0281
m,8.516562851,140.745,0.0275
m,8.519608028,142.213,0.0273
m,8.537424907,145.24,0.0259
m,8.543546595,143.899,0.026
m,8.546816924,141.945,0.0259
m,8.550227031,142.971,0.0258
m,8.569341974,135.451,0.0243
m,8.57550186,135.262,0.0242
m,8.578373872,140.724,0.0239
m,8.581319129,138.022,0.0238
m,8.601697719,130.336,0.0233
m,8.604931024,132.085,0.0232
m,8.607679059,128.976,0.0233
m,8.610986372,132.742,0.0229
m,8.614362632,140.974,0.0226
m,8.620358642,131.646,0.0225
m,8.62311671,133.24,0.0223
m,8.62594388,129.804,0.0222
m,8.628911045,132.107,0.0222
m,8.654360587,134.559,0.0209
m,8.657340842,134.867,0.0206
m,8.660323405,145.107,0.0202
m,8.663098955,138.053,0.0199
m,8.665666815,135.865,0.0192
m,8.684987313,136.128,0.0157
m,8.68902188,150.018,0.0145
m,8.693404661,140.654,0.0135
m,8.69806667,138.271,0.0118
m,8.702727531,139.533,0.011
m,8.729850725,142.31,0.0069
m,8.733259084,138.137,0.0057
m,8.737222584,151.57,0.0051
m,8.745357023,152.275,0.0046
m,8.76936661,150.135,0.0034
m,8.773336147,162.257,0.004
m,8.777169247,155.699,0.0041
m,8.785186344,156.755,0.0041
m,8.788953354,161.376,0.0041
m,8.809351329,154.301,0.0042
m,8.809352005,157.398,0.0039
m,8.816971778,152.343,0.0038
m,8.820888158,151.382,0.0037
m,8.824525647,153.084,0.0035
m,8.847885415,157.519,0.0014
m,8.84788644,155.443,0.001
m,8.856694882,154.48,0.0003
m,8.859833273,155.913,0.0001
m,8.863251676,155.341,0.0003
m,8.884232009,156.342,0.0046
m,8.891391825,160.341,0.0057
m,8.89541301,157.085,0.0069
m,8.899425192,156.243,0.0086
m,8.632227598,131.448,0.0221
m,8.638375826,135.514,0.022
m,8.641487319,140.593,0.022
m,8.647850371,137.73,0.0214
m,8.651174153,131.623,0.021
m,8.668722512,133.981,0.0183
m,8.671431699,145.935,0.0177
m,8.674489262,139.51,0.0172
m,8.681231945,133.024,0.0166
m,8.707248818,134.452,0.0101
m,8.715247741,136.009,0.009
m,8.71524844,144.15,0.0086
m,8.722410543,133.487,0.008
m,8.726374234,147.214,0.0074
m,8.749599497,143.822,0.0042
m,8.753564483,148.305,0.0041
m,8.753565401,143.68,0.0037
m,8.761776575,144.123,0.0038
m,8.765675607,160.286,0.0034
m,8.792234859,160.189,0.0041
m,8.795376227,154.415,0.0044
m,8.798451523,149.132,0.0041
m,8.801943754,156.558,0.004
m,8.827406494,154.932,0.0033
m,8.830904782,153.122,0.0029
m,8.834333078,159.504,0.0024
m,8.843482563,150.343,0.0016
m,8.866879211,161.03,0.0008
m,8.870156487,152.606,0.0022
m,8.873646763,160.775,0.0024
m,8.880480894,162.349,0.0028
m,8.884234227,157.103,0.0036
m,8.903648084,158.12,0.0101
m,8.907789276,157.035,0.014
m,8.916347718,159.923,0.0163
m,8.92069759,159.972,0.0183
m,8.924771931,160.914,0.0203
m,8.928844495,160.011,0.0225
m,8.932644824,160.552,0.0242
m,8.936719197,159.698,0.0292
m,8.945293173,158.467,0.032
m,8.94529608,156.247,0.0347
m,8.974875476,158.908,0.0424
m,8.979803774,159.466,0.0439
m,8.98466781,161.225,0.0467
m,8.993691749,153.678,0.0484
m,8.993696587,161.138,0.0501
m,9.025256178,159.752,0.057
m,9.029847823,153.66,0.058
m,9.038752079,163.33,0.0592
m,9.03875567,156.299,0.0601
m,9.067039013,155.863,0.0671
m,9.07546934,159.703,0.0679
m,9.080136225,157.487,0.0681
m,9.080140188,161.667,0.0689
m,9.090108004,157.321,0.0696
m,9.113042569,161.092,0.0705
m,9.117573636,156.334,0.0707
m,9.126496165,155.356,0.0708
m,9.126495647,153.301,0.0707
m,9.135138071,161.379,0.0707
m,9.156130109,160.854,0.0697
m,9.165272594,158.091,0.0695
m,9.169458762,159.752,0.0691
m,9.169457272,157.605,0.0688
m,9.178663936,161.716,0.0685
m,9.210821162,158.214,0.0645
m,9.215150989,158.025,0.064
m,9.219750613,153.644,0.0631
m,9.224417861,157.167,0.0621
m,9.255841597,157.048,0.0558
m,9.260723079,159.183,0.0549
m,9.265327846,157.887,0.0533
m,9.270076082,158.893,0.0527
m,9.279777295,162.514,0.0519
m,8.956636438,156.476,0.0373
m,8.961209997,157.909,0.04
m,8.965787225,156.301,0.0424
m,8.970433242,160.827,0.0425
m,9.002308225,158.118,0.0513
m,9.007035381,160.3,0.0524
m,9.01169283,156.975,0.0533
m,9.016212066,159.252,0.0542
m,9.020801725,159.909,0.0552
m,9.04738504,152.93,0.0612
m,9.051632942,160.912,0.0621
m,9.055534908,155.897,0.0633
m,9.059437447,153.078,0.0643
m,9.063340123,153.606,0.0653
m,9.094988698,160.438,0.0698
m,9.099729381,160.982,0.07
m,9.104328112,162.697,0.0699
m,9.108719447,161.272,0.0702
m,9.139179909,159.854,0.0705
m,9.143364602,159.564,0.0704
m,9.147757558,160.829,0.0703
m,9.151873822,157.666,0.07
m,9.183403231,157.3,0.0675
m,9.187657775,156.27,0.0668
m,9.19232783,157.994,0.0661
m,9.201608936,159.757,0.0656
m,9.206145239,159.65,0.0651
m,9.232479498,156.09,0.0601
m,9.237435869,159.752,0.0593
m,9.237432406,160.914,0.0584
m,9.246353865,160.544,0.0574
m,9.251167744,155.363,0.0567
m,9.284034457,161.45,0.0511
m,9.28403209,156.789,0.0503
m,9.292626901,156.926,0.0494
m,9.297164621,156.789,0.0486
m,9.301562894,160.016,0.0478
m,9.305752432,160.645,0.0462
m,9.310016757,158.456,0.0453
m,9.314068643,160.456,0.0442
m,9.322383283,162.232,0.0433
m,9.347828714,154.646,0.0386
m,9.352089906,154.379,0.037
m,9.360343335,159.561,0.0363
m,9.363980273,160.66,0.0356
m,9.388193853,150.354,0.0316
m,9.396525983,154.586,0.0309
m,9.400658832,157.45,0.03
m,9.404998918,150.304,0.0295
m,9.409132869,146.74,0.0291
m,9.429800558,157.132,0.0271
m,9.438707318,154.147,0.0267
m,9.443058214,158.993,0.0266
m,9.447615836,155.87,0.0264
m,9.45189333,156.066,0.0253
m,9.470805832,157.669,0.0237
m,9.47171288,147.612,0.0234
m,9.472339592,146.945,0.023
m,9.473180644,147.985,0.0227
m,9.494006922,153.612,0.0219
m,9.49774516,148.174,0.0219
m,9.504530993,148.346,0.0219
m,9.504530993,148.007,0.0219
m,9.511197386,154.695,0.0222
m,9.527566547,155.786,0.0228
m,9.530564645,156.762,0.0227
m,9.536348094,155.513,0.0228
m,9.536348094,157.318,0.0228
m,9.54171379,159.993,0.0228
m,9.567299399,162.36,0.0236
m,9.567299429,158.379,0.0239
m,9.573936334,156.758,0.024
m,9.577398027,160.023,0.0242
m,9.326436807,159.912,0.0425
m,9.326434985,156.751,0.0416
m,9.335171335,160.721,0.0409
m,9.339365559,159.773,0.04
m,9.34349352,158.847,0.0393
m,9.367830789,159.261,0.0351
m,9.37168176,154.24,0.0347
m,9.375392863,155.233,0.0341
m,9.379590343,159.502,0.033
m,9.383928393,156.923,0.0321
m,9.413333406,151.605,0.0283
m,9.41767464,155.65,0.0281
m,9.421463098,159.091,0.0277
m,9.429800692,159.407,0.0274
m,9.459320823,153.095,0.0251
m,9.462264003,151.14,0.0249
m,9.464712688,152.517,0.0244
m,9.467021315,155.652,0.0241
m,9.467021283,151.725,0.0238
m,9.47725409,145.741,0.0224
m,9.480198092,158.273,0.0222
m,9.483216481,161.147,0.0221
m,9.486878617,154.276,0.0219
m,9.490475392,150.926,0.0218
m,9.514611336,148.095,0.0223
m,9.517530473,158.75,0.0224
m,9.520665813,161.864,0.0225
m,9.524363744,157.457,0.0227
m,9.54437076,158.966,0.0228
m,9.547385449,162,0.0229
m,9.550541963,160.669,0.0228
m,9.55357028,159.682,0.0229
m,9.557021949,160.073,0.0232
m,9.580925638,155.84,0.0245
m,9.58431407,159.731,0.0248
m,9.587640155,155.652,0.0257
m,9.590980667,156.426,0.0261
m,9.597564145,158.184,0.0265
m,9.600819685,155.25,0.0267
m,9.600819949,151.613,0.0273
m,9.606912632,155.678,0.0274
m,9.610454498,153.646,0.0278
m,9.632658386,161.865,0.0293
m,9.636212009,155.594,0.0296
m,9.639281006,153.8,0.03
m,9.642273258,155.77,0.0303
m,9.648528019,157.873,0.0302
m,9.663693184,154.352,0.0306
m,9.666617011,161.667,0.0308
m,9.669886934,162.215,0.031
m,9.67309593,160.815,0.0314
m,9.679110089,161.663,0.0314
m,9.695866338,158.695,0.0312
m,9.698722775,158.355,0.0309
m,9.704537498,154.352,0.031
m,9.707397343,155.228,0.0308
m,9.729809976,161.823,0.0316
m,9.733548637,154.791,0.0316
m,9.737066269,154.159,0.0314
m,9.740241214,160.878,0.0315
m,9.743559059,161.192,0.0314
m,9.763535498,158.697,0.0311
m,9.766781612,153.589,0.0311
m,9.770089287,159.223,0.0311
m,9.773398163,158.793,0.0312
m,9.776910156,155.61,0.0312
m,9.797943603,162.098,0.032
m,9.800469844,159.047,0.0319
m,9.802996526,157.584,0.0314
m,9.808135539,162.625,0.0312
m,9.830657913,162.614,0.0305
m,9.834355848,154.471,0.0303
m,9.837912589,160.395,0.0297
m,9.841328771,158.707,0.0296
m,9.848449601,160.464,0.0297
m,9.61385699,155.53,0.0282
m,9.616838178,154.655,0.0287
m,9.623353827,160.183,0.0289
m,9.626479825,155.986,0.0289
m,9.629451485,156.822,0.0289
m,9.648528019,159.884,0.0302
m,9.654646804,157.993,0.0303
m,9.657566892,161.508,0.0304
m,9.660488188,160.257,0.0305
m,9.67911018,158.704,0.0315
m,9.685315987,154.287,0.0317
m,9.68780635,156.664,0.0315
m,9.690660048,157.264,0.0315
m,9.69315219,157.548,0.0313
m,9.707397514,149.908,0.031
m,9.71334238,161.986,0.0311
m,9.716083023,157.017,0.0313
m,9.719452641,152.125,0.0316
m,9.723186817,156.604,0.0316
m,9.746878316,162.723,0.0313
m,9.750280027,160.366,0.0312
m,9.756905115,161.365,0.031
m,9.756905203,160.451,0.0311
m,9.783025465,160.462,0.031
m,9.786136735,159.681,0.0312
m,9.78989907,154.888,0.0315
m,9.789899641,158.059,0.0321
m,9.795560158,155.315,0.0321
m,9.810688174,159.983,0.0312
m,9.813301169,159.67,0.031
m,9.819974893,161.304,0.031
m,9.823609568,162.474,0.0309
m,9.827103453,155.37,0.0307
m,9.852154318,161.022,0.0299
m,9.852154318,155.623,0.0299
m,9.858571272,160.25,0.03
m,9.862279789,161.864,0.0302
m,9.866014906,161.663,0.0304
m,9.869667809,157.234,0.0307
m,9.873263938,157.111,0.0312
m,9.881016973,158.659,0.0314
m,9.883509327,158.791,0.0314
m,9.901464214,157.714,0.0335
m,9.908029663,153.503,0.0338
m,9.911499355,157.638,0.0338
m,9.915456285,156.803,0.0341
m,9.936859542,160.401,0.0357
m,9.9429961,156.299,0.0356
m,9.946222294,159.103,0.035
m,9.949336438,157.935,0.035
m,9.9522795,157.006,0.0346
m,9.967128882,158.137,0.0332
m,9.974003284,153.975,0.0332
m,9.977271484,160.764,0.0334
m,9.980658011,157.33,0.0337
m,9.984418821,155.732,0.0339
m,10.01366043,153.54,0.0321
m,10.01714159,156.963,0.0318
m,10.020449,156.13,0.0316
m,10.02413104,156.817,0.0313
m,10.04127699,155.97,0.0296
m,10.04373268,155.209,0.0293
m,10.04849196,160.785,0
m,10.05092763,155.102,0.0283
m,10.05367276,158.864,0.0281
m,10.07057688,159.006,0.0272
m,10.07194211,154.837,0.0266
m,10.07289058,158.918,0.026
m,10.07274712,157.708,0.0257
m,10.0719756,156.141,0.0254
m,10.07740992,157.634,0.0249
m,10.08039507,153.645,0.0246
m,10.08355917,155.788,0.0244
m,10.09046486,159.197,0.0243
m,9.886229559,157.752,0.0317
m,9.888866335,159.551,0.0318
m,9.891615089,159.057,0.0322
m,9.894507586,161.258,0.0325
m,9.897914122,158.401,0.0333
m,9.919642437,155.777,0.0344
m,9.923772742,157.618,0.0346
m,9.927077867,156.93,0.0344
m,9.930128019,162.251,0.0351
m,9.93346446,157.1,0.0354
m,9.955309646,159.405,0.0343
m,9.957855822,159.463,0.0341
m,9.964237558,159.716,0.034
m,9.967128993,157.944,0.0333
m,9.991940478,158.099,0.0339
m,9.995588731,155.551,0.0339
m,9.998865137,158.453,0.0337
m,10.00639102,155.607,0.0326
m,10.01001335,155.39,0.0326
m,10.02695515,152.579,0.0308
m,10.02935098,154.211,0.0306
m,10.03304556,155.659,0.0303
m,10.03304532,155.122,0.03
m,10.03873409,158.605,0.0299
m,10.05673867,159.975,0.0278
m,10.059949,158.229,0.0276
m,10.06310566,161.838,0.0274
m,10.0684947,156.319,0.0273
m,10.07066472,155.551,0.0252
m,10.07066472,157.176,0.0252
m,10.07119678,157.685,0.0252
m,10.07276661,160.492,0.0251
m,10.07471238,155.959,0.025
m,10.09348923,155.957,0.0242
m,10.0934892,153.392,0.0241
m,10.10051066,158.473,0.0241
m,10.10396906,155.111,0.0241
m,10.10733917,153.848,0.024
m,10.11085393,158.857,0.0239
m,10.11422626,157.239,0.0237
m,10.12102809,156.452,0.0237
m,10.12426016,157.038,0.0238
m,10.12763691,156.319,0.0239
m,10.1434246,162.079,0.0228
m,10.15003278,158.547,0.0227
m,10.15325906,154.586,0.0226
m,10.15625242,156.908,0.0224
m,10.15924707,159.68,0.0225
m,10.18147668,160.973,0.0217
m,10.184246,159.146,0.0212
m,10.18687256,161.704,0.0207
m,10.1898404,158.128,0.0204
m,10.21193951,154.549,0.0182
m,10.21926905,157.062,0.0179
m,10.22253556,156.346,0.0175
m,10.2261835,155.316,0.0171
m,10.22618374,155.968,0.0166
m,10.24458637,152.728,0.015
m,10.24601738,153.799,0.015
m,10.24687189,155.739,0.0151
m,10.24748983,155.449,0.0149
m,10.24791217,158.083,0.0148
m,10.24806644,156.484,0.0148
m,10.24806637,157.44,0.0149
m,10.24797359,156.742,0.015
m,10.24797366,159.865,0.0149
m,10.24769537,158.473,0.0152
m,10.24740704,159.504,0.0153
m,10.24740704,158.746,0.0153
m,10.24769531,158.787,0.0153
m,10.24755118,158.892,0.0153
m,10.24745843,157.719,0.0154
m,10.24745843,158.664,0.0154
m,10.24745843,157.894,0.0154
m,10.24745843,159.81,0.0154
m,10.24774669,159.99,0.0154
m,10.13092467,157.213,0.0236
m,10.13387263,161.189,0.0235
m,10.1371991,158.988,0.0235
m,10.14029281,160.458,0.023
m,10.16229596,160.769,0.0223
m,10.16548978,161.146,0.0222
m,10.168541,160.762,0.0221
m,10.17164616,157.628,0.0221
m,10.17484345,158.426,0.0221
m,10.1931886,158.033,0.0202
m,10.19691748,157.364,0.02
m,10.20070019,157.804,0.0191
m,10.20423574,160.133,0.0189
m,10.20820477,159.616,0.0186
m,10.23248571,159.046,0.016
m,10.23551993,156.576,0.0156
m,10.23855511,154.597,0.0151
m,10.24088102,155.676,0.0147
m,10.24807704,159.009,0
m,10.24820045,157.058,0.0148
m,10.24820038,157.412,0.0149
m,10.24810766,159.12,0.0149
m,10.24801501,159.299,0.0148
m,10.24782946,158.285,0.015
m,10.24773676,158.458,0.015
m,10.24773669,157.958,0.0151
m,10.24764393,156.432,0.0152
m,10.24764393,158.469,0.0152
m,10.24760262,159.164,0.0153
m,10.24745849,155.659,0.0153
m,10.24745849,159.252,0.0153
m,10.24745849,156.514,0.0153
m,10.24755111,160.076,0.0154
m,10.24740692,158.041,0.0155
m,10.24711866,159.501,0.0155
m,10.24706721,159.057,0.0155
m,10.24706721,155.782,0.0155
m,10.24692308,160.727,0.0155
m,10.24692308,157.012,0.0155
m,10.24692308,157.128,0.0155
m,10.24672751,157.94,0.0155
m,10.24797238,156.838,0.0172
m,10.24792091,159.317,0.0173
m,10.24801357,158.95,0.0174
m,10.24801353,161.651,0.0175
m,10.24810613,158.33,0.0178
m,10.24833265,159.707,0.0185
m,10.24842536,157.569,0.0186
m,10.24842536,156.087,0.0186
m,10.24842533,160.729,0.0187
m,10.24842527,159.885,0.0189
m,10.24818814,158.707,0.02
m,10.24823952,159.565,0.0202
m,10.2482395,159.208,0.0203
m,10.24833222,158.809,0.0204
m,10.24822936,157.75,0.021
m,10.24822936,158.374,0.021
m,10.24822936,158.541,0.0209
m,10.24808522,158.316,0.0209
m,10.24808522,156.834,0.0209
m,10.2473232,159.97,0.0207
m,10.24723049,156.639,0.0206
m,10.24708635,160.192,0.0206
m,10.24699363,159.662,0.0206
m,10.24619036,158.405,0.0209
m,10.25222812,152.628,0.0209
m,10.25390062,157.188,0.0212
m,10.254556,161.2,0.0216
m,10.25405941,160.051,0.0216
m,10.24227891,159.511,0.0203
m,10.24042967,162.656,0.0208
m,10.23866609,160.718,0.0213
m,10.23607208,161.923,0.0221
m,10.23327609,160.341,0.0225
m,10.24687158,156.919,0.0156
m,10.24696422,157.806,0.0157
m,10.24696393,158.998,0.0162
m,10.24710791,157.28,0.0165
m,10.24782838,158.194,0.0169
m,10.24819877,159.009,0.018
m,10.24829146,160.462,0.0181
m,10.24838412,159.258,0.0183
m,10.24833268,158.805,0.0184
m,10.2482811,157.587,0.019
m,10.24828105,157.749,0.0192
m,10.24818824,160.254,0.0195
m,10.24813679,159.502,0.0197
m,10.24818818,159.785,0.0198
m,10.2483322,160.407,0.0206
m,10.24842491,155.961,0.0208
m,10.24842491,158.59,0.0209
m,10.2483735,160.124,0.021
m,10.24822935,158.686,0.0211
m,10.24799249,159.57,0.0208
m,10.24799249,156.63,0.0208
m,10.24770422,157.932,0.0207
m,10.24746734,157.756,0.0207
m,10.24638592,154.287,0.021
m,10.24658149,154.125,0.021
m,10.24767298,158.212,0.021
m,10.24871318,156.818,0.021
m,10.24871319,158.886,0.0209
m,10.2522751,159.923,0.0209
m,10.25039837,160.727,0.0207
m,10.247275,161.713,0.0206
m,10.2456547,160.72,0.0205
m,10.2456547,160.185,0.0205
m,10.23038747,160.402,0.0233
m,10.22768734,162.247,0.0238
m,10.22247848,160.998,0.0244
m,10.22247869,160.299,0.0251
m,10.21751381,161.103,0.0258
m,10.21515931,162.196,0.0267
m,10.21299456,160.394,0.0276
m,10.21034771,160.293,0.0282
m,10.20760261,161.878,0.0292
m,10.18660644,159.053,0.0344
m,10.18397487,159.556,0.0356
m,10.18139385,158.705,0.0365
m,10.17638791,162.084,0
m,10.15998108,159.991,0.046
m,10.15479771,159.508,0.0471
m,10.15480102,162.319,0.0484
m,10.14967023,159.629,0.0498
m,10.14696456,160.352,0.0511
m,10.13645973,156.982,0.0595
m,10.12985646,158.442,0.0609
m,10.12986234,159.76,0.0624
m,10.1237477,161.735,0.0638
m,10.12090512,159.375,0.0637
m,10.09953516,160.89,0.0701
m,10.09953949,160.183,0.071
m,10.09348727,160.249,0.0714
m,10.09056009,161.045,0.0719
m,10.07327698,162.67,0.0764
m,10.07328024,158.44,0.077
m,10.06782932,160.453,0.0775
m,10.06544739,160.789,0.0782
m,10.06296737,159.449,0.0788
m,10.04798965,160.15,0.0815
m,10.04798553,160.306,0.0808
m,10.04014734,156.022,0.08
m,10.03594907,160.83,0.0792
m,10.03175807,162.205,0.0785
m,9.999247284,159.509,0.0678
m,9.995498987,160.249,0.0666
m,9.991798084,160.526,0.0656
m,9.987906669,161.558,0.0647
m,10.20462059,160.828,0.0305
m,10.2014006,162.368,0.0312
m,10.19572721,160.42,0.032
m,10.19572794,159.736,0.0327
m,10.18948358,159.768,0.0334
m,10.17346373,159.622,0.0398
m,10.17083983,161.127,0.0408
m,10.16802563,161.239,0.0415
m,10.16554981,160.182,0.0427
m,10.16264572,160.815,0.0449
m,10.14454971,160.879,0.0523
m,10.1423783,159.723,0.0537
m,10.14040183,161.351,0.0551
m,10.13813732,160.973,0.0565
m,10.1174889,158.557,0.0645
m,10.11417032,159.259,0.0651
m,10.11099986,160.713,0.0661
m,10.10797589,159.775,0.0671
m,10.10490955,159.664,0.0694
m,10.08841425,159.294,0.0726
m,10.08612129,161.409,0.0733
m,10.08363683,159.822,0.0739
m,10.08130245,160.628,0.0752
m,10.07604713,158.966,0.0759
m,10.06049171,160.262,0.08
m,10.05820532,159.15,0.0806
m,10.05348568,159.121,0.0811
m,10.05105591,158.087,0.0816
m,10.02741919,163.02,0.0773
m,10.02351222,161.816,0.0753
m,10.01975368,161.204,0.0738
m,10.01575105,160.422,0.0723
m,10.00320239,161.447,0.0692
m,9.984016939,160.933,0.0641
m,9.979825636,161.721,0.0626
m,9.971444571,161.822,0.0617
m,9.967454895,160.711,0.0607
m,9.967450707,160.196,0.0596
m,9.958243075,160.076,0.0584
m,9.953664828,160.733,0.0574
m,9.949432322,161.346,0.0567
m,9.945491173,159.608,0.0561
m,9.941538861,158.299,0.0545
m,9.917554477,161.128,0.0501
m,9.912967933,160.031,0.0485
m,9.908629851,161.875,0
m,9.904750349,160.02,0.0463
m,9.900516099,159.879,0.0437
m,9.864939307,161.293,0.0368
m,9.864938447,160.079,0.0362
m,9.859945051,161.998,0.0353
m,9.856489251,162.249,0.0342
m,9.835820515,162.509,0.0286
m,9.835820044,159.783,0.0278
m,9.83173493,160.141,0.0271
m,9.829547193,161.461,0.0261
m,9.826913038,160.292,0.0251
m,9.815959493,161.573,0.0207
m,9.815959693,162.609,0.0198
m,9.812246735,162.266,0.0196
m,9.810291568,161.099,0.0187
m,9.808001876,161.707,0.018
m,9.796395985,162.051,0.0143
m,9.79436621,161.025,0.0138
m,9.792717566,162.891,0.0129
m,9.79117177,161.401,0.0126
m,9.78505033,158.628,0.0117
m,9.782797733,159.761,0.0113
m,9.781060349,162.053,0.0108
m,9.779178106,157.445,0.0104
m,9.777588934,160.654,0.01
m,9.767788433,159.773,0.007
m,9.767022878,162.533,0.0067
m,9.766405126,161.542,0.006
m,9.764065179,156.275,0.005
m,9.762489659,161.664,0.0044
m,9.937734777,159.042,0.0537
m,9.930037782,160.202,0.0528
m,9.925842715,161.083,0.0517
m,9.925840375,161.546,0.0509
m,9.888419884,158.606,0.0416
m,9.884109872,161.517,0.0409
m,9.879799422,159.779,0.0399
m,9.875741967,160.391,0.0382
m,9.872176896,159.406,0.0375
m,9.852888314,159.557,0.0331
m,9.849924898,162.36,0.0326
m,9.846815295,161.562,0.0309
m,9.841036385,159.6,0.0303
m,9.838210097,160.342,0.0295
m,9.825263166,161.442,0.0236
m,9.821852171,160.237,0.0231
m,9.819733867,161.025,0.0223
m,9.818165168,162.198,0.0215
m,9.805859462,161.891,0.0169
m,9.802857829,162.314,0.0164
m,9.801854343,159.783,0.016
m,9.800460102,159.346,0.0155
m,9.798966146,159.811,0.015
m,9.790006227,162.152,0.0125
m,9.788144819,160.727,0.0123
m,9.787565649,161.448,0.0128
m,9.786637923,158.783,0.0125
m,9.785813662,159.719,0.0123
m,9.775855152,161.392,0.0095
m,9.774080441,160.452,0.0085
m,9.772203322,160.452,0.0079
m,9.77032724,159.518,0.0074
m,9.760519711,160.391,0.0036
m,9.758757545,161.439,0.0034
m,9.756997297,160.596,0.0029
m,9.75389616,155.77,0.0026
m,9.752557187,160.044,0.0022
m,9.751178272,163.39,0.0019
m,9.749905428,159.053,0.0019
m,9.748384589,160.915,0.0017
m,9.746405144,158.63,0.0017
m,9.73880383,152.518,0.002
m,9.737977131,155.345,0.0022
m,9.736711997,152.591,0.0024
m,9.735152115,151.503,0.0039
m,9.73031689,155.657,0.0045
m,9.710505294,153.563,0.0069
m,9.706594232,152.444,0.0076
m,9.698504741,153.135,0.008
m,9.694553331,152.834,0.0085
m,9.690789661,156.99,0.0088
m,9.669549245,151.76,0.011
m,9.665744619,151.5,0.0118
m,9.658324497,159.112,0.0122
m,9.65456183,160.248,0.0126
m,9.628710112,154.258,0.0154
m,9.624655834,149.172,0.0158
m,9.617133057,157.751,0.0161
m,9.613664111,151.871,0.0166
m,9.610488026,153.578,0.0167
m,9.591641947,152.534,0.0191
m,9.58339017,151.065,0.0194
m,9.579483672,156.494,0.02
m,9.575577462,151.858,0.0201
m,9.571817462,159.058,0.0207
m,9.541409254,152.669,0.021
m,9.53694124,156.093,0.0208
m,9.532431742,159.46,0.0206
m,9.528131006,160.806,0.0205
m,9.498388139,150.903,0.0201
m,9.494027357,154.182,0.02
m,9.489770757,155.097,0.0201
m,9.485472227,154.762,0.0201
m,9.481173901,156.317,0.0201
m,9.744574157,157.789,0.0014
m,9.743142163,156.208,0.0011
m,9.741730076,156.905,0.0012
m,9.739828326,159.973,0.0015
m,9.739462042,158.628,0.0017
m,9.72647642,153.416,0.0051
m,9.726475534,157.046,0.0056
m,9.718408707,153.175,0.0061
m,9.714351549,153.433,0.0065
m,9.687131235,159.654,0.0092
m,9.687130824,154.02,0.0095
m,9.680294781,161.139,0.0099
m,9.676782925,160.61,0.0103
m,9.673166212,151.382,0.0105
m,9.650757869,156.785,0.0132
m,9.650757484,156.034,0.0136
m,9.642126718,150.364,0.014
m,9.637591826,159.202,0.0145
m,9.633057233,154.855,0.0148
m,9.607270414,153.087,0.0171
m,9.604094325,160.294,0.0175
m,9.600187109,155.853,0.018
m,9.595987409,159.719,0.0189
m,9.568140975,151.665,0.0209
m,9.564130615,157.993,0.0212
m,9.55976533,150.81,0.0211
m,9.555170681,162.391,0.0212
m,9.550618048,152.556,0.0211
m,9.523956401,152.239,0.0202
m,9.519990418,158.576,0.0201
m,9.51583655,150.147,0.0199
m,9.511724826,158.251,0.02
m,9.507279093,158.494,0.0199
m,9.477167892,152.654,0.0203
m,9.47301594,157.701,0.0207
m,9.468864241,151.602,0.0209
m,9.464816487,153.712,0.021
m,9.456806157,161.175,0.0213
m,9.45305095,160.16,0.0216
m,9.449338349,149.838,0.0216
m,9.445479899,161.175,0.0214
m,9.441767606,157.863,0.0216
m,9.408286371,153.28,0.0217
m,9.403991921,157.899,0.0219
m,9.403991899,151.742,0.0221
m,9.395610041,159.741,0.0222
m,9.364114956,155.923,0.0222
m,9.360157434,159.548,0.0222
m,9.360157434,154.584,0.0222
m,9.352097196,155.534,0.0222
m,9.34814042,155.655,0.0222
m,9.322756882,158.667,0.0222
m,9.312513083,157.549,0.022
m,9.307537569,161.076,0.022
m,9.302664844,159.686,0.022
m,9.297981697,154.707,0.0219
m,9.272150148,152.37,0.0219
m,9.264931565,158.428,0.0216
m,9.261811019,157.895,0.0217
m,9.258690632,149.613,0.0217
m,9.238746924,155.435,0.0219
m,9.230321918,154.367,0.0219
m,9.226080818,155.872,0.0218
m,9.221796025,153.021,0.0217
m,9.217657187,158.815,0.0217
m,9.198525056,159.455,0.0214
m,9.191358368,158.401,0.0212
m,9.187848201,154.156,0.0212
m,9.184338259,157.539,0.0212
m,9.180974262,160.558,0.0211
m,9.155943284,155.763,0.0215
m,9.152143962,156.622,0.0215
m,9.148300322,151.541,0.0218
m,9.144647115,160.057,0.0218
m,9.438013005,156.071,0.0216
m,9.430339754,155.039,0.0217
m,9.421438389,155.617,0.0218
m,9.421438402,158.036,0.0217
m,9.416936522,159.948,0.0217
m,9.390981384,160.668,0.0224
m,9.386206946,156.048,0.0224
m,9.38157866,159.875,0.0225
m,9.377139436,156.304,0.0223
m,9.372700419,152.528,0.0223
m,9.344183914,155.332,0.022
m,9.34008173,158.972,0.0219
m,9.331834866,156.556,0.0222
m,9.327441623,154.453,0.0222
m,9.29340121,156.629,0.022
m,9.288966812,157.429,0.0221
m,9.284678497,155.451,0.0221
m,9.280390399,160.438,0.0221
m,9.27610253,160.75,0.022
m,9.255716154,159.444,0.0219
m,9.255716139,153.576,0.022
m,9.249665631,154.433,0.022
m,9.246400032,156.869,0.022
m,9.242697246,161.67,0.0219
m,9.213620277,156.487,0.0217
m,9.209773292,158.122,0.0218
m,9.205926549,157.412,0.0216
m,9.202225711,160.789,0.0215
m,9.177464765,160.257,0.0211
m,9.173911123,153.823,0.0213
m,9.170402026,161.452,0.0214
m,9.163194484,161.745,0.0214
m,9.163194484,157.66,0.0214
m,9.140468143,160.142,0.0216
m,9.131751246,155.804,0.0215
m,9.127124414,159.373,0.0214
m,9.122453258,157.281,0.0214
m,9.117928035,161.196,0.0214
m,9.11340313,154.237,0.0214
m,9.10906901,157.079,0.0211
m,9.104981627,162.063,0.0207
m,9.10089441,158.603,0.0207
m,9.092339829,162.36,0.0207
m,9.071820346,150.705,0.0207
m,9.067981121,160.666,0.021
m,9.060448998,156.777,0.0209
m,9.060449028,155.496,0.0208
m,9.052235409,151.787,0.0206
m,9.021709528,159.203,0.0194
m,9.017482401,153.695,0.0194
m,9.017482448,150.832,0.0193
m,9.010146982,155.227,0.0194
m,8.995138043,155.12,0.0195
m,8.992442941,149.446,0.0191
m,8.992443153,147.474,0.0187
m,8.987805344,149.102,0.0182
m,8.986644069,159.416,0.018
m,8.987097207,155.231,0.0164
m,8.987400368,159.369,0.0163
m,8.987400792,150.792,0.0158
m,8.988296683,157.172,0.0156
m,8.988458922,151.57,0.0157
m,8.992470941,154.835,0.0155
m,8.992470941,153.185,0.0155
m,8.993249364,146.552,0.0157
m,8.993615909,152.049,0.0157
m,8.998091995,149.873,0.0146
m,8.999203854,147.178,0.0146
m,9.000269032,153.701,0.0147
m,9.001143522,143.59,0.0147
m,9.002559149,146.524,0.0148
m,9.006005518,139.284,0.0153
m,9.006603472,147.06,0.0151
m,9.007446733,143.367,0.0144
m,9.008715168,148.334,0.0143
m,9.009622369,145.492,0.0141
m,9.08810791,154.991,0.0205
m,9.083831229,160.158,0.0205
m,9.079700328,153.709,0.0205
m,9.075760304,153.795,0.0203
m,9.048297105,159.57,0.0205
m,9.044650023,158.559,0.0205
m,9.040712323,153.972,0.0202
m,9.036147687,153.524,0.0198
m,9.03138314,154.092,0.0194
m,9.007375029,157.22,0.0193
m,9.005330344,150.841,0.0193
m,9.003676397,148.395,0.0194
m,9.002213574,148.683,0.0195
m,9.00031456,146.239,0.0197
m,8.985867488,149.641,0.0176
m,8.985918568,161.514,0.0172
m,8.986208929,159.781,0.017
m,8.986455017,157.704,0.0166
m,8.988861754,146.498,0.0155
m,8.989219083,151.129,0.0156
m,8.990566127,146.927,0.0156
m,8.991167648,154.434,0.0156
m,8.991673262,148.708,0.0155
m,8.993983825,151.539,0.0151
m,8.994402531,150.893,0.0149
m,8.995541739,150.569,0.0147
m,8.996309183,146.89,0.0145
m,8.997078769,151.033,0.0145
m,9.002559149,148.875,0.0148
m,9.003981905,147.787,0.015
m,9.004670179,146.05,0.0154
m,9.005409234,145.668,0.0155
m,9.009622369,148.933,0.0141
m,9.011351967,147.05,0.0139
m,9.012030246,145.385,0.0138
m,9.012806462,146.61,0.0139
m,9.013730874,148.913,0.0137
m,9.01417599,150.613,0.0128
m,9.01555103,147.621,0.0125
m,9.016336799,144.446,0.0124
m,9.017074812,150.031,0.0122
m,9.021645173,144.364,0.0114
m,9.022103949,151.858,0.0114
m,9.022904754,146.487,0.0112
m,9.023903196,148.083,0.0111
m,9.024904058,147.939,0.0109
m,9.029609526,141.046,0.0113
m,9.030284422,152.77,0.0117
m,9.031000801,147.413,0.0122
m,9.031392056,155.767,0.0126
m,9.032038229,141.499,0.0128
m,9.036407885,148.469,0.0126
m,9.037122341,147.973,0.0127
m,9.037983524,157.802,0.0126
m,9.038847074,151.126,0.0128
m,9.044072079,156.866,0.0116
m,9.044956458,149.569,0.0115
m,9.045844107,150.734,0.011
m,9.047606735,153.278,0.0109
m,9.048679644,149.812,0.0108
m,9.05528486,155.022,0.0111
m,9.05714402,151.482,0.0114
m,9.057143887,150.704,0.0115
m,9.061751216,154.543,0.0116
m,9.064300919,159.167,0.0116
m,9.084173126,156.899,0.013
m,9.086945108,160.225,0.0134
m,9.089917724,151.234,0.0138
m,9.09309104,155.548,0.0143
m,9.115412944,152.847,0.0164
m,9.118401482,154.889,0.0166
m,9.121448509,153.191,0.0168
m,9.12475409,152.851,0.0168
m,9.127861747,158.835,0.0172
m,9.017075328,142.135,0.0118
m,9.018363677,155.306,0.0116
m,9.019058118,138.454,0.0116
m,9.01994077,154.418,0.0121
m,9.020445068,148.6,0.0116
m,9.025907058,143.657,0.0108
m,9.027712314,149.544,0.0107
m,9.028565553,144.846,0.0109
m,9.028565413,141.985,0.011
m,9.032815873,150.061,0.0127
m,9.033398828,146.544,0.0127
m,9.034127568,146.202,0.0126
m,9.034127327,143.242,0.0128
m,9.035695725,143.813,0.0129
m,9.04052943,155.651,0.0127
m,9.041204559,153.23,0.0123
m,9.041918084,152.943,0.0122
m,9.04263378,152.43,0.0121
m,9.043298032,152.743,0.0118
m,9.049556901,153.766,0.0107
m,9.05038154,147.02,0.0107
m,9.051262957,140.722,0.0106
m,9.052200839,154.017,0.0108
m,9.067369772,152.569,0.012
m,9.070067314,152.01,0.0119
m,9.072766795,160.573,0.0121
m,9.078435132,150.21,0.0122
m,9.08140262,158.127,0.0127
m,9.096409344,159.019,0.0146
m,9.099642367,152.225,0.0153
m,9.102934006,153.55,0.0157
m,9.109354533,158.013,0.016
m,9.112396404,158.62,0.0162
m,9.1310286,157.344,0.0174
m,9.13705448,161.981,0.0176
m,9.140170286,157.333,0.0177
m,9.14320275,160.375,0.0179
m,9.146152442,156.22,0.0178
m,9.149046959,154.241,0.0177
m,9.1521133,157.786,0.018
m,9.155039009,153.128,0.0181
m,9.160896073,160.336,0.0181
m,9.181018352,147.861,0.0197
m,9.184188239,156.386,0.0199
m,9.186932753,152.5,0.02
m,9.192569251,155.31,0.0201
m,9.213582645,150.419,0.0199
m,9.216830545,151.657,0.0199
m,9.21991488,155.542,0.0198
m,9.223083899,142.293,0.0197
m,9.243524334,150.937,0.0194
m,9.246020144,149.798,0.0191
m,9.248375744,145.527,0.019
m,9.253780465,143.659,0.0188
m,9.256567068,157.304,0.0186
m,9.269897079,143.72,0.0177
m,9.27553185,140.123,0.0176
m,9.275531911,160.486,0.0175
m,9.281824409,146.188,0.0172
m,9.285014447,143.936,0.017
m,9.304899813,150.656,0.0189
m,9.307734003,159.389,0.019
m,9.310428094,156.209,0.0191
m,9.315617158,156.128,0.019
m,9.331885402,152.368,0.0188
m,9.33435629,150.563,0.0185
m,9.336829001,155.384,0.0184
m,9.339601918,158.747,0.0184
m,9.344869901,154.488,0.0184
m,9.357265069,149.811,0.0178
m,9.359782219,155.218,0.0179
m,9.361941324,157.088,0.0171
m,9.36690467,157.077,0.017
m,9.369413106,157.701,0.0168
m,9.160895959,158.842,0.0183
m,9.16672857,157.212,0.0186
m,9.169520721,160.803,0.0188
m,9.17225651,150.852,0.0191
m,9.175194678,151.769,0.0195
m,9.195318989,155.089,0.0199
m,9.198247009,156.149,0.0199
m,9.201319448,159.597,0.0199
m,9.204334935,157.492,0.02
m,9.207660725,155.696,0.02
m,9.226053221,149.88,0.0195
m,9.231914894,151.559,0.0194
m,9.234889635,154.971,0.0194
m,9.234889678,154.853,0.0193
m,9.240806499,160.077,0.0194
m,9.259436539,149.333,0.0186
m,9.262307601,154.787,0.0184
m,9.264977688,146.294,0.0183
m,9.26750753,139.934,0.018
m,9.29097119,152.997,0.0174
m,9.29097089,153.43,0.0179
m,9.296626999,153.401,0.0182
m,9.299518486,148.385,0.0186
m,9.302208488,151.359,0.0187
m,9.318377455,147.822,0.0188
m,9.318377455,153.212,0.0188
m,9.323964481,152.564,0.0189
m,9.326650181,155.79,0.0189
m,9.329337561,150.712,0.0189
m,9.344869952,161.33,0.0183
m,9.34973606,150.847,0.0182
m,9.352171334,148.251,0.018
m,9.354686027,156.215,0.0179
m,9.369413173,161.575,0.0167
m,9.374525444,152.319,0.0169
m,9.377319891,160.107,0.017
m,9.382695245,151.76,0.0172
m,9.382695308,152.114,0.0171
m,9.387872568,159.59,0.0168
m,9.390329077,153.946,0.0167
m,9.392787062,154.231,0.0165
m,9.395182203,154.58,0.0165
m,9.414986783,151.976,0.0151
m,9.418008776,155.825,0.0149
m,9.421096973,158.592,0.0148
m,9.423916598,149.113,0.0148
m,9.426813499,152.685,0.0146
m,9.441919569,154.497,0.0136
m,9.444067857,153.996,0.0135
m,9.446357572,157.292,0.0134
m,9.448517343,147.308,0.0134
m,9.450677914,153.141,0.0134
m,9.457965573,156.687,0.016
m,9.457899554,156.9,0.0166
m,9.458105524,159.477,0.0165
m,9.45817112,156.263,0.0165
m,9.4583676,157.989,0.017
m,9.45850784,156.598,0.0171
m,9.458648082,157.651,0.0172
m,9.458853931,158.618,0.0173
m,9.458853872,158.736,0.0174
m,9.458994059,156.398,0.0176
m,9.458994059,157.508,0.0176
m,9.458853756,157.401,0.0176
m,9.458853756,157.579,0.0176
m,9.458713453,158.038,0.0176
m,9.458507377,156.813,0.0179
m,9.458441771,158.976,0.0179
m,9.458301415,156.485,0.018
m,9.458301363,156.287,0.0181
m,9.457814556,159.212,0.0187
m,9.458226331,150.185,0.0188
m,9.458208196,160.256,0.0188
m,9.459070624,158.175,0.0186
m,9.46075721,155.9,0.0186
m,9.397860093,154.175,0.0165
m,9.400398676,155.64,0.0162
m,9.403079128,160.366,0.016
m,9.408689572,158.172,0.0156
m,9.408689732,151.93,0.0154
m,9.432189392,148.468,0.0145
m,9.434668772,155.316,0.0143
m,9.434668959,154.292,0.0141
m,9.437084697,160.278,0.0138
m,9.452567413,160.212,0.0139
m,9.454195615,151.038,0.0141
m,9.455486913,156.259,0.0145
m,9.456647126,157.011,0.015
m,9.457750942,157.043,0.0155
m,9.45817112,155.848,0.0165
m,9.457956111,157.646,0.0165
m,9.457955976,156.261,0.0167
m,9.458021582,156.731,0.0167
m,9.458367664,157.642,0.0169
m,9.458994116,158.623,0.0175
m,9.458994116,158.348,0.0175
m,9.458994116,156.041,0.0175
m,9.458994059,159.727,0.0176
m,9.458713397,155.385,0.0177
m,9.458647789,156.703,0.0177
m,9.458507431,157.48,0.0178
m,9.458507431,156.606,0.0178
m,9.458647734,157.226,0.0178
m,9.457880401,157.662,0.0182
m,9.458020655,158.987,0.0183
m,9.458020606,157.794,0.0184
m,9.457814649,158.524,0.0185
m,9.457674298,148.865,0.0186
m,9.462996691,151.437,0.0185
m,9.465508628,152.523,0.0185
m,9.471136594,150.201,0.0185
m,9.473915294,149.715,0.0185
m,9.476629148,147.697,0.0187
m,9.47927811,152.219,0.0188
m,9.482060494,159.774,0.0188
m,9.485058035,152.924,0.0191
m,9.504565676,153.37,0.0195
m,9.507499802,157.975,0.0194
m,9.510575099,155.832,0.0193
m,9.516717202,157.923,0.0193
m,9.519784641,160.845,0.0194
m,9.535216705,162.004,0.0198
m,9.538020539,160.609,0.0198
m,9.543556513,161.251,0.0196
m,9.546568425,160.16,0.0196
m,9.549722011,161.671,0.0195
m,9.56972671,160.928,0.0181
m,9.57564527,161.201,0.0178
m,9.578748166,157.489,0.0177
m,9.581923894,161.457,0.0172
m,9.601490147,158.443,0.0183
m,9.607796075,157.554,0.0177
m,9.61084771,159.139,0.0179
m,9.614039707,161.253,0.0179
m,9.617303289,160.887,0.0174
m,9.633096366,155.853,0.0156
m,9.639093933,158.989,0.0151
m,9.64195644,157.09,0.0146
m,9.644820834,160.618,0.0141
m,9.64782567,159.723,0.0139
m,9.669969074,159.737,0.0116
m,9.672847798,162.367,0.0113
m,9.675798914,159.915,0.011
m,9.678542281,154.77,0.0106
m,9.697415793,159.67,0.0105
m,9.700447057,160.877,0.0105
m,9.703689681,160.283,0.0105
m,9.706728454,161.166,0.0107
m,9.709702455,158.907,0.0108
m,9.490555248,158.334,0.0193
m,9.493342691,160.14,0.0195
m,9.493342691,159.385,0.0195
m,9.498848121,157.291,0.0195
m,9.501566203,151.617,0.0195
m,9.522993714,160.146,0.0196
m,9.522993615,160.986,0.0199
m,9.529691477,157.643,0.0201
m,9.532626583,160.369,0.02
m,9.553296283,158.63,0.0196
m,9.556453625,160.107,0.0198
m,9.559820556,162.73,0.0198
m,9.566911104,161.051,0.0193
m,9.56972631,160.631,0.019
m,9.584888993,160.572,0.0169
m,9.588554425,158.976,0.0172
m,9.592151068,159.586,0.0173
m,9.598235588,160.039,0.0178
m,9.601490342,160.72,0.0179
m,9.620429907,160.982,0.0169
m,9.623697665,159.331,0.0165
m,9.63016997,154.928,0.016
m,9.633096221,153.885,0.0158
m,9.650625722,158.524,0.0129
m,9.657275881,160.218,0.013
m,9.660845772,161.049,0.0128
m,9.663930813,154.093,0.0127
m,9.663931671,160.204,0.0119
m,9.680871923,155.613,0.0099
m,9.686156171,154.129,0.0097
m,9.689106858,154.723,0.0099
m,9.691781258,161.906,0.0104
m,9.691781258,155.292,0.0104
m,9.716336007,156.362,0.012
m,9.719724342,155.491,0.0125
m,9.723113994,157.322,0.0132
m,9.723113434,160.747,0.0138
m,9.730036101,158.6,0.0146
m,9.733220166,154.837,0.0151
m,9.73647147,160.957,0.0158
m,9.739927502,161.107,0.0175
m,9.746292106,155.63,0.0179
m,9.760080131,160.595,0.0194
m,9.763131822,156.883,0.0198
m,9.766111841,161.817,0.0204
m,9.769238605,161.716,0.0209
m,9.775512107,161.808,0.0213
m,9.799456498,155.919,0.0266
m,9.802670728,161.011,0.0272
m,9.802670983,162.017,0.0277
m,9.809231583,160.391,0.0286
m,9.831080592,162.294,0.0332
m,9.83394764,158.312,0.0337
m,9.833947756,156.311,0.0338
m,9.839916844,154.414,0.0334
m,9.843094948,159.745,0.0335
m,9.863362926,158.466,0.0338
m,9.866953406,157.029,0.0341
m,9.866953406,161.587,0.0341
m,9.873426711,156.806,0.0337
m,9.87676025,160.503,0.0339
m,9.898624624,157.562,0.0372
m,9.898625545,160.444,0.0378
m,9.902670749,162.521,0.038
m,9.9041111,160.383,0.0382
m,9.906415713,160.13,0.0383
m,9.906278421,158.291,0.0381
m,9.906004162,161.747,0.0379
m,9.90594198,160.804,0.0374
m,9.905880276,159.953,0.0372
m,9.905817425,161.263,0.0362
m,9.905832766,159.978,0
m,9.905953838,160.977,0.0358
m,9.905953434,162.084,0.0355
m,9.906227236,159.918,0.0354
m,9.749337855,154.842,0.0184
m,9.752174306,159.771,0.0187
m,9.754880831,161.436,0.019
m,9.75737827,162.127,0.0189
m,9.779137795,159.747,0.022
m,9.782554133,160.801,0.0229
m,9.786109807,160.979,0.0236
m,9.789391554,159.364,0.0252
m,9.796170259,157.787,0.0259
m,9.812449782,160.711,0.0291
m,9.815458224,159.415,0.0299
m,9.818733812,158.219,0.0314
m,9.821808529,162.182,0.0322
m,9.828151339,154.706,0.033
m,9.846486431,160.079,0.0334
m,9.850091885,160.753,0.0335
m,9.853550397,161.639,0.0336
m,9.860185976,154.813,0.0337
m,9.880157793,159.355,0.0342
m,9.883220553,158.752,0.0344
m,9.886560297,156.114,0.0353
m,9.889750813,159.238,0.0358
m,9.896094764,154.689,0.0365
m,9.905202313,160.698,0.0385
m,9.905840879,159.953,0.0391
m,9.906114492,159.336,0.0389
m,9.905991146,161.604,0.0386
m,9.906066375,159.338,0.0384
m,9.905742861,160.394,0.0369
m,9.905742568,161.638,0.0367
m,9.905681028,161.495,0.0366
m,9.905680742,161.649,0.0364
m,9.906151405,160.648,0.0352
m,9.906014307,160.793,0.0351
m,9.906014178,159.853,0.035
m,9.90601405,160.794,0.0349
m,9.905938107,159.113,0.0346
m,9.905937983,160.54,0.0345
m,9.906136238,159.867,0.0344
m,9.90627321,160.438,0.0344
m,9.90627321,160.164,0.0344
m,9.906060082,160.822,0.0339
m,9.906059965,160.601,0.0338
m,9.90605985,160.27,0.0337
m,9.906196822,160.194,0.0337
m,9.906196822,161.923,0.0337
m,9.90647054,161.29,0.0335
m,9.906607513,160.904,0.0335
m,9.90647054,159.931,0.0335
m,9.906409009,161.027,0.0334
m,9.906347599,161.124,0.0334
m,9.906375716,160.709,0.0332
m,9.906314328,160.456,0.0332
m,9.9063898,161.503,0.0331
m,9.906191352,160.337,0.033
m,9.906035555,161.488,0.0328
m,9.905898498,159.586,0.0327
m,9.905898498,159.872,0.0327
m,9.905685933,158.953,0.0327
m,9.905685933,160.037,0.0327
m,9.905747067,161.554,0.0325
m,9.905808417,161.864,0.0325
m,9.905671359,160.602,0.0324
m,9.905671359,161.345,0.0324
m,9.905671258,160.131,0.0323
m,9.905746565,161.112,0.032
m,9.905883519,160.494,0.032
m,9.905883422,162.08,0.0319
m,9.905746371,161.057,0.0318
m,9.905136576,160.611,0.0311
m,9.904999537,161.132,0.031
m,9.904938033,160.184,0.0308
m,9.904815303,159.14,0.0307
m,9.904494185,161.316,0.0304
m,9.906334504,161.064,0.0343
m,9.906334504,161.134,0.0343
m,9.90619741,160.019,0.0342
m,9.9060602,160.742,0.034
m,9.90592311,160.299,0.0339
m,9.90633368,160.584,0.0336
m,9.90633368,159.544,0.0336
m,9.90633368,160.445,0.0336
m,9.906333567,161.552,0.0335
m,9.906347599,160.388,0.0334
m,9.90642305,161.586,0.0333
m,9.90642305,160.874,0.0333
m,9.906361648,160.709,0.0333
m,9.906437108,159.297,0.0332
m,9.905794699,161.592,0.033
m,9.905884441,161.223,0.0329
m,9.90596005,160.288,0.0329
m,9.906172613,161.534,0.0329
m,9.906172613,161.024,0.0329
m,9.905685828,161.475,0.0326
m,9.905685828,161.474,0.0326
m,9.905610218,159.875,0.0326
m,9.905610114,160.176,0.0325
m,9.905671258,159.35,0.0323
m,9.905746763,159.613,0.0322
m,9.905746763,161.825,0.0322
m,9.905746763,158.132,0.0322
m,9.905746663,161.876,0.0321
m,9.905684933,160.375,0.0317
m,9.905547887,161.589,0.0316
m,9.905547793,161.384,0.0315
m,9.905431666,159.143,0
m,9.905349324,160.85,0.0313
m,9.904295867,159.652,0.0303
m,9.903974997,160.019,0.0302
m,9.903974918,159.864,0.0301
m,9.903837905,160.396,0.03
m,9.903715216,161.344,0.0298
m,9.90379081,158.64,0.0297
m,9.991963017,159.316,0.0334
m,9.990740386,161.276,0.0341
m,9.990256255,159.901,0.0348
m,9.989204227,158.58,0.0366
m,9.989204227,158.988,0.0366
m,9.989070724,158.833,0.0366
m,9.989337874,159.119,0.0367
m,9.989569581,159.123,0.0368
m,9.989569435,160.036,0.0367
m,9.989168916,158.825,0.0367
m,9.988768401,162.174,0.0367
m,9.988283409,160.671,0.0367
m,9.98135564,160.091,0.037
m,9.979001935,161.274,0.037
m,9.976417208,161.762,0.0371
m,9.971577105,160.394,0.0372
m,9.969357459,160.148,0.0373
m,9.951468782,161.393,0.0381
m,9.948582669,158.076,0.0378
m,9.942715197,159.996,0.038
m,9.939866217,161.734,0.0378
m,9.920393255,160.767,0.0381
m,9.912823885,160.617,0.038
m,9.909179183,160.134,0.0382
m,9.905619501,162.011,0.038
m,9.90561966,161.97,0.0381
m,9.882723266,160.754,0.0371
m,9.875441254,159.898,0.0369
m,9.871933687,159.671,0.0366
m,9.868293937,161.237,0.0366
m,9.864474073,161.329,0.0365
m,9.837579372,159.387,0.0355
m,9.833764173,161.625,0.0354
m,9.83012907,158.878,0.0351
m,9.826447847,162.447,0.035
m,9.989821193,158.723,0.0355
m,9.989470663,158.513,0.0362
m,9.989337729,159.745,0.0366
m,9.989204083,158.815,0.0365
m,9.989204227,160.601,0.0366
m,9.989337874,159.119,0.0367
m,9.98933802,159.634,0.0368
m,9.98952055,157.34,0.0368
m,9.989569581,160.154,0.0368
m,9.989569581,159.387,0.0368
m,9.987616188,160.812,0.0369
m,9.986730695,160.701,0.0369
m,9.984559388,158.973,0.037
m,9.98322446,159.829,0.037
m,9.969357764,160.001,0.0375
m,9.964154358,161.794,0.0379
m,9.961303919,160.111,0.038
m,9.958186796,159.286,0.038
m,9.954802752,161.594,0.0377
m,9.939866691,159.889,0.0381
m,9.934315519,158.097,0.0382
m,9.931067991,159.673,0.0384
m,9.927687206,160.617,0.0384
m,9.924039768,160.973,0.0381
m,9.897969668,158.688,0.038
m,9.89414531,161.388,0.0378
m,9.890321541,161.414,0.0376
m,9.88654591,161.704,0.0373
m,9.860654658,161.621,0.0363
m,9.856616999,160.287,0.036
m,9.848848551,160.561,0.0359
m,9.848848144,158.941,0.0356
m,9.841395168,160.368,0.0356
m,9.819087219,159.59,0.0349
m,9.815275006,158.639,0.0349
m,9.811111759,161.06,0.035
m,9.811111759,160.699,0.035
m,9.802029914,160.504,0.0349
m,9.797244517,160.906,0.0347
m,9.792592966,161.112,0.0346
m,9.788167833,161.16,0.0347
m,9.783610571,160.724,0.0347
m,9.775022952,160.499,0.0346
m,9.754224124,161.585,0.0348
m,9.750111688,160.21,0.0348
m,9.746132672,161.585,0.0349
m,9.74188888,159.519,0.0345
m,9.738043407,161.743,0.0342
m,9.707534754,159.838,0.0327
m,9.703475945,162.234,0.0325
m,9.699063136,157.256,0.0318
m,9.694746428,159.223,0.0324
m,9.66623613,159.885,0.032
m,9.662315711,161.987,0.0319
m,9.654345727,162.19,0.032
m,9.654345631,159.74,0.0319
m,9.646333236,161.187,0.0316
m,9.624817294,160.366,0.0315
m,9.620375558,161.39,0.0315
m,9.61619812,162.076,0.0311
m,9.611757666,160.975,0.0307
m,9.603100058,160.456,0.0306
m,9.578989381,160.572,0.0299
m,9.574994684,161.327,0.03
m,9.570737427,161.237,0.0304
m,9.566348937,161.42,0.0305
m,9.535969883,157.193,0.0287
m,9.527732009,160.828,0.0287
m,9.523614035,161.983,0.0287
m,9.519323027,159.491,0.0286
m,9.515074939,159.551,0.0285
m,9.494376282,158.72,0.0284
m,9.486241533,160.575,0.0284
m,9.482351361,159.381,0.0285
m,9.478151274,160.412,0.0287
m,9.47408275,159.094,0.0285
m,9.770906192,160.289,0.0345
m,9.766657774,160.813,0.0345
m,9.766657898,160.906,0.0346
m,9.75825074,160.971,0.0349
m,9.734198911,160.084,0.0341
m,9.725547213,160.441,0.0341
m,9.725546862,160.617,0.0338
m,9.716539173,161.278,0.0335
m,9.711904158,160.212,0.0331
m,9.686330287,160.45,0.0324
m,9.68205486,161.793,0.0324
m,9.68205466,160.103,0.0322
m,9.673902054,161.923,0.032
m,9.669892815,160.105,0.032
m,9.642108075,161.329,0.0316
m,9.637971444,162.655,0.0316
m,9.633615503,161.388,0.0317
m,9.629480374,159.076,0.032
m,9.599057798,160.463,0.0304
m,9.599057564,161.907,0.0301
m,9.590975359,160.572,0.0299
m,9.586935187,159.849,0.0296
m,9.582807665,160.651,0.03
m,9.557751697,159.421,0.0306
m,9.557751153,160.624,0.0299
m,9.548939955,160.71,0.0296
m,9.544469865,161.131,0.0292
m,9.540174949,160.924,0.029
m,9.515074881,160.719,0.0284
m,9.506496868,160.447,0.0283
m,9.502513746,161.07,0.0283
m,9.498399948,161.529,0.0284
m,9.470104674,160.779,0.0285
m,9.4660858,161.42,0.0284
m,9.4621989,161.581,0.0284
m,9.458395283,160.828,0.0286
m,9.454550961,160.208,0.0288
m,9.447215947,158.525,0.0286
m,9.443332088,162.629,0.0283
m,9.439580118,160.856,0.0282
m,9.435918938,160.301,0.028
m,9.409014525,159.58,0.0295
m,9.405058002,160.906,0.0296
m,9.401193179,161.543,0.0298
m,9.397158397,160.465,0.0298
m,9.393124948,161.701,0.0298
m,9.370739055,161.127,0.0306
m,9.367420366,162.493,0.0308
m,9.36414217,160.66,0.0308
m,9.360956249,160.407,0.0305
m,9.35756266,160.642,0.0298
m,9.333294185,162.392,0.0296
m,9.329991342,160.361,0.0298
m,9.320871474,160.244,0.0295
m,9.317910399,160.955,0.0299
m,9.285398152,162.058,0.0296
m,9.281911626,158.918,0.0293
m,9.278334008,157.684,0.0289
m,9.27833383,160.797,0.0286
m,9.271370263,160.707,0.0284
m,9.254289054,161.098,0.0271
m,9.251207863,156.719,0.027
m,9.245122324,161.377,0.027
m,9.245122324,157.116,0.027
m,9.239712129,161.229,0.027
m,9.222243888,157.463,0.0271
m,9.220016994,159.581,0.0271
m,9.218015239,159.035,0.0272
m,9.216273427,160.751,0.0275
m,9.205073548,159.82,0.0277
m,9.20346738,152.895,0.0277
m,9.202026343,160,0.0284
m,9.20055334,160.692,0.0283
m,9.199306542,159.824,0.0283
m,9.432127825,161.025,0.0284
m,9.428337533,161.81,0.0288
m,9.424285857,160.931,0.0288
m,9.420497042,160.525,0.0289
m,9.416709364,160.191,0.0295
m,9.38918387,160.883,0.0301
m,9.385374831,161.288,0.0302
m,9.377772376,159.396,0.03
m,9.377772602,162.363,0.0303
m,9.354027524,162.063,0.0299
m,9.350637596,161.073,0.0297
m,9.347027384,159.158,0.0294
m,9.343641089,160.035,0.0294
m,9.336767374,161.372,0.0296
m,9.315134395,161.316,0.0299
m,9.308751589,161.806,0.0307
m,9.305459162,161.304,0.0309
m,9.302037726,160.66,0.0306
m,9.298617992,160.543,0.0306
m,9.267798065,159.668,0.0281
m,9.26422766,160.303,0.0279
m,9.260881821,158.539,0.0276
m,9.257667389,161.626,0.0273
m,9.237121008,157.518,0.027
m,9.234531484,161.062,0.0269
m,9.231943758,154.396,0.0272
m,9.22935755,159.171,0.0272
m,9.22686701,160.896,0.0271
m,9.214791106,155.107,0.0274
m,9.213146792,160.024,0.0273
m,9.211375373,156.692,0.0275
m,9.208129757,156.038,0.0276
m,9.206682042,157.882,0.0277
m,9.19800013,153.348,0.0283
m,9.196662333,161.427,0.0281
m,9.194283365,157.006,0.0277
m,9.193080479,157.501,0.0276
m,9.192008301,161.161,0.0278
m,9.190938164,159.629,0.028
m,9.189517426,156.025,0.0281
m,9.188098571,158.008,0.0279
m,9.186649463,159.669,0.0278
m,9.176280037,160.29,0.0279
m,9.174817538,155.859,0.028
m,9.173485468,161.614,0.028
m,9.170894548,160.346,0.0282
m,9.162954213,160.392,0.0294
m,9.161359284,160.64,0.0297
m,9.158875026,156.48,0.0298
m,9.157985229,157.314,0.0302
m,9.157254564,159.861,0.0306
m,9.151138074,159.89,0.0302
m,9.14869334,158.704,0.0304
m,9.147497529,161.217,0.0306
m,9.146373105,161.468,0.0307
m,9.145180946,161.35,0.0308
m,9.137109905,157.235,0.0327
m,9.135903562,160.535,0.033
m,9.135305658,160.231,0.0336
m,9.134384536,158.192,0.0341
m,9.126553308,160.243,0.0369
m,9.125671688,161.254,0.0372
m,9.124312847,156.876,0.0377
m,9.122748834,161.243,0.0379
m,9.119700475,162.32,0.0379
m,9.113871487,158.224,0.0383
m,9.112627759,158.818,0.0385
m,9.109720068,158.501,0.0385
m,9.109720568,159.621,0.0388
m,9.107049991,158.406,0.039
m,9.098238437,161.252,0.0401
m,9.095933096,160.469,0.0404
m,9.095933469,161.397,0.0406
m,9.089075921,161.178,0.0411
m,9.183565939,153.368,0.0279
m,9.18356589,158.413,0.0278
m,9.180330775,159.422,0.0279
m,9.178924659,160.383,0.0279
m,9.177617016,157.947,0.0279
m,9.16963597,160.241,0.0281
m,9.169636022,160.634,0.0282
m,9.167055947,160.686,0.0282
m,9.165708181,160.957,0.0283
m,9.164393687,158.965,0.0287
m,9.157254805,160.08,0.0309
m,9.155347577,161.066,0.031
m,9.153857402,161.722,0.0307
m,9.152300793,161.25,0.0306
m,9.143990564,162.119,0.0309
m,9.142915816,160.884,0.0313
m,9.141785657,160.339,0.0319
m,9.140628403,161.425,0.0322
m,9.139444515,159.672,0.0324
m,9.133338393,160.634,0.0346
m,9.130673071,160.788,0.0358
m,9.12937868,161.298,0.0361
m,9.128339258,161.374,0.0364
m,9.128339544,160.025,0.0366
m,9.118469377,161.307,0.0379
m,9.117367138,161.043,0.038
m,9.116241144,161.729,0.038
m,9.115117957,157.898,0.0381
m,9.105894014,159.55,0.0389
m,9.104740225,162.211,0.0389
m,9.103840482,160.638,0.0392
m,9.10274015,159.452,0.0393
m,9.101288916,160.299,0.0394
m,9.085073394,161.221,0.0413
m,9.080766989,161.916,0.0416
m,9.076257902,158.478,0.0419
m,9.071623083,156.225,0.0421
m,9.067215414,154.73,0.0424
m,9.062807564,156.766,0.0426
m,9.053610814,155.193,0.0429
m,9.053611243,159.3,0.0431
m,9.043814633,159.39,0.0432
m,9.03880322,159.479,0.0434
m,9.010945194,161.191,0.0436
m,9.006687672,160.926,0.0438
m,9.002454653,154.123,0.044
m,8.998423904,161.882,0.0441
m,8.994392981,160.84,0.0441
m,8.964845158,158.995,0.0444
m,8.959983908,160.92,0.0444
m,8.95016795,157.109,0
m,8.945424583,157.973,0.0442
m,8.916786002,156.083,0.044
m,8.907190185,153.867,0.044
m,8.902429962,159.746,0.0438
m,8.897594093,158.947,0.0438
m,8.892758078,161.397,0.0437
m,8.868380481,158.408,0.0441
m,8.858785614,160.216,0.0441
m,8.854353338,157.893,0.0443
m,8.8498707,160.421,0.0443
m,8.845287578,156.427,0.0444
m,8.811848228,153.729,0.0449
m,8.807215288,154.512,0.045
m,8.802406309,155.507,0.0452
m,8.79782371,155.099,0.0453
m,8.770279597,148.502,0.0463
m,8.767258308,147.203,0.0464
m,8.764010183,148.069,0.0464
m,8.760963355,151.057,0.0464
m,8.758445837,150.347,0.0467
m,8.756206302,148.469,0.0471
m,8.756357829,149.973,0.0472
m,8.756735683,150.087,0.0472
m,8.757012921,148.7,0.0472
m,8.7572651,149.249,0.0473
m,9.033791378,156.713,0.0434
m,9.029030765,159.627,0.0434
m,9.019635216,155.644,0.0434
m,9.015353005,160.416,0.0435
m,8.990313364,159.093,0.0442
m,8.986384136,153.515,0.0444
m,8.978423705,160.161,0.0444
m,8.974065029,160.712,0.0444
m,8.969580754,158.768,0.0444
m,8.940738827,161.126,0.0443
m,8.936154012,159.083,0.0443
m,8.931293071,158.837,0.0443
m,8.926407192,153.568,0.0442
m,8.921646855,158.735,0.044
m,8.887897486,156.429,0.0437
m,8.883012269,154.46,0.0438
m,8.87815219,159.084,0.044
m,8.87331662,156.709,0.044
m,8.840679244,160.216,0.0444
m,8.835945565,155.11,0.0446
m,8.831060233,158.249,0.0445
m,8.826099763,157.026,0.0446
m,8.821365989,149.216,0.0447
m,8.793442307,148.05,0.0453
m,8.789539619,154.625,0.0454
m,8.785511827,151.857,0.0458
m,8.777454935,150.51,0.046
m,8.777455694,150.01,0.0463
m,8.756684235,149.358,0.0471
m,8.755677487,150.808,0.0472
m,8.755702785,146.954,0.0472
m,8.755702785,150.382,0.0472
m,8.75754263,149.267,0.0474
m,8.758324046,149.266,0.0475
m,8.75847566,148.313,0.0476
m,8.758475931,148.936,0.0477
m,8.758501314,148.389,0.0477
m,8.75865295,147.882,0.0478
m,8.758905449,146.519,0.048
m,8.759057383,148.324,0.0482
m,8.759461301,148.846,0.0484
m,8.759868783,147.104,0.0494
m,8.759995659,147.347,0.0497
m,8.760147426,147.478,0.0498
m,8.760324989,147.389,0.05
m,8.760477089,147.814,0.0502
m,8.760911463,156.158,0.0514
m,8.76025844,152.327,0.0517
m,8.758574053,150.824,0.0522
m,8.752205961,153.013,0.0526
m,8.748531554,153.314,0.0528
m,8.726036896,150.181,0.0542
m,8.721405035,150.088,0.0542
m,8.711487264,151.08,0.054
m,8.706075307,153.287,0.0538
m,8.671424163,153.405,0.0538
m,8.659650828,149.684,0.054
m,8.65414129,157.539,0.0542
m,8.648728858,158.224,0.0535
m,8.643543885,148.802,0.0531
m,8.619476896,157.038,0.0507
m,8.609463669,155.526,0.0509
m,8.60446024,157.523,0.0511
m,8.599176754,153.687,0.0509
m,8.593839945,156.605,0.0505
m,8.557497,156.413,0.0477
m,8.552766419,152.273,0.0476
m,8.548714038,160.565,0.0473
m,8.544488947,156.318,0.0472
m,8.500948363,150.359,0.0445
m,8.495638979,152.082,0.0441
m,8.490256382,153.261,0.0436
m,8.485047392,150.231,0.0434
m,8.479737639,156.632,0.0427
m,8.759865249,147.297,0.0486
m,8.759891251,148.331,0.0488
m,8.760168967,148.728,0.0489
m,8.760194993,147.878,0.0491
m,8.759968744,148.71,0.0492
m,8.76075522,148.001,0.0504
m,8.761185529,149.796,0.0508
m,8.761085652,148.693,0.051
m,8.760985471,149.656,0.0511
m,8.744982941,147.878,0.0529
m,8.744983937,148.396,0.0532
m,8.737812235,145.614,0.0534
m,8.734038441,148.522,0.0538
m,8.730264064,149.084,0.054
m,8.700663792,145.019,0.0537
m,8.700664475,153.17,0.0539
m,8.689542765,150.449,0.0542
m,8.683957496,156.081,0.0542
m,8.67764032,150.128,0.0539
m,8.638558768,147.3,0.0526
m,8.633573714,156.692,0.0521
m,8.628840621,150.818,0.0514
m,8.619477825,154.637,0.051
m,8.588297322,146.67,0.05
m,8.583059892,147.331,0.0494
m,8.577970096,161.101,0.049
m,8.572780126,149.21,0.0485
m,8.567516656,156.396,0.048
m,8.539332104,154.138,0.0469
m,8.533870145,153.57,0.0468
m,8.522779985,150.512,0.0467
m,8.511927791,151.249,0.0458
m,8.506464545,157.043,0.0451
m,8.47458225,153.923,0.0425
m,8.469327336,156.416,0.0423
m,8.463919759,158.625,0.0423
m,8.453637502,159.291,0.0422
m,8.448329266,150.462,0.0419
m,8.443048036,152.974,0.0416
m,8.438073701,154.86,0.0412
m,8.433072308,150.691,0.0406
m,8.427646558,156.216,0.0402
m,8.388296422,156.667,0.0357
m,8.382917391,157.223,0.0351
m,8.37751122,153.349,0.0345
m,8.372457136,157.717,0.0333
m,8.337215231,160.947,0.0304
m,8.332262249,156.31,0.03
m,8.32756255,158.609,0.0291
m,8.31730451,162.11,0.0282
m,8.312351923,159.347,0.0277
m,8.281763379,159.455,0.0249
m,8.281763375,160.333,0.0245
m,8.271436277,158.648,0.024
m,8.266104274,159.238,0.0232
m,8.261124913,161.101,0.0227
m,8.230544201,159.45,0.0191
m,8.219344893,159.142,0.0187
m,8.213618845,160.358,0.0182
m,8.208118663,159.435,0.0177
m,8.175769639,162.32,0.0149
m,8.165165384,161.601,0.0145
m,8.160216256,161.246,0.0141
m,8.155041528,162.257,0.0138
m,8.14951444,161.826,0.0134
m,8.1196954,159.92,0.0114
m,8.108768794,160.157,0.0113
m,8.103525035,161.358,0.0113
m,8.098478147,161.664,0.0113
m,8.093587201,161.252,0.0114
m,8.058416946,160.475,0.0132
m,8.053723694,160.676,0.0133
m,8.049128696,160.053,0.0134
m,8.044788291,160.019,0.0135
m,8.422193208,159.241,0.0393
m,8.416586688,161.458,0.0385
m,8.410826513,156.129,0.0376
m,8.399534454,154.535,0.037
m,8.393929177,151.952,0.0365
m,8.367403999,158.838,0.0328
m,8.357171818,157.034,0.0322
m,8.357171374,155.618,0.0317
m,8.347320187,159.505,0.0316
m,8.342394422,161.033,0.0311
m,8.307272644,160.468,0.0271
m,8.302320272,157.749,0.0266
m,8.297142197,153.071,0.0261
m,8.291865193,160.335,0.0251
m,8.256173576,160.229,0.0222
m,8.251123473,162.095,0.0217
m,8.246172374,161.781,0.0212
m,8.240995919,161.248,0.0202
m,8.230543816,161.2,0.0197
m,8.202717271,161.835,0.0173
m,8.197245636,159.913,0.0169
m,8.191844974,161.489,0.0161
m,8.186570936,160.783,0.0158
m,8.175769283,160.667,0.0152
m,8.143790786,160.489,0.0128
m,8.13771414,162.372,0.0126
m,8.131736428,161.297,0.0122
m,8.119694748,162.268,0.0118
m,8.088793783,162.163,0.0121
m,8.078798901,162.635,0.0123
m,8.073752192,160.471,0.0126
m,8.068537904,161.998,0.0131
m,8.068537758,161.815,0.0132
m,8.035980444,161.666,0.0138
m,8.031512987,161.029,0.014
m,8.026820446,160.222,0.0141
m,8.017660919,160.744,0.0144
m,8.012968616,161.66,0.0146
m,8.008374153,159.234,0.015
m,8.003711492,160.363,0.0152
m,7.998989696,161.261,0.0158
m,7.994268344,159.8,0.0161
m,7.984826315,159.098,0.0163
m,7.959598466,160.251,0.0171
m,7.95439779,161.055,0.0175
m,7.949099111,161.431,0.0183
m,7.938817858,160.095,0.0184
m,7.933970201,158.862,0.0188
m,7.90409794,159.321,0.0208
m,7.898860771,157.959,0.0215
m,7.88858261,161.669,0.0218
m,7.883443813,156.573,0.0219
m,7.854001248,160.452,0.0224
m,7.848772559,159.664,0.0223
m,7.837774195,159.93,0.0223
m,7.83241782,158.237,0.0224
m,7.826933836,161.161,0.0224
m,7.800037997,160.296,0.0219
m,7.79493176,159.161,0.022
m,7.784658837,161.263,0.0221
m,7.779297931,161.473,0.0218
m,7.774003356,157.834,0.0221
m,7.738778756,155.985,0.0217
m,7.734220979,152.367,0.0219
m,7.729949855,155.618,0.0224
m,7.725648193,157.515,0.0226
m,7.690924087,153.639,0.025
m,7.685597694,153.527,0.0252
m,7.680143616,151.409,0.0253
m,7.674786426,154.486,0.0255
m,7.669398036,160.493,0.0257
m,7.63835158,157.871,0.0267
m,7.632995947,153.996,0.0266
m,7.627865045,152.387,0.0265
m,7.618405453,153.538,0.0266
m,7.618405469,152.92,0.0267
m,7.980066608,161.397,0.0164
m,7.975150285,161.177,0.0164
m,7.970136197,161.911,0.0165
m,7.964896996,161.462,0.0167
m,7.929309779,160.276,0.0192
m,7.924394643,157.633,0.0195
m,7.919607047,160.656,0.02
m,7.914662432,160.136,0.0201
m,7.909492756,160.199,0.0203
m,7.878432755,161.36,0.0221
m,7.8735193,160.384,0.0223
m,7.868733695,155.611,0.0223
m,7.863948231,162.502,0.0224
m,7.85910229,161.623,0.0226
m,7.821382958,158.62,0.0224
m,7.816020777,162.971,0.0221
m,7.810500699,157.719,0.0217
m,7.805047265,159.967,0.0218
m,7.768806029,158.925,0.0222
m,7.763736764,151.332,0.0218
m,7.753633655,158.421,0.0217
m,7.748564399,158.966,0.0217
m,7.743561417,158.776,0.0217
m,7.721025089,156.26,0.0229
m,7.711268221,156.383,0.0233
m,7.706421284,153.692,0.0235
m,7.701415562,156.936,0.0237
m,7.696154099,153.842,0.0243
m,7.65900579,151.736,0.0259
m,7.654002009,150.71,0.026
m,7.648966891,158.017,0.0262
m,7.643579295,160.489,0.0264
m,7.609619947,153.269,0.0268
m,7.605259606,150.782,0.0269
m,7.601123802,159.251,0.027
m,7.596988071,156.296,0.0271
m,7.588267925,159.18,0.0271
m,7.583940049,150.801,0.0274
m,7.579580301,153.528,0.0277
m,7.574996191,157.152,0.0278
m,7.570316377,157.916,0.0288
m,7.534773395,158.421,0.03
m,7.529646073,148.549,0.0299
m,7.52468951,153.623,0
m,7.519520513,154.462,0.0299
m,7.509811729,160.973,0.03
m,7.484018073,161.268,0.0292
m,7.478859729,160.029,0.029
m,7.474054223,156.332,0.029
m,7.464637724,156.15,0.0288
m,7.45977008,159.052,0.029
m,7.425756769,157.86,0.028
m,7.425756681,159.987,0.0277
m,7.416149077,153.377,0.0274
m,7.411312188,154.562,0.027
m,7.378015071,161.005,0.0261
m,7.378015084,155.502,0.0263
m,7.368376819,155.051,0.026
m,7.363636226,159.504,0.026
m,7.35883413,161.367,0.0256
m,7.331698918,156.731,0.0253
m,7.327250532,157.16,0.0253
m,7.323127731,157.229,0.0258
m,7.318713832,162.335,0.0274
m,7.314205099,162.021,0.0274
m,7.286516313,156.067,0.0274
m,7.276177915,160.278,0.0274
m,7.270991767,157.099,0.0274
m,7.265737154,159.414,0.0272
m,7.227269751,158.237,0.0276
m,7.222849503,161.354,0.0276
m,7.218524011,158.377,0.0281
m,7.214164099,159.88,0.0284
m,7.206390206,161.323,0.0286
m,7.565572628,158.339,0.0294
m,7.555572794,156.432,0.0303
m,7.550444662,153.176,0.0303
m,7.550444478,152.964,0.03
m,7.540029179,157.626,0.03
m,7.504781111,160.139,0.0298
m,7.499622288,159.22,0.0297
m,7.494335228,153.432,0.0297
m,7.489272351,158.248,0.0295
m,7.454774039,161.516,0.0289
m,7.450097852,152.026,0.0288
m,7.445293124,155.29,0.0283
m,7.440488724,156.323,0.0283
m,7.430656256,151.305,0.0282
m,7.406508683,155.552,0.0267
m,7.401576737,157.73,0.0268
m,7.392518458,162.278,0.0265
m,7.387749001,158.296,0.0262
m,7.382912852,158.52,0.0259
m,7.354160932,157.244,0.0253
m,7.344910067,158.823,0.0252
m,7.340271067,158.923,0.025
m,7.336181227,158.899,0.0255
m,7.309526599,160.194,0.0277
m,7.300373694,161.154,0.0276
m,7.295892236,160.404,0.0276
m,7.291221269,159.16,0.0275
m,7.286516335,160.146,0.0275
m,7.260353628,157.927,0.0271
m,7.255486239,161.838,0.0283
m,7.245785223,157.277,0.0281
m,7.240977955,161.303,0.028
m,7.23181905,159.567,0.0278
m,7.202744363,160.192,0.0291
m,7.19893509,157.598,0.0295
m,7.194773353,161.06,0.03
m,7.190259238,155.145,0.0307
m,7.185839108,156.383,0.0305
m,7.176715854,158.282,0.0307
m,7.171849032,158.094,0.0309
m,7.171849318,154.096,0.0313
m,7.161608579,160.797,0.0311
m,7.133318252,157.4,0.0311
m,7.129191869,157.651,0.0308
m,7.121034062,157.92,0.0309
m,7.121034062,157.902,0.0309
m,7.112018052,157.811,0.031
m,7.083163488,160.67,0.0309
m,7.078744529,159.678,0.0308
m,7.074102039,159.419,0.0303
m,7.064265537,159.244,0.0304
m,7.039070251,153.241,0.0304
m,7.035204498,158.054,0.0305
m,7.031526577,156.832,0.0305
m,7.023232643,155.907,0.0307
m,7.01860418,153.175,0.0308
m,6.991424553,156.186,0.0278
m,6.986301295,156.21,0.0272
m,6.981084424,158.391,0.0268
m,6.971039208,159.856,0.0263
m,6.966398206,158.574,0.0259
m,6.95083533,156.656,0.0223
m,6.9507418,157.505,0.0222
s,6.950907015,157.165,0.0225
s,6.950777586,155.894,0.0224
s,6.950777586,155.608,0.0224
s,6.950389145,157.751,0.0224
s,6.950389145,156.484,0.0224
s,6.950130243,153.92,0.0223
s,6.950259721,158.268,0.0223
s,6.94948298,156.263,0.0221
s,6.949706051,160.445,0.0221
s,6.949705992,157.339,0.0222
s,6.94948298,159.118,0.0221
s,6.949353448,158.009,0.0222
m,7.156364093,162.502,0.031
m,7.151249197,161.103,0.0313
m,7.146581461,156.374,0.0316
m,7.137504485,158.851,0.0318
m,7.107092717,160.304,0.0305
m,7.102003481,157.491,0.0304
m,7.102003543,158.242,0.0305
m,7.09237756,159.571,0.0307
m,7.087676477,155.588,0.0309
m,7.059729146,161.863,0.0303
m,7.055286997,154.848,0.0303
m,7.055286938,154.202,0.0302
m,7.047002069,156.382,0.0301
m,7.042935958,155.069,0.03
m,7.013458612,158.724,0.0312
m,7.01345847,160.616,0.031
m,7.002117922,154.187,0.0297
m,6.996771252,157.304,0.029
m,6.962275057,156.498,0.0256
m,6.958986579,153.651,0.0252
m,6.95608661,151.958,0.025
m,6.953691038,160.399,0.0234
m,6.95192869,159.188,0.0226
s,6.950648051,155.417,0.0225
s,6.950518624,155.722,0.0224
s,6.950741634,156.74,0.0225
s,6.950741634,160,0.0225
s,6.950777532,156.62,0.0225
s,6.950259778,159.953,0.0222
s,6.950000881,157.062,0.0221
s,6.949741929,158.218,0.0221
s,6.94948298,158.338,0.0221
s,6.949353448,159.434,0.0222
s,6.949482809,157.877,0.0224
s,6.949612229,159.019,0.0225
s,6.949871127,157.421,0.0226
s,6.949871076,158.962,0.0227
s,6.950036394,158.16,0.0228
s,6.949942763,160.775,0.0229
s,6.950331163,158.529,0.023
s,6.950460602,156.395,0.0231
s,6.950474472,157.832,0.024
s,6.950510384,156.535,0.0241
s,6.950675806,157.75,0.0242
s,6.950711715,157.337,0.0244
s,6.950841169,159.38,0.0246
s,6.951150507,160.111,0.0253
s,6.951150495,160.142,0.0254
s,6.95131601,158.214,0.0256
s,6.951445516,159.549,0.0258
s,6.951481534,158.633,0.0262
s,6.952143976,156.837,0.0274
s,6.952180137,159.328,0.0278
s,6.952050621,159.168,0.0279
s,6.951957215,158.147,0.0281
s,6.951972504,158.176,0.0293
s,6.951972549,156.799,0.0294
s,6.952008813,157.879,0.0297
s,6.952008916,157.61,0.0299
s,6.952174654,157.385,0.03
s,6.952247627,158.773,0.0311
s,6.952283924,156.491,0.0313
s,6.95219067,156.89,0.0315
s,6.952190746,159.933,0.0316
s,6.952190825,161.317,0.0317
s,6.952616471,158.354,0.0326
s,6.952616564,159.948,0.0327
s,6.952616564,162.073,0.0327
s,6.952616658,159.522,0.0328
s,6.953358199,160.652,0.0331
s,6.953358101,158.545,0.033
s,6.953098956,160.247,0.033
s,6.953062681,160.972,0.0329
s,6.953062585,157.569,0.0328
s,6.950237501,158.836,0.0232
s,6.950143807,156.792,0.0235
s,6.950532235,158.674,0.0236
s,6.950309111,156.006,0.0238
s,6.950309077,157.069,0.0239
s,6.951136112,157.868,0.0248
s,6.951208074,157.571,0.0249
s,6.951114544,157.284,0.025
s,6.951114527,159.64,0.0251
s,6.9516471,159.52,0.0264
s,6.951683157,155.092,0.0266
s,6.952071765,157.513,0.0268
s,6.952107847,157.577,0.027
s,6.952014408,159.529,0.0272
s,6.952216356,157.198,0.0283
s,6.952252547,158.237,0.0286
s,6.952195323,159.678,0.0289
s,6.952324912,156.622,0.029
s,6.952101969,156.399,0.0291
s,6.952081345,158.49,0.0302
s,6.952081463,158.812,0.0304
s,6.952211145,156.41,0.0306
s,6.952247422,158.497,0.0308
s,6.952190905,160.414,0.0318
s,6.952320635,157.372,0.032
s,6.95257994,162.086,0.0322
s,6.952486631,161.065,0.0323
s,6.952357239,158.916,0.0325
s,6.952746324,158.479,0.0329
s,6.952746324,161.214,0.0329
s,6.952875897,158.13,0.0329
s,6.953098956,158.533,0.033
s,6.953358101,160.473,0.033
s,6.953415215,158.067,0.0329
s,6.953415025,156.762,0.0327
s,6.953155796,157.656,0.0326
s,6.952896571,160.108,0.0325
s,6.952896393,161.429,0.0323
s,6.952953556,158.121,0.0322
s,6.953083033,157.112,0.0321
s,6.953046801,159.038,0.032
s,6.953046557,157.502,0.0317
s,6.953196613,157.226,0.0308
s,6.953196548,159.642,0.0307
s,6.95306693,158.972,0.0306
s,6.953160238,159.832,0.0304
s,6.95331039,157.901,0.0292
s,6.953403796,157.082,0.0291
s,6.953403715,156.774,0.0289
s,6.953367516,157.215,0.0286
s,6.953496992,158.988,0.0284
s,6.953295089,158.817,0.0276
s,6.95329507,157.116,0.0275
s,6.953295052,159.946,0.0274
s,6.953295007,159.426,0.0271
s,6.953424531,159.519,0.027
s,6.95368356,158.525,0.0262
s,6.9538131,156.575,0.0261
s,6.954072181,157.963,0.026
s,6.954072184,157.782,0.0259
s,6.954518245,157.784,0.0252
s,6.954647799,156.507,0.0251
s,6.954647815,156.153,0.025
s,6.954777356,157.563,0.025
s,6.954813461,158.49,0.0249
s,6.955331702,157.764,0.0246
s,6.955331702,157.18,0.0246
s,6.955331726,156.116,0.0245
s,6.955720367,156.984,0.0245
s,6.956072903,160.769,0.0245
s,6.956073043,159.334,0.024
s,6.956202593,159.183,0.024
s,6.956202593,160.554,0.024
s,6.956296031,159.431,0.024
s,6.953269454,156.436,0.0316
s,6.953269378,157.944,0.0315
s,6.95323309,159.183,0.0313
s,6.953233017,159.389,0.0312
s,6.953232876,158.581,0.031
s,6.95316012,157.825,0.0302
s,6.953253444,160.766,0.03
s,6.953123789,159.8,0.0298
s,6.953440119,157.795,0.0296
s,6.95356957,159.338,0.0294
s,6.953331309,159.024,0.0282
s,6.953201743,157.75,0.0281
s,6.953201692,158.484,0.0279
s,6.953201668,159.289,0.0278
s,6.953554058,158.888,0.0269
s,6.953813124,157.642,0.0268
s,6.953813117,157.446,0.0267
s,6.953683566,156.151,0.0265
s,6.953683563,159.469,0.0264
s,6.953942656,156.554,0.0257
s,6.953942673,157.3,0.0255
s,6.954165682,158.981,0.0254
s,6.954295233,158.479,0.0253
s,6.954518231,160.726,0.0253
s,6.954943005,159.384,0.0249
s,6.954943024,157.802,0.0248
s,6.955072568,159.187,0.0248
s,6.955331679,156.999,0.0247
s,6.955979491,156.516,0.0244
s,6.955849969,158.491,0.0243
s,6.955849997,160.983,0.0242
s,6.955943465,159.462,0.0241
s,6.956073012,160.948,0.0241
s,6.956296063,159.289,0.0239
m,6.956296097,159.312,0.0238
m,6.956296097,159.118,0.0238
m,6.956296097,156.594,0.0238
m,6.956296132,156.179,0.0237
m,6.956073145,160.428,0.0237
m,6.955404152,158.929,0.0238
m,6.95438267,155.004,0.0238
m,6.95291521,152.451,0.0239
m,6.951059122,159.98,0.0239
m,6.933893471,157.432,0.0239
m,6.930404334,154.034,0.0239
m,6.927360994,156.186,0.0243
m,6.921808191,150.449,0.0246
m,6.918614483,152.321,0.0253
m,6.904167018,153.212,0.0272
m,6.900491833,148.948,0.0276
m,6.894993617,149.564,0.0281
m,6.893098064,152.36,0.0288
m,6.890999888,151.038,0.0294
m,6.877433635,153.8,0.034
m,6.87452162,152.975,0.0349
m,6.867878117,158.612,0.0361
m,6.864152128,153.492,0.0386
m,6.838057427,152.924,0.0496
m,6.833089493,150.375,0.0508
m,6.828455702,149.509,0.0519
m,6.823713787,149.241,0.0536
m,6.81902614,150.587,0.0549
m,6.78847402,152.152,0.0544
m,6.783095348,153.601,0.054
m,6.777771595,151.604,0.0535
m,6.772223415,151.964,0.0524
m,6.761134028,154.521,0.0517
m,6.727804031,152.58,0.0464
m,6.716643906,160.359,0.0457
m,6.716640042,154.62,0.0443
m,6.705572356,161.249,0.0433
m,6.668942963,156.284,0.0351
m,6.664030857,154.338,0.0335
m,6.659563557,158.06,0.032
m,6.655763013,159.362,0.0306
m,6.652850664,150.023,0.0275
m,6.948757069,153.648,0.024
m,6.94346906,153.58,0.024
m,6.940425825,159.165,0.024
m,6.937159596,158.057,0.0241
m,6.915939383,151.975,0.0257
m,6.913394088,154.894,0.0266
m,6.910942261,152.323,0.027
m,6.907619462,152.094,0.0273
m,6.891000133,156.423,0.0299
m,6.886507871,153.17,0.0305
m,6.884965758,154.229,0.031
m,6.883220799,149.966,0.0316
m,6.880604459,153.724,0.0322
m,6.864154383,151.991,0.0398
m,6.857644219,156.309,0.0415
m,6.85454963,149.732,0.0433
m,6.850513837,151.256,0.0465
m,6.846121386,154.126,0.0479
m,6.814078976,148.428,0.0562
m,6.803799068,153.08,0.0556
m,6.798809099,153.447,0.0556
m,6.798806546,153.541,0.055
m,6.75568014,157.304,0.0508
m,6.75022734,160.53,0.0501
m,6.744774879,157.066,0.0494
m,6.739100435,153.82,0.0487
m,6.733518524,154.752,0.048
m,6.70021368,157.064,0.0422
m,6.694763451,152.393,0.0411
m,6.689533356,153.682,0.0387
m,6.6790816,158.362,0.0376
m,6.674077144,157.037,0.0363
m,6.650513953,151.799,0.0261
m,6.648529967,156.055,0.0247
m,6.643751062,155.977,0.0234
m,6.640565516,155.425,0.0223
m,6.636453113,156.425,0.0215
m,6.632080497,157.484,0.0203
m,6.627616446,161.548,0.0192
m,6.623153762,154.686,0.0173
m,6.619003866,159.683,0.0163
m,6.589432635,160.009,0.011
m,6.584879964,158.148,0.01
m,6.580278253,158.592,0.008
m,6.575765701,154.727,0.007
m,6.544898133,155.522,0.0011
m,6.540529607,159.8,0.0004
m,6.535933879,161.149,0.0011
m,6.527137918,156.001,0.0017
m,6.522583406,149.648,0.0021
m,6.500470555,147.491,0.0032
m,6.496351133,160.295,0.0031
m,6.487497966,152.792,0.0033
m,6.483249488,154.089,0.003
m,6.478909534,157.805,0.003
m,6.451441313,158.735,0.0021
m,6.447064599,154.021,0.0018
m,6.438351106,160.411,0.0016
m,6.429681702,151.304,0.0009
m,6.404318264,149.338,0.002
m,6.395823926,159.438,0.0024
m,6.391531803,155.571,0.0028
m,6.39152885,148.248,0.0036
m,6.383210267,146.53,0.004
m,6.361078794,150.264,0.0057
m,6.356880901,150.928,0.0059
m,6.352068201,146.297,0.0062
m,6.347649077,151.124,0.0068
m,6.338414171,158.817,0.0076
m,6.310829838,162.501,0.0089
m,6.30672596,152.13,0.0092
m,6.302711784,155.716,0.0094
m,6.29499418,156.631,0.0097
m,6.61051983,154.111,0.0153
m,6.610521426,155.662,0.0144
m,6.602377286,161.24,0.0132
m,6.598122864,156.871,0.0125
m,6.593907898,160.627,0.0118
m,6.56716971,160.569,0.006
m,6.567173255,156.543,0.0049
m,6.558263051,155.22,0.004
m,6.553855619,152.193,0.003
m,6.549396302,153.26,0.0021
m,6.522581542,158.835,0.0026
m,6.513737079,150.434,0.0027
m,6.509184242,153.166,0.0028
m,6.504761931,150.18,0.003
m,6.478909168,158.534,0.0031
m,6.469576535,153.376,0.003
m,6.46497557,161.457,0.0031
m,6.460376032,152.905,0.0029
m,6.455907729,150.289,0.0027
m,6.425478867,149.611,0.0005
m,6.421186292,158.454,0.0001
m,6.416982346,153.774,0.0002
m,6.412818583,149.047,0.0006
m,6.408745083,156.682,0.0011
m,6.378787942,156.005,0.0046
m,6.374416717,159.94,0.0045
m,6.369782873,157.381,0.0045
m,6.365190233,157.931,0.0047
m,6.333515258,158.733,0.0075
m,6.328573731,150.547,0.0077
m,6.324026706,149.306,0.008
m,6.319480166,146.482,0.0083
m,6.315155073,153.025,0.0085
m,6.291373886,154.591,0.0106
m,6.287271572,154.765,0.011
m,6.282728174,151.275,0.0116
m,6.282727451,151.223,0.0119
m,6.273558492,158.082,0.0122
m,6.269194649,151.975,0.0125
m,6.264741559,148.866,0.0132
m,6.26064171,152.325,0.0136
m,6.252618864,148.259,0.0141
m,6.248783921,151.238,0.0145
m,6.226759482,151.556,0.0153
m,6.22314723,153.567,0.0158
m,6.223146014,151.446,0.0165
m,6.215175889,157.432,0.0166
m,6.210729323,154.303,0.0169
m,6.177374469,151.123,0.0176
m,6.177374317,149.986,0.0177
m,6.169721539,155.297,0.0176
m,6.165939098,155.245,0.0178
m,6.140131663,153.157,0.0176
m,6.131648862,148.093,0.0174
m,6.127430442,154.727,0.0173
m,6.123212728,160.138,0.017
m,6.119082493,151.572,0.0168
m,6.088210993,157.086,0.0163
m,6.083557631,157.167,0.0163
m,6.079388842,151.39,0.0165
m,6.074956174,151.264,0.0163
m,6.070433857,153.623,0.0153
m,6.042833051,152.107,0.0146
m,6.038403559,153.897,0.0145
m,6.033928876,152.369,0.0141
m,6.025244714,156.629,0.0139
m,6.000523297,158.612,0.0128
m,5.993205142,160.194,0.0127
m,5.993204901,147.517,0.0128
m,5.985363974,153.273,0.0128
m,5.955310209,150.709,0.0124
m,5.951896769,152.187,0.0124
m,5.951897271,157.543,0.0122
m,5.944320362,155.74,0.0122
m,5.940736007,150.084,0.0125
m,6.244775287,152.234,0.0144
m,6.240943257,156.961,0.0146
m,6.237286891,150.604,0.0147
m,6.233718634,158.484,0.0151
m,6.20615135,152.043,0.0171
m,6.201837932,152.241,0.0172
m,6.19739278,155.599,0.0174
m,6.189208281,151.934,0.0175
m,6.185116867,157.243,0.0174
m,6.16233338,148.453,0.0182
m,6.162333524,153.315,0.0181
m,6.153539525,156.627,0.0182
m,6.148922599,157.241,0.0181
m,6.144438503,159.572,0.0178
m,6.114997726,152.921,0.0166
m,6.110780648,157.073,0.0166
m,6.097915831,154.693,0.0167
m,6.097916175,150.778,0.0165
m,6.066394964,161.452,0.015
m,6.062356124,158.256,0.0148
m,6.054895894,155.549,0.0146
m,6.054895688,151.497,0.0147
m,6.047043985,146.266,0.0146
m,6.021035719,149.38,0.0139
m,6.016827345,154.448,0.0138
m,6.012619375,150.503,0.0137
m,6.008412032,159.311,0.0135
m,6.004424776,155.461,0.013
m,5.98102608,154.837,0.0127
m,5.97638363,156.808,0.0127
m,5.971827515,154.021,0.0127
m,5.967224857,154.794,0.0126
m,5.963108004,151.266,0.0122
m,5.93671497,151.274,0.0128
m,5.932077775,154.707,0.0126
m,5.927308205,157.997,0.0123
m,5.918158324,149.592,0.0122
m,5.913827029,153.601,0.0119
m,5.909714041,156.902,0.0118
m,5.909713781,160.805,0.0119
m,5.902058604,157.961,0.0118
m,5.898382823,151.485,0.0119
m,5.87480788,148.569,0.0117
m,5.871704121,151.336,0.0117
m,5.868818776,160.026,0.0117
m,5.866066484,148.897,0.0119
m,5.840724502,150.544,0.0127
m,5.836399504,161.921,0.0127
m,5.832208459,143.262,0.0127
m,5.828053323,148.812,0.0126
m,5.820312734,147.464,0.0126
m,5.8011449,143.544,0.013
m,5.796690008,140.517,0.0129
m,5.792319298,144.692,0.0129
m,5.788083108,146.565,0.0127
m,5.779877711,140.111,0.0129
m,5.753380342,141.959,0.0131
m,5.744093055,149.378,0.0132
m,5.739676208,140.435,0.013
m,5.735259574,138.794,0.0128
m,5.704564039,138.233,0.0123
m,5.700499618,146.585,0.0124
m,5.696652977,138.071,0.0124
m,5.692756005,137.203,0.0123
m,5.689076695,148.398,0.0121
m,5.665953754,158.101,0.0122
m,5.662121323,153.601,0.0123
m,5.658020267,144.551,0.0126
m,5.653970305,147.267,0.0128
m,5.649551421,148.404,0.0127
m,5.617900852,143.736,0.0118
m,5.61321454,148.618,0.0117
m,5.608611178,149.288,0.0118
m,5.599723512,148.744,0.0119
m,5.894888305,155.696,0.0122
m,5.891613796,152.942,0.012
m,5.884435181,151.972,0.0118
m,5.881064439,152.736,0.0117
m,5.877912115,150.251,0.0116
m,5.863447557,150.295,0.0122
m,5.860477289,148.593,0.0125
m,5.853399129,150.659,0.0127
m,5.849291089,141.252,0.0127
m,5.845098585,148.25,0.0128
m,5.820312482,148.282,0.0127
m,5.812973399,146.25,0.0128
m,5.809086269,145.307,0.0129
m,5.805248921,145.493,0.013
m,5.779877711,144.67,0.0129
m,5.771406937,146.44,0.0128
m,5.767087598,152.639,0.013
m,5.762635353,144.597,0.013
m,5.757965664,140.816,0.0131
m,5.735260088,153.701,0.0126
m,5.726510462,141.191,0.0124
m,5.722094175,147.349,0.0123
m,5.717677831,141.5,0.0123
m,5.713261167,143.419,0.0125
m,5.685212079,148.873,0.0121
m,5.681264518,143.006,0.012
m,5.673433743,150.135,0.012
m,5.673433471,145.692,0.0121
m,5.645132595,139.387,0.0126
m,5.636646724,147.855,0.0123
m,5.632094338,138.445,0.0121
m,5.632094889,140.743,0.0119
m,5.622587813,153.669,0.0117
m,5.59538894,146.465,0.0118
m,5.591137979,157.321,0.0117
m,5.586803626,149.522,0.0116
m,5.582284826,145.586,0.0116
m,5.577901568,149.406,0.0111
m,5.573467068,148.982,0.011
m,5.56453121,149.712,0.011
m,5.564530618,147.336,0.0112
m,5.55541157,145.893,0.0111
m,5.550324422,149.25,0.0113
m,5.521430596,151.88,0.0117
m,5.51758305,153.861,0.0117
m,5.517581353,149.501,0.0123
m,5.510772382,148.409,0.0125
m,5.507057989,145.636,0.0128
m,5.475972532,138.954,0.0141
m,5.475972285,143.33,0.0142
m,5.467040767,141.74,0.0144
m,5.462623934,141.323,0.0148
m,5.427499029,145.797,0.0166
m,5.422282555,149.418,0.0165
m,5.413315221,153.613,0
m,5.408925526,147.544,0.0165
m,5.404643842,153.263,0.0167
m,5.38319386,145.076,0.0167
m,5.375192593,160.049,0.0167
m,5.371156749,149.891,0.0166
m,5.367036315,148.695,0.0166
m,5.362916002,152.062,0.0166
m,5.335723479,140.678,0.0173
m,5.332054722,148.463,0.0175
m,5.328218277,158.241,0.0176
m,5.324130412,147.748,0.0176
m,5.295270156,138.65,0.0173
m,5.291171587,137.551,0.017
m,5.2833765,140.124,0.0169
m,5.283376708,144.392,0.0168
m,5.275583253,142.826,0.0168
m,5.254992397,140.037,0.0168
m,5.246772646,139.728,0.0166
m,5.242647738,147.178,0.0165
m,5.242648396,151.18,0.0162
m,5.234534606,137.576,0.0161
m,5.545237721,147.771,0.0114
m,5.540284981,150.351,0.0115
m,5.535148919,154.552,0.0115
m,5.530280365,158.82,0.0116
m,5.502858759,148.397,0.013
m,5.498441855,147.512,0.0132
m,5.493891315,145.14,0.0134
m,5.489389711,140.234,0.0139
m,5.480606692,140.682,0.014
m,5.457939903,139.694,0.0152
m,5.45290493,146.433,0.0154
m,5.442568478,149.585,0.0156
m,5.437483857,145.092,0.0161
m,5.4325825,143.378,0.0165
m,5.400326335,151.593,0.0171
m,5.396143356,154.877,0.017
m,5.391693127,149.934,0.017
m,5.383193454,149.736,0.0169
m,5.358844564,150.277,0.0168
m,5.35097031,151.191,0.0168
m,5.347166934,147.856,0.0169
m,5.343497447,150.809,0.017
m,5.343497048,145.832,0.0172
m,5.316224485,137.822,0.0177
m,5.311737497,159.206,0.0178
m,5.307419099,139.857,0.0177
m,5.303235194,156.385,0.0175
m,5.29918546,151.079,0.0174
m,5.271670896,143.828,0.0168
m,5.267809281,140.209,0.0171
m,5.263731574,137.081,0.0172
m,5.259252637,144.687,0.0172
m,5.230380537,138.024,0.016
m,5.22604132,142.532,0.016
m,5.221486404,142.356,0.0158
m,5.212677661,148.597,0.0157
m,5.208475376,144.112,0.0159
m,5.204356473,139.073,0.016
m,5.199835187,148.914,0.016
m,5.195479395,139.551,0.0158
m,5.191392897,139.942,0.0156
m,5.165435802,138.266,0.0155
m,5.161622849,136.304,0.0151
m,5.15789243,151.055,0.0146
m,5.150700487,141.51,0.0143
m,5.14724033,145.963,0.014
m,5.130081468,150.998,0.0135
m,5.126705085,151.65,0.0133
m,5.120034192,144.761,0.0131
m,5.116658415,152.493,0.0131
m,5.11341853,155.537,0.0129
m,5.093205351,152.565,0.012
m,5.08624542,147.7,0.012
m,5.083063172,146.048,0.0121
m,5.080204915,146.412,0.0119
s,5.075189282,140.669,0.0105
s,5.075189282,140.111,0.0105
s,5.075188938,139.912,0.0106
s,5.075188597,141.41,0.0107
s,5.075323691,140.544,0.0107
s,5.075161788,140.461,0.0109
s,5.075161788,140.25,0.0109
s,5.075081184,139.723,0.0109
s,5.075216285,140.179,0.0109
s,5.075215616,140.299,0.0111
s,5.075107959,140.623,0.0114
s,5.075107959,140.702,0.0114
s,5.075107959,139.91,0.0114
s,5.07510731,140.526,0.0116
s,5.074836452,139.908,0.0118
s,5.074971561,140.144,0.0118
s,5.074971243,141.177,0.0119
s,5.074971243,140.835,0.0119
s,5.074971243,141.743,0.0119
m,5.187441323,140.412,0.0154
m,5.18362473,139.016,0.0152
m,5.179726365,136.374,0.0151
m,5.172528141,140.014,0.015
m,5.168981543,140.961,0.0153
m,5.143726936,139.493,0.0139
m,5.14372721,144.933,0.0138
m,5.136836024,145.877,0.0137
m,5.133458542,145.288,0.0136
m,5.110097736,140.122,0.0128
m,5.10672417,139.357,0.0125
m,5.103269455,138.502,0.0124
m,5.099815874,140.034,0.0121
m,5.096577738,149.613,0.0121
m,5.077590309,138.468,0.0112
m,5.075865802,138.559,0.0102
m,5.075189627,138.393,0.0104
s,5.075190324,138.449,0.0102
s,5.075189627,141.052,0.0104
s,5.075242735,139.661,0.0108
s,5.075242735,140.045,0.0108
s,5.075162126,139.651,0.0108
s,5.075161788,140.059,0.0109
s,5.075270122,140.292,0.0111
s,5.075189201,140.031,0.0112
s,5.075188872,140.262,0.0113
s,5.075188872,140.173,0.0113
s,5.075188872,140.798,0.0113
s,5.07510731,140.381,0.0116
s,5.074837094,140.578,0.0116
s,5.074836772,141.339,0.0117
s,5.074836772,140.652,0.0117
s,5.074836772,140.273,0.0117
s,5.074971243,140.536,0.0119
s,5.074970928,140.389,0.012
s,5.074970928,139.835,0.012
s,5.075051514,140.163,0.012
s,5.075051514,139.947,0.012
s,5.0750512,139.896,0.0121
s,5.075186306,139.852,0.0121
s,5.075186306,140.345,0.0121
s,5.075456209,140.137,0.0122
s,5.074890033,141.292,0.0121
s,5.075025144,140.607,0.0121
s,5.075025144,141.11,0.0121
s,5.075160255,141.101,0.0121
s,5.075755267,142.225,0.0121
s,5.075485032,141.337,0.0121
s,5.075349915,140.56,0.0121
s,5.075485032,141.126,0.0121
s,5.075620149,140.996,0.0121
s,5.075890074,140.785,0.0122
s,5.076025194,140.634,0.0122
s,5.076295126,140.888,0.0123
s,5.07586379,141.009,0.0123
s,5.07621458,141.19,0.0123
s,5.076079766,140.322,0.0122
s,5.076215202,140.156,0.0121
s,5.076350326,140.963,0.0121
s,5.076350326,140.472,0.0121
s,5.076620891,140.833,0.012
s,5.076620891,141.199,0.012
s,5.076756018,140.303,0.012
s,5.076756018,141.528,0.012
s,5.076836556,142.208,0.012
s,5.076916784,140.614,0.0121
s,5.077132142,139.843,0.0122
s,5.077267265,139.879,0.0122
s,5.077132142,139.614,0.0122
s,5.076861283,139.64,0.0124
s,5.077372589,140.539,0.0126
s,5.07710236,141.259,0.0126
s,5.077318045,140.061,0.0126
s,5.077182196,139.869,0
s,5.075321102,140.495,0.0122
s,5.075185994,140.335,0.0122
s,5.075321102,139.831,0.0122
s,5.074970302,139.923,0.0122
s,5.074890033,140.321,0.0121
s,5.075295368,141.41,0.0121
s,5.075349915,140.777,0.0121
s,5.075349915,141.733,0.0121
s,5.075349915,141.599,0.0121
s,5.075485032,141.889,0.0121
s,5.075619837,142.351,0.0122
s,5.075619837,141.199,0.0122
s,5.075754955,141.244,0.0122
s,5.075890074,140.532,0.0122
s,5.076214272,141.04,0.0124
s,5.07621458,141.304,0.0123
s,5.075944334,140.74,0.0123
s,5.075944334,140.569,0.0123
s,5.076079766,140.93,0.0122
s,5.07635064,140.586,0.012
s,5.07635064,140.103,0.012
s,5.076485765,140.088,0.012
s,5.076485765,140.232,0.012
s,5.076485765,140.966,0.012
s,5.076971682,141.535,0.012
s,5.076971682,141.092,0.012
s,5.077052223,140.135,0.012
s,5.076916784,140.771,0.0121
s,5.077212077,139.44,0.0124
s,5.077292634,140.202,0.0124
s,5.077292328,140.441,0.0125
s,5.077642822,140.082,0.0126
s,5.077642822,140.438,0.0126
s,5.077208685,140.058,0.0127
s,5.077208685,140.018,0.0127
s,5.077289276,140.371,0.0127
s,5.077289276,140.508,0.0127
s,5.077369873,140.608,0.0127
s,5.077369574,139.959,0.0128
s,5.077369574,139.777,0.0128
s,5.077504378,140.019,0.0129
s,5.077504378,139.886,0.0129
s,5.077504082,140.508,0.013
s,5.077773413,140.022,0.0133
s,5.077773413,140.392,0.0133
s,5.077422323,140.409,0.0134
s,5.077287218,140.362,0.0134
s,5.077287218,140.746,0.0134
s,5.077556576,140.494,0.0137
s,5.077556296,140.4,0.0138
s,5.077475431,140.819,0.0139
s,5.077475431,141.182,0.0139
s,5.077529138,140.002,0.0142
s,5.077313451,140.041,0.0142
s,5.077448293,140.678,0.0143
s,5.077448293,141.062,0.0143
s,5.077502573,141.157,0.0144
s,5.077637159,140.255,0.0146
s,5.077421217,141.112,0.0147
s,5.077556337,139.575,0.0147
s,5.077556337,140.108,0.0147
s,5.077475524,139.863,0.0148
s,5.07761013,140.454,0.015
s,5.076989093,139.864,0.015
s,5.076853972,140.154,0.015
s,5.076853717,139.713,0.0151
m,5.076826995,141.553,0.0154
m,5.076961874,141.079,0.0155
m,5.076961874,140.451,0.0155
m,5.076961874,140.292,0.0155
m,5.076961629,140.288,0.0156
m,5.075264432,143.76,0.0159
m,5.074186041,148.567,0.016
m,5.072972544,141.463,0.0161
m,5.069522935,137.826,0.0161
m,5.069522702,144.112,0.0162
s,5.077773995,140.045,0.0131
s,5.077638891,140.287,0.0131
s,5.077638891,140.062,0.0131
s,5.077638599,139.772,0.0132
s,5.077286932,139.824,0.0135
s,5.077286932,140.441,0.0135
s,5.077286648,140.097,0.0136
s,5.077421752,139.599,0.0136
s,5.07742147,140.134,0.0137
s,5.07761054,140.667,0.0139
s,5.077610263,140.227,0.014
s,5.07752941,141.184,0.0141
s,5.07752941,140.612,0.0141
s,5.07752941,139.981,0.0141
s,5.077502573,140.16,0.0144
s,5.077502306,140.837,0.0145
s,5.077772541,140.508,0.0145
s,5.077637424,140.402,0.0145
s,5.077610645,139.843,0.0148
s,5.077610645,140.26,0.0148
s,5.077610387,140.097,0.0149
s,5.07761013,140.26,0.015
s,5.07761013,140.475,0.015
s,5.076718598,140.179,0.0151
s,5.076718094,139.588,0.0153
s,5.076988335,140.191,0.0153
s,5.076907786,139.574,0.0153
s,5.076826995,140.657,0.0154
m,5.076881094,140.018,0.0156
m,5.07715111,148.109,0.0157
m,5.076989823,146.479,0.0158
m,5.076262131,141.963,0.0159
m,5.064348804,151.216,0.0164
m,5.061411793,148.567,0.0164
m,5.058394855,153.822,0.0164
m,5.055162641,141.445,0.0165
m,5.051931117,148.183,0.0165
m,5.048620204,156.486,0.0164
m,5.041944491,142.509,0.0163
m,5.038659944,144.759,0.0161
m,5.038660181,143.084,0.016
m,5.015501101,145.329,0.0156
m,5.011733424,150.278,0.0155
m,5.00447043,152.329,0.0152
m,5.004470687,149.426,0.0151
m,4.997400235,149.943,0.0151
m,4.978924845,147.98,0.0149
m,4.971918654,154.34,0.0148
m,4.968427482,146.378,0.0147
m,4.968427752,154.214,0.0146
m,4.961424359,153.411,0.0146
m,4.931913295,159.986,0.014
m,4.9278421,143.573,0.0141
m,4.923985903,147.383,0.0142
m,4.920130993,145.833,0.0141
m,4.890602134,151.045,0.0124
m,4.886188453,160.983,0.0125
m,4.881989737,149.977,0.0125
m,4.873594302,148.248,0.0126
m,4.869261864,153.366,0.0125
m,4.848078331,157.38,0.0124
m,4.84402316,147.694,0.0124
m,4.83556546,146.158,0.0124
m,4.831103391,146.714,0.0123
m,4.827187827,148.508,0.0124
m,4.801879168,145.214,0.0117
m,4.793590588,154.18,0.0116
m,4.789758926,140.337,0.0116
m,4.785852104,140.805,0.0116
m,4.760894762,145.365,0.0118
m,4.752547218,144.107,0.0117
m,4.748511633,154.477,0.0117
m,4.744551444,150.55,0.0119
m,4.740805336,142.946,0.0118
m,5.032202285,146.438,0.016
m,5.029244413,144.018,0.0162
m,5.025666782,152.809,0.0159
m,5.022304067,151.159,0.0159
m,5.019212272,140.694,0.0161
m,4.993611412,158.956,0.015
m,4.98987906,146.561,0.0151
m,4.986227122,149.803,0.015
m,4.982575804,150.014,0.0149
m,4.957562297,156.957,0.0146
m,4.953486715,142.542,0.0145
m,4.949197194,147.062,0.0145
m,4.940542633,152.375,0.0144
m,4.936120405,157.535,0.0142
m,4.916413769,156.179,0.0137
m,4.912152589,151.531,0.0134
m,4.907891712,150.18,0.0132
m,4.899429835,152.036,0.0129
m,4.895015394,156.542,0.0127
m,4.86471621,150.081,0.0125
m,4.864716533,158.98,0.0124
m,4.856114084,145.624,0.0124
m,4.852057307,152.599,0.0124
m,4.823486028,156.235,0.0126
m,4.819299864,150.377,0.0124
m,4.815054232,142.37,0.0122
m,4.810732885,143.882,0.012
m,4.801878826,145.129,0.0118
m,4.78187035,160.164,0.0116
m,4.777828184,147.957,0.0117
m,4.773650294,144.012,0.0117
m,4.76514586,144.903,0.0117
m,4.760894762,151.992,0.0118
m,4.736983794,146.278,0.012
m,4.733375949,145.347,0.012
m,4.726299675,148.497,0.012
m,4.719498968,148.339,0.0126
m,4.715620183,149.548,0.0126
m,4.707789655,145.916,0.0127
m,4.703626521,145.721,0.0127
m,4.703626191,153.218,0.0128
m,4.695789175,144.772,0.0128
m,4.667718456,150.283,0.0136
m,4.663848652,150.897,0.0138
m,4.660043844,144.412,0.0139
m,4.65610342,141.744,0.0136
m,4.633648419,143.723,0.0135
m,4.629849749,142.677,0.0138
m,4.625914979,142.566,0.0138
m,4.621842463,143.545,0.014
m,4.614049127,143.952,0.0142
m,4.593467909,140.105,0.0154
m,4.589185421,144.78,0.0156
m,4.585115428,139.013,0.0155
m,4.576701032,139.886,0.0158
m,4.573053818,145.169,0.0161
m,4.548838949,136.254,0.0156
m,4.540586364,137.714,0.0156
m,4.536600016,147.519,0.0156
m,4.532824418,139.01,0.0156
m,4.511169703,140.082,0.0155
m,4.504052878,139.05,0.0155
m,4.500702731,142.557,0.0158
m,4.497215411,157.018,0.0158
m,4.493241997,138.081,0.0158
m,4.466973607,142.044,0.0158
m,4.463353445,142.514,0.0159
m,4.455629657,141.341,0.016
m,4.455629657,141.065,0.016
m,4.44784048,142.065,0.0161
m,4.427066004,148.608,0.017
m,4.418321522,144.325,0.017
m,4.409510672,149.547,0.0166
m,4.409510943,143.974,0.0165
m,4.401258684,148.173,0.0164
m,4.691902939,146.481,0.013
m,4.688017688,143.023,0.0132
m,4.683996213,149.123,0.0133
m,4.67609301,141.868,0.0137
m,4.67207467,142.437,0.0137
m,4.652237332,157.283,0.0133
m,4.648858316,139.683,0.0131
m,4.645690821,148.064,0.013
m,4.639779134,147.092,0.013
m,4.636750191,152.086,0.0132
m,4.610255534,141.049,0.0142
m,4.610254625,136.866,0.0145
m,4.602313404,142.679,0.0148
m,4.598028433,145.934,0.015
m,4.569060429,148.918,0.0159
m,4.565001259,148.15,0.0158
m,4.561152979,142.951,0.0157
m,4.557233456,135.556,0.0157
m,4.553105076,144.829,0.0156
m,4.52912115,140.809,0.0155
m,4.525347598,136.559,0.0154
m,4.521784555,141.887,0.0153
m,4.514592847,146.58,0.0152
m,4.511169703,142.757,0.0155
m,4.489337451,135.039,0.0159
m,4.481531596,134.837,0.0159
m,4.477769184,137.922,0.0158
m,4.4705945,140.126,0.0158
m,4.443808469,141.138,0.0162
m,4.439707575,149.817,0.0164
m,4.435537203,139.441,0.0171
m,4.431579741,140,0.0169
m,4.397237775,141.482,0.0164
m,4.393565328,136.4,0.0163
m,4.389893731,140.872,0.0162
m,4.386222428,138.873,0.0163
m,4.382759915,146.687,0.0163
m,4.379436897,144.428,0.0166
m,4.375907141,143.242,0.0169
m,4.36857268,141.343,0.0169
m,4.364420276,153.968,0.0168
m,4.331371198,141.721,0.0165
m,4.326940372,144.864,0.0167
m,4.322437148,143.864,0.0169
m,4.317873633,139.976,0.017
m,4.313030992,137.914,0.0171
m,4.290137749,133.387,0.0162
m,4.28170044,135.351,0.0161
m,4.27678185,139.439,0.0161
m,4.271930786,140.908,0.0158
m,4.266800341,143.283,0.0153
m,4.233812977,144.057,0.014
m,4.223477983,139.614,0.0139
m,4.218200247,140.077,0.0136
m,4.218200963,136.858,0.0134
m,4.177457353,137.778,0.013
m,4.172234913,137.985,0.0134
m,4.167086371,137.614,0.0139
m,4.161518989,135.313,0.0139
m,4.156082936,137.878,0.0141
m,4.125794112,131.391,0.0149
m,4.12105857,132.716,0.0153
m,4.116604714,140.962,0.0153
m,4.111943617,135.524,0.0156
m,4.107275834,134.583,0.0155
m,4.073492841,136.597,0.016
m,4.068758464,144.618,0.0161
m,4.064090034,134.198,0.0163
m,4.054754211,137.696,0.0164
m,4.026960047,133.545,0.0172
m,4.022292838,127.943,0.0171
m,4.012611093,130.124,0.0172
m,4.007803634,129.293,0.0172
m,4.002929773,133.939,0.0172
m,4.360547592,147.505,0.0169
m,4.356676151,146.149,0.0169
m,4.352597924,151.732,0.0171
m,4.348661095,142.367,0.0171
m,4.340019975,142.603,0.0168
m,4.308050962,140.775,0.0165
m,4.298643434,143.298,0.0163
m,4.294424093,143.201,0.0161
m,4.290138623,138.829,0.0159
m,4.256884337,135.458,0.015
m,4.252240763,136.971,0.0146
m,4.247670652,132.86,0.0144
m,4.243026802,138.536,0.0142
m,4.238523282,144.228,0.014
m,4.207710935,140.787,0.013
m,4.202713409,140.021,0.0128
m,4.197707273,134.271,0.0127
m,4.192906195,137.545,0.0129
m,4.188039524,139.1,0.013
m,4.151067543,138.745,0.0143
m,4.145706088,135.051,0.0144
m,4.14054955,132.192,0.0149
m,4.130808394,132.56,0.015
m,4.097659412,135.005,0.0155
m,4.092785107,140.162,0.0155
m,4.092785107,138.654,0.0155
m,4.083102423,134.128,0.0156
m,4.078087399,133.231,0.0158
m,4.050019919,134.085,0.0165
m,4.045210935,136.278,0.0169
m,4.04521007,135.731,0.0172
m,4.036154765,132.55,0.0173
m,4.031347375,132.345,0.0172
m,3.998262465,127.348,0.0172
m,3.99387561,130.099,0.0171
m,3.9894882,126.959,0.0172
m,3.981001754,128.613,0.017
m,3.976894772,132.188,0.017
m,3.976894772,131.032,0.017
m,3.968466383,128.63,0.0173
m,3.963452634,135.667,0.0173
m,3.958091136,130.454,0.0177
m,3.92370693,130.367,0.0186
m,3.919386937,128.412,0.0185
m,3.915974793,130.57,0.018
m,3.913328861,129.539,0.0177
s,3.910187393,129.87,0.016
s,3.90976909,129.739,0.0155
s,3.909556525,129.719,0.0153
s,3.909417235,129.69,0.0151
s,3.909417941,129.95,0.0149
s,3.909628725,129.71,0.0138
s,3.909555871,129.776,0.0137
s,3.909416669,129.56,0.0135
s,3.909417457,129.332,0.0133
s,3.909697417,129.471,0.0133
s,3.909974569,129.059,0.0124
s,3.910041751,129.33,0.0123
s,3.9100426,129.609,0.0121
s,3.909829857,129.943,0.012
s,3.91038775,129.627,0.011
s,3.910388207,129.779,0.0109
s,3.910175991,129.761,0.0107
s,3.910176922,129.509,0.0105
s,3.910244192,129.767,0.0104
s,3.910591392,129.489,0.0103
s,3.910658679,129.717,0.0102
s,3.910798637,129.715,0.0102
s,3.91100541,129.781,0.0102
s,3.911145366,129.436,0.0102
s,3.910933717,129.923,0.0099
s,3.910794249,129.576,0.0098
s,3.910934202,129.156,0.0098
s,3.910934202,129.697,0.0098
m,3.953010308,134.349,0.0179
m,3.942635498,135.359,0.0182
m,3.937548459,129.216,0.0182
m,3.932888029,128.461,0.0183
m,3.928367357,137.464,0.0185
m,3.911170239,131.131,0.0172
m,3.909905182,130.004,0.0167
m,3.909765503,129.945,0.0166
m,3.910045796,129.625,0.0165
s,3.910326735,129.934,0.0162
s,3.909625376,129.479,0.0147
s,3.909626102,129.434,0.0145
s,3.909626839,129.501,0.0143
s,3.909627211,129.547,0.0142
s,3.909764964,129.245,0.0131
s,3.909765366,129.23,0.013
s,3.909906158,129.295,0.0128
s,3.909693786,129.42,0.0126
s,3.909974151,129.075,0.0125
s,3.909831596,129.695,0.0116
s,3.909898819,129.484,0.0115
s,3.9101792,129.622,0.0114
s,3.910179646,129.686,0.0113
s,3.910107364,129.499,0.0111
s,3.910384153,129.648,0.0104
s,3.910524588,129.673,0.0103
s,3.910524588,129.761,0.0103
s,3.910591392,129.475,0.0103
s,3.911285324,129.501,0.0102
s,3.911565241,130.004,0.0102
s,3.911425759,129.715,0.0101
s,3.911426238,129.802,0.01
s,3.910933717,130.365,0.0099
s,3.910934202,129.608,0.0098
s,3.911074157,129.507,0.0098
s,3.911287246,129.845,0.0098
s,3.911147289,130.119,0.0098
s,3.911147289,130.036,0.0098
s,3.911147289,130.122,0.0098
s,3.91100782,129.884,0.0097
s,3.91100782,129.756,0.0097
s,3.91100782,129.849,0.0097
s,3.91100782,129.749,0.0097
s,3.911014157,129.863,0.0097
s,3.911014157,129.704,0.0097
s,3.911014157,129.414,0.0097
s,3.910947362,129.759,0.0097
s,3.911087325,129.732,0.0097
s,3.911232245,129.71,0.01
s,3.911092274,129.806,0.01
s,3.911091795,130.18,0.0101
s,3.91137126,129.818,0.0102
s,3.911863925,130.336,0.0103
s,3.911583972,130.013,0.0103
s,3.911583972,129.67,0.0103
s,3.911583972,129.731,0.0103
s,3.911863454,129.225,0.0104
s,3.911644307,129.599,0.0103
s,3.911504341,129.944,0.0103
s,3.911503869,129.697,0.0104
s,3.911503869,129.805,0.0104
s,3.911570657,129.614,0.0104
s,3.911570188,130.065,0.0105
s,3.911570188,130.285,0.0105
s,3.9115034,130.243,0.0105
s,3.911430692,130.015,0.0104
s,3.911570188,129.869,0.0105
s,3.911570657,129.629,0.0104
s,3.911503869,130.329,0.0104
s,3.911643366,129.898,0.0105
s,3.911783335,130.1,0.0105
s,3.911497019,130.089,0.0105
s,3.911356593,129.727,0.0106
s,3.911496553,129.671,0.0106
s,3.911775554,129.836,0.0108
s,3.911848726,129.577,0.0108
s,3.911148266,129.94,0.0096
s,3.910941493,129.646,0.0096
s,3.910941493,129.314,0.0096
s,3.910874196,129.47,0.0097
s,3.911227291,129.761,0.0097
s,3.911226804,129.549,0.0098
s,3.911299986,129.779,0.0098
s,3.911299502,130.121,0.0099
s,3.911372698,129.677,0.0099
s,3.911723949,129.917,0.0103
s,3.911863925,130.129,0.0103
s,3.911723949,130.15,0.0103
s,3.911712234,130.567,0.001
s,3.911797177,130.345,0.0103
s,3.911863454,129.645,0.0104
s,3.911650731,129.668,0.0103
s,3.911650731,129.904,0.0103
s,3.9117175,129.795,0.0103
s,3.911430692,129.584,0.0104
s,3.911570188,129.79,0.0105
s,3.911710152,129.836,0.0105
s,3.911570188,129.869,0.0105
s,3.911570188,130.015,0.0105
s,3.911570657,130.12,0.0104
s,3.911570188,129.935,0.0105
s,3.911570188,130.111,0.0105
s,3.911570657,129.905,0.0104
s,3.911430223,129.806,0.0105
s,3.911643835,129.671,0.0104
s,3.911570188,130.185,0.0105
s,3.911570188,129.872,0.0105
s,3.911569721,129.794,0.0106
s,3.911848267,129.717,0.0109
s,3.911708301,129.805,0.0109
s,3.911707845,130.04,0.011
s,3.911707391,129.419,0.0111
s,3.911633772,129.573,0.0112
s,3.912125947,129.287,0.0114
s,3.912198697,130.44,0.0115
s,3.912198697,129.917,0.0115
s,3.912058284,129.727,0.0116
s,3.911710694,130.463,0.0118
s,3.911710694,130.331,0.0118
s,3.911849803,130.176,0.012
s,3.911783036,130.421,0.012
s,3.911643061,130.292,0.012
s,3.911849375,130.444,0.0121
s,3.911849803,130.895,0.012
s,3.911849803,130.548,0.012
s,3.911989348,130.383,0.0121
s,3.91212932,130.281,0.0121
s,3.911844253,130.153,0.0118
s,3.911844253,130.035,0.0118
s,3.91191148,130.289,0.0117
s,3.91191148,130.101,0.0117
m,3.91197741,131.179,0.0119
m,3.91197741,132.696,0.0119
m,3.911417137,135.213,0.012
m,3.910783752,133.106,0.0121
m,3.908903397,129.98,0.0122
m,3.893230928,140.702,0.0123
m,3.893231782,148.889,0.0121
m,3.88765953,137.064,0.012
m,3.884666364,138.375,0.012
m,3.881740149,133.613,0.012
m,3.855915812,136.145,0.0119
m,3.852782837,143.176,0.0119
m,3.849441638,139.294,0.0122
m,3.842901321,144.806,0.0123
m,3.82188323,149.118,0.0136
m,3.814430934,140.862,0.0137
m,3.810810553,142.524,0.0139
m,3.807189805,148.861,0.0142
m,3.80356947,140.9,0.0144
s,3.911918314,129.714,0.0116
s,3.911917876,129.947,0.0117
s,3.911637937,129.912,0.0117
s,3.911498409,130.015,0.0116
s,3.91149797,130.097,0.0117
s,3.911503089,130.335,0.012
s,3.911569859,130.722,0.012
s,3.911782608,130.293,0.0121
s,3.911782608,130.426,0.0121
s,3.911916576,130.465,0.012
s,3.911917007,130.738,0.0119
s,3.911777036,130.183,0.0119
s,3.911844253,129.983,0.0118
s,3.911844253,130.122,0.0118
s,3.91191148,130.66,0.0117
s,3.911978279,130.502,0.0117
s,3.911978279,130.624,0.0117
m,3.911977843,130.186,0.0118
m,3.911977843,130.183,0.0118
m,3.906323736,133.45,0.0122
m,3.903956288,137.151,0.0124
m,3.901661935,139.449,0.0126
m,3.895949572,134.717,0.0125
m,3.878401088,141.67,0.0118
m,3.870888189,136.453,0.0117
m,3.866988185,142.637,0.0118
m,3.863228113,146.516,0.0119
m,3.859535065,143.261,0.012
m,3.842900465,144.692,0.0125
m,3.835872195,138.754,0.0129
m,3.8323916,143.555,0.0131
m,3.828910212,144.573,0.0135
m,3.825429262,150.214,0.0138
m,3.799881644,145.839,0.0147
m,3.796261344,146.99,0.0149
m,3.792638935,146.913,0.0157
m,3.788878857,142.668,0.0159
m,3.781498956,148.755,0.0162
m,3.777738954,140.655,0.0164
m,3.774045867,141.223,0.0167
m,3.770218395,132.619,0.017
m,3.766318041,144.719,0.0174
m,3.740845311,135.521,0.0202
m,3.737017463,140.17,0.0208
m,3.733118438,140.634,0.0208
m,3.728871268,143.341,0.0214
m,3.701790212,142.246,0.0219
m,3.698031376,143.522,0.0218
m,3.694272959,146.516,0.0215
m,3.68654295,136.952,0.0215
m,3.68285171,141.651,0.0214
m,3.661249321,138.067,0.0216
m,3.657697483,135.795,0.0219
m,3.653659533,129.967,0.0219
m,3.64927052,134.881,0.0218
m,3.644669523,135.861,0.022
m,3.613571729,142.436,0.0229
m,3.605065253,149.014,0.0228
m,3.600673395,138.613,0.0228
m,3.596421806,143.888,0.0227
m,3.571134184,142.873,0.0226
m,3.562848294,150.912,0.0225
m,3.558950057,148.186,0.0223
m,3.554983328,139.374,0.0221
m,3.551017162,138.943,0.0219
m,3.526047828,145.513,0.0217
m,3.521459876,143.288,0.0215
m,3.51708137,144.632,0.0213
m,3.512632587,145.06,0.0216
m,3.506795813,149.239,0.0215
m,3.472977935,144.284,0.0216
m,3.468400451,144.36,0.0213
m,3.464240086,139.908,0.021
m,3.464240797,152.324,0.0207
m,3.762344899,136.566,0.0179
m,3.755462135,136.62,0.0184
m,3.752125792,145.896,0.0191
m,3.752125275,139.873,0.0193
m,3.74460624,154.058,0.0195
m,3.724972094,147.656,0.0215
m,3.716961811,145.855,0.0216
m,3.712995377,134.861,0.0217
m,3.712995183,140.705,0.0218
m,3.705477257,138.185,0.0217
m,3.679160323,150.79,0.0214
m,3.675536318,146.115,0.0215
m,3.671912826,139.451,0.0214
m,3.668356836,143.198,0.0214
m,3.635050088,138.344,0.0221
m,3.635049901,141.776,0.0222
m,3.626054727,147.298,0.0222
m,3.621659736,142.59,0.0223
m,3.617475803,146.313,0.0227
m,3.592031433,143.993,0.0226
m,3.587711294,142.778,0.0232
m,3.58353203,147.713,0.0232
m,3.575241812,135.991,0.0233
m,3.571133659,142.368,0.0229
m,3.543085898,146.638,0.0218
m,3.539258937,146.904,0.0224
m,3.535086306,143.995,0.0222
m,3.530566557,153.886,0.0221
m,3.498530166,146.992,0.0214
m,3.493877414,142.036,0.0213
m,3.489781055,146.919,0.0211
m,3.485891675,146.994,0.0213
m,3.481792653,149.302,0.0219
m,3.455708545,143.087,0.0207
m,3.451201611,144.455,0.0207
m,3.446834808,144.718,0.0204
m,3.442329719,148.348,0.0203
m,3.437826773,148.275,0.0197
m,3.428686872,144.803,0.0194
m,3.424118959,148.797,0.0191
m,3.419690545,144.792,0.0188
m,3.415468221,152.888,0.0185
m,3.410969641,145.452,0.0183
m,3.384938407,141.79,0.0171
m,3.380305952,152.507,0.0171
m,3.375602424,144.642,0.017
m,3.370913569,152.049,0.0168
m,3.366006535,145.549,0.0172
m,3.335549426,141.353,0.017
m,3.330926928,149.88,0.017
m,3.326581752,154.77,0.0168
m,3.322098894,146.664,0.0168
m,3.290209033,142.47,0.0157
m,3.285460909,151.798,0.0152
m,3.276440904,145.351,0.0148
m,3.272043832,145.607,0.0146
m,3.26792313,149.065,0.0143
m,3.246034229,143.809,0.0136
m,3.241705933,143.679,0.0137
m,3.237453761,143.612,0.0138
m,3.228665324,138.257,0.0139
m,3.224615835,144.582,0.0138
m,3.19738039,151.245,0.0144
m,3.188761481,140.478,0.0146
m,3.184718799,141.665,0.0148
m,3.180600526,142.843,0.015
m,3.145127792,143.708,0.0141
m,3.140765657,145.418,0.0137
m,3.136324914,145.033,0.0138
m,3.131807229,144.429,0.014
m,3.127233773,146.084,0.0138
m,3.100842144,143.789,0.0138
m,3.095730388,145.797,0.0141
m,3.090641719,146.811,0.0143
m,3.085828416,143.35,0.0142
m,3.076981552,149.594,0.0134
m,3.406471272,145.577,0.0183
m,3.402324542,147.175,0.0176
m,3.398027006,158.845,0.0175
m,3.389504586,142.754,0.0174
m,3.361239333,147.604,0.0174
m,3.356684587,156.891,0.0174
m,3.352399571,147.813,0.0173
m,3.344179855,150.074,0.0172
m,3.339896706,146.452,0.0171
m,3.313622259,151.483,0.0169
m,3.309281697,148.671,0.0164
m,3.309282474,142.875,0.0162
m,3.300124278,144.517,0.016
m,3.295097886,148.186,0.0157
m,3.263665653,153.659,0.0141
m,3.259346203,150.206,0.014
m,3.255028121,145.349,0.0139
m,3.250636947,142.136,0.0137
m,3.22029266,142.802,0.0138
m,3.220291711,145.966,0.014
m,3.211297566,150.006,0.0142
m,3.206565981,146.232,0.0143
m,3.201896459,142.321,0.0144
m,3.172247258,144.449,0.0151
m,3.167722311,142.425,0.0151
m,3.16327728,158.986,0.0146
m,3.158772807,145.385,0.0143
m,3.154132263,146.223,0.0142
m,3.118633592,144.716,0.0137
m,3.114063512,145.712,0.0135
m,3.109493103,153.659,0.0136
m,3.109492602,154.886,0.0137
m,3.069605469,152.676,0.0135
m,3.067569002,145.314,0.0136
m,3.06757003,147.017,0.0134
m,3.066157302,145.658,0.0132
m,3.066291964,145.727,0.0134
s,3.066291448,146.566,0.0135
s,3.066155745,147.158,0.0135
s,3.066019529,146.8,0.0136
s,3.066019019,145.383,0.0137
s,3.066173733,146.835,0.0144
s,3.065901864,149.656,0.0145
s,3.065629528,147.671,0.0147
s,3.06535768,144.44,0.0148
s,3.065356743,148.005,0.015
s,3.065840191,145.747,0.0156
s,3.066085079,151.207,0
s,3.065974557,147.471,0.0159
s,3.06610981,145.817,0.016
s,3.06624507,147.976,0.0161
s,3.066435251,148.619,0.0166
s,3.066491861,146.213,0.0166
s,3.066627564,143.913,0.0166
s,3.06654808,145.245,0.0167
s,3.066718068,150.229,0.0167
s,3.066718068,144.022,0.0167
s,3.066853791,147.535,0.0167
s,3.066853791,147.219,0.0167
s,3.067045813,147.069,0.0168
s,3.067181138,145.12,0.0169
s,3.067045409,145.591,0.0169
s,3.066830668,146.292,0.0169
s,3.066830668,144.271,0.0169
s,3.066830267,145.319,0.017
s,3.066649267,145.397,0.0172
s,3.066570699,145.243,0.0171
s,3.066706451,144.959,0.0171
s,3.066842601,144.719,0.017
s,3.067364342,145.428,0.0168
s,3.067771646,145.237,0.0168
s,3.067772054,145.689,0.0167
s,3.067693156,146.53,0.0167
s,3.067885821,147.119,0.0167
s,3.065883322,147.327,0.0137
s,3.065882313,146.914,0.0139
s,3.0660966,144.91,0.014
s,3.06623131,148.987,0.0142
s,3.066095121,144.463,0.0143
s,3.065356279,146.326,0.0151
s,3.065570629,143.07,0.0152
s,3.065569718,145.954,0.0154
s,3.065704953,147.783,0.0155
s,3.066515603,147.589,0.0163
s,3.066515603,147.983,0.0163
s,3.066515182,143.709,0.0164
s,3.06637907,143.376,0.0165
s,3.06637907,145.492,0.0165
s,3.066683786,143.722,0.0167
s,3.066740437,145.227,0.0167
s,3.066661387,149.266,0.0167
s,3.066797103,144.632,0.0167
s,3.066797103,150.352,0.0167
s,3.067045409,145.786,0.0169
s,3.066966401,145.965,0.0169
s,3.066966401,144.977,0.0169
s,3.066966401,144.519,0.0169
s,3.066751265,145.234,0.017
s,3.066672273,144.101,0.017
s,3.066671875,146.592,0.0171
s,3.06667148,148.426,0.0172
s,3.066785411,146.19,0.0171
s,3.066842601,146.59,0.017
s,3.066899413,146.344,0.017
s,3.067035572,147.818,0.0169
s,3.067092407,146.403,0.0169
s,3.067228171,142.492,0.0169
s,3.067965117,145.486,0.0166
s,3.067829755,144.378,0.0165
s,3.067693981,145.577,0.0165
s,3.067694399,143.392,0.0164
s,3.068045261,142.492,0.0163
s,3.068125013,143.815,0.0161
s,3.067932393,144.248,0.0161
s,3.067954932,144.835,0.016
s,3.068169634,142.919,0.016
s,3.067967058,142.278,0.0155
s,3.067967508,144.933,0.0154
s,3.068374689,144.54,0.0154
s,3.068317978,144.571,0.0154
s,3.067337443,144.868,0.0146
s,3.067337923,145.371,0.0145
s,3.067259329,147.289,0.0144
s,3.067395519,147.062,0.0143
s,3.067316942,146.267,0.0142
s,3.067158838,144.424,0.0142
s,3.067158838,144.219,0.0142
s,3.0670798,148.867,0.0142
s,3.067407461,144.754,0.0143
s,3.067407461,146.376,0.0143
s,3.066944081,146.256,0.0142
s,3.067215521,150.817,0.0142
s,3.067215521,148.531,0.0142
s,3.067430277,147.865,0.0142
s,3.068460347,145.115,0.014
s,3.068596072,145.645,0.014
s,3.068732298,142.953,0.0139
s,3.069003756,144.144,0.0139
s,3.069196226,143.507,0.0139
s,3.070103153,145.458,0.0137
s,3.070431539,143.936,0.0137
s,3.070410037,144.182,0.0136
s,3.070467455,143.089,0.0135
s,3.070660167,143.525,0.0135
s,3.070334279,143.528,0.013
s,3.070413687,142.819,0.0129
s,3.070414222,145.052,0.0128
s,3.070278445,144.844,0.0128
s,3.068327984,145.063,0.0159
s,3.068271651,144.69,0.0158
s,3.068350638,143.914,0.0158
s,3.068215343,144.087,0.0157
s,3.06802332,143.491,0.0156
s,3.068182709,145.47,0.0153
s,3.068126479,145.532,0.0152
s,3.067934559,144.491,0.0151
s,3.067528359,145.218,0.0149
s,3.067393595,145.365,0.0147
s,3.067316942,145.258,0.0142
s,3.067316942,144.282,0.0142
s,3.067237887,147.4,0.0142
s,3.06723838,146.768,0.0141
s,3.067136007,144.277,0.0143
s,3.067271734,142.262,0.0143
s,3.067271734,145.141,0.0143
s,3.067000772,145.046,0.0142
s,3.066944081,144.44,0.0142
s,3.067565998,146.075,0.0142
s,3.067702211,145.57,0.0141
s,3.067916962,146.212,0.0141
s,3.067973657,144.609,0.0141
s,3.068109875,145.612,0.014
s,3.069467702,144.072,0.0139
s,3.069874924,144.295,0.0139
s,3.069852748,142.883,0.0139
s,3.069910059,142.989,0.0138
s,3.070524893,146.05,0.0134
s,3.070525411,145.201,0.0133
s,3.07039067,145.46,0.0131
s,3.07039067,142.672,0.0131
s,3.070391198,145.513,0.013
s,3.070279524,145.553,0.0126
s,3.07022264,145.435,0.0126
s,3.070087414,143.604,0.0125
s,3.069952192,144.083,0.0124
s,3.069952192,143.036,0.0124
s,3.069816974,144.25,0.0123
s,3.069760121,146.788,0.0123
s,3.069974806,144.065,0.0123
s,3.069918533,147.072,0.0122
s,3.069647582,145.544,0.0121
s,3.069264208,147.915,0.0118
s,3.069343761,148.059,0.0117
s,3.069344335,146.087,0.0116
s,3.069366596,145.734,0.0116
s,3.069445609,148.038,0.0116
s,3.069626618,144.784,0.0115
s,3.069490909,146.457,0.0115
s,3.069513347,146.066,0.0115
s,3.069592434,145.198,0.0115
m,3.069954707,152.189,0.0114
m,3.070169547,144.443,0.0114
m,3.069649072,142.561,0.0115
m,3.068777643,144.699,0.0117
m,3.066742661,143.097,0.0118
m,3.051593482,138.594,0.0134
m,3.044739326,142.465,0.0136
m,3.040730852,140.421,0.0139
m,3.036777787,149.515,0.0144
m,3.033014309,148.581,0.0153
m,3.005486139,142.654,0.016
m,3.001622237,142.944,0.0163
m,2.99754384,143.088,0.0165
m,2.993329226,144.947,0.0172
m,2.963439821,144.757,0.0182
m,2.959182511,140.133,0.0183
m,2.955143625,146.079,0.0182
m,2.951106466,146.616,0.018
m,2.94256996,138.231,0.0184
m,2.919427686,141.011,0.0183
m,2.915316267,145.127,0.0188
m,2.906933031,146.855,0.0192
m,2.906932,145.493,0.0195
m,2.89791613,140.839,0.0196
s,3.069376639,145.556,0.012
s,3.069320413,145.737,0.0119
s,3.069320413,144.429,0.0119
s,3.069264208,147.058,0.0118
s,3.069389486,150.308,0.0115
s,3.069468522,146.513,0.0115
s,3.069468522,146.757,0.0115
s,3.069875676,148.314,0.0115
s,3.069762329,145.199,0.0115
s,3.069942921,145.541,0.0115
s,3.070157137,145.137,0.0116
s,3.069988008,145.073,0.0115
s,3.069795804,144.514,0.0115
m,3.069954707,145.265,0.0114
m,3.063948409,145.891,0.0123
m,3.061075762,145.366,0.0127
m,3.054791998,138.673,0.013
m,3.051594529,142.149,0.0132
m,3.029199419,144.645,0.0155
m,3.021055975,144.554,0.0159
m,3.016999457,142.421,0.0159
m,3.013133585,146.265,0.016
m,3.013133585,144.005,0.016
m,2.98490651,142.063,0.0177
m,2.980345752,144.605,0.0179
m,2.976218548,137.184,0.018
m,2.972226493,144.264,0.0183
m,2.968101835,150.293,0.0183
m,2.937967049,132.188,0.0186
m,2.933128342,139.597,0.0184
m,2.928560315,148.377,0.0182
m,2.923859007,138.831,0.0182
m,2.893459157,147.709,0.0202
m,2.889354878,136.726,0.0208
m,2.885034944,141.509,0.0212
m,2.88085083,140.226,0.0213
m,2.876885658,153.426,0.0213
m,2.86917621,139.424,0.0214
m,2.8656153,147.66,0.0215
m,2.865614493,139.679,0.0218
m,2.858312524,143.779,0.022
m,2.832649382,147.87,0.0235
m,2.828918009,146.756,0.0233
m,2.828918225,156.419,0.0232
m,2.821287995,157.14,0.0231
m,2.817293711,150.048,0.0231
m,2.791467409,148.986,0.0235
m,2.787530134,142.159,0.0236
m,2.783594319,144.862,0.0236
m,2.779923725,145.967,0.0243
m,2.776474008,143.883,0.0248
m,2.749986451,152.703,0.0251
m,2.746415692,145.867,0.025
m,2.742845646,139.708,0.0253
m,2.736151096,149.561,0.0252
m,2.715786496,146.538,0.0246
m,2.712315157,150.537,0.0242
m,2.708933401,153.563,0.0238
m,2.701381831,146.461,0.0236
m,2.697344575,147.459,0.0236
m,2.67718095,148.332,0.0235
m,2.673373774,151.327,0.0235
m,2.669609984,144.14,0.0233
m,2.662004817,146.301,0.0228
m,2.658425498,145.184,0.0228
m,2.635088121,144.431,0.0212
m,2.631731057,144.391,0.0211
m,2.628243864,144.32,0.0212
m,2.624497753,146.739,0.021
m,2.597456512,142.319,0.0201
m,2.593333086,154.516,0.0197
m,2.589044536,140.791,0.0192
m,2.584626119,148.925,0.0193
m,2.576447266,139.778,0.0191
m,2.854886865,142.27,0.0226
m,2.851328846,157.009,0.0231
m,2.847505251,138.473,0.0234
m,2.843719001,136.223,0.0236
m,2.839801013,143.099,0.0238
m,2.81294896,147.545,0.0232
m,2.808558692,159.38,0.0232
m,2.799744178,143.267,0.0234
m,2.795671853,145.384,0.0233
m,2.772720049,141.518,0.0249
m,2.768921642,145.94,0.0248
m,2.76110478,147.391,0.0249
m,2.757264811,137.448,0.025
m,2.753558699,149.997,0.0251
m,2.732761477,149.895,0.0251
m,2.732761477,146.528,0.0251
m,2.726204666,153.058,0.0253
m,2.722906452,157.717,0.0251
m,2.71921366,146.272,0.025
m,2.697344575,148.552,0.0236
m,2.689053316,143.8,0.0238
m,2.685110338,154.769,0.0236
m,2.68107912,147.131,0.0236
m,2.655109699,149.076,0.0229
m,2.651707857,149.642,0.0219
m,2.648083777,145.945,0.0217
m,2.641412893,138.861,0.0215
m,2.641413814,147.78,0.0212
m,2.620531052,145.124,0.0208
m,2.612783376,159.971,0.0209
m,2.609134848,147.608,0.0207
m,2.605394301,146.495,0.021
m,2.60161981,146.357,0.0205
m,2.572167821,146.561,0.0187
m,2.567890859,155.489,0.0183
m,2.563745041,156.087,0.0181
m,2.559860944,150.808,0.0178
m,2.556201186,151.19,0.0177
m,2.552290302,148.909,0.0165
m,2.545043594,147.953,0.0159
m,2.54504467,145.301,0.0157
m,2.538324694,151.867,0.0151
m,2.514515331,148.418,0.0138
m,2.511403279,144.882,0.0132
m,2.511407246,138.659,0.0126
m,2.505189484,145.166,0.0121
m,2.484372905,148.726,0.0104
m,2.481549059,148.072,0.0102
m,2.478630481,145.771,0.01
m,2.475586802,152.292,0.0099
m,2.472774999,138.267,0.0094
m,2.455679469,156.738,0.0093
m,2.452535174,148.66,0.0091
m,2.44964632,138.831,0.009
m,2.447040458,145.584,0.0088
m,2.442948854,143.442,0.008
m,2.428488992,149.363,0.0078
m,2.42532966,141.939,0.0076
m,2.422298744,145.037,0.0076
m,2.416274661,139.425,0.0075
m,2.39827348,142.666,0.0064
m,2.392729778,142.709,0.0064
m,2.390137359,150.469,0.0066
m,2.387299996,139.825,0.0068
m,2.384593471,137.219,0.0067
m,2.370617363,143.492,0.0073
m,2.364753861,141.686,0.0076
m,2.36192887,133.148,0.0081
m,2.358632407,139.174,0.0083
m,2.354967662,133.029,0.0085
m,2.329796548,142.355,0.0103
m,2.326440095,143.273,0.0104
m,2.323064346,146.909,0.011
m,2.319813818,149.04,0.0114
m,2.534997921,144.705,0.0149
m,2.531834446,150.379,0.0151
m,2.528512225,147.835,0.015
m,2.525065194,147.022,0.0147
m,2.521588482,151.671,0.0143
m,2.50221509,143.651,0.0117
m,2.49934013,146.139,0.0114
m,2.496115532,153.53,0.0112
m,2.490158109,149.237,0.0108
m,2.487328394,138.964,0.0105
m,2.467126698,147.535,0.0092
m,2.467128354,146.281,0.009
m,2.461574195,140.11,0.0092
m,2.458800516,148.383,0.0094
m,2.441233241,143.949,0.0077
m,2.441235037,142.457,0.0075
m,2.437120366,145.96,0.0076
m,2.434696866,147.526,0.0081
m,2.431651321,140.127,0.0082
m,2.413282745,143.389,0.0072
m,2.413284605,141.384,0.007
m,2.40718603,137.625,0.0066
m,2.404081472,141.968,0.0063
m,2.401124635,137.109,0.0063
m,2.381661323,135.016,0.0067
m,2.378980476,129.742,0.0067
m,2.376177048,132.497,0.0069
m,2.370620199,130.772,0.007
m,2.347661798,135.884,0.0088
m,2.344001599,137.505,0.0091
m,2.340360032,141.766,0.0094
m,2.336827185,136.386,0.0096
m,2.333309903,137.665,0.0101
m,2.313687475,139.083,0.0116
m,2.310700389,137.632,0.0119
m,2.307942564,149.304,0.0123
m,2.293383786,146.645,0.0155
m,2.290119603,145.557,0.0162
m,2.290115066,153.067,0.017
m,2.284956266,153.613,0.0173
m,2.282354707,146.927,0.0174
m,2.279047252,141.996,0.0179
m,2.274913376,138.102,0.0185
m,2.251779373,138.04,0.0195
m,2.242047135,137.835,0.0197
m,2.236997522,140.692,0.0199
m,2.23207006,144.331,0.0201
m,2.22714394,145.197,0.02
m,2.196706251,138.98,0.0205
m,2.192740975,143.991,0.0207
m,2.185283633,139.528,0.0213
m,2.185284016,133.767,0.0212
m,2.153050132,143.231,0.0217
m,2.148949461,156.158,0.0217
m,2.144633501,142.073,0.0216
m,2.14019514,138.474,0.0216
m,2.135526917,141.964,0.0216
m,2.107166893,142.334,0.0213
m,2.102499493,135.133,0.0211
m,2.09806113,143.334,0.0211
m,2.088603918,146.608,0.0208
m,2.083814519,154.237,0.0206
m,2.051262479,143.938,0.0199
m,2.051262958,156.337,0.0198
m,2.040828923,143.718,0.0196
m,2.035199072,143.385,0.0195
m,1.993515095,142.19,0.0193
m,1.988332822,136.11,0.0191
m,1.983150863,139.29,0.0189
m,1.978185766,140.325,0.0187
m,1.973344711,140.265,0.0182
m,1.943945133,156.385,0.0184
m,1.938776897,142.472,0.0185
m,1.933486722,147.962,0.0187
m,1.928425371,132.758,0.0192
m,1.918090675,138.876,0.0193
m,2.270170128,137.638,0.0188
m,2.265320335,143.221,0.019
m,2.260592646,139.56,0.0193
m,2.25178028,142.552,0.0193
m,2.222555557,136.509,0.0199
m,2.213772559,145.898,0.0199
m,2.209441652,143.442,0.02
m,2.205124884,133.417,0.0201
m,2.200793978,136.929,0.0202
m,2.176989061,141.839,0.0212
m,2.173010053,141.148,0.0213
m,2.169396369,144.09,0.0216
m,2.165675275,141.806,0.0218
m,2.161481007,141.411,0.0218
m,2.12619086,148.6,0.0215
m,2.121414081,140.031,0.0217
m,2.121414081,148.326,0.0217
m,2.111834321,152.512,0.0215
m,2.079377042,152.574,0.0204
m,2.074952532,150.785,0.0205
m,2.070529392,144.301,0.0203
m,2.065739591,146.483,0.0202
m,2.060950734,156.764,0.0199
m,2.029338931,142.386,0.0195
m,2.023465204,144.962,0.0194
m,2.017361234,142.492,0.0194
m,2.005869843,145.193,0.0197
m,1.998927621,144.978,0.0195
m,1.968502481,144.271,0.018
m,1.959100168,151.807,0.0179
m,1.954161046,138.812,0.0181
m,1.949113522,148.406,0.0183
m,1.918089599,149.164,0.0195
m,1.907756054,137.149,0.0195
m,1.902819869,141.244,0.0195
m,1.89812761,144.594,0.0193
m,1.893555681,139.735,0.0193
m,1.884312932,138.18,0.0197
m,1.879269788,138.597,0.0194
m,1.873995839,147.028,0.0192
m,1.869084039,143.327,0.0193
m,1.832317773,137.904,0.0193
m,1.826438838,150.954,0.0191
m,1.820802481,147.068,0.0189
m,1.815055695,146.735,0.0189
m,1.809661263,150.446,0.0188
m,1.776776498,138.018,0.019
m,1.771140022,146.617,0.0192
m,1.765736986,141.613,0.019
m,1.760093532,135.902,0.0187
m,1.749145571,145.847,0.0187
m,1.716120371,136.082,0.0188
m,1.7114515,138.94,0.0188
m,1.70642064,139.156,0.0189
m,1.701905774,134.468,0.0187
m,1.666944879,142.542,0.0192
m,1.661554964,139.834,0.0193
m,1.656507684,134.724,0.0194
m,1.651458927,136.741,0.0198
m,1.646301043,145.204,0.0199
m,1.612425584,134.087,0.0213
m,1.606797793,128.61,0.0216
m,1.601291041,126.333,0.0217
m,1.590174557,129.863,0.0218
m,1.584557027,127.468,0.0218
m,1.551756619,129.471,0.0219
m,1.540790969,127.464,0.0219
m,1.535321672,128.199,0.0222
m,1.530084106,130.438,0.0225
m,1.492111029,126.376,0.0223
m,1.48710607,130.359,0.0225
m,1.481758629,131.063,0.0226
m,1.476180049,129.577,0.0227
m,1.470482417,134.052,0.0227
m,1.864173373,148.722,0.0192
m,1.8592633,138.676,0.019
m,1.854230294,140.146,0.0191
m,1.848966306,141.864,0.0193
m,1.843338746,139.667,0.0195
m,1.798739334,145.136,0.0188
m,1.793224507,144.487,0.0187
m,1.787698763,143.305,0.0186
m,1.782181361,140.987,0.019
m,1.744095086,140.451,0.0186
m,1.7392752,145.14,0.0186
m,1.734586187,142.637,0.0186
m,1.729786827,144.343,0.0186
m,1.724986246,146.199,0.0188
m,1.69719795,135.227,0.0188
m,1.687240053,141.574,0.0188
m,1.687240053,139.5,0.0188
m,1.677272827,145.175,0.0189
m,1.672224589,139.291,0.019
m,1.635514934,146.15,0.0201
m,1.629773544,139.835,0.0205
m,1.624032468,140.163,0.0209
m,1.618284656,135.267,0.0211
m,1.579184239,135.559,0.0222
m,1.573694889,128.702,0.022
m,1.568202647,129.365,0.0224
m,1.557230993,125.651,0.0221
m,1.551754631,128.47,0.0223
m,1.524607986,132.336,0.0227
m,1.513187507,128.533,0.0226
m,1.507601079,126.088,0.0225
m,1.502246255,124.374,0.0224
m,1.497122982,128.857,0.0223
m,1.459198295,135.538,0.0229
m,1.453963427,150.558,0.023
m,1.449080424,144.472,0.023
m,1.444427927,139.895,0.0232
m,1.440014736,127.912,0.0236
m,1.435362221,127.161,0.0239
m,1.430480751,129.095,0.0237
m,1.420698941,128.176,0.0236
m,1.420699383,130.023,0.0235
m,1.384015003,135.884,0.0242
m,1.379476776,126.78,0.0241
m,1.375280512,130.003,0.0239
m,1.370521963,132.054,0.0237
m,1.336335484,130.085,0.0236
m,1.331371242,136.957,0.0235
m,1.326287034,143.216,0.0234
m,1.315757397,130.473,0.0233
m,1.310541536,133.068,0.0234
m,1.288155003,135.299,0.0237
m,1.284067286,136.377,0.0239
m,1.280126135,140.881,0.0241
m,1.272328746,140.14,0.0243
m,1.268254277,141.961,0.0244
m,1.237092531,130.972,0.0254
m,1.237092173,140.736,0.0255
m,1.228513446,136.402,0.0256
m,1.223844584,146.337,0.0257
m,1.188204233,142.275,0.0258
m,1.182601792,139.372,0.0259
m,1.176876985,141.581,0.0261
m,1.171368468,139.955,0.0261
m,1.160933468,134.709,0.0261
m,1.135474734,134.311,0.0267
m,1.130656755,134.096,0.0268
m,1.12583927,147.304,0.0268
m,1.116326403,138.777,0.0269
m,1.111630943,143.408,0.027
m,1.080707324,130.235,0.0274
m,1.075164782,133.745,0.0274
m,1.06387568,132,0.0274
m,1.058237821,126.528,0.0274
m,1.411878724,134.815,0.0235
m,1.40723727,138.984,0.0236
m,1.402355597,133.879,0.0237
m,1.397714329,143.76,0.0239
m,1.388544305,139.915,0.0241
m,1.365642744,126.374,0.0236
m,1.355673958,141.094,0.0236
m,1.351036959,139.482,0.0235
m,1.351036959,130.831,0.0235
m,1.341191302,127.155,0.0236
m,1.305569665,131.805,0.0233
m,1.300815598,137.562,0.0234
m,1.296401716,142.641,0.0234
m,1.292230763,141.519,0.0234
m,1.264205958,144.752,0.0244
m,1.259927889,133.563,0.0244
m,1.255188779,132.906,0.0247
m,1.250667142,142.948,0.025
m,1.245780628,128.23,0.0253
m,1.219406024,134.193,0.0257
m,1.214751763,143.684,0.0256
m,1.209867676,135.209,0.0255
m,1.199531177,133.899,0.0256
m,1.193928729,142.158,0.0257
m,1.160932831,148.215,0.0263
m,1.150849738,139.058,0.0264
m,1.145693496,129.94,0.0264
m,1.140644518,141.427,0.0267
m,1.111630687,135.675,0.0271
m,1.101767161,138.672,0.0272
m,1.096829156,140.138,0.0273
m,1.091757323,138.642,0.0274
m,1.086347039,134.992,0.0275
m,1.052709981,124.978,0.0274
m,1.047447338,137.747,0.0274
m,1.043504373,131.993,0.0274
m,1.039097118,142.067,0.0272
m,1.032406352,129.379,0.0273
m,1.020862962,137.24,0.0275
m,1.015098064,131.303,0.0277
m,1.009555445,133.77,0.0279
m,1.004245943,125.308,0.028
m,0.999067603,132.766,0.0282
m,0.965230408,124.177,0.0297
m,0.954914395,123.356,0.0297
m,0.95491437,128.126,0.03
m,0.944867653,131.084,0.0303
m,0.940079507,136.977,0.0302
m,0.911222405,128.878,0.0308
m,0.90703995,130.678,0.0308
m,0.902977685,137.881,0.0309
m,0.899019584,124.302,0.0312
m,0.88278596,133.025,0.032
s,0.883026592,130.133,0.0322
s,0.883026853,132.259,0.0323
s,0.883027127,135.601,0.0324
s,0.883258928,135.747,0.0326
s,0.883870513,131.729,0.0332
s,0.883750372,131.971,0.0332
s,0.883750746,131.805,0.0333
s,0.883751132,128.861,0.0334
s,0.883871274,131.336,0.0334
s,0.88458518,132.702,0.0339
s,0.884696624,134.177,0.034
s,0.884946664,131.396,0.0341
s,0.885187561,133.922,0.0342
s,0.885428515,134.652,0.0343
s,0.885548754,132.849,0.0343
s,0.885669008,132.099,0.0343
s,0.885669008,132.999,0.0343
s,0.885558171,132.11,0.0343
s,0.885556744,130.861,0.034
s,0.885667582,129.674,0.034
s,0.885667582,129.977,0.034
s,0.885788304,129.922,0.0341
s,0.885899148,133.228,0.0341
m,0.994121425,131.349,0.0286
m,0.98447426,125.514,0.0285
m,0.975190063,129.933,0.0291
m,0.97038556,133.704,0.0294
m,0.935410792,130.867,0.0302
m,0.931331886,129.457,0.0302
m,0.923539943,125.469,0.0306
m,0.919356546,123.023,0.0306
m,0.91528552,125.446,0.0307
m,0.891248336,141.589,0.0315
m,0.891248709,127.684,0.0317
m,0.884875516,132.842,0.0318
m,0.883247985,136.952,0.0318
m,0.88278596,134.702,0.032
s,0.883508416,135.79,0.0327
s,0.883748986,131.318,0.0328
s,0.883749656,134.055,0.033
s,0.88387015,137.747,0.0331
s,0.883871671,132.187,0.0335
s,0.884232554,133.723,0.0336
s,0.884353152,133.186,0.0337
s,0.88447377,130.271,0.0338
s,0.884474212,132.43,0.0339
s,0.885178278,135.386,0.0342
s,0.885058577,135.609,0.0343
s,0.885058577,134.252,0.0343
s,0.885178765,136.069,0.0343
s,0.885419178,135.904,0.0343
s,0.885677962,133.249,0.0342
s,0.885798249,129.906,0.0342
s,0.885797774,129.549,0.0341
s,0.88591807,130.836,0.0341
s,0.885899148,132.391,0.0341
s,0.886010009,128.261,0.0341
s,0.886010484,131.881,0.0342
s,0.886010484,131.392,0.0342
s,0.886130726,131.983,0.0342
s,0.886491988,131.022,0.0343
s,0.886372217,132.939,0.0344
s,0.886381686,131.719,0.0344
s,0.88626191,129.116,0.0345
s,0.885710906,128.823,0.035
s,0.885711483,129.082,0.0351
s,0.885842149,129.618,0.0352
s,0.885731536,129.828,0.0352
s,0.885732136,130.212,0.0353
s,0.885613605,127.93,0.0356
s,0.88561425,127.154,0.0357
s,0.885504306,130.021,0.0358
s,0.885615574,129.452,0.0359
s,0.885616252,129.904,0.036
s,0.884894765,131.604,0.0361
s,0.884885163,126.664,0.0361
s,0.884894765,127.182,0.0361
s,0.884894074,127.013,0.036
s,0.884874263,129.123,0.0359
s,0.885235169,130.983,0.0359
s,0.885235169,130.494,0.0359
s,0.884874263,129.434,0.0359
s,0.884874942,130.492,0.036
s,0.885227693,129.018,0.0362
s,0.885228406,128.631,0.0363
s,0.885108118,129.497,0.0363
s,0.885108842,129.91,0.0364
s,0.884988568,130.49,0.0364
s,0.884638695,128.498,0.0366
s,0.884638695,128.643,0.0366
s,0.884638695,127.532,0.0366
s,0.884518429,127.692,0.0366
s,0.884406862,128.842,0.0365
s,0.88428659,128.158,0.0365
s,0.88428659,129.066,0.0365
s,0.884295334,128.503,0.0364
s,0.884656242,127.922,0.0364
s,0.886031352,130.242,0.0346
s,0.885911598,133.762,0.0347
s,0.885801339,130.854,0.0348
s,0.885922189,129.747,0.0349
s,0.885701262,128.454,0.035
s,0.885732136,130.985,0.0353
s,0.885732747,128.861,0.0354
s,0.885733369,126.681,0.0355
s,0.885613605,125.959,0.0356
s,0.885616252,130.135,0.036
s,0.885255816,129.779,0.0361
s,0.885255816,129.388,0.0361
s,0.885136156,130.977,0.0362
s,0.885015098,128.245,0.0361
s,0.885004791,130.103,0.036
s,0.885004791,132.877,0.036
s,0.885004112,140.013,0.0359
s,0.884994558,132.256,0.0359
s,0.884994558,131.331,0.0359
s,0.884874942,130.574,0.036
s,0.884995927,128.649,0.0361
s,0.884995927,129.503,0.0361
s,0.884995927,129.503,0.0361
s,0.884878509,131.36,0.0365
s,0.884878509,130.367,0.0365
s,0.88476773,128.071,0.0365
s,0.88499955,128.26,0.0366
s,0.884768477,128.571,0.0366
s,0.884517681,127.471,0.0365
s,0.884517681,127.308,0.0365
s,0.884637948,129.131,0.0365
s,0.884287337,129.891,0.0366
s,0.884527139,128.158,0.0365
s,0.884535932,127.53,0.0364
s,0.884304151,127.964,0.0363
s,0.884424467,126.82,0.0363
s,0.884434104,126.026,0.0363
s,0.884434104,125.582,0.0363
s,0.884554449,125.522,0.0363
s,0.884684554,126.235,0.0363
s,0.884684554,126.166,0.0363
s,0.884814782,124.832,0.0363
s,0.884373469,125.538,0.0364
s,0.884514174,125.449,0.0364
s,0.884876574,125.337,0.0365
s,0.884645693,126.359,0.0365
s,0.884534659,126.651,0.0364
s,0.884544987,126.928,0.0364
s,0.884544263,124.818,0.0363
s,0.884784797,124.624,0.0362
s,0.884784095,125.701,0.0361
s,0.884408584,125.955,0.0356
s,0.884528542,127.953,0.0355
s,0.884527919,127.053,0.0354
s,0.884637607,127.148,0.0353
s,0.884878774,129.494,0.0353
s,0.884866723,133.877,0.035
s,0.884866156,132.102,0.0349
s,0.884986182,131.909,0.0348
s,0.885217065,131.752,0.0348
m,0.885214959,132.469,0.0344
m,0.885094389,130.023,0.0344
m,0.885204237,126.404,0.0343
m,0.884973335,131.62,0.0343
m,0.884862995,126.793,0.0343
m,0.873315039,140.6,0.0348
m,0.867646461,123.168,0.0347
m,0.864406057,131.228,0.0346
m,0.861057189,121.41,0.0346
m,0.857587274,128.291,0.0345
m,0.829299557,117.955,0.0349
m,0.825026369,124.173,0.0353
m,0.820961796,117.277,0.0357
m,0.81196038,117.401,0.036
s,0.884814782,124.92,0.0363
s,0.884464097,125.774,0.0364
s,0.884353541,127.229,0.0364
s,0.884363475,127.916,0.0364
s,0.884373469,124.873,0.0364
s,0.884525127,127.286,0.0365
s,0.884414803,128.695,0.0365
s,0.884414803,129.3,0.0365
s,0.884414803,129.538,0.0365
s,0.884535395,127.34,0.0365
s,0.884542847,124.492,0.0361
s,0.88442155,128.808,0.036
s,0.8842996,124.896,0.0358
s,0.884419545,127.553,0.0357
s,0.884757588,127.153,0.0352
s,0.884757588,128.342,0.0352
s,0.884998773,127.491,0.0352
s,0.884987881,128.519,0.0351
s,0.884746156,131.981,0.035
s,0.885709846,132.365,0
s,0.88546749,128.239,0.0346
s,0.88558759,133.229,0.0345
s,0.885336043,129.393,0.0345
s,0.885214959,132.237,0.0344
m,0.882706493,123.451,0.0343
m,0.880861249,125.208,0.0345
m,0.878302403,125.253,0.0347
m,0.875743087,119.963,0.0348
m,0.853900117,143.703,0.0345
m,0.846286797,123.765,0.0346
m,0.84235975,119.655,0.0346
m,0.842360309,117.306,0.0347
m,0.833927252,123.111,0.0348
m,0.807721012,124.281,0.0361
m,0.80359066,122.772,0.0362
m,0.799355389,119.484,0.0363
m,0.79522954,117.927,0.0365
m,0.786913412,118.211,0.0367
m,0.782493168,110.406,0.0368
m,0.77837185,118.487,0.037
m,0.774130076,115.272,0.0373
m,0.769628324,123.162,0.0379
m,0.765141564,113.707,0.0381
m,0.739379073,113.549,0.0387
m,0.73488217,109.442,0.0389
m,0.725203462,110.183,0.039
m,0.720252446,112.185,0.0391
m,0.715221548,126.553,0.0392
m,0.681870393,115.991,0.04
m,0.677560627,107.728,0.04
m,0.673130732,111.398,0.0402
m,0.668981902,106.301,0.0404
m,0.652373324,100.83,0.041
m,0.652006006,101.692,0.0409
m,0.65168206,100.837,0.0409
m,0.651483716,101.109,0.0408
m,0.651512641,101.035,0.0408
m,0.650760717,100.545,0.041
m,0.650662858,101.123,0.041
m,0.65069418,101.191,0.0411
m,0.650725599,100.349,0.0412
m,0.650145986,100.928,0.0411
m,0.649432802,100.939,0.0411
m,0.649592282,100.459,0.0412
m,0.649624255,101.09,0.0413
m,0.649368964,102.023,0.0413
m,0.646811385,114.173,0.0421
m,0.644049157,106.67,0.0422
m,0.637152983,121.476,0.0423
m,0.633568409,123.575,0.0426
m,0.629792765,127.601,0.0429
m,0.606413317,122.048,0.0439
m,0.602321588,114.917,0.0439
m,0.597787509,116.948,0.044
m,0.5930305,113.584,0.044
m,0.588315313,113.067,0.0441
m,0.756539685,110.679,0.0382
m,0.756540781,113.626,0.0383
m,0.747966045,112.613,0.0385
m,0.743733769,113.506,0.0386
m,0.710294424,115.343,0.0392
m,0.705579425,117.665,0.0396
m,0.700611313,133.142,0.0397
m,0.69097345,114.258,0.0398
m,0.686434066,115.35,0.04
m,0.664990843,104.697,0.0406
m,0.656858854,102.892,0.0409
m,0.654249637,101.834,0.041
m,0.652642971,101.359,0.0411
m,0.65218979,101.123,0.041
m,0.651572426,101.116,0.0409
m,0.65115088,100.828,0.0409
m,0.651180207,100.844,0.0409
m,0.651181893,101.184,0.041
m,0.650048298,100.943,0.0411
m,0.64966583,101.103,0.0411
m,0.649568111,101.103,0.0411
m,0.64959796,100.944,0.0411
m,0.649530326,101.038,0.0411
m,0.649243083,101.261,0.0414
m,0.64927509,100.937,0.0415
m,0.649276874,101.022,0.0416
m,0.648800171,103.944,0.0418
m,0.648126946,106.135,0.0419
m,0.625861161,111.784,0.0434
m,0.62215383,115.853,0.0437
m,0.614118275,115.198,0.0438
m,0.610248934,115.233,0.0439
m,0.583734156,114.731,0.0442
m,0.574802975,118.254,0.0442
m,0.57014448,109.672,0.0443
m,0.565670961,123.141,0.0443
m,0.561214551,111.528,0.0448
m,0.551989382,113.115,0.0452
m,0.547009611,131.678,0.0454
m,0.542338594,111.468,0.0454
m,0.537680416,113.02,0.0455
m,0.50217385,110.625,0.0455
m,0.497349296,109.07,0.0455
m,0.48813122,115.869,0.0456
m,0.48813122,120.449,0.0456
m,0.47870736,110.369,0.0456
m,0.450764218,113.739,0.044
m,0.445760401,115.989,0.0439
m,0.440683266,115.839,0.0435
m,0.435548222,108.878,0.0432
m,0.430130884,105.163,0.0424
m,0.391243387,106.001,0.0396
m,0.386880495,132.179,0.0391
m,0.382540173,115.381,0.0387
m,0.377706427,112.67,0.038
m,0.347872673,116.053,0.0356
m,0.343835684,109.384,0.0352
m,0.336172718,110.773,0.0349
m,0.332642886,109.077,0.0347
m,0.329036338,104.351,0.0345
m,0.314762899,108.208,0.0319
m,0.311633533,113.848,0.0315
m,0.310087215,113.441,0.031
m,0.309828113,113.932,0.0305
m,0.309680384,112.496,0.03
m,0.310458266,113.429,0.0296
m,0.310752609,113.615,0.0293
m,0.311046964,113.017,0.0291
m,0.31130866,115.275,0.0288
m,0.312954258,112.003,0.0275
m,0.313140999,111.645,0.0274
m,0.313142718,112.755,0.0272
m,0.313292185,112.251,0.0269
m,0.313879866,112.748,0.0268
m,0.532983822,114.132,0.0455
m,0.527944,114.189,0.0455
m,0.517624695,115.56,0.0455
m,0.512344597,111.344,0.0455
m,0.512344597,119.275,0.0455
m,0.473999551,117.935,0.0454
m,0.469007135,118.777,0.0452
m,0.464092502,121.837,0.0447
m,0.455099404,120.899,0.0443
m,0.419593863,108.68,0.042
m,0.414653366,106.355,0.0415
m,0.414642453,111.156,0.0411
m,0.405096946,113.883,0.0408
m,0.395850603,117.049,0.04
m,0.368482113,115.468,0.0377
m,0.36847396,106.928,0.0373
m,0.359990078,104.654,0.037
m,0.355832901,105.078,0.0366
m,0.351691502,104.707,0.0358
m,0.325681308,108.106,0.0342
m,0.322049793,107.234,0.0337
m,0.316802636,101.127,0.0328
m,0.314765577,115.509,0.0323
m,0.309682057,111.335,0.03
m,0.309757081,112.588,0.0299
m,0.309794747,113.041,0.0299
m,0.309979492,112.063,0.0298
m,0.310126494,115.912,0.0297
m,0.311794805,113.166,0.0286
m,0.312019879,111.079,0.0284
m,0.312245438,111.418,0.0282
m,0.312433705,112.019,0.0278
m,0.312766891,111.957,0.0277
m,0.313881964,111.421,0.0266
m,0.313591994,115.779,0.0263
m,0.313633715,116.062,0.0261
m,0.313634972,112.234,0.026
m,0.313640318,114.003,0.0256
m,0.313682565,112.177,0.0254
m,0.313977285,111.609,0.0253
m,0.314126983,113.973,0.0251
m,0.314276779,113.711,0.0249
m,0.314871825,111.773,0.0244
m,0.31487544,111.82,0.0242
m,0.314914768,111.758,0.0242
m,0.315067051,112.052,0.0239
m,0.302781586,109.867,0.0226
m,0.299221913,115.135,0.0225
m,0.295839949,107.801,0.0224
m,0.292194973,110.801,0.0222
m,0.285412558,117.81,0.0222
m,0.264409829,112.25,0.0221
m,0.261109961,119.008,0.0221
m,0.257859019,110.974,0.022
m,0.254811928,108.208,0.022
m,0.251673868,118.405,0.022
m,0.230737528,117.85,0.0221
m,0.227997288,108.981,0.0222
m,0.222846066,103.377,0.0224
m,0.220169399,107.85,0.0225
m,0.204010341,105.944,0.0226
m,0.202030933,99.683,0.0225
m,0.20039368,101.607,0.0225
m,0.198767952,103.136,0.0224
m,0.196276597,104.699,0.0222
m,0.192465149,68.628,0.0223
m,0.192075952,68.235,0.0224
m,0.191783542,68.235,0.0226
m,0.191414961,98.418,0.0228
m,0.191228503,102.574,0.0229
m,0.201053087,93.328,0.0232
m,0.203698835,110.545,0.0233
m,0.206485112,95.863,0.0233
m,0.212576124,92.669,0.0234
m,0.314278415,112.311,0.0248
m,0.314426718,112.684,0.0247
m,0.314575053,112.765,0.0246
m,0.314723422,112.03,0.0245
m,0.314723422,111.829,0.0245
m,0.315033687,112.693,0.0236
m,0.314627093,103.83,0.0234
m,0.313963292,121.718,0.023
m,0.309216747,112.507,0.0228
m,0.309219089,110.346,0.0227
m,0.28164999,120.656,0.0222
m,0.278084768,114.996,0.0222
m,0.274588798,102.85,0.0221
m,0.271151001,108.332,0.0221
m,0.245433969,102.996,0.022
m,0.242187312,105.008,0.022
m,0.242187312,104.617,0.022
m,0.236185482,101.041,0.022
m,0.23342499,105.033,0.0221
m,0.217622195,114.502,0.0225
m,0.215215657,106.071,0.0225
m,0.212915941,115.31,0.0225
m,0.208650965,99.709,0.0225
m,0.206203102,104.038,0.0226
m,0.196276597,68.273,0.0222
m,0.19422761,68.384,0.0222
m,0.193634553,68.604,0.0222
m,0.19531047,68.486,0
m,0.191191325,68.228,0.0229
m,0.192164287,68.68,0.023
m,0.193123096,74.6,0.023
m,0.196318302,106.661,0.0231
m,0.198409914,100.353,0.0231
m,0.215593134,92.727,0.0235
m,0.218682089,92.891,0.0235
m,0.221896036,92.686,0.0236
m,0.22510929,92.519,0.0237
m,0.231081695,92.495,0.0237
m,0.233223788,96.035,0.0238
m,0.234628802,97.605,0.0238
m,0.235563875,92.802,0.0237
m,0.236030809,92.517,0.0237
m,0.236500913,92.813,0.0236
m,0.237382303,92.913,0.0237
m,0.237330146,92.895,0.0237
m,0.237330146,92.955,0.0237
m,0.237382303,92.896,0.0237
m,0.237330146,92.976,0.0237
m,0.237228778,92.904,0.0236
m,0.237457214,92.898,0.0235
m,0.237509229,92.9,0.0235
m,0.237561346,92.898,0.0235
m,0.237789941,92.927,0.0234
m,0.237894476,92.889,0.0234
m,0.237966398,92.884,0.0233
m,0.238070856,92.896,0.0233
m,0.238192234,92.918,0.0233
m,0.239350052,93.42,0.0229
m,0.240514355,93.815,0.0229
m,0.24244786,92.871,0.0229
m,0.245283863,92.78,0.0229
m,0.250846054,92.686,0.0229
m,0.260613919,92.479,0.0231
m,0.259606412,92.593,0.023
m,0.258266955,92.539,0.0231
m,0.25615559,92.528,0.0234
m,0.235372728,92.442,0.0229
m,0.235372728,92.51,0.0229
m,0.230729571,92.506,0.0228
m,0.228757381,92.44,0.0227
m,0.226697845,92.471,0.0227
m,0.217249886,93.416,0.0223
m,0.216100374,92.491,0.0221
m,0.215100212,92.551,0.0219
m,0.214160784,92.62,0.0218
m,0.213363365,92.589,0.0216
m,0.237263565,92.889,0.0236
m,0.237263565,92.905,0.0236
m,0.237437197,92.824,0.0236
m,0.237384976,92.838,0.0236
m,0.237226103,92.869,0.0237
m,0.237174216,92.885,0.0237
m,0.237174216,92.915,0.0237
m,0.237176891,92.876,0.0236
m,0.237228778,92.898,0.0236
m,0.237561346,92.876,0.0235
m,0.237511985,92.965,0.0234
m,0.237616282,92.8,0.0234
m,0.237564101,92.836,0.0234
m,0.237737779,92.905,0.0234
m,0.238142898,92.866,0.0232
m,0.238371609,92.916,0.0231
m,0.238374523,92.769,0.023
m,0.238603284,93.731,0.0229
m,0.253412177,92.744,0.023
m,0.256013205,92.529,0.0231
m,0.257961172,94.885,0.0232
m,0.259533239,92.72,0.0232
m,0.260883931,92.884,0.0233
m,0.25108381,93.246,0.0235
m,0.248270231,92.944,0.0232
m,0.245413045,92.626,0.0232
m,0.242665264,92.818,0.0231
m,0.240206639,92.51,0.0229
m,0.224894657,92.484,0.0229
m,0.223228047,92.466,0.0225
m,0.221699791,92.836,0.0225
m,0.218631508,92.528,0.0225
m,0.21288009,92.804,0.0214
m,0.211858005,93.076,0.0213
m,0.2116559,92.444,0.0213
m,0.211480617,92.758,0.0212
m,0.211602728,92.811,0.0212
m,0.211765234,92.473,0.0212
m,0.212594975,92.426,0.0212
m,0.213208789,92.446,0.0211
m,0.214052873,92.491,0.0209
m,0.222161566,92.446,0.02
m,0.223720377,92.477,0.0199
m,0.225610516,92.488,0.0195
m,0.227340634,92.433,0.0198
m,0.23138846,92.46,0.0197
m,0.242901657,92.764,0.0181
m,0.242586987,93.499,0.0173
m,0.241102914,92.459,0.0166
m,0.238417661,93.096,0.0161
m,0.234979615,97.466,0.0148
m,0.209139209,92.664,0.0121
m,0.20464376,92.54,0.0118
m,0.195091497,92.735,0.0117
m,0.190463732,92.871,0.0115
m,0.159905619,92.491,0.0096
m,0.155301475,92.415,0.0095
m,0.150884823,93,0.0094
m,0.146210449,92.831,0.0093
m,0.136123684,92.457,0.0092
m,0.112351942,92.595,0.0092
m,0.102580071,92.809,0.0094
m,0.09778637,92.577,0.0095
m,0.093100206,92.504,0.0098
m,0.08840613,92.424,0.0102
m,0.057404975,92.464,0.0126
m,0.049930836,92.515,0.0129
m,0.046370631,93.031,0.0132
m,0.04296586,92.482,0.0134
m,0.026875558,92.953,0.0149
m,0.024172064,93.88,0.0154
m,0.021575332,93.982,0.0156
m,0.017861151,93.034,0.0159
m,0.016987743,99.745,0.0164
m,0.214953818,92.706,0.0207
m,0.215909411,92.559,0.0203
m,0.218067471,92.58,0.0203
m,0.219320021,92.542,0.0201
m,0.219324556,92.599,0.02
m,0.233550389,92.468,0.0198
m,0.235577459,92.491,0.0198
m,0.238069741,92.54,0.0191
m,0.242010188,100.411,0.0186
m,0.227040965,92.994,0.0143
m,0.223501589,92.629,0.0139
m,0.223523395,98.77,0.0136
m,0.216727795,93.481,0.0133
m,0.213017479,92.526,0.013
m,0.186111685,92.753,0.0112
m,0.181774971,92.52,0.0108
m,0.177444118,92.444,0.0104
m,0.168937303,92.433,0.0099
m,0.164599358,92.435,0.0097
m,0.136123684,92.486,0.0092
m,0.126551703,99.646,0.0091
m,0.121906545,100.201,0.0091
m,0.11719776,92.457,0.0091
m,0.079608499,92.402,0.0104
m,0.075158594,92.411,0.0106
m,0.070768443,92.551,0.0109
m,0.066543529,92.402,0.0112
m,0.062077548,92.484,0.0115
m,0.039710607,95.265,0.0139
m,0.037053505,93.325,0.0145
m,0.03284093,92.925,0.0146
m,0.032747621,98.227,0.0148
m,0.02887689,99.641,0.0149
m,0.017120667,92.718,0.0168
m,0.017890313,93.033,0.0173
m,0.019231486,92.45,0.0181
m,0.023222091,102.191,0.0185
m,0.0262153,92.653,0.0189
m,0.029393738,92.448,0.0193
m,0.032238774,92.406,0.0196
m,0.035396822,92.408,0.0198
m,0.038352537,92.404,0.0204
m,0.051834307,92.404,0.0229
m,0.051794138,92.406,0.0229
m,0.051498787,92.408,0.0229
m,0.051370167,92.408,0.023
m,0.0480766,92.408,0.0239
m,0.056158191,92.408,0
m,0.043972202,92.415,0.0208
m,0.043890257,92.406,0.0212
m,0.048081975,92.404,0.0216
m,0.049876808,92.404,0.022
m,0.051393158,92.406,0.0224
m,0.05100146,92.406,0.0231
m,0.050581675,92.404,0.0233
m,0.048837765,92.404,0.0235
m,0.048183883,92.404,0.0236
m,0.04812329,92.406,0.0238
m,0.359757752,98.435,0
m,0.359052733,98.154,0.011
m,0.359058036,97.857,0.0109
m,0.359102662,98.3,0.0109
m,0.359284618,97.868,0.0108
m,0.359289973,98.574,0.0107
m,0.359345424,98.697,0.0105
m,0.359350862,99.198,0.0104
m,0.359311671,99.09,0.0103
m,0.359317164,101.239,0.0102
m,0.359504853,100.976,0.01
m,0.359510428,98.17,0.0099
m,0.359676506,98.716,0.0093
m,0.359637769,98.154,0.0092
m,0.359643564,97.708,0.0091
m,0.359655236,98.301,0.0089
m,0.359616683,98.71,0.0088
m,7.779765709,142,0.0346
m,7.779626422,142.091,0.0347
m,7.779695026,141.225,0.0348
m,7.779695026,141.274,0.0348
m,7.779695149,141.242,0.0349
m,7.779763759,137.328,0.035
m,7.779903166,136.188,0.035
m,7.779903292,139.65,0.0351
m,7.78025303,141.297,0.0351
m,7.780952551,134.085,0.0351
m,7.781930969,138.112,0.0351
m,7.783261786,137.963,0.035
m,7.785665335,130.93,0.0349
m,7.785902683,134.548,0.0346
m,7.786349856,148.333,0.0345
m,7.78687049,144.01,0.0345
m,7.787672336,134.742,0.0345
m,7.788619767,139.541,0.0344
m,7.789841758,143.675,0.034
m,7.79024842,139.118,0.0338
m,7.790248202,138.038,0.0336
m,7.79141362,134.3,0.0335
m,7.791964369,137.362,0.0332
m,7.792378516,143.735,0.0332
m,7.79293533,145.483,0.0331
m,7.794051429,141.94,0.033
m,7.794543388,133.955,0.0328
m,7.795171132,143.702,0.0326
m,7.795860623,138.075,0.0325
m,7.796397246,148.177,0.0324
m,7.796912662,144.997,0.0321
m,7.796860791,141.48,0.0319
m,7.796720543,143.262,0.0317
m,7.79672046,142.211,0.0316
m,7.796653941,143.618,0.0314
m,7.796513705,141.982,0.0312
m,7.796513554,141.087,0.031
m,7.796513338,141.984,0.0307
m,7.796513269,140.114,0.0306
m,7.796306762,140.598,0.0305
m,7.796306695,141.794,0.0304
m,7.796306629,141.607,0.0303
m,7.796240212,141.244,0.0302
m,7.796240149,140.41,0.0301
m,7.796240087,140.88,0.03
m,7.796240087,140.613,0.03
m,7.796240026,141.938,0.0299
m,7.796240026,140.65,0.0299
m,7.796239967,139.064,0.0298
m,7.796380051,139.522,0.0298
m,7.796239967,140.427,0.0298
m,7.796239967,141.096,0.0298
m,7.796239967,142.91,0.0298
m,7.796239967,139.913,0.0298
m,7.796239909,141.131,0.0297
m,7.796239909,141.718,0.0297
m,7.795959688,141.771,0.0296
m,7.795959688,141.986,0.0296
m,7.795959633,142.677,0.0295
m,7.795819551,142.024,0.0295
m,7.795819497,140.313,0.0294
m,7.795613009,140.648,0.0293
m,7.795472875,140.659,0.0292
m,7.795192712,141.258,0.0292
m,7.795052631,141.021,0.0292
m,7.795052631,142.166,0.0292
m,7.79497886,142.406,0.0291
m,7.79497886,141.587,0.0291
m,7.79497886,140.206,0.0291
m,7.794978811,139.565,0.029
m,7.794978811,140.503,0.029
m,7.794978811,139.808,0.029
m,7.794978811,139.844,0.029
m,7.794978811,140.083,0.029
m,7.7949125,143.033,0.0291
m,7.794846095,148.764,0.029
m,7.794846095,150.191,0.029
m,7.795369811,135.904,0.029
m,7.795702819,150.92,0.0289
m,7.796200466,140.008,0.0288
m,7.796642345,136.186,0.0287
m,7.797367559,146.644,0.0287
m,7.798310433,137.786,0.0287
m,7.799943895,155.791,0.0287
m,7.800775763,136.587,0.0286
m,7.800775807,145.606,0.0287
m,7.802442723,133.022,0.0285
m,7.803277189,137.655,0.0284
m,7.804039891,138.596,0.0282
m,7.804946691,141.182,0.0281
m,7.80643667,134.547,0.0281
m,7.807430737,135.808,0.0281
m,7.808364341,135.69,0.0281
m,7.809302082,136.484,0.0281
m,7.810243995,138.497,0.0282
m,7.811049238,140.824,0.0283
m,7.812063194,132.889,0.0283
m,7.814039187,138.756,0.0284
m,7.814039187,143.909,0.0284
m,7.815826769,134.531,0.0283
m,7.816592936,130.45,0.0282
m,7.817363409,136.374,0.0281
m,7.818201188,138.859,0.0281
m,7.819841902,149.644,0.028
m,7.820833416,136.926,0.0279
m,7.821766632,138.026,0.0279
m,7.822687535,137.806,0.0278
m,7.82353321,140.264,0.028
m,7.824585756,135.012,0.028
m,7.825438287,141.927,0.0281
m,7.826356127,139.027,0.0281
m,7.827215469,137.009,0.0281
m,7.82884608,130.332,0.028
m,7.829573891,137.362,0.028
m,7.830649587,143.842,0.028
m,7.831606229,142.833,0.028
m,7.83264729,136.537,0.0281
m,7.83371234,142.681,0.0283
m,7.834923702,136.518,0.0282
m,7.836893879,140.079,0.0283
m,7.836893879,135.307,0.0283
m,7.839000798,132.266,0.0283
m,7.839928851,133.838,0.0283
m,7.841002863,151.456,0.0283
m,7.842021055,151.299,0.0283
m,7.843208129,144.38,0.0284
m,7.844400233,145.606,0.0285
m,7.846657303,135.984,0.0285
m,7.84778152,132.231,0.0287
m,7.847781565,142.517,0.0288
m,7.850043877,137.193,0.0289
m,7.851098527,142.842,0.0289
m,7.852073817,134.703,0.0288
m,7.853136997,138.156,0.0289
m,7.855761775,142.53,0.0289
m,7.856837841,139.606,0.0289
m,7.858060667,139.331,0.0288
m,7.859203345,137.795,0.0289
m,7.860350031,151.32,0.0289
m,7.861330893,131.676,0.0289
m,7.863217707,135.892,0.0289
m,7.86415142,136.636,0.0289
m,7.864151373,133.59,0.0288
m,7.86651511,132.694,0.0288
m,7.867802306,133.831,0.0288
m,7.869206724,145.422,0.0288
m,7.870643574,138.633,0.0287
m,7.873155992,138.855,0.0287
m,7.874261281,140.942,0.0287
m,7.875370336,132.769,0.0288
m,7.876483112,132.832,0.0289
m,7.877742582,131.414,0.0289
m,7.878949951,138.907,0.0289
m,7.880304436,148.722,0.0289
m,7.882914735,131.486,0.029
m,7.882914784,131.225,0.0291
m,7.88568563,138.64,0.0291
m,7.887005986,145.677,0.0291
m,7.888275718,136.208,0.0291
m,7.88960498,141.401,0.0293
m,7.891081876,128.707,0.0294
m,7.894192225,143.62,0.0295
m,7.895628102,138.87,0.0297
m,7.896960279,147.167,0.0298
m,7.898351676,144.593,0.0299
m,7.899748002,136.137,0.03
m,7.901202921,137.42,0.03
m,7.904467474,141.297,0.03
m,7.904467537,144.147,0.0301
m,7.908144216,141.836,0.0301
m,7.909818815,150.958,0.0301
m,7.922681601,138.149,0.0314
m,7.922681763,139.406,0.0316
m,7.925712793,143.766,0.0317
m,7.927016411,143.181,0.0317
m,7.93409995,141.733,0.0315
m,7.93414108,141.377,0.0315
m,7.934192742,140.106,0.0317
m,7.933997285,139.613,0.0319
m,7.933853241,139.21,0.032
m,7.933029866,139.648,0.0323
m,7.932885735,140.787,0.0323
m,7.932885644,141.505,0.0322
m,7.932885644,139.49,0.0322
m,7.932885644,138.852,0.0322
m,7.933122881,137.566,0.0327
m,7.933123076,138.495,0.0329
m,7.93326741,138.272,0.0331
m,7.933411643,138.336,0.0332
m,7.933113595,137.715,0.0337
m,7.933113704,139.756,0.0338
m,7.933062342,139.602,0.0339
m,7.93291843,138.759,0.0341
m,7.932722938,140.321,0.0342
m,7.932569261,139.574,0.0348
m,7.932373666,137.325,0.0348
m,7.932373789,132.803,0.0349
m,7.932559172,146.987,0.0349
m,7.932785867,137.722,0.0349
m,7.944024502,137.327,0.0343
m,7.946176583,133.489,0.0342
m,7.948527015,141.301,0.0343
m,7.950930821,144.612,0.0343
m,7.911550973,138.784,0.0304
m,7.913248975,158.424,0.0305
m,7.91500321,138.518,0.0305
m,7.917062887,136.46,0.0311
m,7.919321427,144.534,0.0313
m,7.928426558,147.211,0.0318
m,7.929746815,137.202,0.032
m,7.932311346,135.992,0.0319
m,7.933329105,152.693,0.032
m,7.933873788,138.651,0.0317
m,7.933853329,139.952,0.0321
m,7.93356507,140.189,0.0321
m,7.933369442,141.094,0.0321
m,7.9332254,140.342,0.0322
m,7.932885644,140.04,0.0322
m,7.933029866,139.159,0.0323
m,7.933029958,140.386,0.0324
m,7.933030051,137.579,0.0325
m,7.933030145,138.227,0.0326
m,7.933360367,138.501,0.0334
m,7.933453126,138.894,0.0335
m,7.933308992,137.997,0.0335
m,7.933308992,137.77,0.0335
m,7.933309099,137.945,0.0336
m,7.932723054,139.237,0.0343
m,7.932671586,139.158,0.0343
m,7.932671703,138.131,0.0344
m,7.932620477,137.932,0.0346
m,7.933620603,145.654,0.0349
m,7.936397134,138.859,0.0349
m,7.936396889,146.875,0.0347
m,7.940111798,141.874,0.0346
m,7.942113383,129.403,0.0345
m,7.95570295,139.189,0.0343
m,7.958164983,132.672,0.0342
m,7.958164983,133.627,0.0342
m,7.963046889,130.565,0.034
m,7.965661318,140.937,0.0339
m,7.968178907,130.549,0.0338
m,7.970459953,142.026,0.0336
m,7.975129559,142.325,0.0336
m,7.977708095,138.53,0.0336
m,7.980240248,138.417,0.0336
m,7.994049386,128.377,0.0331
m,7.994049285,127.514,0.033
m,7.998578453,132.604,0.0329
m,8.000798942,132.883,0.0326
m,8.003119535,147.171,0.0325
m,8.019175488,136.855,0.0317
m,8.024268581,133.738,0.0317
m,8.026821019,142.713,0.0316
m,8.031979439,139.879,0.0316
m,8.04821021,135.013,0.0313
m,8.050300599,144.429,0.0313
m,8.052102817,141.403,0.0314
m,8.053761931,151.601,0.0313
m,8.055177926,137.779,0.031
s,8.058417378,132.224,0.0306
s,8.058271814,132.222,0.0305
s,8.058080961,131.382,0.0304
s,8.057935399,131.757,0.0303
s,8.057744617,132.46,0.0303
s,8.057162318,132.309,0.0298
s,8.057062116,132.95,0.0298
s,8.057062116,133.17,0.0298
s,8.056916623,133.81,0.0298
s,8.05662576,134.012,0.03
s,8.056625824,133.497,0.0301
s,8.056625824,133.893,0.0301
s,8.056625824,133.836,0.0301
s,8.056625889,134.32,0.0302
s,8.056480462,134.611,0.0303
s,8.056480462,134.278,0.0303
s,8.056435167,134.5,0.0303
s,8.056435167,134.862,0.0303
s,8.056435167,133.363,0.0303
m,7.982485982,141.62,0.0335
m,7.984783554,147.939,0.0333
m,7.989338412,139.524,0.0332
m,7.991740572,139.85,0.0332
m,8.005298539,135.386,0.0323
m,8.009619063,130.519,0.0321
m,8.011905804,141.453,0.0321
m,8.014341039,143.353,0.0319
m,8.016732651,134.009,0.0318
m,8.034636454,143.576,0.0316
m,8.037006274,142.239,0.0314
m,8.039571156,144.081,0.0313
m,8.041848707,139.013,0.0313
m,8.04616839,132.82,0.0313
m,8.057506529,145.586,0.0309
m,8.058262354,134.439,0.0307
m,8.058262354,130.85,0.0307
m,8.058417378,133.56,0.0306
s,8.057744551,133.808,0.0302
s,8.057598991,132.985,0.0301
s,8.057598927,133.152,0.03
s,8.057453432,132.843,0.03
s,8.057307875,133.645,0.0299
s,8.056916623,133.633,0.0298
s,8.056771129,132.715,0.0298
s,8.05677119,133.437,0.0299
s,8.056625697,134.38,0.0299
s,8.05662576,134.709,0.03
s,8.056625889,134.018,0.0302
s,8.056625955,134.346,0.0303
s,8.056480462,133.884,0.0303
s,8.056480462,133.94,0.0303
s,8.056435235,132.868,0.0304
s,8.056435235,133.478,0.0304
s,8.056435235,133.383,0.0304
s,8.056435235,132.495,0.0304
s,8.056289741,133.007,0.0304
s,8.056289741,132.772,0.0304
s,8.056289741,133.1,0.0304
s,8.056289741,133.448,0.0304
s,8.056144248,133.963,0.0304
s,8.055853127,134.767,0.0302
s,8.055853194,135.249,0.0303
s,8.055853194,134.498,0.0303
s,8.05566234,134.564,0.0302
s,8.05566234,133.818,0.0302
s,8.055471554,135.89,0.0302
s,8.055426203,133.801,0.0301
s,8.055280707,133.784,0.0301
s,8.055280643,134.996,0.03
s,8.055135149,136.866,0.03
s,8.054653314,134.446,0.0299
s,8.054653314,134.346,0.0299
s,8.054507819,133.552,0.0299
s,8.054507819,134.952,0.0299
s,8.05426212,134.737,0.0299
s,8.05426212,134.029,0.0299
s,8.054116626,135.305,0.0299
s,8.054116626,133.745,0.0299
s,8.054116626,133.757,0.0299
s,8.053971196,134.51,0.03
s,8.053971196,134.242,0.03
s,8.053971196,134.342,0.03
s,8.053971133,134.665,0.0299
s,8.054116626,134.195,0.0299
s,8.054452906,133.084,0.0299
s,8.0545984,133.823,0.0299
s,8.0545984,133.996,0.0299
s,8.054598339,133.979,0.0298
s,8.054789009,133.045,0.0296
s,8.054789009,133.006,0.0296
s,8.054788951,133.143,0.0295
s,8.054934388,134.289,0.0294
s,8.054934388,133.198,0.0294
s,8.056144248,133.922,0.0304
s,8.05614418,134.031,0.0303
s,8.055998688,134.029,0.0303
s,8.055998621,134.812,0.0302
s,8.055853127,134.474,0.0302
s,8.05566234,133.26,0.0302
s,8.055471554,133.583,0.0302
s,8.055471554,134.118,0.0302
s,8.055471554,133.434,0.0302
s,8.055135149,136.163,0.03
s,8.054944367,136.267,0.03
s,8.054944305,135.783,0.0299
s,8.05479881,135.378,0.0299
s,8.054653314,134.764,0.0299
s,8.054553108,134.213,0.0299
s,8.054553108,133.698,0.0299
s,8.054407614,133.186,0.0299
s,8.05426212,132.643,0.0299
s,8.05426212,133.399,0.0299
s,8.054116689,135.197,0.03
s,8.054116689,133.952,0.03
s,8.053971196,134.356,0.03
s,8.053971196,133.365,0.03
s,8.054116626,134.262,0.0299
s,8.054116626,133.734,0.0299
s,8.054116626,134.509,0.0299
s,8.05426212,133.074,0.0299
s,8.05426212,133.773,0.0299
s,8.054598339,133.573,0.0298
s,8.054743772,133.778,0.0297
s,8.054789068,133.946,0.0297
s,8.054789068,133.685,0.0297
s,8.054789009,133.717,0.0296
s,8.054979631,133.395,0.0293
s,8.054979631,133.244,0.0293
s,8.054979631,133.389,0.0293
s,8.054979631,133.09,0.0293
s,8.055125124,133.089,0.0293
s,8.055125124,132.772,0.0293
s,8.05507988,132.65,0.0294
s,8.05507988,134.024,0.0294
s,8.05507988,134.399,0.0294
s,8.055471182,132.418,0.0296
s,8.055425955,134.97,0.0297
s,8.055425955,134.335,0.0297
s,8.05557145,134.281,0.0297
s,8.055716945,133.914,0.0297
s,8.055717005,132.828,0.0298
s,8.055717005,133.143,0.0298
s,8.055717005,133.244,0.0298
s,8.055671784,132.559,0.0299
s,8.055671911,133.063,0.0301
s,8.055626698,133.053,0.0302
s,8.055626764,132.822,0.0303
s,8.055772262,132.534,0.0303
s,8.055772262,132.868,0.0303
s,8.056208891,132.966,0.0305
s,8.056208961,132.918,0.0306
s,8.056208961,133.296,0.0306
s,8.056354459,133.535,0.0306
s,8.056600331,133.408,0.0308
s,8.056600331,133.711,0.0308
s,8.056600331,134.152,0.0308
s,8.05655514,134.138,0.0309
s,8.05655514,133.999,0.0309
m,8.056509806,130.285,0.0308
m,8.056464407,145.158,0.0306
m,8.05751238,135.588,0.0306
m,8.059398806,134.947,0.0305
m,8.063812741,139.916,0.0304
m,8.080132942,135.301,0.0304
m,8.08248223,140.936,0.0303
m,8.082482164,151.133,0.0302
m,8.087168084,137.831,0.0301
s,8.05522543,133.946,0.0295
s,8.05522543,134.805,0.0295
s,8.055180137,134.066,0.0295
s,8.055325688,133.822,0.0296
s,8.055325688,133.237,0.0296
s,8.05557145,134.135,0.0297
s,8.05557145,133.118,0.0297
s,8.05557145,131.779,0.0297
s,8.05557145,133.218,0.0297
s,8.055526166,132.288,0.0297
s,8.055671784,132.905,0.0299
s,8.055671847,133.733,0.03
s,8.055671847,133.58,0.03
s,8.055671911,134.116,0.0301
s,8.055917827,132.815,0.0304
s,8.055917827,132.534,0.0304
s,8.056063393,132.663,0.0305
s,8.056063393,132.995,0.0305
s,8.056208891,133.578,0.0305
s,8.05635453,133.408,0.0307
s,8.056309261,133.603,0.0307
s,8.056454831,133.515,0.0308
s,8.056454831,133.974,0.0308
s,8.056600331,133.069,0.0308
m,8.05655514,133.737,0.0309
m,8.05655514,134.135,0.0309
m,8.05655514,134.625,0.0309
m,8.05655514,144.455,0.0309
m,8.066004619,144.542,0.0304
m,8.068444448,138.072,0.0304
m,8.070886121,140.65,0.0304
m,8.073285047,135.642,0.0305
m,8.07558485,134.351,0.0305
m,8.089841653,137.753,0.0301
m,8.092474214,141.279,0.0301
m,8.095299505,133.118,0.0301
m,8.100725985,136.251,0.0302
m,8.103560312,134.284,0.0302
m,8.1062084,142.863,0.0303
m,8.108772969,148.502,0.0302
m,8.111487105,135.325,0.0302
m,8.116677101,132.841,0.0301
m,8.1190067,138.815,0.0301
m,8.130898429,149.288,0.03
m,8.133037741,142.957,0.03
m,8.137700631,140.062,0.0299
m,8.13980602,137.948,0.0299
m,8.141956007,130.11,0.0298
m,8.159726916,135.052,0.0295
m,8.16194113,138.132,0.0294
m,8.164157819,132.572,0.0293
m,8.166336327,144.081,0.0292
m,8.179822637,142.497,0.029
m,8.180955703,136.152,0.029
m,8.181691493,130.788,0.029
m,8.182389904,133.341,0.029
m,8.184527177,131.143,0.0289
m,8.197076437,128.915,0.0288
m,8.200003463,129.304,0.029
m,8.204535066,136.45,0.029
m,8.204535118,141.354,0.0291
m,8.209146223,130.976,0.0292
m,8.223532026,125.868,0.0293
m,8.225421062,130.154,0.0294
m,8.225421179,125.339,0.0296
m,8.229571401,140.491,0.0298
m,8.246229646,123.719,0.0304
m,8.248877796,128.759,0.0305
m,8.251639532,124.19,0.0305
m,8.254404798,135.832,0.0307
m,8.25710072,144.134,0.0308
m,8.272561189,124.877,0.0311
m,8.274834547,135.413,0.0311
m,8.27736987,132.699,0.0312
m,8.280055546,128.089,0.0313
m,8.28274431,127.389,0.0314
m,8.12157082,132.251,0.03
m,8.123888337,133.56,0.03
m,8.1262084,136.756,0.03
m,8.128573379,131.708,0.03
m,8.144150402,137.444,0.0298
m,8.146347166,140.868,0.0296
m,8.148505029,134.12,0.0295
m,8.152911368,132.249,0.0294
m,8.157515005,131.984,0.0293
m,8.168704469,135.915,0.0291
m,8.171075167,145.778,0.0291
m,8.175025799,143.799,0.0291
m,8.177004361,135.275,0.029
m,8.177004361,126.781,0.029
m,8.186152216,133.253,0.0288
m,8.188405643,145.49,0.0288
m,8.191072373,135.684,0.0288
m,8.194073489,135.083,0.0288
m,8.21119712,141.197,0.0292
m,8.213250873,134.084,0.0293
m,8.215345626,130.434,0.0294
m,8.21744291,131.719,0.0294
m,8.219433923,126.515,0.0294
m,8.231833066,130.831,0.0299
m,8.234097541,128.317,0.0303
m,8.236254648,125.304,0.0304
m,8.241089825,124.331,0.0303
m,8.243621598,130.768,0.0304
m,8.262612306,130.051,0.0309
m,8.262612383,133.995,0.031
m,8.267656559,133.938,0.031
m,8.270107611,130.69,0.0311
m,8.287723877,136.54,0.0314
m,8.287723877,127.727,0.0314
m,8.29305283,127.315,0.0313
m,8.295722377,137.46,0.0314
m,8.298508095,136.054,0.0315
m,8.301184276,125.635,0.0315
m,8.306841451,128.049,0.0315
m,8.309675097,125.939,0.0316
m,8.31239852,124.616,0.0317
m,8.329145487,126.42,0.0318
m,8.334605444,134.07,0.0318
m,8.33732365,124.479,0.0318
m,8.340045188,124.351,0.0319
m,8.34276997,131.561,0.032
m,8.360786933,128.796,0.0318
m,8.363799322,123.237,0.0318
m,8.369306468,127.715,0.0317
m,8.372128002,124.273,0.0317
m,8.372128002,120.487,0.0317
m,8.395936599,120.723,0.0316
m,8.399137198,120.599,0.0316
m,8.405787746,123.159,0.0315
m,8.40891075,120.441,0.0314
m,8.428898224,119.395,0.0311
m,8.431480272,123.722,0.0311
m,8.434213149,122.776,0.0311
m,8.439715955,126.927,0.031
m,8.442218254,137.818,0.0309
m,8.451048879,133.759,0.0307
m,8.451197127,131.144,0.0307
m,8.451196909,134.182,0.0304
m,8.451345086,135.008,0.0303
m,8.451168089,132.491,0.0302
m,8.451287332,132.915,0.0297
m,8.451287332,134.724,0.0297
m,8.451139021,132.544,0.0296
m,8.451110348,131.841,0.0296
m,8.451617179,130.224,0.0293
m,8.451617122,129.74,0.0292
m,8.453918896,123.742,0.0292
m,8.455714746,131.021,0.0292
m,8.457836729,129.529,0.0292
m,8.315238572,119.903,0.0317
m,8.318115677,131.774,0.0317
m,8.320814749,126.743,0.0318
m,8.326403514,123.152,0.0318
m,8.329145487,136.027,0.0318
m,8.348491936,126.57,0.0319
m,8.351457122,121.476,0.0318
m,8.354721691,125.303,0.0318
m,8.357810187,121.835,0.0318
m,8.377452252,123.936,0.0317
m,8.38025093,120.652,0.0317
m,8.383348429,123.156,0.0317
m,8.386713742,125.084,0.0316
m,8.392918245,122.277,0.0316
m,8.412096939,124.491,0.0313
m,8.415107644,120.921,0.0312
m,8.418002981,123.019,0.0312
m,8.423682795,123.287,0.0312
m,8.426289319,119.75,0.0312
m,8.450001802,128.835,0.0308
m,8.450986776,133.27,0.0308
m,8.451225887,134.506,0.0308
m,8.451048879,132.997,0.0307
m,8.451168089,133.25,0.0302
m,8.451139344,133.17,0.0301
m,8.451139277,135.332,0.03
m,8.451139277,130.846,0.03
m,8.451287396,133.687,0.0298
m,8.451110348,136.357,0.0296
m,8.451110348,135.393,0.0296
m,8.451110348,133.388,0.0296
m,8.451081619,129.326,0.0295
m,8.451229808,128.309,0.0294
m,8.459988185,130.997,0.0293
m,8.462642087,128.307,0.0294
m,8.469653946,127.514,0.0295
m,8.47332629,126.677,0.0296
m,8.477020086,134.953,0.0297
m,8.480559275,131.425,0.0299
m,8.483647931,126.306,0.03
m,8.486407043,123.589,0.0301
m,8.489670015,128.479,0.0301
m,8.514789077,131.653,0.0298
m,8.521415437,138.672,0.0297
m,8.524584137,135.393,0.0297
m,8.531373127,132.625,0.0297
m,8.555170854,130.76,0.03
m,8.558512159,139.229,0.03
m,8.56200382,131.687,0.03
m,8.565349863,135.692,0.03
m,8.568846229,129.006,0.03
m,8.588523736,118.834,0.0299
m,8.592268316,123.098,0.03
m,8.596046287,124.097,0.0299
m,8.603661069,121.994,0.0299
m,8.607529215,124.365,0.03
m,8.634625197,131.921,0.0305
m,8.63840865,129.231,0.0305
m,8.642308615,127.051,0.0306
m,8.646029289,134.678,0.0306
m,8.674791995,134.391,0.0305
m,8.678815645,130.667,0.0305
m,8.687308617,133.608,0.0305
m,8.691663514,146.518,0.0305
m,8.696348028,126.498,0.0306
m,8.720444223,129.933,0.0306
m,8.730076482,130.159,0.0307
m,8.735314014,126.617,0.0306
m,8.740405547,132.644,0.0306
m,8.745646041,128.174,0.0306
m,8.782409627,133.343,0.0307
m,8.786519428,125.378,0.0307
m,8.790813247,124.142,0.0308
m,8.798964427,123.009,0.0309
m,8.49296393,131.174,0.0301
m,8.500415769,125.377,0.0301
m,8.504071668,129.765,0.03
m,8.507759532,130.757,0.03
m,8.511302137,135.658,0.0299
m,8.534727079,131.315,0.0297
m,8.538083689,135.669,0.0298
m,8.541473017,128.147,0.0299
m,8.544982889,133.384,0.0299
m,8.551683911,136.393,0.03
m,8.572166,129.525,0.03
m,8.578812073,122.153,0.03
m,8.578812073,118.985,0.03
m,8.585404117,119.761,0.03
m,8.611514932,127.822,0.0301
m,8.615386404,122.002,0.0302
m,8.619259651,126.016,0.0304
m,8.627061949,121.598,0.0304
m,8.630842986,132.238,0.0305
m,8.653555854,126.476,0.0306
m,8.653555854,126.437,0.0306
m,8.661594494,130.368,0.0306
m,8.666124004,126.974,0.0306
m,8.670474032,126.818,0.0306
m,8.701033569,127.936,0.0306
m,8.705867796,144.275,0.0306
m,8.710736612,135.469,0.0306
m,8.720444223,126.436,0.0306
m,8.75059291,126.272,0.0305
m,8.760672923,129.734,0.0305
m,8.765329437,123.707,0.0305
m,8.774126281,126.554,0.0306
m,8.778266952,122.239,0.0306
m,8.802639542,136.544,0.031
m,8.806316479,133.879,0.0311
m,8.809847926,123.395,0.0312
m,8.813381135,131.267,0.0312
m,8.816916271,127.492,0.0313
m,8.820524121,131.413,0.0313
m,8.827670465,123.843,0.0313
m,8.82767055,124.473,0.0314
m,8.834898224,125.081,0.0315
m,8.838478239,127.156,0.0315
m,8.858802545,121.559,0.0316
m,8.862034652,123.702,0.0317
m,8.865123079,126.125,0.0319
m,8.870831415,126.979,0.0319
m,8.873414335,125.128,0.032
m,8.887991918,133.686,0.032
m,8.892736461,128.53,0.0321
m,8.895060117,128.433,0.0321
m,8.89724094,126.913,0.0321
m,8.910722385,132.335,0.0321
m,8.912456839,138.721,0.0321
m,8.914195268,144.013,0.0322
m,8.9156442,132.064,0.0321
m,8.917097185,127.591,0.0321
m,8.925813275,131.478,0.0324
m,8.929133374,133.797,0.0324
m,8.930725695,127.022,0.0324
m,8.932175215,131.779,0.0323
m,8.933628632,127.736,0.0324
m,8.942569105,139.554,0.0325
m,8.943759248,133.169,0.0324
m,8.945141355,130.202,0.0324
m,8.947771361,130.202,0.0324
m,8.957818665,135.999,0.0326
m,8.959531928,131.3,0.0326
m,8.959531928,131.363,0.0326
m,8.962796571,142.017,0.0326
m,8.964098806,138.564,0.0326
m,8.972638457,128.748,0.0327
m,8.97443232,135.857,0.0327
m,8.97608468,128.542,0.0328
m,8.977639902,137.123,0.0328
m,8.979345165,133.488,0.0328
m,8.842025049,124.251,0.0316
m,8.845463351,123.185,0.0316
m,8.852348366,125.849,0.0316
m,8.85557381,123.837,0.0316
m,8.878479321,126.428,0.032
m,8.878479321,126.906,0.032
m,8.880961818,128.646,0.0321
m,8.885570943,127.686,0.0321
m,8.887991918,126.173,0.032
m,8.899572568,128.504,0.0321
m,8.903552665,124.2,0.0321
m,8.905456251,134.479,0.0321
m,8.907295051,127.431,0.0321
m,8.909099442,135.148,0.0321
m,8.919935352,132.513,0.0322
m,8.921279974,133.627,0.0322
m,8.922627859,133.987,0.0322
m,8.924125572,137.35,0.0323
m,8.935126769,147.018,0.0325
m,8.937800838,132.976,0.0325
m,8.938893871,143.492,0.0324
m,8.938893968,141.46,0.0325
m,8.941424229,139.254,0.0325
m,8.94916548,131.039,0.0325
m,8.950374983,131.062,0.0325
m,8.951630791,135.03,0.0325
m,8.953036712,127.55,0.0326
m,8.954403712,130.278,0.0326
m,8.965404398,129.827,0.0327
m,8.966902641,134.366,0.0327
m,8.969573975,132.855,0.0327
m,8.97108244,132.931,0.0327
m,8.982724004,135.172,0.0329
m,8.982724004,132.411,0.0329
m,8.98608476,129.26,0.0329
m,8.987866089,139.644,0.0329
m,8.989415087,135.261,0.0329
m,8.990867576,129.146,0.033
m,8.994418995,131.999,0.0329
m,8.996380178,138.847,0.0329
m,8.998114473,133.932,0.0328
m,9.005913588,141.675,0.0329
m,9.008066374,143.005,0.0329
m,9.008577767,134.751,0.0329
s,9.008618602,134.201,0.0329
s,9.008618602,135.846,0.0329
s,9.008670794,135.732,0.0329
s,9.00881603,135.735,0.0329
s,9.008670794,134.739,0.0329
s,9.008624382,135.99,0.033
s,9.008624382,134.809,0.033
s,9.008578295,135.127,0.0334
s,9.008578404,133.263,0.0335
s,9.008433167,133.5,0.0335
s,9.008433277,134.522,0.0336
s,9.008288152,135.421,0.0337
s,9.008288264,136.109,0.0338
s,9.008334778,137.479,0.0338
s,9.008189542,137.061,0.0338
s,9.008189656,137.561,0.0339
s,9.007852556,134.235,0.0338
s,9.007852556,133.554,0.0338
s,9.007806157,133.541,0.0339
s,9.00766092,132.917,0.0339
s,9.00766092,134.741,0.0339
s,9.007614298,136.922,0.0338
s,9.007614298,135.066,0.0338
s,9.007422555,135.399,0.0338
s,9.007567793,135.976,0.0338
s,9.007375829,134.03,0.0336
s,9.007375719,134.415,0.0335
s,9.007329218,134.398,0.0335
s,9.007329109,133.149,0.0334
s,9.007329001,135.709,0.0333
m,8.999513813,135.294,0.0328
m,9.000670026,141.147,0.0329
m,9.001966033,134.071,0.0329
m,9.003165093,132.529,0.0329
m,9.005913691,131.913,0.033
s,9.008717313,135.3,0.0329
s,9.008717211,134.422,0.0328
s,9.008717211,134.591,0.0328
s,9.008717313,135.577,0.0329
s,9.008479146,136.033,0.033
s,9.008479251,134.05,0.0331
s,9.008479356,134.22,0.0332
s,9.00843295,135.203,0.0333
s,9.00843295,134.946,0.0333
s,9.008433277,133.731,0.0336
s,9.008433277,133.79,0.0336
s,9.00828804,133.517,0.0336
s,9.008288152,134.899,0.0337
s,9.008288152,135.037,0.0337
s,9.008143141,137.091,0.0339
s,9.007997906,135.949,0.0339
s,9.007997792,135.696,0.0338
s,9.007997792,136.111,0.0338
s,9.00766092,133.154,0.0339
s,9.007614411,133.922,0.0339
s,9.007614411,133.61,0.0339
s,9.007469174,134.02,0.0339
s,9.007469174,133.414,0.0339
s,9.00756768,134.145,0.0337
s,9.00756768,133.164,0.0337
s,9.007422442,131.494,0.0337
s,9.007422331,130.974,0.0336
s,9.007375829,134.911,0.0336
s,9.007329001,136.283,0.0333
s,9.007183763,134.467,0.0333
s,9.007137266,135.556,0.0333
s,9.007137266,136.343,0.0333
s,9.007137266,135.321,0.0333
s,9.007137266,136.924,0.0333
s,9.007137266,134.219,0.0333
s,9.007090668,132.732,0.0332
s,9.007090562,134.746,0.0331
s,9.007235698,135.1,0.033
s,9.007189209,135.08,0.033
s,9.007189209,135.31,0.033
s,9.007189209,136.262,0.033
s,9.00704366,136.224,0.0327
s,9.007188902,138.302,0.0327
s,9.007188902,136.186,0.0327
s,9.007188802,135.161,0.0326
s,9.007334044,135.68,0.0326
s,9.00728756,135.653,0.0326
s,9.007432803,136.704,0.0326
s,9.007432803,134.146,0.0326
s,9.00728756,136.699,0.0326
s,9.00728756,139.388,0.0326
s,9.007334044,140.019,0.0326
s,9.007479285,139.367,0.0326
s,9.007479385,138.807,0.0327
s,9.007479385,136.054,0.0327
s,9.007769971,133.054,0.0328
s,9.007769971,131.184,0.0328
s,9.007770074,135.834,0.0329
s,9.007770074,135.847,0.0329
s,9.007770074,132.925,0.0329
s,9.007770177,137.413,0.033
s,9.007770282,136.388,0.0331
s,9.007770282,136.715,0.0331
s,9.007770282,136.56,0.0331
s,9.007770387,136.083,0.0332
s,9.007433527,134.552,0.0333
s,9.007433527,136.758,0.0333
s,9.007433635,142.049,0.0334
s,9.007532399,139.793,0.0334
s,9.007090562,135.02,0.0331
s,9.007235802,135.717,0.0331
s,9.007235802,136.623,0.0331
s,9.007235802,136.783,0.0331
s,9.007235698,134.796,0.033
s,9.007043864,137.601,0.0329
s,9.007043864,139.505,0.0329
s,9.007043762,136.479,0.0328
s,9.007043762,135.76,0.0328
s,9.007043762,134.762,0.0328
s,9.007334044,135.882,0.0326
s,9.007334044,134.842,0.0326
s,9.00728756,136.226,0.0326
s,9.007287461,136.844,0.0325
s,9.00728756,136.782,0.0326
s,9.00728756,135.446,0.0326
s,9.007334044,136.798,0.0326
s,9.007334044,139.077,0.0326
s,9.007334044,137.59,0.0326
s,9.007479385,138.521,0.0327
s,9.007624628,137.903,0.0327
s,9.007624628,133.774,0.0327
s,9.007624628,134.717,0.0327
s,9.007769971,135.032,0.0328
s,9.007770074,136.412,0.0329
s,9.007770177,136.641,0.033
s,9.007770177,137.716,0.033
s,9.007915419,136.083,0.033
s,9.007578663,136.643,0.0332
s,9.007578663,135.624,0.0332
s,9.007433527,136.792,0.0333
s,9.007433527,137.304,0.0333
s,9.007433527,135.952,0.0333
s,9.007532508,138.528,0.0335
s,9.007532508,137.76,0.0335
s,9.007532508,138.103,0.0335
s,9.007340788,139.771,0.0335
s,9.007340898,142.898,0.0336
s,9.007340898,136.454,0.0336
s,9.007340898,138.734,0.0336
s,9.007341009,136.425,0.0337
s,9.007195764,138.519,0.0337
s,9.007195764,134.219,0.0337
s,9.007294762,138.622,0.0339
s,9.007149517,136.688,0.0339
s,9.007149631,135.806,0.034
s,9.007149631,134.786,0.034
s,9.007295227,134.233,0.0343
s,9.007248877,133.507,0.0344
s,9.007248877,135.807,0.0344
s,9.007103632,135.269,0.0344
s,9.007103752,135.46,0.0345
s,9.007057286,134.235,0.0345
s,9.007057286,133.77,0.0345
s,9.007057407,132.819,0.0346
s,9.007057407,132.25,0.0346
s,9.007010943,133.249,0.0346
m,9.006720571,138.787,0.0347
m,9.006912406,132.184,0.0348
m,9.006912406,133.326,0.0348
m,9.007475977,127.263,0.0348
m,9.017000639,142.583,0.0347
m,9.018518684,134.296,0.0347
m,9.020085704,148.611,0.0347
m,9.021654546,136.832,0.0346
m,9.023225449,138.775,0.0346
m,9.033363193,143.433,0.0346
m,9.035141452,140.047,0.0346
m,9.036824945,144.931,0.0346
m,9.03870364,136.758,0.0345
m,9.042758431,152.556,0.0345
m,9.057133786,138.509,0.0345
m,9.059425695,134.161,0.0344
m,9.063435949,132.384,0.0344
m,9.065492366,140.74,0.0344
s,9.007195764,138.149,0.0337
s,9.007195877,134.714,0.0338
s,9.007195877,138.448,0.0338
s,9.007195877,135.969,0.0338
s,9.00719599,138.565,0.0339
s,9.007149631,133.95,0.034
s,9.007149747,133.227,0.0341
s,9.007295109,134.241,0.0342
s,9.007295227,133.746,0.0343
s,9.007295227,133.697,0.0343
s,9.007103752,135.113,0.0345
s,9.007103752,134.529,0.0345
s,9.007057286,132.526,0.0345
s,9.007057286,134.603,0.0345
s,9.007010943,131.648,0.0346
m,9.006865696,132.44,0.0346
m,9.006865819,133.473,0.0347
m,9.006865819,134.533,0.0347
m,9.006865819,133.588,0.0347
m,9.008272508,130.914,0.0348
m,9.009447954,130.816,0.0348
m,9.01081125,152.746,0.0347
m,9.012223264,135.234,0.0347
m,9.015437422,133.831,0.0347
m,9.02484574,132.938,0.0346
m,9.026515678,140.867,0.0346
m,9.029862402,145.573,0.0346
m,9.031684147,137.974,0.0346
m,9.04711441,135.334,0.0345
m,9.049103392,132.648,0.0345
m,9.051046402,137.633,0.0345
m,9.053040866,135.484,0.0345
m,9.05498916,136.269,0.0345
m,9.065492366,148.377,0.0344
m,9.069756825,142.177,0.0344
m,9.072158944,140.8,0.0343
m,9.074563515,144.643,0.0342
m,9.076970536,143.927,0.0341
m,9.081948206,138.361,0.0341
m,9.084419497,148.491,0.034
m,9.086944497,146.478,0.034
m,9.089177251,136.666,0.0339
m,9.0916079,139.425,0.0339
m,9.105429224,152.799,0.0338
m,9.107674635,148.96,0.0338
m,9.109973468,142.537,0.0337
m,9.112274764,139.738,0.0336
m,9.116833318,140.501,0.0335
m,9.130642296,146.662,0.0332
m,9.132509067,139.431,0.0332
m,9.132509067,148.166,0.0332
m,9.136299313,156.692,0.0331
m,9.14945952,143.332,0.0332
m,9.151553449,144.302,0.0332
m,9.153649389,146.209,0.0331
m,9.155550713,149.347,0.0331
m,9.160200352,138.15,0.033
m,9.171515292,133.838,0.033
m,9.173631201,146.622,0.033
m,9.177923202,145.898,0.0329
m,9.180243072,147.441,0.0329
m,9.182313477,142.484,0.033
m,9.197331183,144.116,0.0329
m,9.199527111,136.235,0.033
m,9.204267068,141.131,0.033
m,9.206612948,136.73,0.033
m,9.222722129,141.197,0.0329
m,9.224886914,136.819,0.0329
m,9.227053872,144.079,0.033
m,9.229421773,138.025,0.033
m,9.231648862,148.745,0.033
m,9.24452249,149.737,0.0329
m,9.246793663,139.506,0.0328
m,9.249123472,141.791,0.0328
m,9.251312472,140.66,0.0328
m,9.253703169,148.668,0.0328
m,9.096224814,140.207,0.0339
m,9.098511722,144.068,0.0339
m,9.100801101,140.604,0.0339
m,9.100801101,139.471,0.0339
m,9.118894679,138.297,0.0335
m,9.120813993,148.678,0.0334
m,9.122827867,140.673,0.0334
m,9.124699672,147.659,0.0334
m,9.126809465,146.776,0.0333
m,9.138118159,149.77,0.033
m,9.139650671,147.033,0.033
m,9.141668769,157.215,0.033
m,9.145277914,152.042,0.0331
m,9.14731485,146.887,0.0331
m,9.162608874,140.565,0.0331
m,9.162608769,150.165,0.033
m,9.167236231,155.141,0.033
m,9.169401487,142.429,0.033
m,9.186459765,152.772,0.0329
m,9.188535853,141.201,0.0329
m,9.190613867,142.11,0.0329
m,9.192802933,144.613,0.0329
m,9.194939608,143.964,0.0329
m,9.206612948,144.491,0.033
m,9.21122339,146.356,0.033
m,9.213631248,137.134,0.0329
m,9.215898432,137.668,0.0329
m,9.218255634,137.607,0.0329
m,9.233965038,138.162,0.033
m,9.236084063,156.353,0.033
m,9.240271333,137.922,0.0329
m,9.240271333,143.27,0.0329
m,9.258690751,155.94,0.0327
m,9.261287863,143.529,0.0327
m,9.266488872,142.65,0.0326
m,9.269092865,138.182,0.0326
m,9.271556616,136.077,0.0327
m,9.274080259,135.661,0.0328
m,9.276663962,145.617,0.0328
m,9.281866314,138.549,0.0328
m,9.284600395,148.687,0.0328
m,9.31579244,148.343,0
m,9.318595165,131.499,0.033
m,9.321507338,135.769,0.033
m,9.327375424,151.45,0.033
m,9.330212972,137.882,0.033
m,9.345310314,141.26,0.0331
m,9.351224399,145.49,0.0331
m,9.353942764,131.942,0.0331
m,9.356866165,144.664,0.0331
m,9.359590349,136.597,0.0332
m,9.380099307,136.511,0.0333
m,9.383049957,143.683,0.0334
m,9.385861876,157.614,0.0334
m,9.388879787,138.732,0.0334
m,9.410403856,143.265,0.0337
m,9.4133225,145.149,0.0336
m,9.416243973,140.745,0.0336
m,9.41943436,137.725,0.0336
m,9.425729962,136.374,0.0336
m,9.440077212,143.713,0.0335
m,9.445374372,141.161,0.0335
m,9.448121633,142.161,0.0336
m,9.448121633,137.305,0.0336
m,9.454096233,142.399,0.0336
m,9.474921937,145.571,0.0338
m,9.477848158,139.53,0.0338
m,9.480841015,146.582,0.0339
m,9.48363097,145.763,0.034
m,9.502504107,146.666,0.0344
m,9.505330544,151.765,0.0345
m,9.511183135,139.108,0.0344
m,9.514144498,149.093,0.0343
m,9.517313345,142.634,0.0342
m,9.287078594,137.261,0.0328
m,9.289559115,140.457,0.0328
m,9.291983767,150.522,0.0328
m,9.296813944,145.466,0.0329
m,9.299362129,140.482,0.0329
m,9.330213078,134.364,0.0331
m,9.336240291,136.594,0.0331
m,9.339146029,140.233,0.0331
m,9.342256607,141.549,0.0331
m,9.362175457,143.416,0.0332
m,9.365107616,144.696,0.0332
m,9.368103494,137.867,0.0332
m,9.374085077,148.447,0.0333
m,9.374085077,144.337,0.0333
m,9.392024101,137.726,0.0335
m,9.398058207,156.367,0.0336
m,9.401150939,141.539,0.0336
m,9.404184989,139.41,0.0336
m,9.407222264,142.713,0.0337
m,9.428788666,141.683,0.0336
m,9.431646448,136.949,0.0336
m,9.434585277,150.928,0.0336
m,9.437463615,139.373,0.0335
m,9.457119547,136.488,0.0336
m,9.460068682,145.519,0.0336
m,9.463097961,145.982,0.0337
m,9.468960132,147.085,0.0338
m,9.472010173,139.756,0.0338
m,9.489011778,145.599,0.034
m,9.49153799,150.29,0.0341
m,9.4942066,145.586,0.0342
m,9.496941929,148.931,0.0343
m,9.499754606,143.151,0.0343
m,9.520549497,143.848,0.0341
m,9.523712993,144.933,0.0341
m,9.527159115,141.026,0.034
m,9.530467277,148.883,0.0341
m,9.537032347,154.696,0.0342
m,9.537032467,136.527,0.0343
m,9.54359687,137.907,0.0344
m,9.547129391,137.359,0.0345
m,9.550936296,132.784,0.0346
m,9.584946289,134.059,0.0347
m,9.590253519,149.567,0.0349
m,9.595841371,141.034,0.035
m,9.607256855,135.144,0.0351
m,9.64494236,144.916,0.0369
m,9.64957964,150.512,0.0369
m,9.653878119,136.062,0.0371
m,9.657697709,141.201,0.0371
m,9.660899184,145.238,0.0371
m,9.669738894,135.859,0.0379
m,9.669154075,137.133,0.038
m,9.667945428,130.916,0.0381
m,9.666113048,132.236,0.0383
m,9.663507708,135.419,0.0387
m,9.637104953,132.958,0.0401
m,9.627022833,145.682,0.0403
m,9.627023385,140.488,0.0406
m,9.616772186,136.456,0.0408
m,9.577207828,133.999,0.042
m,9.571003107,133.681,0.0421
m,9.564787888,134.003,0.0423
m,9.558842906,136.003,0.0424
m,9.552962824,130.74,0.0424
m,9.5185885,137.685,0.0425
m,9.512689979,133.876,0.0424
m,9.506866961,143.891,0.0422
m,9.501184976,135.972,0.0421
m,9.490027922,130.162,0.0419
m,9.45809977,137.943,0.0405
m,9.448044599,125.962,0.0402
m,9.443116378,128.793,0.04
m,9.438113867,152.832,0.0395
m,9.554959209,142.784,0.0347
m,9.559264116,148.662,0.0348
m,9.569132161,138.771,0.0348
m,9.57428231,150.594,0.0349
m,9.579713655,138.657,0.0348
m,9.607257114,143.754,0.0353
m,9.618771366,138.829,0.0355
m,9.624337423,142.298,0.0359
m,9.629910042,145.56,0.0366
m,9.634934687,140.484,0.0368
m,9.663623198,151.266,0.0372
m,9.665936708,140.228,0.0374
m,9.667906045,138.491,0.0375
m,9.669185178,132.371,0.0377
m,9.657105449,144.853,0.0389
m,9.653589325,143.437,0.0391
m,9.649859424,143.53,0.0392
m,9.645915918,136.653,0.0395
m,9.64161755,135.892,0.0397
m,9.611809825,149.093,0.041
m,9.606491136,138.101,0.0412
m,9.601032125,133.941,0.0414
m,9.59548706,135.432,0.0417
m,9.583336715,139.106,0.0418
m,9.541809487,140.341,0.0425
m,9.541809693,135.448,0.0426
m,9.530376572,132.356,0.0426
m,9.524552653,140.421,0.0426
m,9.484693281,135.631,0.0418
m,9.484692885,131.46,0.0416
m,9.474034359,129.623,0.0414
m,9.468494718,135.881,0.0411
m,9.458100331,127.202,0.0408
m,9.432897753,132.772,0.0391
m,9.42314559,143.222,0.0388
m,9.418543573,134.901,0.0385
m,9.414223529,145.603,0.0382
m,9.409971209,140.703,0.0379
m,9.405712806,144.112,0.0375
m,9.401868706,143.136,0.0367
m,9.395309762,140.671,0.0365
m,9.39322667,142.199,0.0362
m,9.39322653,138.938,0.0361
m,9.386436961,140.476,0.0361
m,9.384296856,138.021,0.0361
m,9.381945495,150.373,0.0361
m,9.379315956,146.254,0.036
m,9.376548463,144.65,0.036
m,9.356376298,128.323,0.0368
m,9.353623745,133.764,0.0369
m,9.350940879,129.26,0.037
m,9.345512717,131.002,0.0371
m,9.329275589,129.718,0.0377
m,9.323737487,130.287,0.0378
m,9.323737645,138.555,0.0379
m,9.3182055,131.595,0.038
m,9.315268752,135.275,0.038
m,9.298246484,136.156,0.0378
m,9.295463865,129.858,0.0378
m,9.292892046,147.22,0.0379
m,9.290183343,133.373,0.038
m,9.284980968,147.431,0.038
m,9.267201755,129.535,0.037
m,9.261619116,132.684,0.0369
m,9.258866689,134.94,0.0369
m,9.255839212,140.018,0.0368
m,9.240086365,137.888,0.0362
m,9.237614705,155.293,0.0361
m,9.23704345,136.747,0.036
m,9.236751629,135.115,0.036
m,9.236390431,133.192,0.0359
m,9.225974898,129.172,0.0357
m,9.218637122,128.023,0.0356
m,9.21455041,138.229,0.0352
m,9.210049485,137.758,0.035
m,9.205338333,130.138,0.0347
m,9.390838742,141.449,0.0362
m,9.390385579,138.398,0.0361
m,9.38979296,146.618,0.036
m,9.389121474,136.846,0.036
m,9.373643088,128.829,0.0361
m,9.367625603,130.013,0.0362
m,9.364793448,136.982,0.0364
m,9.364793734,135.684,0.0366
m,9.359063086,129.558,0.0368
m,9.342767571,134.482,0.0373
m,9.339884574,134.277,0.0374
m,9.337282325,136.163,0.0375
m,9.334542377,146.588,0.0376
m,9.331872661,136.756,0.0377
m,9.312542129,133.232,0.0379
m,9.309678473,134.181,0.0378
m,9.304096659,130.74,0.0378
m,9.301100729,139.187,0.0377
m,9.282139629,145.662,0.0379
m,9.282139315,137.948,0.0377
m,9.276115539,136.397,0.0375
m,9.273003229,146.176,0.0374
m,9.270031793,145.113,0.0371
m,9.252814434,135.285,0.0368
m,9.249859794,151.456,0.0367
m,9.246978444,142.195,0.0366
m,9.244376554,132.998,0.0364
m,9.240086505,142.615,0.0363
m,9.235821568,148.043,0.0359
m,9.232726854,139.416,0.0359
m,9.229635703,130.373,0.0359
m,9.225975169,130.394,0.0359
m,9.195147857,136.393,0.0345
m,9.190016725,133.728,0.0344
m,9.184537064,133.671,0.0342
m,9.178985316,143.525,0.034
m,9.173433632,134.391,0.0338
m,9.167881681,131.22,0.0333
m,9.156358193,133.199,0.0332
m,9.150668705,126.65,0.0331
m,9.1506686,127.117,0.033
m,9.112725736,126.789,0.0329
m,9.101762389,130.138,0.0328
m,9.09593572,130.371,0.0329
m,9.095935929,128.813,0.0331
m,9.084907602,129.789,0.0333
m,9.054861896,129.673,0.0341
m,9.049791647,130.059,0.0342
m,9.044786953,132.006,0.0343
m,9.039440496,137.016,0.0343
m,9.034232352,135.8,0.0345
m,8.822962002,132.872,0.0339
m,8.822962116,132.747,0.034
m,8.822962347,132.549,0.0342
m,8.822962465,132.461,0.0343
m,8.82304146,132.723,0.035
m,8.823041587,132.091,0.0351
m,8.823113963,132.233,0.0353
m,8.823114224,131.794,0.0355
m,8.823186479,131.582,0.0356
m,8.81914924,138.273,0.036
m,8.815249527,135.839,0.0359
m,8.815249391,148.104,0.0358
m,8.806735268,142.44,0.0357
m,8.802884288,145.88,0.0357
m,8.807728394,136.12,0.0355
m,8.810815678,135.01,0.0354
m,8.813346187,141.33,0.0353
m,8.815458574,142.886,0.0352
m,8.827075574,143.196,0.0352
m,8.828710874,138.491,0.0353
m,8.832404743,140.465,0.0352
m,8.834395299,143.384,0.0351
m,8.836527196,146.43,0.0351
m,9.139566314,128.789,0.033
m,9.134087552,123.962,0.033
m,9.128747004,126.462,0.033
m,9.123617084,127.365,0.0331
m,9.118204157,125.98,0.0329
m,9.079633488,130.239,0.0334
m,9.074432095,132.776,0.0337
m,9.069368736,132.561,0.0339
m,9.059721606,136.98,0.034
m,9.029372613,131.202,0.0345
m,9.019856737,133.283,0.0345
m,8.822889452,133.615,0.0335
m,8.822889562,133.325,0.0336
m,8.822889784,133.093,0.0338
m,8.823034691,132.681,0.0344
m,8.82303481,132.659,0.0345
m,8.822968851,132.383,0.0346
m,8.822969096,132.688,0.0348
m,8.823041335,132.732,0.0349
m,8.823258738,131.296,0.0357
m,8.823397061,131.768,0.0358
m,8.823258872,133.202,0.0358
m,8.82312082,128.138,0.0359
m,8.799857317,141.05,0.0357
m,8.798357358,142.508,0.0356
m,8.798174626,141.079,0.0355
m,8.801281109,150.044,0.0355
m,8.80450403,147.228,0.0355
m,8.817291731,140.241,0.0352
m,8.818917023,144.587,0.0351
m,8.82203558,139.984,0.0351
m,8.823528657,138.744,0.0351
m,8.825301108,142.515,0.0352
m,8.836527196,139.413,0.0351
m,8.840450573,145.104,0.0351
m,8.842382134,140.92,0.035
m,8.844384799,143.8,0.0349
m,8.84632097,151.549,0.0349
m,8.848537005,138.817,0.0347
m,8.85075534,141.208,0.0345
m,8.856590486,150.633,0.0345
m,8.858400809,142.462,0.0344
m,8.873646553,139.637,0.0349
m,8.875687022,146.803,0.0349
m,8.877798876,153.372,0.0349
m,8.87977408,140.441,0.035
m,8.894705006,146.078,0.0352
m,8.89690307,139.904,0.035
m,8.899242955,148.787,0.0349
m,8.903924532,143.207,0.0349
m,8.906198289,144.191,0.0349
m,8.917461065,143.833,0.035
m,8.918498868,140.288,0.0348
m,8.918498868,138.938,0.0348
m,8.919681256,149.207,0.0347
m,8.919472615,142.859,0.0346
m,8.9119274,150.175,0.0341
m,8.911927284,146.778,0.034
m,8.910018605,148.86,0.034
m,8.908997522,144.29,0.0341
m,8.900153576,143.265,0.0345
m,8.898663979,144.346,0.0344
m,8.89704642,145.836,0.0343
m,8.895907303,149.177,0.0342
m,8.89301954,145.342,0.0342
m,8.886272004,146.72,0.0342
m,8.884765969,146.243,0.0343
m,8.883339243,144.399,0.0339
m,8.880292469,150.148,0.0338
m,8.878326732,147.177,0.0338
m,8.867164768,144.387,0.0336
m,8.864433526,148.719,0.0336
m,8.863174785,146.218,0.0337
m,8.861715055,142.512,0.0336
m,8.860213252,143.575,0.0343
m,8.862167838,142.142,0.0343
m,8.867542765,152.333,0.0345
m,8.867543008,141.578,0.0347
m,8.871608664,140.999,0.0347
m,8.883800358,148.041,0.0351
m,8.885990738,143.738,0.0351
m,8.888183433,140.988,0.035
m,8.888183433,150.834,0.035
m,8.892576517,145.501,0.0351
m,8.908401509,139.719,0.0349
m,8.910534022,148.613,0.035
m,8.9125226,149.009,0.0349
m,8.914299588,141.098,0.0346
m,8.919192535,147.356,0.0344
m,8.918567621,142.823,0.0341
m,8.915658285,142.93,0.0343
m,8.914206358,149.729,0.0342
m,8.912962744,149.651,0.0341
m,8.907912914,147.144,0.0343
m,8.906839638,145.335,0.0346
m,8.905553849,139.385,0.0347
m,8.902989361,142.574,0.0347
m,8.901570394,154.419,0.0347
m,8.89301954,144.882,0.0342
m,8.890844059,138.837,0.0343
m,8.889381709,142.19,0.0342
m,8.887922064,146.276,0.0342
m,8.878326509,142.389,0.0336
m,8.874456014,145.535,0.0335
m,8.872628155,150.959,0.0335
m,8.870599197,140.27,0.0334
m,8.868778,145.152,0.0333
m,8.861715055,139.039,0.0336
m,8.858648401,140.524,0.0338
m,8.850558274,142.039,0.0343
m,8.849026075,145.45,0.0343
m,8.847637989,142.239,0.0344
m,8.846110952,147.983,0.0344
m,8.843286164,137.006,0.0345
m,8.841766986,141.878,0.0345
m,8.840330581,138.266,0.0345
m,8.839099854,136.578,0.0345
m,8.831488498,148.284,0.0349
m,8.828232621,138.525,0.0349
m,8.82667959,134.426,0.0348
m,8.825413023,134.17,0.0347
m,8.823947206,140.227,0.0346
m,8.814757509,135.664,0.0344
m,8.813434394,148.036,0.0343
m,8.812256167,133.916,0.0343
m,8.811080648,137.973,0.0343
m,8.799531687,137.711,0.0343
m,8.798465715,139.324,0.0343
m,8.795656457,153.04,0.0342
m,8.794029583,139.199,0.0342
m,8.792436732,138.53,0.0341
m,8.785265108,154.812,0.0339
m,8.784087678,151.355,0.0338
m,8.784087566,140.358,0.0337
m,8.781566914,140.928,0.0335
m,8.78033828,141.025,0.0333
m,8.772083104,138.116,0.0329
m,8.770814925,148.887,0.0328
m,8.768571495,145.049,0.0328
m,8.767596238,138.847,0.0328
m,8.760585429,145.51,0.0328
m,8.757953252,145.964,0.0327
m,8.756513675,141.431,0.0327
m,8.755164402,146.439,0.0326
m,8.753873012,141.054,0.0326
m,8.747159039,138.106,0.0324
m,8.74496571,143.646,0.0323
m,8.743784422,134.074,0.0323
m,8.742462382,143.748,0.0323
m,8.741286404,137.288,0.0322
m,8.837669267,157.388,0.0347
m,8.834613443,150.624,0.0347
m,8.832988841,151.06,0.0349
m,8.831488498,151.89,0.0349
m,8.82262645,143.342,0.0346
m,8.819770288,149.142,0.0346
m,8.818518416,139.975,0.0345
m,8.817187319,136.572,0.0345
m,8.8171872,135.446,0.0344
m,8.808536567,138.554,0.0344
m,8.80710917,151.179,0.0345
m,8.805601337,136.149,0.0345
m,8.80412091,138.077,0.0344
m,8.802560115,139.653,0.0343
m,8.791246965,139.953,0.0341
m,8.790001304,134.15,0.0341
m,8.788384208,137.118,0.034
m,8.78627413,136.778,0.0339
m,8.779254596,152.805,0.0332
m,8.778030474,147.28,0.0333
m,8.775873818,133.709,0.0332
m,8.774513045,141.703,0.0332
m,8.773353652,143.772,0.0331
m,8.766480334,139.868,0.0328
m,8.766480334,141.581,0.0328
m,8.764367183,144.842,0.0328
m,8.763027664,136.653,0.0328
m,8.761833296,145.234,0.0328
m,8.752727251,138.861,0.0325
m,8.7510992,141.767,0.0324
m,8.749760431,138.094,0.0324
m,8.747159039,135.976,0.0324
m,8.740167177,151.544,0.0321
m,8.737882638,144.555,0.0321
m,8.736914574,146.476,0.0319
m,8.736092698,147.721,0.0317
m,8.735273622,145.875,0.0317
m,8.734366794,141.271,0.0315
m,8.733409077,148.857,0.0314
m,8.731070366,143.819,0.0314
m,8.731070282,141.827,0.0313
m,8.719460728,143.735,0.0311
m,8.717758806,142.421,0.031
m,8.716059513,142.859,0.031
m,8.714270929,142.985,0.031
m,8.712484584,146.027,0.0309
m,8.704636817,151.434,0.0309
m,8.703257391,140.143,0.0309
m,8.701684363,144.602,0.0307
m,8.697917212,147.041,0.0307
m,8.696011403,138.909,0.0307
m,8.682301893,147.915,0.0307
m,8.682301893,144.93,0.0307
m,8.678384728,141.216,0.0306
m,8.676407546,144.633,0.0306
m,8.661960719,132.105,0.0306
m,8.661960719,130.078,0.0306
m,8.658051373,131.664,0.0306
m,8.656488351,148.125,0.0305
m,8.654827628,127.945,0.0304
m,8.642458321,135.912,0.0304
m,8.64012978,144.183,0.0304
m,8.637947916,134.796,0.0305
m,8.633445482,140.493,0.0305
m,8.631172446,132.524,0.0305
m,8.61366847,132.952,0.0304
m,8.611023778,133.591,0.0304
m,8.608428704,141.688,0.0304
m,8.605980412,144.606,0.0304
m,8.586186901,149.857,0.0305
m,8.583509657,147.109,0.0305
m,8.580880959,141.088,0.0306
m,8.578398811,150.297,0.0306
m,8.728507043,149.891,0.0313
m,8.727327323,141.212,0.0313
m,8.725809472,142.557,0.0313
m,8.724241231,145.559,0.0312
m,8.721021232,141.791,0.0311
m,8.710896612,147.615,0.0309
m,8.707778998,150.605,0.0309
m,8.707778998,139.267,0.0309
m,8.705534391,152.716,0.0309
m,8.693963638,142.747,0.0307
m,8.692062395,148.583,0.0307
m,8.690019156,147.242,0.0307
m,8.688317501,139.69,0.0307
m,8.686278725,140.704,0.0307
m,8.674287998,139.183,0.0306
m,8.672314973,145.17,0.0306
m,8.670249441,141.52,0.0306
m,8.668185791,138.199,0.0306
m,8.664113795,130.845,0.0306
m,8.652974269,130.513,0.0304
m,8.649121376,134.991,0.0302
m,8.647027279,139.908,0.0302
m,8.644741695,132.772,0.0303
m,8.631172373,145.413,0.0304
m,8.626341593,144.43,0.0304
m,8.623928736,136.137,0.0305
m,8.621324447,132.521,0.0305
m,8.618818824,132.263,0.0305
m,8.603196369,143.667,0.0304
m,8.60046174,136.87,0.0305
m,8.597583723,144.377,0.0305
m,8.594660148,135.452,0.0305
m,8.59178564,143.624,0.0305
m,8.575773027,143.096,0.0307
m,8.569903688,135.854,0.0307
m,8.566707311,141.624,0.0308
m,8.563321022,139.675,0.0308
m,8.563321022,139.923,0.0308
m,8.556844927,131.543,0.0308
m,8.553464566,129.975,0.0308
m,8.550277561,136.031,0.0308
m,8.546947042,134.789,0.0308
m,8.543763695,131.435,0.0308
m,8.52403839,135.199,0.0311
m,8.520521356,144.527,0.0313
m,8.5136368,146.107,0.0313
m,8.513636883,137.042,0.0314
m,8.506747848,142.705,0.0314
m,8.482977112,135.044,0.0316
m,8.479609718,141.441,0.0316
m,8.476198979,143.861,0.0317
m,8.472643662,148.042,0.0317
m,8.446446886,141.749,0.0316
m,8.442565753,142.321,0.0318
m,8.43485071,132.204,0.0319
m,8.430973088,138.036,0.0319
m,8.427140403,141.902,0.032
m,8.403573191,137.69,0.032
m,8.403573191,132.323,0.032
m,8.396028298,133.679,0.032
m,8.392163209,135.698,0.032
m,8.38829939,136.788,0.032
m,8.364120928,137.188,0.032
m,8.361463006,136.749,0.032
m,8.359286036,141.91,0.0321
m,8.356270737,156.696,0.0322
m,8.341553201,138.041,0.0323
m,8.33427854,145.639,0.0325
m,8.330245831,139.74,0.0325
m,8.326172773,143.356,0.0325
m,8.322101385,137.378,0.0326
m,8.298929713,135.593,0.034
m,8.29559548,131.824,0.0342
m,8.292366988,136.906,0.0343
m,8.289660758,141.996,0.0346
m,8.286955249,141.64,0.0349
m,8.537394315,129.705,0.0308
m,8.534207865,137.36,0.0309
m,8.530977097,137.109,0.0309
m,8.527457013,136.333,0.031
m,8.503282678,139.831,0.0314
m,8.499818814,137.225,0.0314
m,8.496401124,130.243,0.0314
m,8.49298469,143.136,0.0315
m,8.489569432,135.068,0.0316
m,8.468943816,152.184,0.0317
m,8.461357505,130.311,0.0316
m,8.461357505,140.091,0.0316
m,8.453877685,134.548,0.0316
m,8.450139682,139.097,0.0316
m,8.423075847,132.147,0.032
m,8.419158523,139.389,0.032
m,8.415285982,139.4,0.032
m,8.411458015,141.208,0.032
m,8.384479677,143.581,0.032
m,8.377135681,141.886,0.032
m,8.373654086,134.753,0.032
m,8.370216127,143.553,0.032
m,8.367010183,132.873,0.032
m,8.356270645,139.487,0.0321
m,8.353128964,140.103,0.0321
m,8.350845492,147.587,0.0321
m,8.348101793,140.48,0.0321
m,8.344921119,141.555,0.0323
m,8.317927066,134.838,0.0328
m,8.313859046,145.636,0.0332
m,8.306017097,136.595,0.0336
m,8.306017541,146.545,0.034
m,8.284959077,128.274,0.0354
m,8.283150336,130.914,0.0356
m,8.279264957,136.051,0.0359
m,8.279264957,130.204,0.0359
m,8.273054061,137.136,0.0359
m,8.269043766,128.058,0.036
m,8.264823614,126.196,0.0363
m,8.260791257,143.561,0.0364
m,8.252941194,132.788,0.0363
m,8.224837069,127.891,0.0361
m,8.220787995,131.108,0.0361
m,8.220787857,134.767,0.036
m,8.212197849,134.839,0.0359
m,8.207763122,132.941,0.0358
m,8.18597106,133.082,0.0355
m,8.185757925,130.116,0.0356
m,8.186838363,127.173,0.0358
m,8.188693172,131.803,0.0358
m,8.194080608,131.442,0.0358
m,8.207445832,136.903,0.0353
m,8.211845844,137.88,0.0353
m,8.213973649,131.612,0.0352
m,8.216289755,138.241,0.0352
m,8.230440412,130.557,0.035
m,8.23508132,127.056,0.035
m,8.237460939,127.466,0.0351
m,8.239843275,127.953,0.0351
m,8.242228201,125.649,0.0349
m,8.256704995,128.546,0.0345
m,8.259145283,139.889,0.0344
m,8.264220311,127.984,0.0343
m,8.266632917,129.159,0.0342
m,8.266633033,127.145,0.0343
m,8.287811497,133.172,0.0343
m,8.2901376,132.187,0.0343
m,8.292466254,127.16,0.0343
m,8.294832024,126.754,0.0342
m,8.312685271,125.019,0.034
m,8.31537901,130.32,0.0341
m,8.318109499,122.479,0.034
m,8.323546344,126.617,0.034
m,8.326171958,125.432,0.034
m,8.248871539,126.716,0.0363
m,8.24480303,138.509,0.0363
m,8.240629268,131.936,0.0362
m,8.236749609,132.402,0.0362
m,8.232577864,124.948,0.0361
m,8.203182051,131.826,0.0357
m,8.19860131,132.939,0.0357
m,8.190362553,132.761,0.0356
m,8.187545662,129.219,0.0355
m,8.196791374,143.79,0.0357
m,8.196791374,128.963,0.0357
m,8.201036272,130.571,0.0357
m,8.203049545,135.323,0.0356
m,8.205173167,133.027,0.0355
m,8.21849988,126.342,0.0351
m,8.220821767,136.82,0.0349
m,8.223222305,150.148,0.0348
m,8.225625736,136.251,0.0349
m,8.230440412,134.35,0.035
m,8.246859522,137.652,0.0348
m,8.249325803,129.602,0.0347
m,8.251868637,130.775,0.0346
m,8.254303707,126.652,0.0346
m,8.271761415,134.028,0.0343
m,8.274329872,128.265,0.0343
m,8.277160197,133.801,0.0342
m,8.27984646,129.329,0.0342
m,8.285263448,124.847,0.0343
m,8.299467394,131.019,0.0342
m,8.301953682,127.178,0.0342
m,8.304555734,124.252,0.0342
m,8.307273799,128.657,0.0341
m,8.309960987,123.912,0.0341
m,8.328767084,137.115,0.034
m,8.331250857,131.049,0.0341
m,8.333917976,125.959,0.0341
m,8.336554705,140.16,0.0341
m,8.341803629,120.549,0.034
m,8.344563853,123.533,0.034
m,8.344563853,126.071,0.034
m,8.35024108,122.797,0.034
m,8.35301024,132.937,0.0339
m,8.37278645,125.04,0.0335
m,8.375844994,124.575,0.0334
m,8.381676253,121.863,0.0334
m,8.384596723,125.316,0.0334
m,8.400653456,122.87,0.0329
m,8.406156544,124.518,0.0328
m,8.408986471,127.702,0.0327
m,8.411819346,123.899,0.0326
m,8.414803256,125.995,0.0325
m,8.431049351,133.424,0.032
m,8.433638144,126.623,0.0319
m,8.435933184,140.607,0.0318
m,8.439999997,123.098,0.0317
m,8.439999912,129.598,0.0316
m,8.441063941,133.158,0.0312
m,8.439327614,125.484,0.0312
m,8.437296801,131.291,0.0311
m,8.434702524,128.083,0.0311
m,8.41296762,125.193,0.0308
m,8.409742021,126.232,0.0307
m,8.406343326,125.203,0.0305
m,8.402920434,121.895,0.0304
m,8.396056221,128.396,0.0303
m,8.380309708,124.83,0.0299
m,8.374057208,123.583,0.0299
m,8.374057208,127.109,0.0299
m,8.367988326,124.585,0.0299
m,8.36494442,127.084,0.0298
m,8.344322517,125.345,0.0294
m,8.341273369,136.224,0.0294
m,8.338251395,129.836,0.0293
m,8.335380594,126.463,0.0293
m,8.355782408,124.681,0.0338
m,8.358525602,124.543,0.0338
m,8.364053512,126.682,0.0338
m,8.367070065,124.568,0.0337
m,8.369942274,122.446,0.0336
m,8.387255355,122.898,0.0333
m,8.389799799,122.212,0.0332
m,8.392377573,123.898,0.033
m,8.397862887,123.389,0.033
m,8.400653456,128.061,0.0329
m,8.420335707,123.505,0.0324
m,8.423032197,130.422,0.0323
m,8.42576094,122.36,0.0321
m,8.428463216,135.743,0.0321
m,8.442715354,126.341,0.0316
m,8.44330741,132.517,0.0315
m,8.443754023,139.187,0.0313
m,8.443730524,130.95,0.0313
m,8.442385666,132.925,0.0312
m,8.431665015,133.743,0.031
m,8.428777834,130.674,0.0309
m,8.422658011,130.271,0.0309
m,8.422658011,124.182,0.0309
m,8.416222572,132.737,0.0308
m,8.392694329,141.972,0.0302
m,8.389631794,128.182,0.0301
m,8.386597903,127.041,0.0301
m,8.383539944,129.014,0.03
m,8.361877467,128.882,0.0298
m,8.35883831,136.763,0.0296
m,8.353014273,128.895,0.0295
m,8.350106105,124.888,0.0294
m,8.347200586,131.756,0.0294
m,8.329275611,130.119,0.0293
m,8.329275611,129.34,0.0293
m,8.32315725,132,0.0293
m,8.320126303,127.075,0.0293
m,8.316949149,136.902,0.0293
m,8.313774629,130.607,0.0294
m,8.310578963,122.979,0.0295
m,8.307237193,129.067,0.0295
m,8.300757711,125.834,0.0296
m,8.297447437,127.703,0.0297
m,8.281827887,129.286,0.0296
m,8.27541244,130.199,0.0296
m,8.27224921,126.738,0.0296
m,8.268962227,126.219,0.0296
m,8.26548432,129.436,0.0296
m,8.241543156,127.036,0.0297
m,8.238238417,132.941,0.0297
m,8.234958075,136.523,0.0298
m,8.231659416,138.732,0.0299
m,8.208349869,130.828,0.03
m,8.205115516,126.661,0.0299
m,8.198973316,126.128,0.0298
m,8.198973316,133.25,0.0298
m,8.192990711,129.493,0.0298
m,8.174884113,127.867,0.0301
m,8.172015315,126.13,0.0301
m,8.169129697,126.953,0.03
m,8.166265646,131.485,0.03
m,8.163403859,129.19,0.0299
m,8.143342618,127.518,0.0302
m,8.140666752,126.877,0.0302
m,8.137825692,125.075,0.0302
m,8.135154256,127.206,0.0302
m,8.116164826,140.469,0.0304
m,8.113327438,134.686,0.0304
m,8.107660398,131.93,0.0304
m,8.104698121,136.015,0.0304
m,8.101870947,127.424,0.0304
m,8.085240758,134.052,0.0305
m,8.082297443,125.034,0.0305
m,8.079340593,124.643,0.0305
m,8.076370598,121.8,0.0306
m,8.073253817,123.399,0.0306
m,8.297447499,130.333,0.0298
m,8.29098344,130.055,0.0298
m,8.287978646,131.127,0.0298
m,8.284827502,127.184,0.0297
m,8.262180571,129.812,0.0296
m,8.258708651,131.132,0.0297
m,8.25521781,130.423,0.0298
m,8.248459926,128.727,0.0298
m,8.248459926,124.068,0.0298
m,8.22494309,131.509,0.03
m,8.221504356,129.994,0.03
m,8.218089466,148.932,0.0301
m,8.214847103,135.481,0.0301
m,8.211736023,126.548,0.0301
m,8.189938654,123.872,0.0299
m,8.186889026,129.964,0.0299
m,8.183842016,132.623,0.0301
m,8.177923849,128.698,0.0301
m,8.160544529,137.155,0.03
m,8.157687469,139.497,0.03
m,8.154702022,125.192,0.03
m,8.148999438,131.858,0.0301
m,8.146169985,126.774,0.0302
m,8.129817848,124.358,0.0301
m,8.127153011,131.147,0.0302
m,8.127153011,123.967,0.0302
m,8.121680351,131.097,0.0302
m,8.119004721,130.432,0.0303
m,8.099062906,131.637,0.0303
m,8.096257388,129.92,0.0304
m,8.090819185,129.9,0.0304
m,8.0880369,132.492,0.0304
m,8.07028937,125.719,0.0306
m,8.064533855,128.117,0.0306
m,8.061742522,130.652,0.0305
m,8.059118687,130.248,0.0306
m,8.056497218,126.335,0.0306
m,8.053878187,139.54,0.0306
m,8.048363031,132.607,0.0306
m,8.045481431,138.252,0.0307
m,8.043108956,132.539,0.0307
s,8.039410412,145.794,0.0306
s,8.039424829,143.443,0.0305
s,8.039424829,141.924,0.0305
s,8.039424829,139.963,0.0305
s,8.039439321,141.515,0.0305
s,8.039767396,140.828,0.0303
s,8.039767396,142.088,0.0303
s,8.039767396,141.157,0.0303
s,8.039767396,140.308,0.0303
s,8.039767396,139.41,0.0303
s,8.039917003,140.111,0.0303
s,8.039917003,146.238,0.0303
s,8.039917003,140.957,0.0303
s,8.039917003,144.184,0.0303
s,8.040216152,143.368,0.0302
s,8.040216152,147.963,0.0302
s,8.040216152,138.286,0.0302
s,8.04036576,140.71,0.0302
s,8.040515368,144.802,0.0302
s,8.040664976,145.343,0.0302
s,8.040664976,142.822,0.0302
s,8.040664911,141.145,0.0301
s,8.040664976,141.027,0.0302
s,8.040664976,142.099,0.0302
s,8.040500805,145.276,0.0301
s,8.040500805,151.873,0.0301
s,8.040515239,146.558,0.03
s,8.040515239,140.236,0.03
s,8.040365569,147.791,0.0299
s,8.040351071,146.709,0.0299
s,8.040201401,154.351,0.0298
s,8.040201341,143.039,0.0297
s,8.040201341,148.961,0.0297
m,8.043108956,137.754,0.0307
m,8.040052318,150.285,0.0306
m,8.039395929,142.558,0.0306
m,8.039395929,147.328,0.0306
s,8.039395929,144.682,0.0306
s,8.039588928,144.128,0.0305
s,8.039588859,141.716,0.0304
s,8.039603355,146.576,0.0304
s,8.039603355,143.511,0.0304
s,8.039902504,138.719,0.0303
s,8.039902504,139.421,0.0303
s,8.039917071,139.463,0.0304
s,8.039917071,146.799,0.0304
s,8.039917003,148.901,0.0303
s,8.039917003,140.264,0.0303
s,8.039917003,140.615,0.0303
s,8.04006661,148.791,0.0303
s,8.04006661,149.668,0.0303
s,8.040066544,141.962,0.0302
s,8.040515368,139.34,0.0302
s,8.040515368,142.719,0.0302
s,8.040664976,143.721,0.0302
s,8.040664976,141.438,0.0302
s,8.040664976,145.947,0.0302
s,8.040515303,146.05,0.0301
s,8.040515303,153.012,0.0301
s,8.040515303,160.968,0.0301
s,8.040500805,150.503,0.0301
s,8.040515239,138.747,0.03
s,8.040515177,146.495,0.0299
s,8.040500679,143.531,0.0299
s,8.040365569,147.743,0.0299
s,8.040365569,142.886,0.0299
s,8.040201341,144.48,0.0297
s,8.040201341,151.697,0.0297
s,8.040201341,141.439,0.0297
s,8.040037239,141.703,0.0297
s,8.040037239,142.355,0.0297
s,8.04003718,148.193,0.0296
s,8.04003718,142.324,0.0296
s,8.04003718,144.451,0.0296
s,8.040037122,146.558,0.0295
s,8.040172185,141.227,0.0294
s,8.040172185,138.081,0.0294
s,8.04017213,141.676,0.0293
s,8.04017213,143.563,0.0293
s,8.040022521,148.903,0.0293
s,8.040022521,141.766,0.0293
s,8.040022521,148.791,0.0293
s,8.040022521,147.161,0.0293
s,8.039872913,143.704,0.0293
s,8.040036957,140.918,0.0292
s,8.040051452,137.945,0.0292
s,8.040051452,145.153,0.0292
s,8.040051452,143.906,0.0292
s,8.039901844,140.982,0.0292
s,8.039901844,146.031,0.0292
s,8.039916291,146.177,0.0291
s,8.039916291,157.562,0.0291
s,8.039916291,143.951,0.0291
s,8.039916141,147.894,0.0288
s,8.0400657,146.139,0.0287
s,8.039916093,142.467,0.0287
s,8.039916047,146.445,0.0286
s,8.039901547,138.632,0.0286
s,8.04005111,138.47,0.0285
s,8.040051066,140.687,0.0284
s,8.040200674,146.445,0.0284
s,8.040200674,150.312,0.0284
s,8.040200674,138.97,0.0284
s,8.040200632,140.397,0.0283
s,8.040200632,142.84,0.0283
s,8.040200632,144.829,0.0283
s,8.040200632,142.227,0.0283
s,8.040037122,151.946,0.0295
s,8.040037122,143.71,0.0295
s,8.040186674,140.865,0.0294
s,8.040186674,142.467,0.0294
s,8.040172185,145.717,0.0294
s,8.04017213,143.6,0.0293
s,8.040022521,150.151,0.0293
s,8.040022521,143.704,0.0293
s,8.040022521,142.769,0.0293
s,8.040022521,147.75,0.0293
s,8.039872859,140.956,0.0292
s,8.039887349,141.838,0.0292
s,8.039887349,154.19,0.0292
s,8.039887349,148.369,0.0292
s,8.040051505,140.055,0.0293
s,8.039901898,140.611,0.0293
s,8.039901844,141.061,0.0292
s,8.039901844,147.048,0.0292
s,8.039901844,145.161,0.0292
s,8.03991624,139.833,0.029
s,8.03991624,140.459,0.029
s,8.03991624,142.037,0.029
s,8.03991619,141.808,0.0289
s,8.039916141,144.63,0.0288
s,8.039901547,138.92,0.0286
s,8.039901502,137.567,0.0285
s,8.04005111,137.556,0.0285
s,8.04005111,140.829,0.0285
s,8.040200674,140.489,0.0284
s,8.040200674,146.874,0.0284
s,8.040200632,144.805,0.0283
s,8.040200674,143.907,0.0284
s,8.040200674,139.281,0.0284
s,8.040200632,147.003,0.0283
s,8.04020059,156.92,0.0282
s,8.04020059,143.309,0.0282
s,8.04020059,142.393,0.0282
s,8.04020059,149.082,0.0282
s,8.04020059,146.865,0.0282
s,8.040186096,144.797,0.0282
s,8.040186096,150.619,0.0282
s,8.040186096,143.314,0.0282
s,8.040186056,139.815,0.0281
s,8.040186056,141.761,0.0281
s,8.040186056,139.073,0.0281
s,8.040186056,146.218,0.0281
s,8.040186056,142.397,0.0281
s,8.040186056,142.491,0.0281
s,8.040335705,147.752,0.0282
s,8.040335705,144.18,0.0282
s,8.040321215,141.951,0.0282
s,8.040321215,141.767,0.0282
s,8.040321256,140.289,0.0283
m,8.040321256,140.713,0.0283
m,8.040321256,151.383,0.0283
m,8.040321256,143.066,0.0283
m,8.040171648,147.126,0.0283
m,8.037595328,129.789,0.0283
m,8.035049681,135.249,0.0283
m,8.033845219,133.829,0.0284
m,8.032641189,149.926,0.0284
m,8.031288046,140.444,0.0285
m,8.017181764,133.732,0.0287
m,8.015127472,135.315,0.0287
m,8.012911504,135.926,0.0288
m,8.010873533,134.931,0.0288
m,7.996917369,133.796,0.0293
m,7.994876974,149.468,0.0293
m,7.99283807,135.89,0.0294
m,7.990788018,139.359,0.0296
m,7.988752008,142.029,0.0296
m,7.974948302,137.301,0.0301
m,7.972761597,133.434,0.0304
m,7.970576363,142.969,0.0305
m,7.96591116,139.571,0.0307
m,7.963569321,139.735,0.0308
s,8.040186056,138.084,0.0281
s,8.040186056,141.142,0.0281
s,8.040186056,141.182,0.0281
s,8.040186056,143.279,0.0281
s,8.040186056,147.68,0.0281
s,8.040186056,148.796,0.0281
s,8.040186096,140.767,0.0282
s,8.040335705,143.209,0.0282
s,8.040335705,140.679,0.0282
s,8.040335665,142.639,0.0281
s,8.040321175,137.007,0.0281
s,8.040321215,142.653,0.0282
s,8.040321215,140.91,0.0282
s,8.040321215,140.58,0.0282
m,8.040171648,141.086,0.0283
m,8.040007553,149.549,0.0283
m,8.03966486,130.375,0.0282
m,8.038637155,137.023,0.0283
m,8.029949461,145.86,0.0285
m,8.026861871,141.536,0.0285
m,8.024800537,141.41,0.0285
m,8.020967689,133.819,0.0286
m,8.019074064,137.609,0.0286
m,8.008823559,139.947,0.0289
m,8.00678826,149.453,0.029
m,8.002884241,137.987,0.0291
m,8.002884293,140.717,0.0292
m,7.998959144,138.473,0.0292
m,7.984185588,146.137,0.0297
m,7.981830174,151.134,0.0298
m,7.981830234,144.919,0.0299
m,7.977286485,140.839,0.03
m,7.961402118,140.368,0.0309
m,7.959386143,155.97,0.031
m,7.957221835,136.462,0.0311
m,7.955220079,139.985,0.0312
m,7.952908567,147.69,0.031
m,7.950598724,136.721,0.0311
m,7.948140522,148.989,0.0312
m,7.944386373,138.177,0.0312
m,7.943089625,135.168,0.0315
m,7.940507803,144.714,0.0319
m,7.940507803,140.642,0.0319
m,7.94036885,153.529,0.0319
m,7.940368936,150.526,0.032
m,7.939726182,143.721,0.0319
m,7.927753468,135.355,0.032
m,7.925499016,137.364,0.0323
m,7.923085252,139.337,0.0326
m,7.920682628,131.825,0.0327
m,7.915730097,134.727,0.0328
m,7.90011564,132.165,0.0337
m,7.894259094,141.622,0.0338
m,7.89109808,138.214,0.034
m,7.887947624,135.561,0.0341
m,7.866884943,137.165,0.0344
m,7.863900868,140.646,0.0344
m,7.860608902,149.193,0.0344
m,7.857467956,132.665,0.0345
m,7.854177997,136.947,0.0345
m,7.834309819,137.032,0.0348
m,7.831185215,139.585,0.0348
m,7.828061377,140.717,0.0347
m,7.824938551,137.119,0.0347
m,7.821508567,135.646,0.0347
m,7.789312111,130.709,0.0347
m,7.785270286,130.647,0.0348
m,7.77734803,139.812,0.0348
m,7.77331023,134.062,0.0347
m,7.746157386,135.357,0.0348
m,7.738106435,134.427,0.0348
m,7.73408317,122.441,0.0348
m,7.730054868,128.235,0.0347
m,7.726034637,125.915,0.0347
m,7.942264263,145.37,0.0316
m,7.941610743,150.865,0.0318
m,7.940978879,144.33,0.0318
m,7.94065753,141.199,0.0318
m,7.940496861,150.477,0.0318
m,7.93844103,140.62,0.0319
m,7.934383737,140.756,0.0319
m,7.9322762,138.893,0.032
m,7.930009075,137.426,0.032
m,7.915730195,135.994,0.0329
m,7.910781202,135.629,0.033
m,7.908223155,133.365,0.0331
m,7.905516267,135.353,0.0332
m,7.902970326,136.599,0.0335
m,7.884948042,133.394,0.0342
m,7.881958757,137.166,0.0342
m,7.878970463,136.065,0.0343
m,7.875983049,143.14,0.0344
m,7.872996396,150.928,0.0344
m,7.850730482,131.438,0.0346
m,7.844155717,147.648,0.0346
m,7.840720055,138.588,0.0347
m,7.840720055,146.018,0.0347
m,7.8140358,147.603,0.0347
m,7.809835371,146.361,0.0347
m,7.801431108,135.951,0.0348
m,7.797384992,134.986,0.0348
m,7.793347969,131.498,0.0348
m,7.769274004,135.364,0.0347
m,7.761356013,132.329,0.0348
m,7.757631048,127.412,0.0348
m,7.753907399,135.373,0.0348
m,7.750035094,128.555,0.0348
m,7.721865897,133.007,0.0347
m,7.717854774,131.009,0.0347
m,7.709980515,127.483,0.0347
m,7.706117547,137.102,0.0347
m,7.702106074,125.129,0.0347
m,7.698240356,132.263,0.0347
m,7.694531967,127.354,0.0347
m,7.686808716,123.482,0.0347
m,7.686808716,125.502,0.0347
m,7.657575304,122.558,0.0349
m,7.65419732,124.447,0.0349
m,7.651120472,123.845,0.0349
m,7.647899351,119.342,0.0349
m,7.62653659,124.426,0.0349
m,7.623169636,127.076,0.0349
m,7.619949671,122.497,0.0348
m,7.613352078,121.699,0.0348
m,7.610128515,119.723,0.0347
m,7.589438013,119.092,0.0348
m,7.586073221,112.261,0.0348
m,7.582857196,120.849,0.0348
m,7.576428119,118.166,0.0348
m,7.573217895,125.293,0.0347
m,7.556246861,130.269,0.0345
m,7.550902603,127.41,0.0344
m,7.548306816,137.723,0.0343
m,7.545563451,137.723,0.0343
m,7.52778325,136.049,0.034
m,7.525359461,135.607,0.034
m,7.522786802,132.259,0.0339
m,7.52051835,133.015,0.0339
m,7.517951067,132.523,0.0339
m,7.503193744,140.156,0.0341
m,7.500342639,131.389,0.0341
m,7.497794439,139.417,0.034
m,7.492705226,141.027,0.034
m,7.492705226,145.849,0.034
m,7.472750521,138.589,0.0337
m,7.470230861,136.485,0.0337
m,7.467713761,132.325,0.0336
m,7.465349513,131.396,0.0336
m,7.679097488,131.051,0.0347
m,7.67539702,129.49,0.0348
m,7.671703105,123.889,0.0348
m,7.668015754,140.969,0.0349
m,7.664479511,124.283,0.0349
m,7.644974635,121.317,0.0349
m,7.642046483,115.294,0.0349
m,7.636343933,133.205,0.0349
m,7.636343933,129.448,0.0349
m,7.629754599,117.269,0.0349
m,7.606760286,126.968,0.0347
m,7.599860365,123.558,0.0347
m,7.596332998,118.968,0.0347
m,7.592807747,124.449,0.0347
m,7.570307206,132.35,0.0347
m,7.56740379,129.414,0.0347
m,7.564499672,145.96,0.0347
m,7.56174746,125.24,0.0346
m,7.558997331,143.012,0.0346
m,7.542972531,141.065,0.0343
m,7.540233803,142.39,0.0342
m,7.537649113,133.166,0.0342
m,7.532636236,128.347,0.0341
m,7.530208168,133.961,0.0341
m,7.512972815,133.502,0.034
m,7.510561943,135.625,0.034
m,7.50830356,139.572,0.034
m,7.505897514,135.957,0.034
m,7.487925769,147.882,0.0339
m,7.485389555,141.183,0.0338
m,7.48285671,136.841,0.0338
m,7.480325586,137.255,0.0338
m,7.475423031,135.694,0.0338
m,7.460178814,147.928,0.0336
m,7.457524376,134.734,0.0336
m,7.45486876,136.002,0.0336
m,7.45486876,136.841,0.0336
m,7.44957171,131.621,0.0336
m,7.446928475,135.774,0.0335
m,7.4441382,138.686,0.0335
m,7.441197966,140.155,0.0333
m,7.436223684,142.257,0.0334
m,7.421820082,137.141,0.0335
m,7.416891449,133.947,0.0335
m,7.416891449,134.03,0.0335
m,7.411969566,134.887,0.0333
m,7.409510527,137.977,0.0332
m,7.394964487,126.957,0.0332
m,7.392528106,126.324,0.0332
m,7.392528106,126.08,0.0332
m,7.387663501,128.308,0.0331
m,7.385085357,124.13,0.0331
m,7.368724464,113.444,0.0331
m,7.366749739,110.816,0.0332
m,7.364621029,110.008,0.0333
m,7.360244552,110.143,0.0334
m,7.342289786,121.916,0.0336
m,7.340199759,120.673,0.0337
m,7.338254547,128.391,0.0337
m,7.336461553,122.424,0.0338
m,7.334512931,119.589,0.0337
m,7.323877399,129.645,0.0337
m,7.322277146,126.365,0.0337
m,7.320829614,125.84,0.0337
m,7.319384866,125.172,0.0337
m,7.316512438,120.635,0.0336
m,7.308160475,121.511,0.0333
m,7.306132212,119.822,0.0333
m,7.306132212,119.041,0.0333
m,7.304417092,115.77,0.0332
m,7.299433624,133.854,0.032
m,7.299315266,132.972,0.0319
m,7.299350681,128.197,0.0318
m,7.299551775,126.673,0.0319
m,7.299618902,137.881,0.0316
m,7.433741848,138.026,0.0334
m,7.431262719,141.829,0.0334
m,7.4289333,134.386,0.0335
m,7.426459477,136.604,0.0335
m,7.424135042,135.743,0.0335
m,7.407054003,137.949,0.0331
m,7.404750135,135.054,0.0331
m,7.402148702,132.034,0.0331
m,7.397408106,140.282,0.0331
m,7.382359859,123.831,0.033
m,7.379787348,117.118,0.0331
m,7.375094881,115.382,0.0331
m,7.37297469,112.655,0.033
m,7.370851322,119.148,0.033
m,7.355577358,111.892,0.0334
m,7.353185568,108.963,0.0334
m,7.350946556,118.607,0.0334
m,7.348860419,116.788,0.0335
m,7.346613137,118.721,0.0336
m,7.331087205,143.691,0.0337
m,7.32931048,124.503,0.0337
m,7.327544117,151.763,0.0337
m,7.327544117,127.607,0.0337
m,7.315076175,124.84,0.0336
m,7.313801545,127.573,0.0335
m,7.312548267,122.756,0.0334
m,7.311148506,123.654,0.0332
m,7.309109508,126.164,0.0333
m,7.303644724,117.321,0.0332
m,7.301348203,138.251,0.0328
m,7.300739465,115.905,0.0326
m,7.300294996,118.42,0.0324
m,7.299705776,131.901,0.0321
m,7.299917002,130.269,0.0316
m,7.300147635,127.89,0.0315
m,7.300382708,143.249,0.0313
m,7.300382561,131.638,0.0311
m,7.301478121,135.343,0.0309
m,7.302039311,137.251,0.0308
m,7.302754796,138.994,0.0304
m,7.303488239,131.295,0.0299
m,7.305147623,134.564,0.0298
m,7.310464791,128.828,0.0274
m,7.311250534,138.876,0.0272
m,7.311250498,129.639,0.027
m,7.312373286,134.977,0.0269
m,7.316362917,129.497,0.0259
m,7.316982269,128.233,0.0259
m,7.317621923,137.292,0.0257
m,7.3182823,135.003,0.0256
m,7.318947129,131.278,0.0255
m,7.323486563,134.5,0.0253
m,7.324500353,136.889,0.0251
m,7.325500921,130.647,0.0251
m,7.326637244,127.11,0.025
m,7.32805823,125.777,0.0249
m,7.333843208,138.956,0.025
m,7.334711715,134.369,0.0251
m,7.336461104,127.161,0.0252
m,7.337341975,129.974,0.0253
m,7.338077723,128.105,0.0253
m,7.343053208,132.073,0.0261
m,7.344651411,119.636,0.0263
m,7.345360537,125.738,0.0266
m,7.346073017,115.566,0.0269
m,7.351942664,133.678,0.0279
m,7.352682054,138.084,0.0281
m,7.354148607,142.281,0.0283
m,7.355002275,134.774,0.0284
m,7.355002311,136.796,0.0285
m,7.358697675,131.962,0.0295
m,7.359299658,142.494,0.0296
m,7.359779236,136.296,0.0298
m,7.360238677,135.766,0.0299
m,7.360575949,137.99,0.03
m,7.305665872,144.413,0.0294
m,7.306462414,136.404,0.029
m,7.306937556,144.934,0.0286
m,7.307703133,133.875,0.028
m,7.309534469,138.729,0.0276
m,7.312859622,130.889,0.0268
m,7.313335313,122.891,0.0267
m,7.313965036,132.002,0.0265
m,7.314599218,127.961,0.0262
m,7.315865008,119.936,0.0261
m,7.320341112,129.564,0.0254
m,7.320341112,143.251,0.0254
m,7.321737351,138.726,0.0254
m,7.322609453,141.672,0.0253
m,7.330706904,128.39,0.0249
m,7.330706917,139.896,0.0248
m,7.332323891,142.815,0.0247
m,7.333146937,132.64,0.0249
m,7.338947087,123.106,0.0254
m,7.339820302,128.321,0.0254
m,7.340548136,125.792,0.0257
m,7.342184891,125.038,0.0258
m,7.343053204,123.764,0.026
m,7.346916888,116.714,0.027
m,7.348677725,123.292,0.0272
m,7.349552619,135.331,0.0274
m,7.350452352,137.992,0.0275
m,7.351206612,135.796,0.0277
m,7.35624865,140.757,0.0286
m,7.35681283,133.275,0.0288
m,7.357674734,138.663,0.0291
m,7.35767478,135.115,0.0292
m,7.361236743,140.49,0.03
m,7.361583966,143.026,0.0299
m,7.36180984,137.609,0.0298
m,7.362063499,140.574,0.0295
m,7.362470156,142.915,0.0297
m,7.36273184,143.357,0.0297
m,7.36297285,139.164,0.0297
m,7.363242278,135.89,0.0297
m,7.363346838,145.928,0.0298
m,7.362618393,145.261,0.0295
m,7.362787449,138.051,0.0296
m,7.362787557,136.614,0.0298
m,7.363137844,143.692,0.0299
m,7.361343826,141.271,0.0299
m,7.361014353,136.989,0.0298
m,7.360391347,142.693,0.0298
m,7.359947668,133.96,0.0297
m,7.359507666,139.957,0.0298
m,7.356406142,143.239,0.0299
m,7.355575229,145.353,0.03
m,7.354867805,139.73,0.0302
m,7.353463705,134.119,0.0303
m,7.352708765,141.341,0.0303
m,7.348630432,146.464,0.0311
m,7.347255053,139.891,0.031
m,7.34664587,136.665,0.0311
m,7.346039579,152.23,0.0312
m,7.344345522,141.423,0.0314
m,7.344043751,141.488,0.0314
m,7.344088332,137.734,0.0315
m,7.344315365,145.461,0.0316
m,7.344545522,157.181,0.0316
m,7.349327894,135.356,0.0313
m,7.350401518,138.92,0.0313
m,7.352671466,146.796,0.0313
m,7.353982502,139.55,0.0313
m,7.355147966,152.47,0.0314
m,7.363424661,138.768,0.031
m,7.365196574,140.061,0.031
m,7.366561396,149.008,0.031
m,7.369694737,137.264,0.031
m,7.363330713,148.041,0.0298
m,7.363195127,147.109,0.0297
m,7.363038469,143.294,0.0297
m,7.36291146,147.768,0.0298
m,7.362762833,138.202,0.0295
m,7.362959772,133.71,0.0299
m,7.362933801,140.466,0.03
m,7.362762665,155.41,0.0299
m,7.362134085,141.967,0.03
m,7.361676532,136.427,0.0299
m,7.359071178,143.035,0.0298
m,7.358638317,138.024,0.0299
m,7.357663106,135.247,0.0299
m,7.356972836,139.053,0.03
m,7.352105311,148.53,0.0305
m,7.351475519,146.019,0.0306
m,7.350730003,139.835,0.0308
m,7.350135809,141.116,0.031
m,7.34863036,131.981,0.031
m,7.345732223,135.823,0.0312
m,7.345100738,139.296,0.0313
m,7.344746738,135.74,0.0313
m,7.344544316,138.96,0.0313
m,7.344345522,138.878,0.0314
m,7.345574968,139.693,0.0316
m,7.346257988,152.508,0.0315
m,7.347239835,141.627,0.0315
m,7.348224714,143.162,0.0315
m,7.356348359,135.271,0.0313
m,7.357403438,140.633,0.0313
m,7.359535137,138.287,0.0313
m,7.359535062,140.777,0.0312
m,7.36186931,143.568,0.0311
m,7.371429859,138.608,0.0311
m,7.373349131,147.257,0.031
m,7.377412551,144.189,0.0311
m,7.379374923,139.959,0.031
m,7.381522539,150.395,0.0311
m,7.383560537,149.411,0.031
m,7.385636982,143.455,0.031
m,7.389765983,140.562,0.031
m,7.391741446,154.497,0.031
m,7.393944835,143.279,0.031
m,7.406868387,147.496,0.0315
m,7.406868387,136.489,0.0315
m,7.411033008,142.83,0.0316
m,7.413084034,136.87,0.0317
m,7.415174911,135.81,0.0318
m,7.427584185,141.443,0.0324
m,7.429144446,150.67,0.0324
m,7.430556206,134.927,0.0325
m,7.431524436,140.573,0.0325
m,7.440055191,150.535,0.0329
m,7.44485328,145.782,0.0328
m,7.446856642,145.728,0.0328
m,7.44940091,140.352,0.0329
m,7.450566998,142.782,0.0329
m,7.459699447,149.225,0.033
m,7.460746425,151.538,0.0331
m,7.461864021,157.009,0.0332
m,7.461863821,153.335,0.033
m,7.463856492,147.322,0.0332
m,7.468699644,149.668,0.033
m,7.46899443,153.212,0.0328
m,7.46910631,150.582,0.0326
m,7.469159802,150.002,0.0325
m,7.467820479,158.749,0.0316
m,7.467566931,149.431,0.0315
m,7.467319518,146.712,0.0315
m,7.467034849,153.393,0.0314
m,7.466861713,143.428,0.0313
m,7.465584076,152.172,0.0308
m,7.465584076,154.525,0.0308
m,7.465042631,149.897,0.0309
m,7.464829607,143.755,0.0308
m,7.464721877,144.025,0.0306
m,7.396004422,142.879,0.0311
m,7.39825036,150.168,0.0311
m,7.400352856,142.612,0.0313
m,7.402534548,145.024,0.0315
m,7.417269327,137.654,0.032
m,7.420990098,135.844,0.0322
m,7.422800599,141.731,0.0323
m,7.424392986,151.369,0.0323
m,7.425951086,141.942,0.0323
m,7.432342487,137.315,0.0325
m,7.433572543,141.916,0.0326
m,7.434429629,133.737,0.0327
m,7.435770529,142.843,0.0327
m,7.437743289,146.923,0.0328
m,7.452539324,148.676,0.0329
m,7.454260407,143.442,0.0327
m,7.455995866,150.669,0.0328
m,7.457256513,150.367,0.0329
m,7.464731909,152.997,0.0333
m,7.465651588,155.592,0.0334
m,7.466241567,154.929,0.0333
m,7.467661403,156.062,0.0332
m,7.468304238,147.163,0.0331
m,7.468719087,150.292,0.0323
m,7.468476936,154.313,0.0324
m,7.468476845,152.034,0.0323
m,7.468115036,151.501,0.0321
m,7.468037664,148.948,0.0319
m,7.46655073,149.892,0.0311
m,7.466550657,159.071,0.031
m,7.466192815,149.485,0.0309
m,7.466189618,154.116,0.0309
m,7.464528274,148.011,0.0304
m,7.464343915,136.228,0.0303
m,7.464307632,156.248,0.0301
m,7.464275261,144.266,0.03
m,7.464200882,154.833,0.0298
m,7.463871691,147.493,0.0298
m,7.463953491,153.137,0.0298
m,7.463800905,148.718,0.0298
m,7.463843165,137.616,0.0298
m,7.465936214,141.851,0.0289
m,7.466198996,141.233,0.0289
m,7.46660964,152.702,0.0289
m,7.46721559,138.312,0.0289
m,7.46767934,138.488,0.0289
m,7.472600273,134.885,0.0285
m,7.473762158,137.651,0.0286
m,7.474878645,145.932,0.0287
m,7.475660934,136.203,0.0288
m,7.477085386,149.891,0.0287
m,7.485798496,150.981,0.0282
m,7.487284485,131.527,0.028
m,7.487284424,136.954,0.0278
m,7.490221049,138.021,0.0277
m,7.503367538,137.327,0.0272
m,7.505368407,130.904,0.027
m,7.507567727,131.413,0.0269
m,7.509719165,123.971,0.0266
m,7.513887027,123.016,0.0266
m,7.524103825,126.339,0.0262
m,7.526135887,122.468,0.0261
m,7.530445016,130.812,0.0261
m,7.53252537,129.745,0.026
m,7.534516816,131.423,0.0259
m,7.541913996,123.981,0.0253
m,7.545240604,130.572,0.0252
m,7.547096407,132.845,0.0249
m,7.548810703,133.187,0.0247
s,7.554361999,126.068,0.0245
s,7.554362013,125.731,0.0244
s,7.554308223,126.781,0.0243
s,7.554200642,126.147,0.0242
s,7.55420066,126.111,0.0241
m,7.463888617,137.389,0.0296
m,7.464036064,138.193,0.0295
m,7.464476941,139.66,0.0292
m,7.464775568,143.507,0.029
m,7.46517549,142.545,0.029
m,7.469146315,138.638,0.0288
m,7.470245757,136.048,0.0286
m,7.471300856,144.748,0.0285
m,7.471300856,150.606,0.0285
m,7.477921644,137.601,0.0287
m,7.47885582,132.963,0.0285
m,7.479936872,136.11,0.0284
m,7.481213981,137.631,0.0283
m,7.482496822,143.345,0.0283
m,7.492055618,129.847,0.0276
m,7.493893358,141.49,0.0275
m,7.495683944,134.312,0.0274
m,7.499519494,133.83,0.0274
m,7.501514146,126.066,0.0273
m,7.515903439,125.865,0.0265
m,7.515903428,138.719,0.0264
m,7.519997229,123.261,0.0263
m,7.522023026,133.881,0.0263
m,7.536261992,127.472,0.0258
m,7.537721797,130.284,0.0256
m,7.538661396,127.292,0.0255
m,7.540731203,128.538,0.0254
m,7.541913993,121.581,0.0254
m,7.55061734,135.816,0.0246
m,7.553321768,131.004,0.0246
m,7.554200582,126.922,0.0246
m,7.554415795,127.221,0.0246
s,7.554415795,125.872,0.0246
s,7.554093097,125.388,0.024
s,7.55409314,125.378,0.0238
s,7.554039379,126.492,0.0237
s,7.554039404,125.936,0.0236
s,7.554039404,126.619,0.0236
s,7.55403943,126.073,0.0235
s,7.554039458,126.561,0.0234
s,7.554039486,125.813,0.0233
s,7.553985737,126.214,0.0232
s,7.5544168,126.426,0.0229
s,7.554506684,125.757,0.0229
s,7.55450672,126.8,0.0228
s,7.554650376,125.889,0.0228
s,7.554866393,125.994,0.0226
s,7.554866393,126.845,0.0226
s,7.554866393,125.381,0.0226
s,7.554866355,127.246,0.0227
s,7.554866355,126.118,0.0227
s,7.554812607,125.802,0.0227
s,7.554812607,125.891,0.0227
s,7.554812607,126.917,0.0227
s,7.554812607,126.219,0.0227
s,7.554812607,126.063,0.0227
s,7.555100011,125.86,0.0225
s,7.555046271,125.653,0.0225
s,7.555189936,125.677,0.0225
s,7.555189936,126.123,0.0225
s,7.555477347,126.195,0.0223
s,7.555531128,126.478,0.0222
s,7.555531128,126.575,0.0222
s,7.555531128,126.426,0.0222
s,7.555531128,126.554,0.0222
s,7.55572849,125.91,0.0223
s,7.55572849,125.765,0.0223
s,7.55572849,125.835,0.0223
s,7.55572849,126.101,0.0223
s,7.55572849,125.194,0.0223
s,7.556015657,127.064,0.0227
s,7.556015657,125.544,0.0227
s,7.555961955,126.976,0.0226
s,7.556105582,126.903,0.0227
s,7.553985737,125.786,0.0232
s,7.554129423,126.82,0.0231
s,7.554129423,124.922,0.0231
s,7.554273078,126.451,0.0231
s,7.554273111,126.133,0.023
s,7.554596646,126.252,0.0227
s,7.554740304,126.78,0.0227
s,7.55468658,126.892,0.0226
s,7.554776483,126.112,0.0226
s,7.554866393,126.504,0.0226
s,7.554866355,126.655,0.0227
s,7.554866355,125.585,0.0227
s,7.554812607,126.121,0.0227
s,7.554812607,125.994,0.0227
s,7.554812607,126.352,0.0227
s,7.55495627,125.789,0.0227
s,7.554956308,125.817,0.0226
s,7.554956308,125.552,0.0226
s,7.555099971,125.854,0.0226
s,7.555189936,125.996,0.0225
s,7.555387337,126.048,0.0225
s,7.555531042,125.906,0.0224
s,7.555477347,125.974,0.0223
s,7.555477347,125.746,0.0223
s,7.555531128,126.339,0.0222
s,7.555531128,126.754,0.0222
s,7.555531128,126.38,0.0222
s,7.555728534,126.102,0.0222
s,7.555872111,125.484,0.0224
s,7.555872111,126.148,0.0224
s,7.556015734,125.252,0.0225
s,7.556015695,125.879,0.0226
s,7.556015695,125.794,0.0226
s,7.55605185,124.865,0.0227
s,7.55605185,123.417,0.0227
s,7.556051813,125.628,0.0228
s,7.556051813,125.319,0.0228
s,7.556051813,126.346,0.0228
s,7.55614175,125.832,0.0228
s,7.556141786,124.348,0.0227
s,7.556141786,125.513,0.0227
s,7.55599812,125.712,0.0227
s,7.55599812,125.712,0.0227
s,7.555710864,125.774,0.0225
s,7.555710864,126.06,0.0225
s,7.555710864,126.063,0.0225
s,7.555567158,125.59,0.0226
s,7.555567197,125.775,0.0225
s,7.55513616,125.458,0.0226
s,7.554992456,125.306,0.0227
s,7.554992456,126.36,0.0227
s,7.554992456,125.621,0.0227
s,7.554597661,124.774,0.0227
s,7.554597661,126.284,0.0227
s,7.554597661,125.642,0.0227
s,7.554597661,125.976,0.0227
s,7.554597699,126.347,0.0226
s,7.554202953,126.549,0.0225
s,7.554202994,126.29,0.0224
s,7.554059326,126.519,0.0224
s,7.554059368,126.32,0.0223
s,7.554059368,126.277,0.0223
s,7.55368218,126.401,0.0221
s,7.55368218,125.924,0.0221
s,7.55368218,129.911,0.0221
s,7.553592247,126.25,0.0221
s,7.553448582,125.106,0.0221
s,7.553448582,125.226,0.0221
s,7.553502277,125.829,0.0222
s,7.553645941,133.279,0.0222
s,7.553645941,125.783,0.0222
s,7.552964482,125.756,0.0241
s,7.55291075,125.889,0.0243
s,7.552713338,125.74,0.0246
s,7.552659611,125.823,0.025
s,7.552498556,125.523,0.0252
s,7.55599812,126.079,0.0227
s,7.555998158,126.105,0.0226
s,7.55585449,126.485,0.0226
s,7.555800804,126.317,0.0225
s,7.55542353,125.525,0.0225
s,7.55542353,125.414,0.0225
s,7.555279864,121.182,0.0225
s,7.555279864,126.538,0.0225
s,7.55513616,126.586,0.0226
s,7.55484879,125.497,0.0227
s,7.554795058,126.695,0.0227
s,7.554795096,126.533,0.0226
s,7.554795058,126.381,0.0227
s,7.554597661,126.431,0.0227
s,7.554400306,125.881,0.0226
s,7.554400306,125.694,0.0226
s,7.554256638,126.57,0.0226
s,7.554256677,126.058,0.0225
s,7.553969426,126.461,0.0223
s,7.553969469,126.161,0.0222
s,7.553825802,127.724,0.0222
s,7.553825802,126.575,0.0222
s,7.55368218,126.688,0.0221
s,7.553592247,126.573,0.0221
s,7.553592247,126.21,0.0221
s,7.553448582,125.859,0.0221
s,7.553448582,125.507,0.0221
s,7.553448582,126.004,0.0221
s,7.553538194,126.343,0.0229
s,7.553430642,125.982,0.0232
s,7.553125734,125.464,0.0235
s,7.553018245,125.699,0.0238
s,7.55244488,126.57,0.0253
s,7.552444876,127.595,0.0255
s,7.552391209,126.954,0.0257
s,7.552193865,126.868,0.0258
s,7.552193875,126.842,0.026
s,7.552140238,127.43,0.0263
s,7.551942907,126.863,0.0264
s,7.551889264,127.143,0.0265
m,7.551889264,126.763,0.0265
m,7.554362859,123.538,0.0276
m,7.555026685,122.809,0.0277
m,7.555493252,129.123,0.0279
m,7.556157447,119.951,0.0281
m,7.557180953,127.085,0.0282
m,7.568196537,123.393,0.0289
m,7.570199604,122.275,0.029
m,7.574032688,133.329,0.0291
m,7.576061248,128.601,0.0291
m,7.576061297,119.069,0.0292
m,7.591442779,124.901,0.0295
m,7.593459027,135.663,0.0295
m,7.595533411,143.695,0.0293
m,7.597698105,129.572,0.0294
m,7.614833667,131.673,0.0296
m,7.614833667,129.663,0.0296
m,7.618502539,134.386,0.0296
m,7.619897969,130.126,0.0295
m,7.621782032,128.386,0.0295
m,7.634427384,123.816,0.0296
m,7.636358269,120.318,0.0295
m,7.640544648,137.765,0.0295
m,7.642684248,135.17,0.0294
m,7.644969124,129.213,0.0294
m,7.660476369,128.844,0.0294
m,7.662618452,123.56,0.0294
m,7.664763679,123.538,0.0293
m,7.666770014,138.399,0.0294
m,7.681116647,125.398,0.0293
m,7.682402432,135.207,0.0293
m,7.684156408,137.358,0.0293
m,7.688160652,139.927,0.0293
m,7.689863823,131.811,0.0293
m,7.551835643,123.973,0.0267
m,7.551889293,134.756,0.0267
m,7.551943,119.774,0.027
m,7.552874562,128.025,0.0272
m,7.553591706,117.235,0.0274
m,7.560613731,128.45,0.0283
m,7.562502628,125.229,0.0284
m,7.564447024,126.583,0.0286
m,7.56624927,119.141,0.0287
m,7.579783299,135.278,0.0294
m,7.581729842,119.22,0.0294
m,7.583678762,121.266,0.0294
m,7.585574892,130.833,0.0294
m,7.589627722,121.707,0.0295
m,7.599579052,127.257,0.0295
m,7.603834001,132.578,0.0295
m,7.609421558,131.748,0.0296
m,7.609421558,138.159,0.0296
m,7.613074641,131.699,0.0296
m,7.623897471,128.787,0.0295
m,7.628021662,125.657,0.0295
m,7.629944862,124.369,0.0295
m,7.632156034,129.795,0.0296
m,7.647172585,130.747,0.0294
m,7.64937903,130.515,0.0295
m,7.651705533,133.646,0.0294
m,7.656084081,131.762,0.0294
m,7.656084134,120.7,0.0295
m,7.668862163,134.7,0.0294
m,7.672427199,145.069,0.0294
m,7.674101992,134.74,0.0293
m,7.677745114,130.274,0.0293
m,7.679429313,121.603,0.0293
m,7.691650831,127.024,0.0292
m,7.693360103,128.284,0.0292
m,7.694930749,129.255,0.0291
m,7.696646192,124.803,0.0289
m,7.69958168,133.928,0.0287
m,7.700943814,131.728,0.0288
m,7.700943727,125.514,0.0286
m,7.703793427,127.643,0.0284
m,7.704979383,124.852,0.0283
m,7.710704444,119.299,0.0256
m,7.712313809,127.426,0.0251
m,7.71405172,122.083,0.0252
m,7.71606014,128.225,0.0258
m,7.718339699,129.953,0.026
m,7.734931667,135.512,0.0271
m,7.738714645,131.909,0.027
m,7.740402473,133.223,0.027
m,7.742107121,139.191,0.0271
m,7.750406081,128.657,0.0268
m,7.753033357,140.186,0.0268
m,7.754322991,132.424,0.0268
m,7.755343404,132.526,0.0268
m,7.756168856,134.938,0.0267
m,7.759264574,135.8,0.0267
m,7.759453788,129.795,0.0265
m,7.759709088,135.728,0.0265
m,7.759972887,137.258,0.0264
m,7.759972873,134.42,0.0263
m,7.766841981,130.375,0.0255
m,7.768713613,125.847,0.0255
m,7.770881051,126.355,0.0256
m,7.77334954,122.386,0.0258
m,7.800601213,124.742,0.0258
m,7.810085532,128.896,0.0259
m,7.810085542,136.792,0.026
m,7.819216509,132.775,0.0261
m,7.823818742,125.339,0.0261
m,7.852553906,128.835,0.0263
m,7.857429711,121.776,0.0264
m,7.857429728,125.509,0.0265
m,7.866960721,122.236,0.0267
m,7.871549326,118.481,0.0267
m,7.705654146,128.551,0.028
m,7.706206291,117.807,0.0274
m,7.70797684,117.225,0.0278
m,7.709347764,122.333,0.0264
m,7.72302402,128.148,0.0261
m,7.723024031,127.9,0.0262
m,7.727573568,124.453,0.0264
m,7.729990659,133.537,0.0267
m,7.732349591,127.618,0.027
m,7.743816225,137.216,0.0271
m,7.74520595,137.75,0.0271
m,7.74659888,135.441,0.0269
m,7.747724528,129.448,0.0268
m,7.750406081,139.611,0.0268
m,7.757784882,135.922,0.0266
m,7.758162182,134.193,0.0267
m,7.758754693,135.929,0.0267
m,7.759075435,125.801,0.0267
m,7.760352105,130.553,0.0262
m,7.760938084,130.798,0.0261
m,7.761706785,133.537,0.0259
m,7.762733875,132.279,0.0256
m,7.765326871,136.265,0.0255
m,7.77930652,124.018,0.0257
m,7.782788003,120.239,0.0256
m,7.786629227,131.568,0.0255
m,7.79103073,126.124,0.0256
m,7.795712491,128.941,0.0257
m,7.828494452,120.553,0.026
m,7.833170258,134.034,0.026
m,7.838052853,131.04,0.0261
m,7.847678127,130.682,0.0263
m,7.876204555,120.294,0.0269
m,7.880579564,123.279,0.0269
m,7.889249374,124.847,0.027
m,7.89368436,121.618,0.027
m,7.898392937,133.466,0.0271
m,7.90316846,121.803,0.0272
m,7.908077779,119.652,0.0273
m,7.912987642,121.751,0.0277
m,7.917824678,124.599,0.0278
m,7.946853716,127.459,0.0291
m,7.953866186,130.188,0.0294
m,7.957162234,121.395,0.0297
m,7.960459823,117.578,0.03
m,7.963686901,120.19,0.0305
m,7.981685807,122.769,0.0327
m,7.984234273,121.602,0.0334
m,7.986854961,117.743,0.0337
m,7.993138928,121.037,0.0341
m,7.993139276,112.799,0.0344
m,8.019753869,120.025,0.036
m,8.03072405,121.578,0.0364
m,8.036211168,117.322,0.0366
m,8.041700567,116.265,0.0369
m,8.047260958,125.072,0.0373
m,8.087455037,133.078,0.038
m,8.093438687,125.911,0.0382
m,8.099074623,127.163,0.0384
m,8.1095816,123.078,0.0386
m,8.136107305,115.375,0.039
m,8.138893629,119.589,0.0388
m,8.141819457,114.278,0.0386
m,8.144815876,115.309,0.0384
m,8.147883004,118.292,0.0382
m,8.170489546,119.442,0.0374
m,8.174819912,128.023,0.0373
m,8.178593173,129.784,0.0371
m,8.181388399,127.24,0.0371
m,8.184186784,127.693,0.0371
m,8.187338962,123.698,0.0371
m,8.19203353,128.521,0.037
m,8.194908997,131.26,0.0368
m,8.198412104,125.575,0.0366
m,7.927774294,123.803,0.028
m,7.927774332,124.518,0.0281
m,7.936047027,132.067,0.0283
m,7.939834787,127.978,0.0284
m,7.943483734,125.835,0.0289
m,7.966983579,125.353,0.0312
m,7.973162804,118.21,0.0316
m,7.976046044,115.697,0.032
m,7.979002876,118.847,0.0323
m,8.000681233,122.353,0.0346
m,8.004908096,116.545,0.0348
m,8.009483681,123.128,0.0351
m,8.014479062,122.807,0.0357
m,8.05838317,118.174,0.0375
m,8.064084591,115.939,0.0376
m,8.069995537,121.612,0.0376
m,8.069995854,125.467,0.0378
m,8.081680979,119.958,0.0379
m,8.114523153,122.543,0.0388
m,8.118977579,120.1,0.0389
m,8.122807024,118.878,0.0391
m,8.126496921,120.87,0.0391
m,8.133112608,118.573,0.0391
m,8.151021139,121.956,0.0381
m,8.154577551,121.806,0.0378
m,8.162321066,116.421,0.0377
m,8.166299822,120.994,0.0376
m,8.184676499,131.746,0.0371
m,8.184955558,130.408,0.0371
m,8.185026853,129.742,0.0372
m,8.185377069,122.091,0.0372
m,8.186217083,124.406,0.0372
m,8.201780333,128.13,0.0365
m,8.205357549,130.307,0.0364
m,8.209007926,121.578,0.0364
m,8.216384794,121.052,0.0363
m,8.219971721,122.651,0.0362
m,8.219971862,126.133,0.0363
m,8.226943374,127.491,0.0363
m,8.230467745,122.793,0.0363
m,8.233993978,126.418,0.0364
m,8.237728962,126.203,0.0364
m,8.257477378,138.536,0.0366
m,8.26103047,140.697,0.0366
m,8.264519436,135.407,0.0366
m,8.267863777,147.951,0.0365
m,8.271129108,135.806,0.0362
m,8.28966847,142.445,0.037
m,8.291367698,140.643,0.0373
m,8.29352722,143.567,0.0373
m,8.29352722,135.026,0.0373
m,8.295297988,131.417,0.0376
m,8.294394242,132.881,0.0377
m,8.293018193,135.643,0.0377
m,8.291569396,127.881,0.0377
m,8.289842288,132.203,0.0377
m,8.277500837,122.013,0.0373
m,8.274574096,124.67,0.0373
m,8.271635658,122.811,0.0373
m,8.264776555,121.59,0.0374
m,8.261060087,119.547,0.0375
m,8.219120678,116.892,0.038
m,8.213720786,116.925,0.038
m,8.202467033,115.119,0.0379
m,8.202467194,114.91,0.038
m,8.159449896,120.458,0.0383
m,8.154496007,116.077,0.0384
m,8.149951291,123.559,0.0384
m,8.146112907,117.799,0.0385
m,8.129799485,113.388,0.0388
m,8.126450948,115.002,0.0388
m,8.122898204,113.196,0.0387
m,8.11921898,112.812,0.0388
m,8.115399156,109.783,0.0389
m,8.241258575,125.136,0.0365
m,8.24464983,124.567,0.0365
m,8.251023398,124.134,0.0365
m,8.254212975,128.309,0.0366
m,8.277672712,138.862,0.036
m,8.280272857,136.098,0.0355
m,8.282604477,138.605,0.0357
m,8.285211952,139.768,0.0361
m,8.287475751,136.421,0.0364
m,8.294648179,142.165,0.0374
m,8.295169494,144.54,0.0374
m,8.295552343,144.247,0.0374
m,8.295796645,136.269,0.0374
m,8.295869461,145.943,0.0375
m,8.286295691,125.041,0.0377
m,8.284346609,128.049,0.0375
m,8.284346454,140.421,0.0374
m,8.280019932,124.209,0.0373
m,8.256921471,122.16,0.0375
m,8.252579723,124.51,0.0376
m,8.248020367,118.605,0.0378
m,8.243305997,119.594,0.0379
m,8.233927246,121.218,0.0379
m,8.190948963,113.571,0.0382
m,8.1852844,111.866,0.0383
m,8.179886968,114.325,0.0383
m,8.174552543,117.989,0.0382
m,8.164404374,117.666,0.0382
m,8.143058199,114.406,0.0386
m,8.140850253,117.142,0.0387
m,8.139284437,116.898,0.0388
m,8.137718564,112.694,0.0388
m,8.132866551,110.865,0.0388
m,8.111297808,110.572,0.039
m,8.102917901,116.352,0.039
m,8.102917727,119.119,0.0389
m,8.094334038,116.768,0.0389
m,8.089914571,115.547,0.0388
m,8.085495234,118.557,0.0387
m,8.081076201,116.075,0.0387
m,8.07226424,110.349,0.0386
m,8.067717358,113.719,0.0385
m,8.035673277,109.194,0.038
m,8.035672954,111.745,0.0378
m,8.02679786,114.056,0.0377
m,8.02236678,114.071,0.0376
m,7.989292652,115.161,0.0366
m,7.984543506,109.252,0.0364
m,7.979871408,111.279,0.0358
m,7.970939014,113.724,0.0355
m,7.966677916,114.638,0.0353
m,7.954791551,115.596,0.0341
s,7.954932474,115.684,0.034
s,7.955073399,115.395,0.0339
s,7.955214215,115.56,0.0337
s,7.955355037,115.399,0.0335
s,7.955572815,115.581,0.0327
s,7.955636206,115.452,0.0326
s,7.955636111,115.374,0.0325
s,7.955636018,115.354,0.0324
s,7.955903679,115.399,0.032
s,7.955903679,115.483,0.032
s,7.955903679,115.623,0.032
s,7.955903679,115.481,0.032
s,7.955903679,115.436,0.032
s,7.955839928,115.502,0.0317
s,7.955980882,115.327,0.0316
s,7.955980882,115.395,0.0316
s,7.955980882,115.593,0.0316
s,7.955980882,115.6,0.0316
s,7.956326285,115.618,0.0314
s,7.956326206,115.542,0.0313
s,7.9563897,115.375,0.0313
s,7.9563897,115.454,0.0313
m,8.063170534,112.195,0.0384
m,8.058495752,114.727,0.0383
m,8.053962036,112.56,0.0383
m,8.049300138,110.826,0.0382
m,8.044842973,112.648,0.038
m,8.017794865,112.719,0.0375
m,8.013158931,115.392,0.0373
m,8.003350292,114.428,0.0371
m,7.998446079,112.333,0.0369
m,7.993760101,113.964,0.0367
m,7.966677661,112.927,0.0351
m,7.959129798,113.783,0.0348
m,7.956519745,115.612,0.0344
m,7.954791666,115.459,0.0342
s,7.955432273,115.702,0.0332
s,7.955368687,115.432,0.0331
s,7.955368586,115.445,0.033
s,7.955368388,115.404,0.0328
s,7.955572815,115.431,0.0327
s,7.955636018,115.411,0.0324
s,7.955699326,115.436,0.0322
s,7.955840362,115.373,0.0322
s,7.955840273,115.549,0.0321
s,7.955840185,115.511,0.032
s,7.955840185,115.33,0.032
s,7.955840098,115.401,0.0319
s,7.955840098,115.309,0.0319
s,7.955839928,115.497,0.0317
s,7.95612192,115.611,0.0316
s,7.956121838,115.693,0.0315
s,7.956121838,115.603,0.0315
s,7.956121838,115.468,0.0315
s,7.95618533,115.399,0.0315
s,7.956389621,115.395,0.0312
s,7.956389621,115.478,0.0312
s,7.956453119,115.35,0.0312
s,7.956594077,115.401,0.0311
s,7.956594077,115.287,0.0311
s,7.956594077,115.37,0.0311
s,7.956735037,115.377,0.031
s,7.956735037,115.375,0.031
s,7.956798537,115.275,0.031
s,7.956798537,115.345,0.031
s,7.957003148,115.732,0.0311
s,7.957003148,115.592,0.0311
s,7.957003148,115.586,0.0311
s,7.957066578,115.625,0.031
s,7.957066578,115.556,0.031
s,7.957052571,116.339,0.031
s,7.957052571,115.424,0.031
s,7.957052571,115.483,0.031
s,7.957052571,116.064,0.031
s,7.956975135,115.709,0.0311
s,7.956975135,115.925,0.0311
s,7.956834032,115.611,0.031
s,7.956834032,116.069,0.031
s,7.956834032,115.461,0.031
s,7.956897556,115.525,0.031
s,7.956897556,115.697,0.031
s,7.956897556,115.812,0.031
s,7.956897632,115.961,0.0311
s,7.956897556,115.06,0.031
s,7.956961085,115.718,0.031
s,7.956820059,115.954,0.031
s,7.956820059,115.456,0.031
s,7.956820059,115.614,0.031
s,7.957038436,115.739,0.0308
s,7.957038436,115.781,0.0308
s,7.957179464,115.723,0.0308
s,7.957179392,115.929,0.0307
s,7.957179392,115.257,0.0307
s,7.957397857,115.524,0.0306
s,7.957397788,115.458,0.0305
s,7.957397788,114.824,0.0305
s,7.957602337,114.062,0.0305
s,7.957602337,114.505,0.0305
s,7.956798537,115.232,0.031
s,7.956939646,115.427,0.0311
s,7.956939646,115.661,0.0311
s,7.957003148,115.572,0.0311
s,7.957130088,115.374,0.031
s,7.9571936,115.496,0.031
s,7.9571936,115.513,0.031
s,7.957052571,115.494,0.031
s,7.957052571,115.755,0.031
s,7.956911541,115.767,0.031
s,7.956911541,115.852,0.031
s,7.956911616,115.282,0.0311
s,7.956911541,114.067,0.031
s,7.95697506,115.938,0.031
s,7.956834032,115.767,0.031
s,7.956834032,115.593,0.031
s,7.956834032,116.021,0.031
s,7.956834032,115.718,0.031
s,7.956897632,115.769,0.0311
s,7.956897556,115.862,0.031
s,7.956961085,115.607,0.031
s,7.956961085,116.356,0.031
s,7.956961085,116.197,0.031
s,7.956819984,115.659,0.0309
s,7.956819984,115.443,0.0309
s,7.956756455,115.924,0.0309
s,7.956897482,115.801,0.0309
s,7.956897409,115.884,0.0308
s,7.95732042,115.635,0.0307
s,7.95732042,115.591,0.0307
s,7.957320349,115.678,0.0306
s,7.957397857,115.916,0.0306
s,7.957602337,113.583,0.0305
s,7.957602269,115.478,0.0304
s,7.957602269,116.349,0.0304
s,7.957538749,116.569,0.0304
s,7.957679779,115.202,0.0304
s,7.957743297,115.339,0.0304
s,7.957679847,115.938,0.0305
s,7.957679917,115.395,0.0306
s,7.957679917,116.325,0.0306
s,7.957680059,115.856,0.0308
s,7.957616618,115.654,0.0309
s,7.957616618,115.834,0.0309
s,7.957616618,116.052,0.0309
s,7.957616618,115.658,0.0309
s,7.957680207,115.858,0.031
s,7.957680207,116.043,0.031
s,7.957680207,115.948,0.031
s,7.957680207,115.977,0.031
s,7.957680207,115.503,0.031
s,7.957884984,115.769,0.0313
s,7.957884906,116.015,0.0312
s,7.957884984,115.894,0.0313
s,7.957884984,115.937,0.0313
s,7.958089612,116.354,0.0314
s,7.958089612,116.178,0.0314
s,7.958089612,114.65,0.0314
m,7.958089693,115.355,0.0315
m,7.958089693,116.412,0.0315
m,7.952511013,110.427,0.0314
m,7.949415091,110.171,0.0314
m,7.946114816,110.589,0.0314
m,7.942469101,111.87,0.0313
m,7.938887042,110.674,0.0313
m,7.911821472,112.65,0.0308
m,7.907754014,111.968,0.0307
m,7.903623698,115.057,0.0308
m,7.899493368,114.094,0.0306
m,7.864104247,115.078,0.0296
m,7.859426565,114.186,0.0296
m,7.854890279,115.311,0.0294
m,7.846022771,115.751,0.0293
m,7.841550137,116.972,0.0292
s,7.957679917,116.061,0.0306
s,7.957679987,115.765,0.0307
s,7.957679987,116.39,0.0307
s,7.957680059,115.572,0.0308
s,7.957680059,115.556,0.0308
s,7.957616692,115.869,0.031
s,7.957616692,115.914,0.031
s,7.957680207,116.281,0.031
s,7.957680207,115.718,0.031
s,7.957680282,115.723,0.0311
s,7.957680282,115.7,0.0311
s,7.957743877,115.665,0.0312
s,7.957884906,115.723,0.0312
s,7.957884984,115.611,0.0313
s,7.957884984,116.093,0.0313
s,7.957948504,115.755,0.0313
s,7.957948504,116.391,0.0313
s,7.957885064,115.781,0.0314
s,7.957885064,115.788,0.0314
m,7.958089612,114.751,0.0314
m,7.958089693,115.768,0.0315
m,7.957885064,112.101,0.0314
m,7.956989367,113.655,0.0314
m,7.935241612,112.112,0.0311
m,7.931518629,110.848,0.0309
m,7.927591526,114.916,0.0309
m,7.923742402,110.615,0.0309
m,7.915811127,110.247,0.0308
m,7.891092308,114.928,0.0304
m,7.886821422,113.474,0.0302
m,7.882409556,112.125,0.03
m,7.877934877,112.398,0.0298
m,7.868641058,114.407,0.0297
m,7.837156353,114.72,0.0292
m,7.832825501,114.041,0.0291
m,7.828212328,113.116,0.029
m,7.823599281,114.665,0.0287
m,7.813762539,109.359,0.0287
m,7.813762495,106.282,0.0286
m,7.803440414,106.715,0.0286
m,7.798200868,105.943,0.0285
m,7.792961494,121.304,0.0283
m,7.761925773,105.356,0.0276
m,7.751874951,107.068,0.0274
m,7.74698275,113.717,0.0273
m,7.742090692,133.562,0.027
m,7.708135076,115.613,0.0266
m,7.703306486,118.376,0.0263
m,7.69847805,115.718,0.026
m,7.689104698,114.89,0.0257
m,7.68910469,112.89,0.0254
m,7.660447512,115.146,0.0247
m,7.650916528,116.159,0.0246
m,7.646212814,125.4,0.0246
m,7.64158913,112.179,0.0246
m,7.636479221,112.543,0.0245
m,7.602682535,117.117,0.024
m,7.597918143,113.231,0.024
m,7.59321532,113.931,0.0238
m,7.583729543,117.462,0.0238
m,7.547408262,113.918,0.023
m,7.5422198,115.567,0.0229
m,7.542219836,113.425,0.0228
m,7.531904333,114.32,0.0227
m,7.526777337,116.602,0.0225
m,7.497007975,122.487,0.0221
m,7.492164671,122.423,0.0221
m,7.487038025,123.559,0.022
m,7.481911527,127.933,0.0217
m,7.476926654,127.392,0.0217
m,7.44406009,126.166,0.0212
m,7.434921982,120.301,0.0212
m,7.43042388,142.14,0.0212
m,7.425864914,124.99,0.0212
m,7.787801343,104.776,0.0282
m,7.782500117,114.894,0.0281
m,7.772181297,105.755,0.028
m,7.766880911,104.225,0.0279
m,7.761925804,104.54,0.0277
m,7.737402403,121.714,0.0269
m,7.727760833,110.906,0.027
m,7.722790111,109.004,0.0269
m,7.717916555,107.383,0.0268
m,7.712963782,116.877,0.0267
m,7.679713987,115.897,0.0252
m,7.674948029,111.429,0.025
m,7.669978894,112.075,0.0249
m,7.665213152,116.071,0.0248
m,7.63151104,109.795,0.0243
m,7.621698107,113.26,0.0241
m,7.616853292,120.752,0.024
m,7.616853292,117.112,0.024
m,7.607243933,121.149,0.024
m,7.578682208,115.805,0.0237
m,7.573634931,114.676,0.0237
m,7.568446082,113.161,0.0237
m,7.563257355,116.163,0.0235
m,7.557927071,118.672,0.0232
m,7.521650346,117.71,0.0224
m,7.516665143,117.267,0.0222
m,7.506836471,123.193,0.0221
m,7.502054199,125.601,0.0221
m,7.467301643,124.817,0.0216
m,7.467301643,118.647,0.0216
m,7.457899297,117.251,0.0215
m,7.453259257,125.49,0.0214
m,7.448558273,129.487,0.0213
m,7.421630567,121.875,0.0211
m,7.417193557,128.204,0.021
m,7.412898357,126.802,0.0209
m,7.408258739,132.369,0.0208
m,7.398716021,126.392,0.0208
m,7.398716021,119.834,0.0208
m,7.38874815,126.11,0.0208
m,7.384108777,122.481,0.0207
m,7.379327633,122.337,0.0206
m,7.374343868,120.221,0.0206
m,7.345435547,123.033,0.0203
m,7.335752677,122.702,0.0202
m,7.330911379,119.899,0.0201
m,7.326009542,120.194,0.02
m,7.326009542,120.055,0.02
m,7.287121691,116.446,0.0193
m,7.282302214,113.266,0.0192
m,7.277259367,120.795,0.0192
m,7.272319434,113.308,0.0191
m,7.23196959,114.011,0.0185
m,7.226747729,112.82,0.0184
m,7.216566793,113.841,0.0183
m,7.211689709,115.303,0.0182
m,7.206812746,116.784,0.0182
m,7.179403013,115.936,0.018
m,7.179403125,116.252,0.0179
m,7.170505558,113.326,0.0178
m,7.166199372,117.027,0.0177
m,7.161407345,112.095,0.0177
m,7.129305078,116.503,0.0177
m,7.124942655,109.353,0.0177
m,7.120865199,109.017,0.0176
m,7.112308484,107.805,0.0176
m,7.082969612,113.068,0.0178
m,7.078494543,120.035,0.0178
m,7.073961206,111.297,0.0179
m,7.069369887,116.3,0.018
m,7.064863286,109.58,0.018
m,7.029648059,118.463,0.0177
m,7.025493242,121.416,0.0176
m,7.021281378,129.582,0.0175
m,7.017128336,115.356,0.0175
m,7.013203492,110.273,0.0176
m,7.364660225,116.932,0.0205
m,7.359818463,123.409,0.0205
m,7.354976765,118.033,0.0205
m,7.350135129,119.438,0.0205
m,7.316408529,116.654,0.0199
m,7.311507066,116.304,0.0197
m,7.306524265,118.763,0.0196
m,7.3016229,115.974,0.0195
m,7.29202285,116.122,0.0193
m,7.267358524,112.395,0.019
m,7.257295111,112.813,0.0189
m,7.247374332,112.137,0.0187
m,7.242211984,114.586,0.0186
m,7.237131623,111.516,0.0185
m,7.202078154,114.771,0.0181
m,7.197343806,117.522,0.018
m,7.19275165,115.564,0.018
m,7.183710201,116.916,0.018
m,7.15669827,109.409,0.0176
m,7.147363781,109.235,0.0176
m,7.142798077,112.376,0.0176
m,7.138232818,121.731,0.0176
m,7.133667888,118.724,0.0177
m,7.112308367,109.106,0.0177
m,7.103777786,112.543,0.0177
m,7.099643469,115.061,0.0178
m,7.095367486,111.508,0.0178
m,7.09123433,113.056,0.0178
m,7.060156564,116.008,0.0181
m,7.051005795,115.975,0.0181
m,7.038161287,117.875,0.0178
m,7.033862069,116.579,0.0177
m,7.005873636,111.056,0.0175
m,7.00587376,115.394,0.0174
m,7.000750526,120.204,0.0173
m,6.998490049,118.483,0.0172
m,6.996487581,117.397,0.0172
m,6.994943425,117.573,0.0171
m,6.993942491,117.279,0.017
s,6.993742285,116.999,0.017
s,6.993742155,117.054,0.0171
s,6.993656571,117.03,0.0174
s,6.993714079,116.73,0.0174
s,6.99377159,116.576,0.0174
s,6.99377159,116.841,0.0174
s,6.993686283,116.679,0.0175
s,6.993400399,116.77,0.0179
s,6.993342646,117.106,0.0181
s,6.993400051,116.905,0.0182
s,6.993400166,116.625,0.0181
s,6.993400166,116.672,0.0181
s,6.993372407,116.894,0.0182
s,6.993372407,116.764,0.0182
s,6.993372294,116.627,0.0183
s,6.993314764,116.753,0.0183
s,6.993542526,115.185,0.0184
s,6.99360016,116.439,0.0183
s,6.993600273,117.315,0.0182
s,6.993743086,116.737,0.0181
s,6.993800612,116.915,0.0181
s,6.99394331,116.829,0.0181
s,6.99394331,116.778,0.0181
s,6.994028484,116.914,0.0181
s,6.994028369,117,0.0182
s,6.994028256,116.999,0.0183
s,6.994256139,116.939,0.0183
s,6.994256252,116.859,0.0182
s,6.994256366,116.682,0.0181
s,6.994256366,116.898,0.0181
s,6.994399419,116.911,0.0178
s,6.994399419,116.787,0.0178
s,6.9943993,116.894,0.0179
s,6.9943993,116.652,0.0179
s,6.994399183,118.328,0.018
s,6.993742026,117.118,0.0172
s,6.993741899,117.081,0.0173
s,6.993741773,116.993,0.0174
s,6.993799151,116.974,0.0175
s,6.993656571,116.852,0.0174
s,6.99368616,116.705,0.0176
s,6.99354346,116.774,0.0176
s,6.993543338,116.47,0.0177
s,6.993543218,116.703,0.0178
s,6.99345769,116.668,0.0181
s,6.99345769,116.682,0.0181
s,6.993515218,117.21,0.0181
s,6.993515218,116.982,0.0181
s,6.993372521,116.62,0.0181
s,6.993314653,116.57,0.0184
s,6.993257128,117.103,0.0184
s,6.993399716,116.696,0.0185
s,6.993399716,116.403,0.0185
s,6.993399826,118.84,0.0184
s,6.993800728,116.703,0.018
s,6.993800728,116.698,0.018
s,6.993800728,116.922,0.018
s,6.993943426,116.809,0.018
s,6.994113326,116.997,0.0184
s,6.994113326,116.757,0.0184
s,6.994113326,116.813,0.0184
s,6.994113326,116.595,0.0184
s,6.994113326,116.915,0.0184
s,6.994256482,116.878,0.018
s,6.9943993,116.625,0.0179
s,6.994456816,116.765,0.0179
s,6.994456816,116.668,0.0179
s,6.994399419,116.652,0.0178
s,6.994341671,116.592,0.018
s,6.994341555,116.742,0.0181
s,6.994341441,116.68,0.0182
s,6.994341441,116.79,0.0182
s,6.994341328,116.568,0.0183
s,6.994341216,116.657,0.0184
s,6.994283709,116.701,0.0184
s,6.994283599,116.705,0.0185
s,6.99422588,116.68,0.0187
s,6.994395889,116.851,0.0191
s,6.994395889,116.739,0.0191
s,6.994395789,116.838,0.0192
s,6.994538496,116.807,0.0192
s,6.994653785,116.529,0.0189
s,6.99465389,116.412,0.0188
s,6.99465389,116.399,0.0188
s,6.994854199,116.536,0.0187
s,6.994854199,116.564,0.0187
s,6.994826833,116.734,0.0184
s,6.994826833,116.653,0.0184
s,6.994684242,116.475,0.0183
s,6.994684242,116.675,0.0183
s,6.994741756,116.451,0.0183
s,6.994656918,116.801,0.018
s,6.994799617,116.805,0.018
s,6.994799617,116.695,0.018
s,6.994857139,116.8,0.018
s,6.994914784,116.727,0.0179
s,6.994914784,116.606,0.0179
s,6.994914784,116.54,0.0179
s,6.994914903,116.594,0.0178
s,6.994914903,116.76,0.0178
s,6.994972677,116.593,0.0176
s,6.9949728,116.755,0.0175
s,6.9949728,116.712,0.0175
s,6.995030335,116.618,0.0175
s,6.995030335,116.575,0.0175
s,6.99482962,116.507,0.0179
s,6.99477197,116.616,0.018
s,6.994771854,116.725,0.0181
s,6.994771854,116.694,0.0181
s,6.994368479,116.794,0.0188
s,6.994310877,116.826,0.0189
s,6.994310774,116.932,0.019
s,6.994310774,116.863,0.019
s,6.994453378,116.984,0.0191
s,6.994538596,116.708,0.0191
s,6.994538596,116.66,0.0191
s,6.994596085,116.668,0.0191
s,6.994596187,116.543,0.019
s,6.994596187,117.039,0.019
s,6.994854306,116.238,0.0186
s,6.994911917,116.675,0.0185
s,6.994911917,116.329,0.0185
s,6.994769324,116.442,0.0184
s,6.994741869,116.777,0.0182
s,6.994599169,116.497,0.0182
s,6.994599283,116.591,0.0181
s,6.994599283,116.595,0.0181
s,6.994656802,116.625,0.0181
s,6.994714442,116.718,0.018
s,6.994714442,116.603,0.018
s,6.994714442,116.53,0.018
s,6.99477197,116.888,0.018
s,6.994772088,116.529,0.0179
s,6.994915023,116.427,0.0177
s,6.994915023,116.65,0.0177
s,6.994972677,116.718,0.0176
s,6.994972677,116.76,0.0176
s,6.995030335,116.622,0.0175
s,6.995030335,116.401,0.0175
s,6.99482998,116.466,0.0176
s,6.99482998,116.485,0.0176
s,6.994829738,116.616,0.0178
s,6.994714211,116.625,0.0182
s,6.994713986,116.648,0.0184
s,6.994656353,116.675,0.0185
s,6.994656244,116.731,0.0186
s,6.994656137,117.066,0.0187
s,6.994598512,116.425,0.0188
s,6.994598304,116.663,0.019
s,6.994598202,116.808,0.0191
s,6.994397986,116.746,0.0191
s,6.994397886,116.769,0.0192
s,6.994340374,116.606,0.0192
s,6.994340374,116.657,0.0192
s,6.994340474,116.762,0.0191
s,6.994340576,116.739,0.019
s,6.994340679,116.762,0.0189
s,6.994113665,116.585,0.0181
s,6.993970965,116.71,0.0181
s,6.993971081,116.733,0.018
s,6.993971081,116.692,0.018
s,6.993855939,116.618,0.0181
s,6.993855939,116.692,0.0181
s,6.993855939,116.822,0.0181
s,6.993855939,116.795,0.0181
s,6.993713237,116.79,0.0181
s,6.99357065,116.473,0.018
s,6.993570768,116.723,0.0179
s,6.993485818,116.586,0.0177
s,6.993485818,116.601,0.0177
s,6.993485818,116.646,0.0177
s,6.99365573,116.419,0.0181
s,6.993740931,116.554,0.0181
s,6.99382614,116.735,0.0181
m,6.99382614,116.829,0.0181
m,6.989765189,113.948,0.0181
m,6.988164074,115.883,0.0181
m,6.986705737,120.626,0.0182
m,6.985447663,115.068,0.0183
m,6.983847007,117.473,0.0183
m,6.968077574,116.984,0.0187
m,6.965308733,120.02,0.0187
m,6.962340938,126.778,0.0186
m,6.956464424,123.238,0.0185
m,6.956464536,129.007,0.0184
s,6.994540587,116.724,0.0192
s,6.994540587,116.762,0.0192
s,6.994340374,116.767,0.0192
s,6.994340374,116.51,0.0192
s,6.994198081,116.681,0.0188
s,6.994198187,116.596,0.0187
s,6.994198294,116.702,0.0186
s,6.994055701,116.673,0.0185
s,6.994055923,116.609,0.0183
s,6.993971081,116.669,0.018
s,6.993970965,116.538,0.0181
s,6.993913449,116.684,0.0181
s,6.993913449,116.592,0.0181
s,6.993913449,116.601,0.0181
s,6.993713237,116.558,0.0181
s,6.993713237,116.708,0.0181
s,6.993570534,116.692,0.0181
s,6.99357065,116.562,0.018
s,6.993485698,116.51,0.0178
s,6.993485698,116.308,0.0178
s,6.993570768,116.33,0.0179
s,6.99357065,116.497,0.018
s,6.99365573,116.545,0.0181
m,6.99382614,116.821,0.0181
m,6.99382614,114.883,0.0181
m,6.993568225,113.254,0.0183
m,6.992910291,115.991,0.0182
m,6.991566512,117.471,0.0182
m,6.979131388,116.494,0.0184
m,6.976474158,121.268,0.0185
m,6.973760289,119,0.0186
m,6.970847231,116.43,0.0186
m,6.950477632,128.149,0.0183
m,6.947370898,118.966,0.0182
m,6.94435122,120.814,0.0182
m,6.941332356,115.698,0.0183
m,6.938115016,119.628,0.0184
m,6.931969579,116.005,0.0185
m,6.928898404,114.658,0.0186
m,6.925772161,112.75,0.0187
m,6.922790209,113.22,0.0188
m,6.901204359,112.478,0.0187
m,6.895317029,113.735,0.0186
m,6.895317029,111.131,0.0186
m,6.889411902,111.175,0.0186
m,6.886533051,115.391,0.0187
m,6.868403039,119.328,0.0192
m,6.865391913,120.79,0.0193
m,6.865391913,114.908,0.0193
m,6.859715577,117.194,0.0193
m,6.85685247,113.901,0.0192
m,6.835615117,116.174,0.0196
m,6.832550726,119.051,0.0197
m,6.829344753,116.773,0.0199
m,6.822939693,119.841,0.02
m,6.804735702,120.549,0.0205
m,6.798718085,117.949,0.0206
m,6.796111182,118.196,0.0207
m,6.793270891,121.386,0.0209
m,6.790340817,115.78,0.0212
m,6.772749797,113.777,0.0214
m,6.769689077,114.308,0.0215
m,6.76623893,112.187,0.0216
m,6.759293908,113.949,0.0218
m,6.75929384,116.279,0.0219
m,6.73293943,124.336,0.0224
m,6.729519011,115.853,0.0225
m,6.726294785,116.1,0.0229
m,6.72316643,112.235,0.0231
m,6.695924267,120.501,0.0237
m,6.692328177,118.483,0.0238
m,6.692328099,118.077,0.024
m,6.685045707,116.741,0.0241
m,6.681310049,123.417,0.0242
m,6.919666412,114.864,0.0189
m,6.913478518,112.565,0.0189
m,6.910358403,113.901,0.0189
m,6.910358403,116.339,0.0189
m,6.904177457,113.349,0.0189
m,6.883545527,114.395,0.0188
m,6.880758151,113.801,0.0189
m,6.877575828,113.56,0.0191
m,6.871326885,111.979,0.0191
m,6.853847309,113.987,0.0191
m,6.850878807,113.015,0.0191
m,6.844606061,111.871,0.0192
m,6.841643032,116.905,0.0193
m,6.838628004,116.76,0.0195
m,6.819884229,119.066,0.0201
m,6.816793374,123.104,0.0201
m,6.813848104,120.467,0.0202
m,6.810760832,120.71,0.0203
m,6.804735789,130.7,0.0204
m,6.784382657,116.042,0.0214
m,6.781602786,110.659,0.0214
m,6.778732476,114.447,0.0215
m,6.775812232,114.823,0.0215
m,6.752409006,115.696,0.022
m,6.749114154,116.686,0.0221
m,6.745872292,122.258,0.0223
m,6.742683314,121.185,0.0223
m,6.736072606,127.74,0.0223
m,6.71686488,114.34,0.0232
m,6.713547169,113.761,0.0234
m,6.71023133,114.266,0.0235
m,6.706917321,115.775,0.0236
m,6.703460521,119.361,0.0237
m,6.677674188,123.193,0.0242
m,6.673894933,132.219,0.0242
m,6.666293241,122.192,0.0242
m,6.662662695,122.479,0.0242
m,6.658743848,120.681,0.0242
m,6.654826292,119.702,0.0243
m,6.651054944,117.281,0.0244
m,6.646995134,114.91,0.0246
m,6.638783042,115.638,0.0247
m,6.612733418,113.982,0.0252
m,6.603917208,111.217,0.0253
m,6.599535072,114.517,0.0254
m,6.595154356,109.877,0.0255
m,6.56605627,116.493,0.0259
m,6.561873053,107.964,0.026
m,6.553026716,112.796,0.026
m,6.548846072,115.637,0.0261
m,6.54485811,112.065,0.0262
m,6.521038609,110.044,0.0267
m,6.516718965,110.117,0.0268
m,6.512254763,119.219,0.0269
m,6.507791382,121.878,0.0271
m,6.503328813,116.352,0.0272
m,6.466957126,119.851,0.0276
m,6.461964681,124.726,0.0276
m,6.456972847,135.201,0.0276
m,6.4521272,134.639,0.0277
m,6.417374929,118.148,0.0281
m,6.412186822,121.701,0.0283
m,6.402203849,119.199,0.0283
m,6.397498643,113.331,0.0282
m,6.392939464,115.165,0.0281
m,6.36518729,114.132,0.028
m,6.360529228,109.747,0.0279
m,6.355770127,116.958,0.0279
m,6.350966877,111.142,0.028
m,6.341506899,113.647,0.028
m,6.313631969,108.244,0.0277
m,6.30445373,109.453,0.0277
m,6.299697072,110.256,0.0277
m,6.294838792,110.119,0.0278
m,6.634679208,109.572,0.0247
m,6.630431867,113.862,0.0247
m,6.626040944,113.215,0.0248
m,6.621603532,109.845,0.0249
m,6.612733462,110.539,0.025
m,6.590677237,112.92,0.0255
m,6.582307362,111.557,0.0255
m,6.578026235,113.804,0.0256
m,6.573793221,110.538,0.0257
m,6.57014204,110.914,0.0258
m,6.540870905,107.276,0.0263
m,6.537029777,111.083,0.0265
m,6.533427474,109.402,0.0266
m,6.529488761,109.056,0.0266
m,6.494643156,117.799,0.0272
m,6.490228662,117.707,0.0272
m,6.485523921,118.879,0.0272
m,6.480774225,112.245,0.0274
m,6.476216355,115.285,0.0275
m,6.447282191,120.929,0.0278
m,6.442337423,123.118,0.0279
m,6.437348028,124.369,0.0279
m,6.427214939,120.4,0.0279
m,6.422317188,121.894,0.028
m,6.388425342,112.939,0.0281
m,6.383911512,120.855,0.0281
m,6.379207673,119.387,0.028
m,6.369845613,118.941,0.028
m,6.341506882,111.529,0.0279
m,6.332326407,112.198,0.0278
m,6.327568566,111.979,0.0277
m,6.322810939,112.257,0.0277
m,6.318243429,113.912,0.0277
m,6.294838792,110.36,0.0278
m,6.284699191,107.875,0.0278
m,6.27969552,107.258,0.0277
m,6.269980265,109.291,0.0277
m,6.269980265,109.442,0.0277
m,6.260265564,108.127,0.0278
m,6.255452156,107.637,0.0277
m,6.250638839,108.868,0.0276
m,6.246117353,110.302,0.0276
m,6.237468654,106.324,0.0275
m,6.210110539,108.418,0.0274
m,6.204962958,109.684,0.0273
m,6.19996142,107.343,0.0273
m,6.195105932,107.935,0.0273
m,6.190250583,106.171,0.0273
m,6.152591092,105.175,0.027
m,6.147444922,109.918,0.0269
m,6.142590823,105.823,0.0268
m,6.132985922,105.265,0.0269
m,6.098772906,106.526,0.0268
m,6.098772912,105.873,0.0267
m,6.089402286,106.394,0.0266
m,6.084841748,107.936,0.0267
m,6.080178199,104.615,0.0267
m,6.052113723,108.336,0.0268
m,6.047597034,110.072,0.0268
m,6.043372615,113.212,0.0267
m,6.03766316,110.624,0.0267
m,6.036366701,110.456,0.0267
m,6.036494511,109.967,0.0269
m,6.036494511,110.114,0.0269
m,6.036494511,110.644,0.0269
m,6.036348433,109.759,0.0269
m,6.036725848,110.072,0.0266
m,6.036871924,110.178,0.0266
m,6.037018011,110.165,0.0265
m,6.037164089,110.163,0.0265
m,6.037310178,110.09,0.0264
m,6.037164163,109.984,0.026
m,6.037206787,110.056,0.026
m,6.037206807,110.055,0.0259
m,6.03706073,109.998,0.0259
m,6.03706073,110.14,0.0259
m,6.233093407,107.002,0.0275
m,6.228864154,107.006,0.0274
m,6.224489143,106.666,0.0274
m,6.21515587,105.921,0.0274
m,6.179810622,106.175,0.0273
m,6.174328569,109.205,0.0272
m,6.174328567,105.95,0.0271
m,6.163218978,106.326,0.0271
m,6.157926589,104.108,0.0271
m,6.128175365,103.635,0.0269
m,6.123072913,105.403,0.0269
m,6.118305579,106.69,0.0269
m,6.113495273,106.093,0.0269
m,6.108539058,105.101,0.0269
m,6.075617971,107.022,0.0267
m,6.070954658,109.085,0.0268
m,6.061439557,105.838,0.0268
m,6.056776582,106.847,0.0269
m,6.036366695,109.898,0.0268
m,6.036074526,109.912,0.0269
m,6.03611713,110.074,0.0269
m,6.036263211,109.977,0.0269
m,6.036451898,110.322,0.0269
m,6.036348438,110.135,0.0268
m,6.036348438,110.01,0.0268
m,6.036537134,109.911,0.0268
m,6.03653714,109.995,0.0267
m,6.036537148,110.027,0.0266
m,6.037310178,110.085,0.0264
m,6.037310191,110.154,0.0263
m,6.037310191,110.131,0.0263
m,6.037310222,109.988,0.0261
m,6.037060752,110.162,0.0258
m,6.037060752,110.111,0.0258
m,6.037060775,110.142,0.0257
m,6.037206876,110.12,0.0256
m,6.037352953,110.147,0.0256
m,6.037353007,110.027,0.0254
m,6.037499084,109.664,0.0254
m,6.03764519,109.967,0.0253
m,6.037791299,110.181,0.0252
m,6.038186982,110.018,0.025
m,6.038333098,109.937,0.0249
m,6.038479215,109.688,0.0248
m,6.038479254,110.081,0.0247
m,6.038625374,109.777,0.0246
m,6.039313305,109.879,0.0243
m,6.039459435,109.999,0.0242
m,6.039459484,109.77,0.0241
m,6.039459535,109.907,0.024
m,6.039459535,109.99,0.024
m,6.039417219,110.036,0.0235
m,6.03941728,110.023,0.0234
m,6.039313795,109.687,0.0234
m,6.039313858,109.755,0.0233
m,6.038686869,110.155,0.0234
m,6.038686869,109.856,0.0234
m,6.038686869,110.67,0.0234
m,6.038686869,110.673,0.0234
m,6.038686931,109.835,0.0233
m,6.038833144,110.022,0.0231
m,6.038833144,109.915,0.0231
m,6.038833144,110.046,0.0231
m,6.038833212,110.114,0.023
m,6.038687129,110.025,0.023
m,6.038875953,109.939,0.0228
m,6.038833425,109.981,0.0227
m,6.038833425,109.918,0.0227
m,6.038833425,109.993,0.0227
m,6.039083069,110.241,0.0226
m,6.039083069,109.9,0.0226
m,6.039083144,109.85,0.0225
m,6.038937138,109.85,0.0224
m,6.038937218,109.94,0.0223
m,6.037937377,109.851,0.0252
m,6.037894757,109.946,0.0252
m,6.037894757,109.979,0.0252
m,6.038083486,109.894,0.0251
m,6.038186948,110.011,0.0251
m,6.038771496,109.819,0.0245
m,6.039021051,109.802,0.0245
m,6.039021096,110.06,0.0244
m,6.039167177,109.877,0.0244
m,6.039459642,109.948,0.0238
m,6.039459698,109.977,0.0237
m,6.039459698,109.986,0.0237
m,6.039417102,109.903,0.0237
m,6.039417159,110.452,0.0236
m,6.039167713,110.059,0.0234
m,6.039021632,109.972,0.0234
m,6.038875552,109.942,0.0234
m,6.038875552,109.862,0.0234
m,6.038686869,109.75,0.0234
m,6.038833014,110.06,0.0233
m,6.038833078,109.964,0.0232
m,6.03897916,109.942,0.0232
m,6.038979226,109.956,0.0231
m,6.038687129,110.105,0.023
m,6.038687129,110.022,0.023
m,6.038833212,110.558,0.023
m,6.038875882,110.054,0.0229
m,6.038875882,109.981,0.0229
m,6.038833425,109.997,0.0227
m,6.038833425,109.727,0.0227
m,6.038833425,109.861,0.0227
m,6.038936911,109.951,0.0227
m,6.039082994,109.686,0.0227
m,6.038937218,109.953,0.0223
m,6.038937299,109.917,0.0222
m,6.038937381,109.871,0.0221
m,6.038980061,109.87,0.022
m,6.038834065,109.981,0.0219
m,6.038687983,109.716,0.0219
m,6.038688071,109.762,0.0218
m,6.038688071,109.725,0.0218
m,6.038730673,109.545,0.0218
m,6.038584773,109.827,0.0216
m,6.038730853,110.198,0.0216
m,6.038730945,109.903,0.0215
m,6.038688343,110.02,0.0215
m,6.03854255,109.984,0.0212
m,6.038439171,110.148,0.0211
m,6.038439171,110.053,0.0211
m,6.038293091,109.035,0.0211
m,6.038293091,110.508,0.0211
m,6.038000832,109.625,0.0212
m,6.038000832,110.411,0.0212
m,6.037854753,109.031,0.0212
m,6.037854753,115.469,0.0212
m,6.037897366,116.629,0.0212
m,6.037897269,110.365,0.0213
m,6.037939888,110.01,0.0213
m,6.037939888,109.901,0.0213
m,6.037939888,110.203,0.0213
s,6.037939792,112.949,0.0214
s,6.037897173,110.765,0.0214
s,6.037897269,110.548,0.0213
s,6.038043445,114.622,0.0212
s,6.038043445,111.435,0.0212
s,6.038189623,109.339,0.0211
s,6.038293091,109.515,0.0211
s,6.038293091,110.32,0.0211
s,6.038292992,110.153,0.0212
s,6.038292992,110.392,0.0212
s,6.038585055,110.015,0.0213
s,6.038585055,110.022,0.0213
s,6.038585055,109.992,0.0213
s,6.038585055,109.924,0.0213
m,6.038730762,109.979,0.0217
m,6.038730762,109.917,0.0217
m,6.038730762,109.591,0.0217
m,6.038730762,109.885,0.0217
m,6.038584682,109.767,0.0217
m,6.038730945,109.852,0.0215
m,6.038542356,110.136,0.0214
m,6.038542356,110.079,0.0214
m,6.038542452,109.855,0.0213
m,6.03854255,109.882,0.0212
m,6.038292992,110.212,0.0212
m,6.038146912,109.728,0.0212
m,6.038146912,109.853,0.0212
m,6.038000832,109.935,0.0212
m,6.037897366,111.02,0.0212
m,6.037897366,109.631,0.0212
m,6.037897366,110.937,0.0212
m,6.037897366,109.986,0.0212
m,6.037897269,109.315,0.0213
m,6.037939888,109.835,0.0213
s,6.037939888,110.03,0.0213
s,6.037793715,110.086,0.0214
s,6.037939792,111.962,0.0214
s,6.037939792,113.931,0.0214
s,6.038043544,109.417,0.0211
s,6.038043544,110.219,0.0211
s,6.038043544,112.83,0.0211
s,6.038189623,110.559,0.0211
s,6.038292992,110.025,0.0212
s,6.038439072,109.962,0.0212
s,6.038438974,110.099,0.0213
s,6.038585055,110.179,0.0213
s,6.038585055,110.064,0.0213
s,6.038585055,109.944,0.0213
s,6.038585055,109.946,0.0213
s,6.038585055,109.862,0.0213
s,6.038585055,110.146,0.0213
s,6.038585055,110.129,0.0213
s,6.038585153,110.045,0.0212
s,6.038585153,109.898,0.0212
s,6.03854255,109.985,0.0212
s,6.03854255,109.968,0.0212
s,6.038585252,109.65,0.0211
s,6.038293091,109.376,0.0211
s,6.038147011,109.796,0.0211
s,6.038146912,109.88,0.0212
s,6.038146912,109.885,0.0212
s,6.038043445,109.754,0.0212
s,6.037647638,109.966,0.0214
s,6.037647638,109.97,0.0214
s,6.037647638,109.852,0.0214
s,6.037501561,109.812,0.0214
s,6.037501374,109.464,0.0216
s,6.037355297,109.738,0.0216
s,6.037355297,110.043,0.0216
s,6.037355297,110.81,0.0216
s,6.037355297,109.462,0.0216
s,6.037355206,110.142,0.0217
s,6.037312583,109.882,0.0217
s,6.037312583,109.864,0.0217
s,6.037312674,109.824,0.0216
s,6.037312674,109.91,0.0216
s,6.037270056,109.918,0.0216
s,6.037270149,109.97,0.0215
s,6.037227537,109.929,0.0215
s,6.037227537,110,0.0215
s,6.037373617,110.354,0.0215
s,6.037373617,110.347,0.0215
s,6.037373711,110.153,0.0214
s,6.037373711,110.138,0.0214
s,6.037373711,110.047,0.0214
s,6.037373617,110.554,0.0215
s,6.037416228,110.106,0.0215
s,6.037416228,110.099,0.0215
s,6.037416228,109.98,0.0215
s,6.037416228,109.943,0.0215
s,6.038585153,109.486,0.0212
s,6.038439171,109.862,0.0211
s,6.038439171,110.495,0.0211
s,6.038293091,110.604,0.0211
s,6.038043445,109.861,0.0212
s,6.037897269,109.798,0.0213
s,6.037751191,109.985,0.0213
s,6.037751191,110.311,0.0213
s,6.037605016,109.817,0.0214
s,6.037501467,109.959,0.0215
s,6.037501467,110.025,0.0215
s,6.037501467,110.054,0.0215
s,6.037501374,110.002,0.0216
s,6.037501374,110.056,0.0216
s,6.037355206,110.02,0.0217
s,6.037355206,110.295,0.0217
s,6.037355206,110.108,0.0217
s,6.037355206,110.112,0.0217
s,6.037312583,109.958,0.0217
s,6.037312583,110.02,0.0217
s,6.037270056,110.075,0.0216
s,6.037269965,109.999,0.0217
s,6.037270056,109.97,0.0216
s,6.037227537,109.933,0.0215
s,6.037227537,109.843,0.0215
s,6.037227537,109.592,0.0215
s,6.037227537,110.417,0.0215
s,6.037227537,109.942,0.0215
s,6.037373711,110.006,0.0214
s,6.037373711,110.108,0.0214
s,6.037373711,110.042,0.0214
s,6.037373711,110.219,0.0214
s,6.037270056,109.998,0.0216
s,6.037269965,109.956,0.0217
s,6.037312583,109.801,0.0217
s,6.037312583,109.988,0.0217
s,6.037166416,109.776,0.0218
s,6.037166329,110.191,0.0219
s,6.037020251,110.189,0.0219
s,6.037020165,110.108,0.022
s,6.03706279,110.26,0.022
s,6.036727845,109.662,0.0222
s,6.036727764,110.189,0.0223
s,6.036770311,110.063,0.0224
s,6.036770311,109.694,0.0224
s,6.036770311,110.208,0.0224
s,6.03677039,109.736,0.0223
s,6.03677039,110.208,0.0223
s,6.03677039,109.925,0.0223
s,6.03677039,109.932,0.0223
s,6.036770471,110.041,0.0222
m,6.035912381,105.453,0.022
m,6.031688233,109.336,0.022
m,6.028949289,110.344,0.022
m,6.026021739,105.789,0.022
m,6.002858422,112.792,0.0219
m,5.994685414,107.825,0.0219
m,5.99021252,109.771,0.0219
m,5.98584339,110.33,0.022
m,5.981516802,109.182,0.022
m,5.9562477,112.055,0.0219
m,5.947365402,113.136,0.0219
m,5.942809337,110.648,0.0218
m,5.938149261,115.161,0.0218
m,5.938149354,114.528,0.0217
m,5.899201394,114.759,0.0216
m,5.89420814,115.573,0.0216
m,5.889361268,116.29,0.0216
m,5.884514555,116.437,0.0216
m,5.844869328,122.863,0.0213
m,5.840024051,114.961,0.0213
m,5.840024155,124.919,0.0212
m,5.830334098,113.586,0.0212
m,5.825489426,126.678,0.0211
s,6.036874004,110.205,0.0221
s,6.03691663,110.517,0.0221
s,6.036874004,109.63,0.0221
s,6.036874004,110.287,0.0221
s,6.036727845,110.112,0.0222
s,6.036770311,110.076,0.0224
s,6.036624235,110.25,0.0224
s,6.036624235,111.017,0.0224
s,6.036624315,109.794,0.0223
m,6.036770471,109.993,0.0222
m,6.036770471,111.371,0.0222
m,6.036727928,109.852,0.0221
m,6.03658185,107.961,0.0221
m,6.036539228,107.521,0.0221
m,6.022509884,111.976,0.022
m,6.018663444,109.74,0.0219
m,6.014628376,109.024,0.0219
m,6.010739425,110.142,0.022
m,6.002858422,107.712,0.0219
m,5.973113791,110.404,0.0221
m,5.968829827,109.819,0.022
m,5.96460749,109.797,0.022
m,5.960427504,119.659,0.022
m,5.929079891,111.854,0.0217
m,5.924420285,113.417,0.0216
m,5.919760697,114.568,0.0216
m,5.91476687,118.942,0.0216
m,5.904675336,111.3,0.0216
m,5.87478,113.442,0.0215
m,5.869933906,132.575,0.0214
m,5.864941613,121.382,0.0214
m,5.859991199,123.3,0.0213
m,5.854999182,116.537,0.0213
m,5.82079123,114.434,0.021
m,5.8159469,120.173,0.0209
m,5.805673333,110.589,0.0208
m,5.800495446,120.74,0.0208
m,5.795505337,110.341,0.0208
m,5.790369276,116.354,0.0206
m,5.785379598,110.308,0.0205
m,5.775254004,112.262,0.0206
m,5.769971952,108.585,0.0206
m,5.738412208,111.761,0.0202
m,5.728289676,106.202,0.0202
m,5.723301857,107.161,0.0202
m,5.718167779,106.23,0.0202
m,5.71284681,105.776,0.0201
m,5.675686627,104.412,0.0196
m,5.670554081,104.384,0.0196
m,5.665568312,104.238,0.0195
m,5.660582572,105.093,0.0195
m,5.626126729,100.798,0.0195
m,5.616158188,104.429,0.0195
m,5.611174036,103.002,0.0196
m,5.611174036,104.012,0.0196
m,5.601392989,102.754,0.0197
m,5.572774126,104.431,0.0196
m,5.567352111,110.303,0.0195
m,5.562036926,105.263,0.0195
m,5.556575213,108.93,0.0196
m,5.545545902,105.926,0.0195
m,5.508294237,103.5,0.019
m,5.508294395,104.045,0.0189
m,5.49745423,106.437,0.0188
m,5.491887788,105.263,0.0187
m,5.452378537,107.561,0.0183
m,5.440739213,104.997,0.0182
m,5.435066471,107.849,0.0181
m,5.429432903,107.309,0.018
m,5.39037033,112.437,0.0175
m,5.384961994,115.229,0.0173
m,5.379074285,112.356,0.0172
m,5.367777897,112.576,0.0171
m,5.367778096,113.952,0.017
m,5.759367232,110.147,0.0206
m,5.754044628,108.535,0.0206
m,5.748763308,109.965,0.0205
m,5.743441194,109.543,0.0204
m,5.707379488,105.045,0.0201
m,5.701871947,106.429,0.0199
m,5.696592134,104.203,0.0199
m,5.685992491,105.286,0.0198
m,5.685992627,102.069,0.0197
m,5.650758097,104.555,0.0195
m,5.645732407,105.538,0.0196
m,5.640747383,102.312,0.0196
m,5.635949305,103.529,0.0196
m,5.630964739,102.064,0.0195
m,5.596556033,103.983,0.0197
m,5.591759244,104.021,0.0197
m,5.587255719,103.434,0.0197
m,5.577836425,103.022,0.0196
m,5.540085071,109.146,0.0194
m,5.534810691,104.544,0.0193
m,5.529575898,107.356,0.0193
m,5.524301806,104.027,0.0192
m,5.513753956,101.721,0.0191
m,5.486321486,103.779,0.0186
m,5.480862542,105.863,0.0186
m,5.469437172,102.859,0.0185
m,5.463910518,105.25,0.0185
m,5.458051698,104.049,0.0183
m,5.423799565,107.572,0.0178
m,5.418166279,104.317,0.0176
m,5.406752568,106.024,0.0175
m,5.401265783,113.569,0.0175
m,5.395710308,112.343,0.0175
m,5.356265955,108.528,0.017
m,5.350749478,107.556,0.017
m,5.345233205,107.072,0.0169
m,5.339756103,109.284,0.0167
m,5.328909084,111.187,0.0166
m,5.323578334,109.712,0.0166
m,5.31839454,111.135,0.0165
m,5.313210542,111.762,0.0165
m,5.30791903,110.859,0.0164
m,5.255463952,106.416,0.0161
m,5.255464176,113.758,0.016
m,5.243532302,109.059,0.016
m,5.23758642,108.469,0.0159
m,5.196432064,110.456,0.0154
m,5.190859908,108.437,0.0154
m,5.185288524,109.591,0.0152
m,5.179863804,103.788,0.0151
m,5.169014688,107.399,0.0151
m,5.140338653,106.59,0.0148
m,5.128841508,109.439,0.0148
m,5.123166823,108.773,0.0148
m,5.117492808,105.649,0.0147
m,5.111925458,108.934,0.0146
m,5.073244466,111.151,0.0147
m,5.06248903,113.602,0.0148
m,5.057258443,115.974,0.0148
m,5.057258443,121.916,0.0148
s,5.037094533,115.115,0.0151
s,5.037240415,115.465,0.0153
s,5.037532944,115.502,0.0154
s,5.037678839,115.429,0.0156
s,5.037971376,117.064,0.0157
s,5.038304356,115.915,0.016
s,5.038304356,115.641,0.016
s,5.03845051,115.819,0.0161
s,5.038596664,115.744,0.0162
s,5.038596664,115.637,0.0162
s,5.039034693,115.528,0.0167
s,5.039034693,115.088,0.0167
s,5.039034693,115.567,0.0167
s,5.03903447,115.609,0.0168
m,5.3024418,108.236,0.0163
m,5.290939059,109.224,0.0163
m,5.279260215,105.181,0.0163
m,5.273235106,107.243,0.0163
m,5.267396111,107.847,0.0162
m,5.231640468,112.047,0.0159
m,5.225587566,107.999,0.0158
m,5.219534911,105.705,0.0157
m,5.207870061,109.398,0.0156
m,5.202190414,105.167,0.0155
m,5.169014937,104.64,0.015
m,5.157953431,107.667,0.015
m,5.152090202,105.844,0.015
m,5.146307442,106.64,0.0149
m,5.106251945,114.601,0.0146
m,5.094865755,111.872,0.0146
m,5.089339911,106.2,0.0146
m,5.083960934,107.924,0.0146
m,5.078435617,107.785,0.0147
m,5.047969612,113.987,0.0148
m,5.044016758,119.005,0.0148
m,5.038599878,114.394,0.0149
m,5.038599878,115.64,0.0149
m,5.036989331,115.356,0.015
s,5.037971133,115.904,0.0158
s,5.038012298,115.693,0.0157
s,5.038158445,115.463,0.0158
s,5.038158204,115.726,0.0159
s,5.038742822,115.744,0.0163
s,5.038742591,115.856,0.0164
s,5.038929675,115.513,0.0165
s,5.038888754,116.109,0.0165
s,5.038888527,115.365,0.0166
s,5.039180639,115.868,0.0169
s,5.039139727,115.572,0.0169
s,5.039139507,115.419,0.017
s,5.039285683,115.611,0.0171
s,5.039285683,115.373,0.0171
s,5.039326379,115.484,0.0172
s,5.039326379,115.516,0.0172
s,5.039285254,115.463,0.0173
s,5.039325954,115.64,0.0174
s,5.039325745,115.511,0.0175
s,5.039325332,115.64,0.0177
s,5.039325128,115.488,0.0178
s,5.039325128,115.549,0.0178
s,5.039324927,115.421,0.0179
s,5.039324727,115.719,0.018
s,5.039323949,115.43,0.0184
s,5.039323949,115.397,0.0184
s,5.039323759,115.562,0.0185
s,5.039323571,115.596,0.0186
s,5.039469234,115.464,0.019
s,5.039469056,115.111,0.0191
s,5.039468707,115.38,0.0193
s,5.039468535,115.285,0.0194
s,5.039509451,115.28,0.0194
s,5.039362394,115.354,0.0198
s,5.039321474,115.073,0.0198
s,5.039321312,115.55,0.0199
s,5.039321153,115.397,0.02
s,5.039467546,115.425,0.02
s,5.039320533,115.514,0.0204
s,5.039320383,115.548,0.0205
s,5.039320383,115.345,0.0205
s,5.039320383,115.594,0.0205
s,5.039278891,115.734,0.0209
s,5.039278891,114.493,0.0209
s,5.039278891,115.698,0.0209
s,5.039278891,115.421,0.0209
s,5.039237987,115.475,0.0209
s,5.039237847,115.589,0.021
s,5.039196949,115.633,0.021
s,5.039196949,115.288,0.021
s,5.039196949,115.463,0.021
s,5.039196949,115.249,0.021
s,5.039325745,115.529,0.0175
s,5.039325745,115.329,0.0175
s,5.039325537,115.642,0.0176
s,5.039325332,115.728,0.0177
s,5.039324334,115.611,0.0182
s,5.039324334,115.503,0.0182
s,5.03932414,115.581,0.0183
s,5.03932414,115.559,0.0183
s,5.03932414,115.656,0.0183
s,5.039428868,115.68,0.0187
s,5.039428868,115.698,0.0187
s,5.039428684,115.748,0.0188
s,5.039428684,115.622,0.0188
s,5.039469414,115.654,0.0189
s,5.039509282,115.477,0.0195
s,5.039509114,115.488,0.0196
s,5.039362557,115.461,0.0197
s,5.039362557,115.477,0.0197
s,5.039320839,115.419,0.0202
s,5.039320685,115.397,0.0203
s,5.039320533,115.58,0.0204
s,5.039320533,115.014,0.0204
s,5.039320533,115.362,0.0204
s,5.039320235,115.561,0.0206
s,5.039320089,115.462,0.0207
s,5.039320089,115.527,0.0207
s,5.039279033,115.58,0.0208
s,5.039279033,114.926,0.0208
s,5.039237987,115.265,0.0209
s,5.039237847,115.339,0.021
s,5.039237847,115.463,0.021
s,5.039237847,115.312,0.021
s,5.039196811,115.592,0.0211
s,5.039343206,115.527,0.0211
s,5.03934307,115.562,0.0212
s,5.039342936,115.915,0.0213
s,5.039342804,115.258,0.0214
s,5.039342804,115.332,0.0214
s,5.039342674,115.181,0.0215
s,5.039342674,115.249,0.0215
s,5.039488942,115.545,0.0216
s,5.039447927,115.296,0.0217
s,5.039447927,115.817,0.0217
s,5.039447927,116.938,0.0217
s,5.039447927,115.691,0.0217
s,5.039447927,116.485,0.0217
s,5.039407043,115.715,0.0217
s,5.039406918,115.185,0.0218
s,5.039406918,115.64,0.0218
s,5.039406918,115.053,0.0218
s,5.039406918,115.81,0.0218
s,5.039406918,115.574,0.0218
s,5.039260397,115.665,0.0219
s,5.039260397,115.449,0.0219
s,5.039260277,115.005,0.022
s,5.039113878,115.453,0.022
s,5.039113878,116.981,0.022
s,5.039113878,115.81,0.022
s,5.03911376,116.396,0.0221
s,5.039154646,115.529,0.0221
s,5.039154764,115.741,0.022
s,5.039154764,115.721,0.022
s,5.039154646,115.589,0.0221
s,5.039154646,115.765,0.0221
s,5.039154646,115.3,0.0221
m,5.039048913,116.631,0.0223
m,5.039048913,115.822,0.0223
m,5.0390488,118.519,0.0224
m,5.0390897,113.194,0.0224
m,5.022438242,115.651,0.0221
m,5.018422637,119.468,0.022
m,5.014073616,116.839,0.0218
m,5.005270991,125.682,0.0217
m,5.000630106,121.408,0.0216
s,5.039342546,115.531,0.0216
s,5.039447927,115.099,0.0217
s,5.039447927,115.308,0.0217
s,5.039447927,115.541,0.0217
s,5.039447927,115.159,0.0217
s,5.039407043,116.056,0.0217
s,5.039407169,116.239,0.0216
s,5.039407043,115.522,0.0217
s,5.039407043,116.264,0.0217
s,5.039406918,115.092,0.0218
s,5.039406918,115.821,0.0218
s,5.039406918,114.256,0.0218
s,5.039406918,115.721,0.0218
s,5.039406918,115.763,0.0218
s,5.039260277,115.312,0.022
s,5.039260277,115.336,0.022
s,5.039260397,116.204,0.0219
s,5.039113999,115.566,0.0219
s,5.039113878,115.728,0.022
s,5.039154646,115.84,0.0221
s,5.039154646,115.495,0.0221
s,5.039154646,115.596,0.0221
s,5.039154646,115.68,0.0221
s,5.03915453,114.927,0.0222
s,5.03915453,115.721,0.0222
s,5.039049027,115.314,0.0222
s,5.039049027,116.116,0.0222
s,5.039048913,116.162,0.0223
m,5.038797022,121.328,0.0223
m,5.037918548,118.714,0.0224
m,5.035909997,120.09,0.0224
m,5.030072338,121.596,0.0223
m,5.026348868,113.751,0.0222
m,4.995989534,123.338,0.0215
m,4.99116157,121.576,0.0214
m,4.9863753,116.251,0.0213
m,4.981547871,113.184,0.0212
m,4.971830506,115.624,0.0211
m,4.971830647,117.814,0.021
m,4.962010097,116.444,0.0209
m,4.957079633,115.494,0.0208
m,4.952149679,116.305,0.0206
m,4.916833513,114.037,0.0202
m,4.911718263,112.502,0.0199
m,4.901341848,113.465,0.0197
m,4.896269288,116.455,0.0197
m,4.860736629,114.075,0.0195
m,4.855710474,112.354,0.0194
m,4.850685015,111.909,0.0192
m,4.845616826,117.181,0.0192
m,4.840403586,117.419,0.0189
m,4.806984502,117.534,0.0185
m,4.795834308,115.734,0.0184
m,4.790187301,126.589,0.0182
m,4.790187723,131.767,0.018
m,4.779186603,122.453,0.0178
m,4.741572249,131.193,0.0174
m,4.735974236,137.431,0.0172
m,4.730332795,131.892,0.017
m,4.718613488,130.475,0.0169
m,4.678257689,127.154,0.0165
m,4.678257689,127.342,0.0165
m,4.667613,132.501,0.0165
m,4.662459801,140.866,0.0164
m,4.656970789,139.261,0.0164
m,4.6250116,132.155,0.0164
m,4.61971721,136.015,0.0164
m,4.608557415,130.172,0.0164
m,4.602500729,130.36,0.0164
m,4.596016721,118.215,0.0164
m,4.557349086,116.484,0.0163
m,4.552680167,122.959,0.0163
m,4.548406407,131.729,0.0162
m,4.540393303,126.021,0
m,4.947219784,129.294,0.0206
m,4.937215018,122.272,0.0205
m,4.932098036,114.753,0.0205
m,4.927023518,112.003,0.0204
m,4.921949385,115.361,0.0203
m,4.896269288,118.209,0.0197
m,4.886064049,116.464,0.0197
m,4.880846666,118.9,0.0197
m,4.875672225,114.055,0.0197
m,4.87064456,111.932,0.0196
m,4.829393279,116.647,0.0189
m,4.823786135,116.665,0.0188
m,4.818282219,115.299,0.0188
m,4.812633011,121.185,0.0187
m,4.77383265,124.437,0.0177
m,4.76862503,120.98,0.0176
m,4.763272225,128.153,0.0174
m,4.752421277,124.468,0.0174
m,4.746923839,123.539,0.0173
m,4.712726436,123.897,0.0167
m,4.70076386,127.675,0.0165
m,4.70076386,128.726,0.0165
m,4.689341678,137.566,0.0165
m,4.683703998,134.086,0.0166
m,4.651527271,133.394,0.0164
m,4.640888256,130.772,0.0164
m,4.635547013,130.622,0.0164
m,4.63020628,138.652,0.0164
m,4.589187489,136.502,0.0164
m,4.58245867,115.382,0.0163
m,4.570621919,117.432,0.0163
m,4.565577115,117.404,0.0163
m,4.565577115,117.976,0.0163
m,4.535478982,121.412,0.0163
m,4.530538469,124.742,0.0164
m,4.525499317,123.738,0.0166
m,4.520750954,123.026,0.0169
m,4.515521117,127.226,0.017
m,4.505353401,119.894,0.0171
m,4.499688848,124.143,0.0173
m,4.494123123,124.192,0.0175
m,4.488750374,117.604,0.0175
m,4.483377581,118.351,0.0177
m,4.453228908,118.549,0.0177
m,4.448294631,117.205,0.0179
m,4.443699321,111.377,0.0177
m,4.434316465,109.881,0.0177
m,4.429721732,110.749,0.0178
m,4.397915217,111.961,0.0169
m,4.397915482,110.385,0.0168
m,4.387478506,114.835,0.0168
m,4.38187401,110.521,0.0168
m,4.347238094,111.798,0.0169
m,4.34279462,111.46,0.0169
m,4.338496471,116.236,0.0169
m,4.330047387,121.207,0.0168
m,4.325654469,115.319,0.0168
m,4.301191846,111.41,0.0173
m,4.290967087,114.231,0.0175
m,4.285760389,108.947,0.0176
m,4.280649973,111.26,0.0177
m,4.27554031,114.291,0.0178
m,4.243040578,112.273,0.0182
m,4.233331252,111.204,0.0182
m,4.223388741,109.195,0.0183
m,4.218491655,115.288,0.0185
m,4.183681141,116.54,0.0187
m,4.178797032,115.475,0.0187
m,4.174007197,111.928,0.0187
m,4.16927003,116.85,0.0188
m,4.135839792,117.219,0.0192
m,4.130880556,121.618,0.0192
m,4.121164497,124.508,0.0192
m,4.116498613,115.52,0.0193
m,4.111599913,116.988,0.0194
m,4.478150893,120.633,0.0177
m,4.468083161,113.22,0.0178
m,4.468083161,114.064,0.0178
m,4.458162848,116.785,0.0178
m,4.425225811,111.494,0.0175
m,4.420922981,114.648,0.0172
m,4.416475291,110.578,0.017
m,4.412124974,108.712,0.0169
m,4.40269977,114.569,0.0169
m,4.376318462,114.114,0.0168
m,4.370859282,112,0.017
m,4.36066656,115.833,0.0171
m,4.356077612,111.612,0.017
m,4.351537097,112.408,0.0169
m,4.321021194,118.59,0.0168
m,4.316244172,111.323,0.0167
m,4.311322097,116.862,0.017
m,4.301192109,109.532,0.0172
m,4.26585652,110.693,0.0179
m,4.261377321,106.108,0.018
m,4.256754553,109.649,0.018
m,4.252326983,112.542,0.018
m,4.247705662,117.044,0.0181
m,4.213545968,117.007,0.0185
m,4.208652323,109.155,0.0185
m,4.203760216,109.541,0.0185
m,4.198776039,116.756,0.0186
m,4.18871132,114.934,0.0186
m,4.1645344,115.6,0.0189
m,4.155119917,114.931,0.019
m,4.155119917,121.726,0.019
m,4.145476399,113.941,0.019
m,4.140657172,119.695,0.0191
m,4.101341115,115.06,0.0194
m,4.096215867,107.082,0.0193
m,4.091147077,108.464,0.0191
m,4.081017615,109.719,0.019
m,4.081017854,108.747,0.0189
m,4.070756935,111.355,0.0187
m,4.065613603,110.196,0.0186
m,4.06041914,109.552,0.0185
m,4.05548103,117.179,0.0182
m,4.016828281,124.083,0.0177
m,4.012552421,117.04,0.0176
m,4.008110586,118.316,0.0175
m,4.008110867,123.942,0.0174
m,3.981282549,115.544,0.0171
m,3.979566386,112.396,0.0171
m,3.97868009,112.879,0.0171
m,3.978537234,115.072,0.0171
s,3.978679798,112.364,0.0172
s,3.979194071,114.871,0.0173
s,3.979279796,114.282,0.0174
s,3.979279796,114.867,0.0174
s,3.979422373,114.618,0.0175
s,3.979564953,114.341,0.0176
s,3.979936432,114.746,0.0177
s,3.979936432,114.684,0.0177
s,3.980022202,118.133,0.0178
s,3.980022202,114.584,0.0178
s,3.98030794,114.983,0.0178
s,3.98030794,114.714,0.0178
s,3.98030794,114.999,0.0178
s,3.980307666,114.704,0.0179
s,3.980307666,115.805,0.0179
s,3.980307125,115.329,0.0181
s,3.980306859,115.012,0.0182
s,3.980306859,115.05,0.0182
s,3.980306595,114.722,0.0183
s,3.980306595,115.521,0.0183
s,3.980106139,115.253,0.0186
s,3.980106139,114.973,0.0186
s,3.980105885,115.205,0.0187
s,3.979963014,115.424,0.0187
m,4.045537343,115.73,0.0183
m,4.040388214,109.722,0.0183
m,4.035473098,116.099,0.0182
m,4.030560057,121.408,0.0181
m,4.025848346,116.923,0.0178
m,3.999864507,122.576,0.0173
m,3.995941808,122.649,0.0173
m,3.992419131,114.468,0.0172
m,3.989240162,112.23,0.0171
m,3.983657096,119.207,0.0171
s,3.978765787,113.999,0.0172
s,3.978765787,113.823,0.0172
s,3.978765787,113.577,0.0172
s,3.979051212,114.66,0.0173
s,3.979564953,114.746,0.0176
s,3.979707815,114.897,0.0176
s,3.979793845,114.975,0.0176
s,3.979793845,114.98,0.0176
s,3.979793845,114.895,0.0176
s,3.980022202,114.678,0.0178
s,3.980165071,114.748,0.0178
s,3.980165071,114.703,0.0178
s,3.980165071,114.785,0.0178
s,3.98030794,115.088,0.0178
s,3.980307394,116.231,0.018
s,3.980307394,114.741,0.018
s,3.980307394,115.349,0.018
s,3.980307394,115.191,0.018
s,3.980306333,114.999,0.0184
s,3.980306333,115.047,0.0184
s,3.980106395,115.079,0.0185
s,3.980106395,115.288,0.0185
s,3.980106139,115.164,0.0186
s,3.979962514,115.11,0.0189
s,3.979962514,114.954,0.0189
s,3.979962514,115.144,0.0189
s,3.979962267,115.148,0.019
s,3.979962267,115.051,0.019
s,3.979962267,114.969,0.019
s,3.979962023,114.799,0.0191
s,3.980104894,115.21,0.0191
s,3.980104653,114.801,0.0192
s,3.980247525,114.65,0.0192
s,3.980333121,114.756,0.0194
s,3.980475996,115.423,0.0194
s,3.980475996,115.238,0.0194
s,3.980475762,115.364,0.0195
s,3.98053256,115.1,0.0195
s,3.980817621,115.512,0.0198
s,3.980817621,115.472,0.0198
s,3.980817397,115.146,0.0199
s,3.980817397,115.251,0.0199
s,3.980817176,115.435,0.02
s,3.980674302,115.137,0.02
s,3.980674302,115.118,0.02
s,3.980674302,115.15,0.02
s,3.980531429,115.003,0.02
s,3.980388338,115.191,0.0201
s,3.980388338,115.407,0.0201
s,3.980388338,115.212,0.0201
s,3.980388338,115.168,0.0201
s,3.980331756,115.132,0.02
s,3.98053165,116.96,0.0199
s,3.980474852,114.968,0.0199
s,3.980617727,114.773,0.0199
s,3.980617951,114.856,0.0198
s,3.980674747,115.296,0.0198
s,3.980674747,115.328,0.0198
s,3.980674747,115.279,0.0198
s,3.980674747,115.326,0.0198
s,3.980674747,115.268,0.0198
s,3.9805321,113.43,0.0197
s,3.9805321,113.485,0.0197
s,3.980532329,113.834,0.0196
s,3.980389456,113.717,0.0196
s,3.980389456,113.841,0.0196
s,3.980247286,114.908,0.0193
s,3.980190483,114.948,0.0193
s,3.980333357,114.755,0.0193
s,3.980333121,114.273,0.0194
s,3.980675202,114.955,0.0196
s,3.980675202,115.206,0.0196
s,3.980674974,115.384,0.0197
s,3.980817847,115.105,0.0197
s,3.980817621,115.19,0.0198
s,3.980817397,115.314,0.0199
s,3.980817397,115.209,0.0199
s,3.980817176,115.308,0.02
s,3.980817176,116.971,0.02
s,3.980817176,115.294,0.02
s,3.98053121,115.229,0.0201
s,3.98053121,115.098,0.0201
s,3.980388338,114.872,0.0201
s,3.980388338,114.978,0.0201
s,3.980331756,114.87,0.02
s,3.980331756,114.958,0.02
s,3.980331756,114.891,0.02
s,3.980331977,114.789,0.0199
s,3.980474852,114.659,0.0199
s,3.980617951,115.104,0.0198
s,3.980617727,115.043,0.0199
s,3.980617727,114.854,0.0199
s,3.980617727,115.07,0.0199
s,3.980674524,115.229,0.0199
s,3.980674747,114.719,0.0198
s,3.980674747,115.065,0.0198
s,3.980674747,114.361,0.0198
s,3.9805321,113.427,0.0197
s,3.980389456,113.984,0.0196
s,3.980246356,113.991,0.0197
s,3.980246356,114.058,0.0197
s,3.980246356,114.393,0.0197
s,3.980246356,114.341,0.0197
s,3.980389456,114.107,0.0196
s,3.980389456,113.726,0.0196
s,3.980389456,115.383,0.0196
s,3.980389456,113.726,0.0196
s,3.980589364,114.618,0.0195
s,3.980589364,113.885,0.0195
s,3.980589364,113.855,0.0195
s,3.980589364,113.959,0.0195
s,3.980646177,113.869,0.0195
s,3.980646177,114.249,0.0195
s,3.980503308,113.848,0.0195
s,3.980503308,115.451,0.0195
s,3.980503308,114.167,0.0195
s,3.980503308,114.286,0.0195
s,3.980446263,113.707,0.0196
s,3.980589133,113.862,0.0196
s,3.980588904,113.933,0.0197
m,3.980588904,114.09,0.0197
m,3.977472654,122.552,0.0196
m,3.977472654,111.694,0.0196
m,3.973700599,109.919,0.0196
m,3.97164489,111.986,0.0196
m,3.969420055,109.582,0.0195
m,3.95460403,110.022,0.0193
m,3.951681592,106.941,0.0193
m,3.948820017,108.173,0.0193
m,3.942904032,103.872,0.0193
m,3.939849425,105.266,0.0193
m,3.917874469,108.256,0.0189
m,3.914862131,117.43,0.0189
m,3.911994029,126.248,0.0188
m,3.909269565,118.68,0.0188
m,3.886032742,112.085,0.0186
m,3.882804255,106.802,0.0186
m,3.879455904,109.017,0.0185
m,3.876251356,107.754,0.0185
m,3.873049547,108.286,0.0184
s,3.980389688,114.106,0.0195
s,3.980446494,114.075,0.0195
s,3.980589364,114.162,0.0195
s,3.980589364,114.001,0.0195
s,3.980589364,116.195,0.0195
s,3.980646177,113.746,0.0195
s,3.980646177,113.836,0.0195
s,3.980646177,113.75,0.0195
s,3.980646177,113.706,0.0195
s,3.980503308,114.194,0.0195
s,3.980446728,114.132,0.0194
s,3.980446494,113.821,0.0195
s,3.980446494,113.807,0.0195
s,3.980446494,113.68,0.0195
m,3.980588904,114.071,0.0197
m,3.9805321,112.408,0.0197
m,3.9805321,111.938,0.0197
m,3.979874557,118.406,0.0197
m,3.978902167,112.921,0.0197
m,3.967282542,118.088,0.0194
m,3.962414784,107.191,0.0193
m,3.959912757,110.502,0.0193
m,3.957328369,106.473,0.0193
m,3.939849667,108.665,0.0192
m,3.933748116,112.66,0.0192
m,3.930499949,108.381,0.0191
m,3.927455729,111.059,0.019
m,3.924212156,110.353,0.019
m,3.906547218,115.616,0.0187
m,3.901533453,115.857,0.0186
m,3.89879586,115.787,0.0186
m,3.892438094,116.624,0.0186
m,3.889264361,116.493,0.0186
m,3.869708515,104.675,0.0184
m,3.863316868,104.664,0.0184
m,3.863317139,105.917,0.0183
m,3.856872885,107.24,0.0183
m,3.853685682,105.426,0.0183
m,3.850642461,108.222,0.0182
m,3.84760141,107.424,0.0182
m,3.841181216,107.656,0.0182
m,3.838147743,107.441,0.0181
m,3.814782603,121.02,0.0178
m,3.811347847,121.375,0.0178
m,3.807980643,118.293,0.0178
m,3.804681761,118.083,0.0177
m,3.780372628,119.448,0.0174
m,3.773632842,114.741,0.0174
m,3.770301047,114.959,0.0173
m,3.766832404,113.251,0.0172
m,3.763293632,121.06,0.0172
m,3.74566926,119.069,0.0171
m,3.73913236,130.058,0.0171
m,3.735833094,120.675,0.017
m,3.729385748,124.44,0.017
m,3.729385748,130.219,0.017
m,3.702322454,118.265,0.0171
m,3.698920213,112.783,0.0171
m,3.69566039,114.098,0.0171
m,3.692403944,118.265,0.0171
m,3.6695656,116.626,0.0171
m,3.663177902,119.564,0.017
m,3.663177902,114.603,0.017
m,3.656802543,116.377,0.0171
m,3.653310804,117.771,0.017
m,3.632429025,120.505,0.0168
m,3.628962864,116.866,0.0168
m,3.625363091,118.365,0.0167
m,3.617899451,119.273,0.0167
m,3.614110361,115.58,0.0167
m,3.587826383,112.658,0.0165
m,3.580173709,117.623,0.0165
m,3.576293404,115.565,0.0164
m,3.572615021,114.265,0.0164
m,3.834975468,113.173,0.0181
m,3.831665082,114.82,0.018
m,3.824834265,116.038,0.0179
m,3.821455141,121.539,0.0179
m,3.818014751,117.527,0.0179
m,3.797682183,119.029,0.0177
m,3.797682183,119.247,0.0177
m,3.790761035,113.094,0.0177
m,3.787272962,113.739,0.0176
m,3.78385405,112.941,0.0175
m,3.759551935,113.386,0.0171
m,3.7560932,116.079,0.0171
m,3.749185699,129.361,0.0171
m,3.745668946,129.096,0.0172
m,3.722739591,123.083,0.0171
m,3.719316527,126.374,0.0171
m,3.715896881,130.912,0.0171
m,3.712341449,121.967,0.0171
m,3.705728165,115.679,0.0171
m,3.689221322,118.695,0.0171
m,3.682725719,121.267,0.0171
m,3.679344367,120.99,0.0171
m,3.676105156,118.257,0.0171
m,3.672869376,125.317,0.0171
m,3.649750052,119.592,0.017
m,3.646265605,120.259,0.0169
m,3.639445632,125.993,0.0168
m,3.63603691,124.47,0.0168
m,3.60660922,114.958,0.0166
m,3.602896695,123.29,0.0165
m,3.599125583,126.178,0.0165
m,3.595496352,125.783,0.0165
m,3.591659213,121.105,0.0165
m,3.568940884,110.281,0.0164
m,3.56540768,118.959,0.0164
m,3.558627139,124.378,0.0163
m,3.555242726,118.147,0.0163
m,3.555242726,119.064,0.0163
m,3.548058352,123.769,0.0163
m,3.544413298,121.41,0.0163
m,3.540830955,118.328,0.0163
m,3.537194351,114.532,0.0163
m,3.506091856,119.496,0.0161
m,3.502225687,120.315,0.016
m,3.49822855,121.098,0.016
m,3.494371703,118.844,0.016
m,3.49051969,120.421,0.016
m,3.468102377,114.796,0.016
m,3.464067606,115.053,0.016
m,3.460172196,124.712,0.016
m,3.452663737,113.215,0.0161
m,3.448781973,117.765,0.0161
m,3.421773283,123.977,0.0163
m,3.421773283,123.346,0.0163
m,3.414090439,122.744,0.0163
m,3.410389408,117.959,0.0164
m,3.384613456,120.688,0.0169
m,3.381082867,117.679,0.017
m,3.374035829,120.201,0.0171
m,3.370432494,118.189,0.0172
m,3.366787518,118.191,0.0173
m,3.347841585,114.626,0.0179
m,3.34052802,112.762,0.018
m,3.33692266,114.463,0.018
m,3.333496781,110.672,0.0182
m,3.329943686,115.959,0.0183
m,3.305252591,112.342,0.0192
m,3.298618144,112.765,0.0193
m,3.295241446,125.08,0.0195
m,3.295241155,114.742,0.0196
m,3.270495525,109.868,0.0205
m,3.267325168,115.553,0.0205
m,3.264288476,109.585,0.0206
m,3.26125544,110.377,0.0207
m,3.255293782,111.268,0.0207
m,3.529526278,116.299,0.0163
m,3.525552589,117.201,0.0163
m,3.521662384,136.309,0.0162
m,3.517855892,123.48,0.0161
m,3.513974974,125.749,0.0161
m,3.486672527,115.22,0.016
m,3.479181889,120.719,0.016
m,3.479181889,119.246,0.016
m,3.471790782,115.236,0.016
m,3.444956126,116.329,0.0162
m,3.44130049,114.832,0.0162
m,3.437566319,127.489,0.0163
m,3.433652093,125.594,0.0163
m,3.425621829,122.993,0.0163
m,3.406777647,114.707,0.0165
m,3.403086458,113.151,0.0165
m,3.395717704,116.973,0.0166
m,3.391954762,113.496,0.0167
m,3.388281749,116.612,0.0168
m,3.366787168,117.237,0.0174
m,3.35929242,114.006,0.0175
m,3.355616437,124.812,0.0177
m,3.347841922,114.513,0.0178
m,3.32294017,120.202,0.0184
m,3.319489522,114.158,0.0186
m,3.315912595,110.007,0.0187
m,3.312340397,119.088,0.0189
m,3.308683681,109.625,0.019
m,3.288763345,114.576,0.0197
m,3.28557016,110.433,0.0198
m,3.282602104,121.403,0.0201
m,3.279546762,118.017,0.0203
m,3.27366994,113.144,0.0204
m,3.252142146,122.353,0.0208
m,3.248921451,111.307,0.0209
m,3.248921198,114.65,0.021
m,3.241847169,113.506,0.0212
m,3.238088508,112.997,0.0214
m,3.230169176,114.858,0.0214
m,3.230168937,113.451,0.0215
m,3.222509619,108.696,0.0215
m,3.218946823,112.953,0.0215
m,3.194071648,110.822,0.0214
m,3.190586097,114.554,0.0214
m,3.186977593,108.795,0.0215
m,3.183405745,113.492,0.0214
m,3.158384585,115.703,0.0206
m,3.154726084,122.563,0.0203
m,3.147268792,116.345,0.0202
m,3.143598728,118.191,0.02
m,3.139835025,115.803,0.0198
m,3.121250772,117.111,0.0185
m,3.113596629,122.329,0.0184
m,3.109932165,129.137,0.0182
m,3.105922904,121.785,0.0179
m,3.102046264,128.358,0.0177
m,3.07251889,116.745,0.017
m,3.06899674,115.336,0.017
m,3.065997134,111.144,0.017
m,3.063765898,111.374,0.0171
m,3.053307822,115.043,0.0172
m,3.050702634,116.371,0.0172
m,3.04799595,111.585,0.0172
m,3.045415734,115.402,0.0173
m,3.040635296,117.514,0.0174
m,3.030865075,120.642,0.0174
m,3.028046,119.928,0.0172
m,3.028046,120.075,0.0172
m,3.027153757,120.347,0.0171
s,3.027170085,120.133,0.0171
s,3.027431727,119.881,0.0172
s,3.027554575,119.752,0.0172
s,3.027554575,120.05,0.0172
s,3.027677427,119.659,0.0172
m,3.215389724,108.538,0.0215
m,3.211967006,106.767,0.0215
m,3.208421261,109.812,0.0215
m,3.204785648,124.059,0.0214
m,3.197594355,108.784,0.0214
m,3.179936079,117.111,0.0213
m,3.176374186,113.206,0.0212
m,3.169039777,112.614,0.021
m,3.165590911,114.249,0.0208
m,3.161921591,115.322,0.0207
m,3.136050082,112.33,0.0196
m,3.132271311,116.104,0.0194
m,3.128651737,125.501,0.019
m,3.121249755,119.547,0.0188
m,3.094143306,118.857,0.0175
m,3.090289198,119.839,0.0174
m,3.086670169,117.755,0.0173
m,3.083080545,111.995,0.0172
m,3.079497478,115.151,0.0172
m,3.062216818,113.783,0.0172
m,3.061432985,116.808,0.0172
m,3.059722749,114.144,0.0172
m,3.059722749,112.067,0.0172
m,3.055897591,118.389,0.0172
m,3.038451226,120.05,0.0176
m,3.036499707,122.466,0.0175
m,3.03456725,121.776,0.0175
m,3.032653658,115.563,0.0175
s,3.027292522,120.088,0.0172
s,3.027292522,120.037,0.0172
s,3.027308879,119.814,0.0172
s,3.027431727,120.032,0.0172
s,3.027431727,120.053,0.0172
s,3.027677427,119.763,0.0172
s,3.027677029,119.602,0.0173
s,3.027799885,119.689,0.0173
s,3.027922742,119.713,0.0173
s,3.027922742,119.781,0.0173
s,3.028046,119.832,0.0172
s,3.028168862,119.805,0.0172
s,3.028062814,119.892,0.0171
s,3.028062814,120.29,0.0171
s,3.028186085,120.082,0.017
s,3.028202934,119.482,0.0169
s,3.028203344,119.957,0.0168
s,3.028203344,119.817,0.0168
s,3.028203758,120.305,0.0167
s,3.028203758,120.057,0.0167
s,3.02809817,120.51,0.0165
s,3.028098594,120.381,0.0164
s,3.028098594,119.989,0.0164
s,3.028099021,120.323,0.0163
s,3.027977007,119.866,0.0161
s,3.027854128,120.153,0.0161
s,3.027854128,119.752,0.0161
s,3.027854565,120,0.016
s,3.027854565,119.723,0.016
s,3.027977444,119.915,0.016
s,3.027977444,119.738,0.016
s,3.027977444,119.899,0.016
s,3.027977444,120.407,0.016
s,3.027977884,120.502,0.0159
s,3.028117232,119.459,0.0159
s,3.028117232,120.007,0.0159
s,3.028117232,119.542,0.0159
s,3.028239681,119.733,0.016
s,3.02857495,120.673,0.0161
s,3.02857495,120.541,0.0161
s,3.028452066,120.077,0.0161
s,3.028451633,120.34,0.0162
s,3.028451633,120.121,0.0162
s,3.028451202,119.878,0.0163
s,3.028557626,120.384,0.0163
s,3.028557626,119.753,0.0163
s,3.028557626,120.074,0.0163
s,3.028557199,120.166,0.0164
s,3.028186492,120.634,0.0169
s,3.028186492,120.319,0.0169
s,3.028202934,119.944,0.0169
s,3.028202934,120.321,0.0169
s,3.028097333,119.388,0.0167
s,3.02809775,119.738,0.0166
s,3.02809775,120.178,0.0166
s,3.02809817,120.531,0.0165
s,3.02809817,120.571,0.0165
s,3.027976143,120.187,0.0163
s,3.027976573,120.499,0.0162
s,3.027976573,119.872,0.0162
s,3.027976573,120.064,0.0162
s,3.027977007,119.895,0.0161
s,3.027854565,120.138,0.016
s,3.027977444,120.388,0.016
s,3.027977444,119.986,0.016
s,3.027977444,119.823,0.016
s,3.028100762,119.863,0.0159
s,3.028100762,119.825,0.0159
s,3.028100762,119.63,0.0159
s,3.027994345,119.439,0.0159
s,3.028117232,119.899,0.0159
s,3.028239681,119.967,0.016
s,3.028346089,119.432,0.016
s,3.028468976,119.561,0.016
s,3.028468976,119.836,0.016
s,3.028468539,119.294,0.0161
s,3.028451633,119.847,0.0162
s,3.028451633,119.881,0.0162
s,3.028451633,120.092,0.0162
s,3.028451633,120.126,0.0162
s,3.028557199,119.91,0.0164
s,3.028557199,119.655,0.0164
s,3.028557199,119.825,0.0164
s,3.028434323,120.105,0.0164
s,3.028327472,119.771,0.0165
s,3.028327472,119.373,0.0165
s,3.028327051,120.012,0.0166
s,3.028327051,119.796,0.0166
s,3.028327051,120.238,0.0166
s,3.028203344,120.048,0.0168
s,3.028203344,120.171,0.0168
s,3.028203344,119.42,0.0168
s,3.028309773,120.039,0.0168
s,3.028309773,119.739,0.0168
s,3.028202934,120.071,0.0169
s,3.028202934,120.045,0.0169
s,3.028203344,119.849,0.0168
s,3.028203344,120.009,0.0168
s,3.028203344,119.844,0.0168
s,3.028203758,120.204,0.0167
s,3.028203758,120.183,0.0167
s,3.028203758,119.914,0.0167
s,3.028203758,120.116,0.0167
s,3.028188154,120.132,0.0165
s,3.028065287,120.235,0.0165
s,3.02806571,120.226,0.0164
s,3.02806571,119.995,0.0164
s,3.02806571,120.406,0.0164
s,3.02806571,119.615,0.0164
s,3.02806571,119.681,0.0164
s,3.028066137,119.84,0.0163
s,3.028066137,119.75,0.0163
s,3.027943268,119.84,0.0163
s,3.027943268,120.121,0.0163
s,3.028049725,120.179,0.0163
s,3.028049725,119.743,0.0163
s,3.028049725,119.848,0.0163
s,3.028033757,119.755,0.0162
s,3.027927294,119.654,0.0162
s,3.028033757,119.856,0.0162
s,3.028034191,120.07,0.0161
s,3.027927728,120.113,0.0161
s,3.028326634,119.468,0.0167
s,3.028326634,119.394,0.0167
s,3.028326634,119.771,0.0167
s,3.028203344,119.735,0.0168
s,3.028203344,119.908,0.0168
s,3.028309363,119.982,0.0169
s,3.028309363,119.896,0.0169
s,3.028309363,119.898,0.0169
s,3.028309363,119.804,0.0169
s,3.028203344,120.15,0.0168
s,3.028203344,120.26,0.0168
s,3.028203344,119.696,0.0168
s,3.028203344,119.759,0.0168
s,3.028203344,119.862,0.0168
s,3.028204175,119.987,0.0166
s,3.0280813,120.231,0.0166
s,3.0280813,119.971,0.0166
s,3.0280813,120.217,0.0166
s,3.028187733,120.228,0.0166
s,3.02806571,119.925,0.0164
s,3.02806571,119.842,0.0164
s,3.02806571,119.669,0.0164
s,3.02806571,119.53,0.0164
s,3.027943268,119.699,0.0163
s,3.027943268,119.55,0.0163
s,3.027943268,119.717,0.0163
s,3.027943268,119.905,0.0163
s,3.027943268,119.984,0.0163
s,3.028049725,119.795,0.0163
s,3.028049725,119.674,0.0163
s,3.028050155,119.869,0.0162
s,3.028156612,119.867,0.0162
s,3.028156612,119.867,0.0162
s,3.027927728,119.733,0.0161
s,3.027927728,120.072,0.0161
m,3.027927728,119.632,0.0161
m,3.02782127,119.652,0.0161
m,3.027820837,120.041,0.0162
m,3.027820837,115.827,0.0162
m,3.027820837,116.593,0.0162
m,3.027927294,116.648,0.0162
m,3.027403176,119.753,0.0162
m,3.014537625,114.599,0.0166
m,3.010804563,118.961,0.0167
m,3.008630084,111.915,0.0167
m,3.006566581,115.015,0.0168
m,2.994348041,114.776,0.0171
m,2.990496627,114.652,0.0172
m,2.988455761,110.18,0.0173
m,2.986408481,113.827,0.0173
m,2.984135243,114.101,0.0173
m,2.968392088,113.44,0.0177
m,2.967044719,134.572,0.0176
m,2.965809236,117.898,0.0176
m,2.964805871,114.432,0.0177
m,2.963547239,112.822,0.0178
m,2.951733087,112.848,0.0181
m,2.9500194,113.91,0.0182
m,2.948190345,113.849,0.0183
m,2.946138157,115.38,0.0184
m,2.92892524,110.178,0.0181
m,2.926657745,108.433,0.0179
m,2.924394481,116.892,0.0178
m,2.919992876,117.314,0.0175
m,2.917507525,114.519,0.0174
m,2.903418005,113.225,0.0167
m,2.903418883,114.537,0.0165
m,2.898773281,118.281,0.0164
m,2.896578603,113.821,0.0163
m,2.894390268,122.135,0.0161
m,2.879124541,133.232,0.0153
m,2.87676064,120.726,0.0149
m,2.871599729,125.783,0.0147
m,2.869035571,126.111,0.0145
m,3.026093425,120.573,0.0163
m,3.024507681,119.229,0.0164
m,3.020486544,123.243,0.0164
m,3.018418825,118.211,0.0165
m,3.016476974,115.158,0.0165
m,3.004371765,112.12,0.0168
m,3.002315896,112.716,0.0169
m,3.000263678,116.814,0.017
m,2.996401405,111.887,0.017
m,2.994348041,114.088,0.0171
m,2.979461673,116.422,0.0174
m,2.976962052,116.626,0.0175
m,2.974496173,114.106,0.0176
m,2.972403799,111.901,0.0177
m,2.960743475,115.574,0.0177
m,2.959224306,115.37,0.0177
m,2.956451625,110.9,0.0179
m,2.956451241,111.11,0.018
m,2.953575328,111.606,0.0181
m,2.944088645,115,0.0186
m,2.941810689,113.103,0.0186
m,2.939185324,109.477,0.0185
m,2.934167485,114.112,0.0184
m,2.931544118,118.821,0.0183
m,2.91502838,109.236,0.0172
m,2.912670509,117.109,0.0171
m,2.910203211,122.271,0.0169
m,2.907857625,111.205,0.0168
m,2.892208273,120.167,0.016
m,2.88797173,125.554,0.0159
m,2.885806405,119.604,0.0157
m,2.883764927,119.436,0.0157
m,2.88161583,136.275,0.0155
m,2.869035571,121.693,0.0145
m,2.86429518,117.105,0.0143
m,2.861985577,126.475,0.0143
m,2.859904798,123.08,0.0142
m,2.857936253,125.478,0.0142
m,2.854026244,121.277,0.0141
m,2.852076168,122.95,0.0141
m,2.850019236,122.607,0.0141
m,2.848203741,125.625,0.0141
m,2.846271718,118.777,0.0142
m,2.833821178,119.886,0.0155
m,2.830773694,134.101,0.0157
m,2.830773213,110.945,0.0158
m,2.827973608,121.914,0.0159
m,2.826575598,120.624,0.016
m,2.815963152,119.955,0.0168
m,2.814410264,118.25,0.017
m,2.810981803,139.427,0.0171
m,2.809432847,118.111,0.0172
m,2.799282348,121.155,0.0177
m,2.795682218,122.619,0.0178
m,2.79395592,115.465,0.0179
m,2.792472542,113.25,0.0181
m,2.790867016,112.492,0.0181
m,2.78204043,122.58,0.0186
m,2.779025782,118.009,0.0187
m,2.77742451,120.48,0.0187
m,2.775936647,114.978,0.0188
m,2.774351526,129.969,0.0188
m,2.764281821,111.143,0.0191
m,2.762547375,116.057,0.0191
m,2.760717697,116.262,0.0192
m,2.759135162,115.317,0.0193
m,2.75562699,117.137,0.0194
m,2.746629581,115.047,0.0194
m,2.74298134,117.079,0.0194
m,2.741357827,130.445,0.0194
m,2.739505561,112.759,0.0194
m,2.737900201,114.008,0.0195
m,2.727171732,115.436,0.0196
m,2.725561349,122.643,0.0196
m,2.724097431,119.637,0.0196
m,2.721194163,128.802,0.0196
m,2.842672352,123.169,0.0143
m,2.840769519,121.349,0.0145
m,2.837231642,129.125,0.0149
m,2.835461598,130.602,0.0151
m,2.825072702,118.309,0.0161
m,2.82368591,117.628,0.0163
m,2.820820407,113.278,0.0165
m,2.819231491,116.283,0.0166
m,2.817648982,112.886,0.0167
m,2.807762886,116.225,0.0173
m,2.806117911,119.685,0.0174
m,2.804499048,111.586,0.0175
m,2.80286809,120.065,0.0176
m,2.799282767,115.573,0.0176
m,2.787933639,112.872,0.0183
m,2.786607426,113.454,0.0183
m,2.784920452,121.122,0.0184
m,2.783584024,117.007,0.0184
m,2.772879481,121.779,0.0189
m,2.771205103,114.587,0.019
m,2.769539692,126.161,0.019
m,2.767778184,117.272,0.019
m,2.753835506,122.548,0.0194
m,2.752053203,115.788,0.0195
m,2.750280826,113.81,0.0195
m,2.748382657,116.379,0.0195
m,2.736203411,125.765,0.0195
m,2.734580895,116.293,0.0195
m,2.733104286,122.819,0.0195
m,2.730040013,123.312,0.0195
m,2.728413943,117.786,0.0195
m,2.719516548,112.543,0.0196
m,2.71794551,122.097,0.0197
m,2.716423872,121.991,0.0197
m,2.715009231,118.149,0.0197
m,2.713462654,123.035,0.0197
m,2.710686412,119.814,0.0197
m,2.710686412,118.96,0.0197
m,2.708036829,115.807,0.0197
m,2.706625174,118.154,0.0198
m,2.705027363,120.503,0.0198
m,2.695804829,112.175,0.02
m,2.694457455,112.796,0.02
m,2.692974653,116.724,0.02
m,2.691737575,114.154,0.02
m,2.688952295,120.905,0.0199
m,2.681158976,112.208,0.0201
m,2.678119254,115.863,0.0202
m,2.676680771,113.731,0.0202
m,2.675105023,113.343,0.0203
m,2.673869003,115.814,0.0203
m,2.661647444,111.172,0.0206
m,2.660064763,110.067,0.0206
m,2.658581465,110.525,0.0206
m,2.657016142,116.691,0.0206
m,2.644866872,121.31,0.0208
m,2.643318826,114.834,0.0208
m,2.640511181,111.94,0.0208
m,2.639162541,117.424,0.0208
m,2.637733605,112.808,0.0208
m,2.628007165,122.504,0.0209
m,2.626378085,114.354,0.021
m,2.624672708,117.115,0.021
m,2.623062547,113.654,0.021
m,2.619632122,119.774,0.021
m,2.608454245,119.347,0.0212
m,2.606864644,114.979,0.0213
m,2.605200862,109.515,0.0213
m,2.603628879,119.489,0.0213
m,2.593264752,110.349,0.0214
m,2.591761188,111.839,0.0214
m,2.590265996,112.063,0.0215
m,2.588940856,113.666,0.0215
m,2.586230508,111.703,0.0215
m,2.703579143,118.466,0.0199
m,2.701901261,120.016,0.02
m,2.698907174,115.565,0.02
m,2.697351799,117.848,0.02
m,2.688952295,116.694,0.0199
m,2.686007734,114.938,0.0199
m,2.684380601,125.111,0.02
m,2.682573558,119.564,0.0201
m,2.672402346,118.532,0.0203
m,2.669216176,114.745,0.0203
m,2.667827917,112.591,0.0204
m,2.664601027,109.092,0.0205
m,2.663000843,113.268,0.0205
m,2.655459967,112.301,0.0205
m,2.652463172,112.994,0.0205
m,2.649351993,117.319,0.0205
m,2.647927875,115.533,0.0206
m,2.646274021,114.732,0.0207
m,2.636074363,113.593,0.0208
m,2.634574093,119.935,0.0207
m,2.631314981,116.368,0.0207
m,2.629731892,112.088,0.0208
m,2.619632447,110.729,0.0209
m,2.616476476,125.478,0.021
m,2.614912882,107.561,0.0209
m,2.613288999,110.587,0.0209
m,2.611588984,110.587,0.0211
m,2.601910406,112.728,0.0214
m,2.600355378,118.414,0.0214
m,2.597508307,117.021,0.0214
m,2.596060729,120.306,0.0214
m,2.596060729,110.1,0.0214
m,2.584772752,112.378,0.0215
m,2.58340026,119.619,0.0214
m,2.58227242,113.54,0.0214
m,2.580837032,117.783,0.0214
m,2.578228432,124.577,0.0215
m,2.576897237,116.586,0.0215
m,2.570211851,117.003,0.0217
m,2.568854471,115.282,0.0217
m,2.568854471,125.228,0.0217
m,2.558692936,117.849,0.0219
m,2.557489758,108.767,0.022
m,2.556295442,114.18,0.022
m,2.555034961,112.547,0.0221
m,2.546719023,114.981,0.0224
m,2.545604247,139.543,0.0226
m,2.544425967,115.782,0.0228
m,2.542241721,121.314,0.0227
m,2.541090802,123.843,0.0228
m,2.534802445,115.891,0.023
m,2.533717363,126.187,0.023
m,2.532710753,121.706,0.0231
m,2.531643794,111.282,0.0232
m,2.529607036,129.367,0.0232
m,2.523747488,121.187,0.023
m,2.521791573,131.377,0.023
m,2.520827773,122.779,0.023
m,2.519939501,131.618,0.023
m,2.51460478,115.044,0.0229
m,2.513132336,116.65,0.0228
m,2.512325856,112.015,0.0228
m,2.511528679,113.861,0.0227
m,2.510635458,129.756,0.0227
m,2.505782674,136.341,0.0226
m,2.505004387,122.183,0.0226
m,2.504344467,123.736,0.0225
m,2.503585889,117.841,0.0225
m,2.502776611,120.148,0.0225
m,2.497986945,120.102,0.0227
m,2.497430854,120.929,0.0226
m,2.496825173,119.568,0.0226
m,2.49575606,126.191,0.0227
m,2.566319673,136.55,0.0217
m,2.565224511,116.513,0.0217
m,2.56381877,118.928,0.0217
m,2.562504871,118.418,0.0218
m,2.559980063,115.506,0.0218
m,2.553858038,122.053,0.0221
m,2.551470296,116.154,0.0221
m,2.550173195,109.76,0.0221
m,2.550173195,121.996,0.0221
m,2.547842201,119.624,0.0223
m,2.539949373,120.929,0.0228
m,2.538980211,122.07,0.0229
m,2.537950203,118.398,0.0229
m,2.53589708,116.917,0.0229
m,2.528568098,118.752,0.0232
m,2.528568098,124.732,0.0232
m,2.526751734,120.955,0.0231
m,2.525740833,124.165,0.0231
m,2.524739328,120.74,0.0231
m,2.518994357,129.316,0.023
m,2.518058431,126.556,0.0231
m,2.516280855,125.055,0.023
m,2.515438187,117.18,0.023
m,2.514604519,114.695,0.023
m,2.509210456,113.545,0.0227
m,2.508280085,118.702,0.0226
m,2.507526848,118.043,0.0226
m,2.507013431,119.741,0.0226
m,2.50197727,122.886,0.0226
m,2.500647983,120.219,0.0226
m,2.499996798,127.729,0.0227
m,2.499996798,117.665,0.0227
m,2.49861074,113.704,0.0227
m,2.495120269,121.461,0.0227
m,2.494494993,123.396,0.0227
m,2.493766207,122.816,0.0228
m,2.493391607,123.721,0.023
m,2.492741219,115.625,0.023
m,2.49169915,114.427,0.023
m,2.491306934,117.257,0.0231
m,2.490979954,119.709,0.0231
m,2.490489913,116.034,0.0231
m,2.490181869,123.681,0.0231
m,2.487923307,115.601,0.0232
m,2.487509847,114.452,0.0231
m,2.487161853,111.917,0.0231
m,2.486827646,115.638,0.023
m,2.486676092,117.962,0.023
m,2.484984415,122.928,0.0231
m,2.484498548,120.698,0.0231
m,2.484255865,116.727,0.0231
m,2.484021995,120.511,0.0231
m,2.481616851,122.056,0.0231
m,2.481124982,132.465,0.023
m,2.480893849,123.88,0.023
m,2.480672937,124.39,0.0229
m,2.48063845,124.192,0.0229
m,2.479889995,120.37,0.0224
m,2.479791019,120.134,0.0224
m,2.479836207,116.238,0.0224
m,2.479671636,128.562,0.0223
m,2.479509593,120.057,0.0223
m,2.479478723,118.7,0.0222
m,2.479457372,123.555,0.0222
m,2.479457079,114.839,0.0223
m,2.479382239,120.032,0.0224
m,2.480028257,117.568,0.0224
m,2.480210765,118.508,0.0223
m,2.480364927,119.313,0.0222
m,2.48052764,113.634,0.0222
m,2.480736642,116.058,0.0221
m,2.481906085,113.863,0.0219
m,2.481906394,112.26,0.0218
m,2.482212436,113.553,0.0218
m,2.482381597,122.935,0.0217
m,2.482561313,111.841,0.0216
m,2.489433007,122.722,0.0231
m,2.489433007,125.022,0.0231
m,2.488658628,121.65,0.0232
m,2.488225651,122.036,0.0233
m,2.48653383,116.665,0.0229
m,2.486225969,123.054,0.0229
m,2.486050858,114.2,0.0229
m,2.485404511,122.168,0.023
m,2.484984415,115.864,0.0231
m,2.483876091,119.269,0.023
m,2.48334344,120.879,0.0229
m,2.482829466,116.804,0.0228
m,2.482454339,116.537,0.0228
m,2.482054415,133.907,0.0229
m,2.480482388,131.397,0.0228
m,2.480512684,121.314,0.0227
m,2.480203533,144.122,0.0226
m,2.480203814,132.031,0.0225
m,2.479555152,125.489,0.0222
m,2.479474391,121.742,0.0222
m,2.479403908,122.918,0.0221
m,2.479343108,118.301,0.0221
m,2.479291992,118.355,0.0222
m,2.479327197,115.186,0.0224
m,2.479497914,116.188,0.0224
m,2.479638147,128.063,0.0224
m,2.479868083,119.079,0.0224
m,2.480034064,117.685,0.0223
m,2.480820461,121.661,0.0221
m,2.480820461,109.323,0.0221
m,2.481165433,112.876,0.022
m,2.481427074,111.061,0.022
m,2.482899713,113.357,0.0216
m,2.483036631,118.258,0.0215
m,2.483707844,114.6,0.0214
m,2.484030054,118.745,0.0214
m,2.484365186,121.26,0.0213
m,2.484894013,118.381,0.0213
m,2.485224255,120.451,0.0212
m,2.486012607,120.364,0.0211
m,2.486469082,113.881,0.021
m,2.488945108,116.355,0.0209
m,2.489568269,111.064,0.0209
m,2.489836433,113.281,0.0208
m,2.49011341,114.887,0.0208
m,2.490217043,115.688,0.0208
m,2.492980589,117.786,0.0209
m,2.494127494,119.318,0.0209
m,2.495522937,118.914,0
m,2.495944039,117.546,0.0209
m,2.497537385,116.182,0.0209
m,2.502929377,119.121,0.0209
m,2.504595988,119.242,0.021
m,2.505434787,125.781,0.0211
m,2.506100449,119.513,0.0211
m,2.511397299,112.863,0.0211
m,2.513281567,118.471,0.0212
m,2.514151117,114.632,0.0215
m,2.515962406,116.186,0.0216
m,2.515962093,116.187,0.0217
m,2.522216872,117.717,0.0222
m,2.522963881,124.53,0.0224
m,2.523730651,116.424,0.0226
m,2.52450447,115.608,0.0227
m,2.526371739,109.151,0.0228
m,2.534281724,122.873,0.0236
m,2.535444612,123.065,0.0237
m,2.535444163,115.199,0.0239
m,2.537634071,112.546,0.024
m,2.545996021,118.677,0.0249
m,2.547271432,115.509,0.0249
m,2.548376978,119.927,0.0251
m,2.549502818,112.799,0.0253
m,2.551599138,122.561,0.0254
m,2.486469082,115.682,0.021
m,2.48710883,121.928,0.0209
m,2.487444627,120.035,0.0208
m,2.488174678,115.444,0.0208
m,2.488174678,117.362,0.0208
m,2.490973566,120.675,0.0209
m,2.491420334,118.752,0.0208
m,2.49185243,126.252,0.0208
m,2.492320028,115.907,0.0208
m,2.498387914,123.906,0.0208
m,2.499272379,114.464,0.0208
m,2.500190463,118.941,0.0207
m,2.501140138,119.184,0.0208
m,2.502929723,115.511,0.0208
m,2.506941937,121.478,0.0211
m,2.507776693,126.15,0.021
m,2.509699181,121.871,0.021
m,2.51055068,120.082,0.021
m,2.511397635,115.252,0.021
m,2.517867704,123.944,0.0218
m,2.518872929,119.289,0.022
m,2.519888964,132.251,0.022
m,2.520757343,123.382,0.0221
m,2.527283254,119.327,0.023
m,2.528367676,113.497,0.0231
m,2.529637475,116.489,0.0232
m,2.530919275,127.45,0.0233
m,2.53201784,111.193,0.0235
m,2.538819638,113.828,0.0242
m,2.54000868,107.391,0.0243
m,2.541209129,117.668,0.0246
m,2.543667255,119.032,0.0247
m,2.544730658,111.985,0.0248
m,2.553889337,121.575,0.0257
m,2.555044138,112.505,0.0258
m,2.556208399,111.119,0.0261
m,2.557564362,114.364,0.0262
m,2.5589274,120.374,0.0263
m,2.561686204,118.38,0.0265
m,2.56307963,115.132,0.0266
m,2.564484443,117.29,0.0268
m,2.56589907,119.496,0.027
m,2.576695946,117.351,0.0281
m,2.580102265,125.415,0.0282
m,2.581637656,116.845,0.0283
m,2.581637573,113.626,0.0285
m,2.594265271,119.111,0.0291
m,2.595698096,119.057,0.0291
m,2.597325421,113.268,0.0292
m,2.600427808,116.629,0.0293
m,2.602083193,115.649,0.0293
m,2.61058733,112.966,0.0295
m,2.613877024,114.3,0.0296
m,2.613877024,111.497,0.0296
m,2.61738582,109.789,0.0296
m,2.619163945,119.626,0.0296
m,2.631932365,112.393,0.0298
m,2.634003209,111.156,0.0298
m,2.635901044,109.072,0.0298
m,2.63968484,112.25,0.0298
m,2.650545095,116.428,0.0296
m,2.654459995,116.901,0.0295
m,2.65643211,115.282,0.0294
m,2.658214943,115.124,0.0294
m,2.660191401,120.134,0.0292
m,2.672291032,118.274,0.0289
m,2.674348721,119.204,0.0288
m,2.676617178,120.489,0.0287
m,2.680833837,111.913,0.0285
m,2.680833873,114.385,0.0284
m,2.697509608,122.925,0.0277
m,2.69994338,117.321,0.0276
m,2.702368121,113.32,0.0276
m,2.704824909,115.968,0.0271
m,2.709815036,114.428,0.0269
m,2.567325635,114.881,0.0274
m,2.570400202,116.349,0.0275
m,2.572048746,127.041,0.0277
m,2.573524082,122.33,0.0278
m,2.575196648,121.429,0.028
m,2.585110114,116.845,0.0286
m,2.586672817,116.521,0.0288
m,2.588063078,116.043,0.0289
m,2.589646062,116.806,0.0289
m,2.592656544,114.721,0.029
m,2.603574027,121.458,0.0294
m,2.6052604,117.644,0.0295
m,2.606963428,121.338,0.0295
m,2.608862494,115.804,0.0295
m,2.620944123,114.793,0.0297
m,2.622540478,117.588,0.0298
m,2.626141363,116.873,0.0298
m,2.627981243,119.525,0.0298
m,2.630037712,115.827,0.0298
m,2.641580444,121.191,0.0298
m,2.643473589,111.611,0.0298
m,2.645178775,115.821,0.0298
m,2.646892765,117.808,0.0298
m,2.650545103,123.033,0.0297
m,2.664202587,113.456,0.0292
m,2.66620696,121.62,0.0291
m,2.668220403,114.854,0.0291
m,2.67024292,122.843,0.029
m,2.685532966,112.637,0.0283
m,2.687908965,127.587,0.0282
m,2.690296748,115.331,0.0279
m,2.692696018,119.266,0.0279
m,2.712306516,119.64,0.0267
m,2.714831293,123.758,0.0266
m,2.717368013,122.716,0.0265
m,2.719916878,118.945,0.0262
m,2.725026508,115.249,0.026
m,2.727976384,111.919,0.0259
m,2.733130998,116.578,0.0256
m,2.733131285,119.091,0.0254
m,2.7378903,115.056,0.0253
m,2.752995021,121.156,0.0241
m,2.752995215,116.874,0.024
m,2.75724365,119.224,0.0239
m,2.759290211,115.109,0.0238
m,2.761500634,120.462,0.0235
m,2.77408311,134.912,0.0229
m,2.775987994,125.904,0.0228
m,2.7780829,142.91,0.0227
m,2.782387742,124.666,0.0226
m,2.784448263,125.785,0.0226
m,2.799953871,129.264,0.0219
m,2.802064918,127.764,0.0219
m,2.804186223,122.706,0.0217
m,2.806283667,127.078,0.0216
m,2.821635171,133.699,0.0208
m,2.826174155,132.825,0.0207
m,2.829893651,130.411,0.0204
m,2.832145176,130.805,0.0203
m,2.834009641,131.484,0.0203
m,2.846402248,126.699,0.0195
m,2.848152282,126.697,0.0194
m,2.850090456,129.716,0.0193
m,2.851819888,128.985,0.0191
m,2.855661023,133.617,0.019
m,2.865715013,128.698,0.0182
m,2.868856902,126.895,0.0181
m,2.870548371,133.209,0.018
m,2.872288992,134.853,0.0179
m,2.885383931,131.858,0.0176
m,2.889218641,133.098,0.0175
m,2.890685511,142.876,0.0179
m,2.892519238,132.763,0.0181
m,2.892518468,137.65,0.0183
m,2.740222955,130.292,0.0251
m,2.742381692,118.603,0.025
m,2.744498674,118.224,0.0247
m,2.746649383,124.51,0.0244
m,2.750792688,117.286,0.0243
m,2.763509186,115.539,0.0233
m,2.767605953,122.892,0.0232
m,2.76984885,129.257,0.0231
m,2.771946994,129.88,0.023
m,2.78691299,123.986,0.0225
m,2.788995047,123.898,0.0223
m,2.791300091,118.135,0.0221
m,2.795547763,120.476,0.022
m,2.795548029,124.522,0.0219
m,2.81060743,132.192,0.0214
m,2.81286948,125.308,0.0213
m,2.814962756,118.723,0.0211
m,2.817212454,128.348,0.0211
m,2.819328519,124.314,0.0208
m,2.836063776,131.366,0.02
m,2.838343496,139.256,0.0198
m,2.8425714,123.298,0.0197
m,2.844661456,129.241,0.0196
m,2.857335824,144.766,0.0189
m,2.857336192,129.976,0.0188
m,2.860846296,133.414,0.0187
m,2.862462628,131.631,0.0185
m,2.864084903,141.244,0.0185
m,2.874079453,143.291,0.0178
m,2.876055603,126.17,0.0177
m,2.879761501,127.532,0.0177
m,2.881627508,126.785,0.0176
m,2.88538434,132.649,0.0175
m,2.895909505,132.536,0.0185
m,2.897510266,140.487,0.0187
m,2.899520753,133.184,0.0189
m,2.90136603,137.052,0.0191
m,2.905138575,133.679,0.0191
m,2.906889731,139.576,0.0191
m,2.908875409,138.385,0.0193
m,2.912613086,156.709,0.0194
m,2.914587859,134.636,0.0193
m,2.927279015,142.83,0.0196
m,2.929088431,142.28,0.0195
m,2.930782543,125.009,0.0195
m,2.932711756,137.664,0.0194
m,2.946533834,135.72,0.0189
m,2.948704625,143.89,0.0187
m,2.950713826,139.391,0.0184
m,2.954949067,141.446,0.0183
m,2.957055369,136.724,0.0182
m,2.969454631,130.706,0.0174
m,2.973702469,137.832,0.0173
m,2.975897105,133.196,0.0172
m,2.977872986,138.278,0.0172
m,2.980201843,146.907,0.0171
m,2.995791695,134.8,0.0166
m,2.998082141,139.663,0.0165
m,3.0003827,152.046,0.0163
m,3.00269292,135.275,0.0161
m,3.017841494,135.308,0.0156
m,3.019872921,144.338,0.0155
m,3.022020724,129.29,0.0153
m,3.024052353,137.543,0.0152
m,3.027407863,129.227,0.0152
s,3.030456537,132.798,0.0146
s,3.030394714,132.598,0.0145
s,3.030332903,132.955,0.0144
s,3.030333395,132.859,0.0143
s,3.02997843,132.024,0.0142
s,3.030194125,133.598,0.0136
s,3.030131864,133.068,0.0136
s,3.030132384,133.116,0.0135
s,3.030132384,133.27,0.0135
m,2.916301459,128.302,0.0193
m,2.918201021,139.915,0.0193
m,2.920061296,137.952,0.0195
m,2.921931867,133.726,0.0196
m,2.92560369,137.663,0.0196
m,2.934650452,137.869,0.0194
m,2.938261273,132.055,0.0193
m,2.938261615,127.051,0.0192
m,2.942574222,134.278,0.0191
m,2.944548255,132.775,0.019
m,2.961525434,131.672,0.018
m,2.963434692,140.922,0.0179
m,2.965526441,149.88,0.0177
m,2.967399283,144.227,0.0177
m,2.982368042,141.578,0.0171
m,2.984544394,137.593,0.0169
m,2.986672031,134.358,0.0168
m,2.991240332,137.493,0.0167
m,2.991240755,132.119,0.0166
m,3.004902297,132.263,0.0159
m,3.00717142,140.212,0.0159
m,3.011567711,144.088,0.0158
m,3.0138041,137.609,0.0157
m,3.013804552,133.633,0.0156
m,3.028711871,138.811,0.0151
m,3.029769581,132.488,0.015
m,3.030330016,133.052,0.015
m,3.030455574,132.566,0.0148
s,3.029854375,133.23,0.0141
s,3.02979261,132.404,0.014
s,3.029855892,134.148,0.0138
s,3.030025007,132.792,0.0137
s,3.029962742,133.459,0.0137
s,3.030070653,132.692,0.0134
s,3.030071708,132.662,0.0132
s,3.03007224,133.218,0.0131
s,3.030241387,132.999,0.013
s,3.030241926,132.874,0.0129
s,3.030242468,132.787,0.0128
s,3.03041163,133.11,0.0127
s,3.030411084,133.194,0.0128
s,3.030411084,133.216,0.0128
s,3.030348843,133.159,0.0128
s,3.030562727,133.271,0.0126
s,3.030562179,132.349,0.0127
s,3.030499961,133.194,0.0127
s,3.030605845,133.874,0.0128
s,3.030375003,134.594,0.0128
s,3.030250615,134.451,0.0128
s,3.030250615,133.798,0.0128
s,3.030188428,133.782,0.0128
s,3.030188428,133.824,0.0128
s,3.029707312,132.801,0.0131
s,3.029645161,132.4,0.0131
s,3.029476493,132.593,0.0131
s,3.029477029,132.807,0.013
s,3.029414878,132.972,0.013
s,3.029227399,132.389,0.0132
s,3.029165277,132.81,0.0132
s,3.029165277,132.997,0.0132
s,3.029165277,133.044,0.0132
s,3.029103159,133.474,0.0132
s,3.028978411,133.523,0.0133
s,3.028978411,133.619,0.0133
s,3.028977885,134.004,0.0134
s,3.028977885,133.782,0.0134
s,3.028913204,133.419,0.0139
s,3.028850604,133.205,0.014
s,3.028850604,133.97,0.014
s,3.028850604,134.032,0.014
s,3.028850101,133.247,0.0141
s,3.029018305,133.757,0.0142
s,3.029017808,133.706,0.0143
s,3.028955725,133.589,0.0143
s,3.028955232,133.8,0.0144
s,3.028954742,133.869,0.0145
s,3.030349389,133.938,0.0127
s,3.030456327,133.37,0.0126
s,3.030456327,135.617,0.0126
s,3.030456327,133.086,0.0126
s,3.030374461,133.512,0.0129
s,3.030250073,134.236,0.0129
s,3.030250073,133.789,0.0129
s,3.030250073,134.07,0.0129
s,3.030250073,134.767,0.0129
s,3.030125707,134.032,0.0129
s,3.030063535,134.012,0.0129
s,3.029999762,133.331,0.0132
s,3.029769471,133.209,0.0131
s,3.029768939,131.857,0.0132
s,3.0293522,132.526,0.0131
s,3.029290062,132.821,0.0131
s,3.029290062,132.479,0.0131
s,3.029227399,132.984,0.0132
s,3.029103159,133.523,0.0132
s,3.029041046,133.702,0.0132
s,3.029040516,133.856,0.0133
s,3.029040516,133.514,0.0133
s,3.028978411,133.324,0.0133
s,3.028977362,133.936,0.0135
s,3.028977362,134.142,0.0135
s,3.028977362,133.896,0.0135
s,3.028914226,133.56,0.0137
s,3.028913713,133.938,0.0138
s,3.028850101,133.232,0.0141
s,3.028850101,132.667,0.0141
s,3.029018804,133.564,0.0141
s,3.029018804,133.423,0.0141
s,3.028892178,132.818,0.0146
s,3.028892178,133.413,0.0146
s,3.029059926,133.108,0.0148
s,3.029059926,133.408,0.0148
s,3.028997381,133.09,0.0149
s,3.028997381,133.691,0.0149
s,3.028996907,133.985,0.015
s,3.028996907,132.456,0.015
s,3.028995971,133.005,0.0152
s,3.02893253,133.381,0.0155
s,3.02916331,132.869,0.0155
s,3.029162857,133.178,0.0156
s,3.029100798,133.271,0.0156
s,3.029100798,133.652,0.0156
s,3.029331131,133.448,0.0157
s,3.029331131,133.808,0.0157
s,3.029331131,133.744,0.0157
s,3.029330685,133.725,0.0158
s,3.029330685,133.333,0.0158
s,3.029498519,132.322,0.016
s,3.029667245,133.218,0.016
s,3.029667685,133.516,0.0159
s,3.029729298,132.639,0.016
s,3.029898462,132.816,0.0159
s,3.029898462,133.933,0.0159
s,3.029898462,133.105,0.0159
s,3.030067632,131.444,0.0158
s,3.030129685,134.358,0.0158
s,3.03036136,134.219,0.0156
s,3.03036136,133.634,0.0156
s,3.030423876,133.496,0.0155
s,3.030255159,133.578,0.0155
s,3.030424332,133.906,0.0154
s,3.03042619,133.664,0.015
s,3.030488732,134.064,0.0149
s,3.030489208,133.524,0.0148
s,3.030489208,132.981,0.0148
s,3.030196357,133.547,0.0148
s,3.030303019,132.99,0.0148
s,3.030303499,132.334,0.0147
m,3.030303499,132.713,0.0147
m,3.030303499,133.569,0.0147
s,3.028933909,134.088,0.0152
s,3.029102168,134.175,0.0153
s,3.028933446,133.408,0.0153
s,3.028932986,133.59,0.0154
s,3.028932986,133.942,0.0154
s,3.029100798,133.74,0.0156
s,3.029162857,133.241,0.0156
s,3.029162857,133.063,0.0156
s,3.029162857,133.189,0.0156
s,3.029330685,133.485,0.0158
s,3.029330241,133.541,0.0159
s,3.029498959,133.03,0.0159
s,3.029498959,133.592,0.0159
s,3.029498959,133.816,0.0159
s,3.029729298,132.812,0.016
s,3.029729298,132.617,0.016
s,3.029729738,133.51,0.0159
s,3.029836411,132.863,0.0159
s,3.029898462,132.945,0.0159
s,3.030129685,134.481,0.0158
s,3.030130132,133.729,0.0157
s,3.03019219,134.232,0.0157
s,3.03036091,134.467,0.0157
s,3.030424332,133.446,0.0154
s,3.030424792,133.547,0.0153
s,3.030487323,133.196,0.0152
s,3.030487789,133.935,0.0151
s,3.030425721,133.935,0.0151
s,3.030489687,133.259,0.0147
s,3.030427619,133.38,0.0147
s,3.030427619,133.157,0.0147
s,3.030258902,132.809,0.0147
s,3.030196836,133.158,0.0147
m,3.030303981,140.935,0.0146
m,3.030304468,145.073,0.0145
m,3.030616291,134.844,0.0142
m,3.031113162,134.519,0.0142
m,3.032276712,131.987,0.0142
m,3.033460166,130.149,0.0142
m,3.034770775,133.837,0.0142
m,3.036334056,138.718,0.0143
m,3.03796445,139.132,0.0143
m,3.051179084,136.846,0.0146
m,3.05291078,145.779,0.0147
m,3.054646874,138.255,0.0148
m,3.054646402,137.714,0.0149
m,3.070433622,136.326,0.0157
m,3.072543908,149.197,0.0158
m,3.074493972,157.743,0.0159
m,3.076616046,134.307,0.0161
m,3.078910637,138.492,0.0162
m,3.0931624,137.098,0.017
m,3.095676325,134.732,0.0172
m,3.098130278,137.244,0.0173
m,3.100521724,138.377,0.0178
m,3.102756609,139.442,0.018
m,3.119354928,129.585,0.019
m,3.121880939,135.709,0.0192
m,3.124414268,139.776,0.0194
m,3.126884518,135.934,0.0195
m,3.146801549,136.987,0.0206
m,3.149550753,136.998,0.0207
m,3.152397633,138.576,0.0207
m,3.157789283,136.843,0.0207
m,3.160260772,131.942,0.0209
m,3.171889218,130.49,0.0215
m,3.175155864,135.174,0.0216
m,3.176644241,131.07,0.0216
m,3.178221001,135.687,0.0216
m,3.179948653,136.024,0.0217
m,3.19980285,138.304,0.0218
m,3.204900729,132.569,0.0217
m,3.204900729,136.276,0.0217
m,3.210029745,132.685,0.0216
m,3.041363856,148.144,0.0143
m,3.043069743,138.726,0.0144
m,3.04478007,146.136,0.0145
m,3.046431227,136.172,0.0146
m,3.047919216,127.779,0.0146
m,3.058391168,135.518,0.015
m,3.060400743,149.894,0.0151
m,3.062416073,132.298,0.0152
m,3.064334709,136.821,0.0155
m,3.066361375,135.948,0.0157
m,3.080878314,144.139,0.0165
m,3.085734783,132.512,0.0166
m,3.085733969,142.793,0.0168
m,3.090656024,147.898,0.0169
m,3.107275317,133.36,0.0182
m,3.109626976,136.212,0.0183
m,3.109626625,135.361,0.0184
m,3.114394946,142.106,0.0185
m,3.116836248,132.407,0.0188
m,3.131845616,133.969,0.0197
m,3.136599074,130.447,0.0201
m,3.139031524,138.653,0.0203
m,3.141542519,129.008,0.0204
m,3.14413206,133.943,0.0206
m,3.160260511,128.071,0.021
m,3.165548878,137.319,0.0212
m,3.167981818,138.409,0.0214
m,3.169963669,132.818,0.0215
m,3.181903122,135.497,0.0217
m,3.186421291,133.518,0.0217
m,3.188987054,134.058,0.0218
m,3.194343454,134.709,0.0219
m,3.197229339,143.982,0.022
m,3.212487771,130.74,0.0215
m,3.214792069,138.185,0.0214
m,3.217261051,134.861,0.0212
m,3.219812205,131.095,0.0212
m,3.225242496,134.006,0.0211
m,3.228123294,134.121,0.0209
m,3.231169049,134.704,0.0208
m,3.23116931,132.634,0.0207
m,3.237121965,132.474,0.0205
m,3.240188509,145.923,0.0202
m,3.258665571,137.753,0.0194
m,3.261945065,146.343,0.0192
m,3.265394073,134.29,0.0188
m,3.27215612,144.897,0.0186
m,3.275712586,140.884,0.0183
m,3.297977447,132.016,0.0171
m,3.305562528,134.261,0.0169
m,3.309370535,131.535,0.0167
m,3.312857004,139.935,0.0163
m,3.337334772,151.959,0.0151
m,3.340632651,143.719,0.0149
m,3.344022783,145.517,0.0146
m,3.347504832,142.794,0.0144
m,3.350994579,138.22,0.0142
m,3.371660939,147.011,0.0132
m,3.374964545,151.959,0.0131
m,3.378427407,141.12,0.0129
m,3.38181058,145.696,0.0127
m,3.385200509,136.494,0.0125
m,3.406995801,143.819,0.0124
m,3.409993268,141.009,0.0123
m,3.412906878,145.499,0.0123
m,3.418571388,137.604,0.0122
m,3.437010402,144.023,0.0123
m,3.440204627,139.304,0.0124
m,3.440204627,142.918,0.0124
m,3.446670477,141.451,0.0125
m,3.470290195,154.604,0.0129
m,3.473843085,136.394,0.0131
m,3.477255639,137.884,0.0132
m,3.480638536,151.908,0.0133
m,3.484027455,135.43,0.0133
m,3.243340926,138.468,0.0201
m,3.246264693,129.664,0.0199
m,3.252370042,136.77,0.0198
m,3.255474087,151.589,0.0196
m,3.279514888,143.411,0.0182
m,3.283089614,135.406,0.0181
m,3.286599724,133.592,0.018
m,3.290276747,132.647,0.0175
m,3.297976722,138.189,0.0173
m,3.316017998,142.707,0.0161
m,3.321857604,145.22,0.016
m,3.324786612,142.269,0.0158
m,3.327889173,146.396,0.0156
m,3.33099853,140.906,0.0153
m,3.354491996,144.523,0.014
m,3.35799798,139.842,0.0136
m,3.364771804,147.57,0.0135
m,3.36477227,139.578,0.0134
m,3.391649292,149.858,0.0125
m,3.394707786,145.488,0.0125
m,3.397859757,136.366,0.0124
m,3.397859757,137.869,0.0124
m,3.403915428,144.533,0.0125
m,3.421321222,136.239,0.0122
m,3.424075665,142.204,0.0121
m,3.426595496,147.6,0.0121
m,3.429417047,143.066,0.0122
m,3.431736618,141.245,0.0122
m,3.450001431,136.852,0.0126
m,3.453338582,149.72,0.0126
m,3.456590536,135.271,0.0127
m,3.46338323,138.748,0.0128
m,3.466833974,145.904,0.0128
m,3.48733011,150.117,0.0133
m,3.490638006,135.583,0.0133
m,3.49708497,140.966,0.0133
m,3.500315827,136.054,0.0133
m,3.503644104,132.705,0.0133
m,3.506977102,149.933,0.0134
m,3.513327588,144.479,0.0135
m,3.516489686,135.746,0.0136
m,3.519563133,140.317,0.0137
m,3.538897164,135.012,0.014
m,3.545675812,142.571,0.014
m,3.549072623,136.516,0.014
m,3.552379424,135.726,0.0141
m,3.575565293,141.832,0.0143
m,3.578863674,136.245,0.0143
m,3.582262983,138.889,0.0143
m,3.589027965,140.06,0.0143
m,3.608463544,138.522,0.0147
m,3.614861801,137.532,0.0147
m,3.617969284,146.338,0.0148
m,3.621275463,135.096,0.0148
m,3.621275073,137.17,0.0149
m,3.643706537,131.817,0.0153
m,3.646986374,132.825,0.0154
m,3.65012991,144.318,0.0154
m,3.653416624,135.055,0.0155
m,3.656707071,132.75,0.0155
m,3.679514465,136.92,0.0159
m,3.682593339,133.462,0.016
m,3.685714803,143.181,0.0161
m,3.691888949,153.284,0.0162
m,3.71169428,133.44,0.0164
m,3.718691067,128.707,0.0164
m,3.718690731,131.881,0.0165
m,3.725539295,138.865,0.0166
m,3.728868229,136.831,0.0167
m,3.750207066,145.093,0.017
m,3.757327568,138.366,0.0172
m,3.760758081,141.771,0.0172
m,3.764226608,132.013,0.0172
m,3.767834611,140.655,0.0172
m,3.522827562,139.366,0.0138
m,3.526003742,134.381,0.0138
m,3.529328441,136.26,0.014
m,3.53551493,140.125,0.0141
m,3.538897164,139.204,0.014
m,3.555786026,132.746,0.0141
m,3.56261363,140.946,0.0142
m,3.566035021,140.504,0.0142
m,3.56922284,136.177,0.0142
m,3.572367433,133.687,0.0143
m,3.589027557,134.544,0.0144
m,3.595665413,135.554,0.0144
m,3.598800304,135.291,0.0145
m,3.601985387,139.273,0.0145
m,3.605174462,136.354,0.0145
m,3.628040395,140.953,0.015
m,3.631499261,142.309,0.0151
m,3.634472789,140.12,0.0153
m,3.637547726,150.856,0.0153
m,3.660000509,140.039,0.0156
m,3.666498949,135.079,0.0157
m,3.669802297,144.566,0.0158
m,3.66980194,132.283,0.0159
m,3.676438545,139.402,0.0159
m,3.695219339,143.756,0.0162
m,3.698414672,138.234,0.0162
m,3.701713497,132.452,0.0162
m,3.705015667,139.975,0.0163
m,3.70828383,131.798,0.0164
m,3.732200773,133.743,0.0168
m,3.735876468,135.745,0.0168
m,3.739656893,153.641,0.0169
m,3.746789,132.686,0.017
m,3.77120785,134.108,0.0173
m,3.774482193,135.907,0.0174
m,3.77789551,142.149,0.0174
m,3.784450963,133.441,0
m,3.787439492,131.215,0.0176
m,3.787439492,138.12,0.0176
m,3.794126675,134.776,0.0176
m,3.797598277,138.14,0.0176
m,3.801208539,132.302,0.0176
m,3.825120531,146.344,0.0174
m,3.828215992,141.963,0.0174
m,3.83134388,142.854,0.0173
m,3.834682992,144.423,0.0173
m,3.838129704,138.061,0.0173
m,3.858143593,136.504,0.0172
m,3.861165069,139.802,0.0171
m,3.864188835,152.473,0.0172
m,3.867109849,134.385,0.0174
m,3.873041014,144.07,0.0172
m,3.891852452,137.327,0.0173
m,3.895327831,146.492,0.0175
m,3.896877022,142.125,0.0175
m,3.89782659,141.048,0.0176
m,3.895866707,138.942,0.017
m,3.894062404,140.952,0.0169
m,3.891919484,139.259,0.0165
m,3.889220124,136.083,0.0163
m,3.88283918,137.932,0.0162
m,3.862193066,133.563,0.0154
m,3.853530618,139.815,0.0152
m,3.850711532,140.943,0.0152
m,3.849203123,134.04,0.0152
m,3.84862077,143.204,0.0154
m,3.834592144,135.147,0.0153
m,3.830599335,139.562,0.0152
m,3.826538224,149.59,0.015
m,3.822625681,135.956,0.0149
m,3.802275458,142.038,0.014
m,3.800963797,142.037,0.014
m,3.800017695,140.098,0.014
m,3.800017695,142.105,0.014
m,3.801078009,152.068,0.0139
m,3.804791218,132.108,0.0177
m,3.810885075,140.171,0.0177
m,3.813530393,133.039,0.0177
m,3.816180142,133.521,0.0177
m,3.818968649,148.295,0.0175
m,3.84157971,132.435,0.0173
m,3.84841268,135.6,0.0173
m,3.851767317,140.535,0.0173
m,3.851767618,138.885,0.0172
m,3.875918902,139.5,0.0172
m,3.878906051,145.254,0.0172
m,3.881871366,141.696,0.0172
m,3.884497099,140.609,0.0174
m,3.889606276,144.152,0.0173
m,3.898544846,149.156,0.0176
m,3.898794634,144.365,0.0176
m,3.898577923,136.944,0.0176
m,3.898134536,136.729,0.0175
m,3.897223569,138.872,0.0173
m,3.882839506,136.534,0.0161
m,3.87530083,135.407,0.0159
m,3.871249483,147.248,0.0157
m,3.866874003,137.179,0.0155
m,3.848275315,137.935,0.0155
m,3.847693321,139.93,0.0156
m,3.846421469,149.371,0.0156
m,3.841877214,145.122,0.0155
m,3.841877563,139.042,0.0154
m,3.815270255,134.832,0.0147
m,3.811937556,137.124,0.0146
m,3.80910204,146.959,0.0145
m,3.80650735,136.814,0.0143
m,3.804195103,140.93,0.0142
m,3.802358717,142.423,0.0139
m,3.80396627,139.945,0.0137
m,3.806134646,141.627,0.0138
m,3.808651457,138.078,0.0138
m,3.814180266,135.614,0.0138
m,3.81697794,141.328,0.0138
m,3.820121662,141.909,0.0138
m,3.823398729,139.015,0.0139
m,3.826966866,144.578,0.0139
m,3.854002007,147.806,0.0142
m,3.858048738,140.098,0.0142
m,3.86209835,146.708,0.0143
m,3.870074987,143.93,0.0144
m,3.894641175,154.314,0.0141
m,3.898484322,158.861,0.0141
m,3.902433402,156.894,0.0144
m,3.919055275,155.704,0.0148
m,3.923320881,146.196,0.0148
m,3.946286445,150.76,0.0148
m,3.949933664,143.437,0.0147
m,3.953686125,146.347,0.0147
m,3.957474517,145.917,0.0146
m,3.964518209,154.936,0.0145
m,3.980813148,146.527,0.0146
m,3.984078745,150.849,0.0147
m,3.991400817,142.013,0.0147
m,3.991400817,148,0.0147
m,3.998870144,145.937,0.0147
m,4.025120652,149.523,0.0151
m,4.028965746,139.389,0.0152
m,4.032951352,156.108,0.0153
m,4.036802897,143.53,0.0153
s,4.046984245,141.87,0.0152
s,4.046846719,140.838,0.0151
s,4.046608546,141.058,0.0151
s,4.046608546,140.257,0.0151
s,4.046608546,140.547,0.0151
s,4.046032909,141.719,0.0148
s,4.046032909,141.916,0.0148
s,4.045932946,141.189,0.0147
s,4.045932946,141.842,0.0147
s,4.045933294,141.458,0.0146
m,3.830801545,147.581,0.0139
m,3.838535397,151.626,0.014
m,3.838535397,135.852,0.014
m,3.846103257,141.897,0.014
m,3.849932089,145.735,0.0141
m,3.874790432,139.418,0.0145
m,3.878386362,143.33,0.0146
m,3.8783871,148.047,0.0144
m,3.886326599,143.672,0.0142
m,3.890430205,150.156,0.0141
m,3.931387856,146.597,0.0148
m,3.935260635,146.841,0.0148
m,3.938898643,149.226,0.0148
m,3.942642556,146.273,0.0148
m,3.967908305,147.375,0.0145
m,3.971165158,148.911,0.0145
m,3.97442432,142.358,0.0145
m,3.977549841,147.402,0.0145
m,4.002593181,151.877,0.0148
m,4.006522412,147.837,0.0148
m,4.010114899,148.027,0.0149
m,4.017475241,149.529,0.015
m,4.021278579,149.971,0.015
m,4.040582919,138.541,0.0153
m,4.045705798,142.727,0.0153
m,4.045706131,141.541,0.0152
m,4.047222419,141.405,0.0152
s,4.047084891,141.06,0.0151
s,4.046608546,141.358,0.0151
s,4.046370711,141.679,0.015
s,4.046270741,141.624,0.0149
s,4.046132878,142.355,0.0149
s,4.045933294,141.019,0.0146
s,4.045933644,141.756,0.0145
s,4.045796133,141.518,0.0144
s,4.045796133,141.986,0.0144
s,4.045696179,141.265,0.0143
s,4.045696179,141.354,0.0143
s,4.045558315,142.078,0.0143
s,4.045558673,141.878,0.0142
s,4.045558673,141.368,0.0142
s,4.045596591,140.48,0.0141
s,4.045459085,141.13,0.014
s,4.045459085,141.076,0.014
s,4.045358781,141.695,0.014
s,4.045358781,141.812,0.014
s,4.045258478,142.332,0.014
s,4.045258478,140.936,0.014
s,4.045120607,141.711,0.014
s,4.045120607,141.592,0.014
s,4.045120607,142.12,0.014
s,4.044982376,140.379,0.0141
s,4.044982376,142.08,0.0141
s,4.044882069,141.834,0.0141
s,4.045019581,142.183,0.0142
s,4.045019581,141.228,0.0142
s,4.045019581,141.046,0.0142
s,4.045019581,141.064,0.0142
s,4.045019581,140.888,0.0142
s,4.045019581,140.816,0.0142
s,4.045157098,142.443,0.0143
s,4.045157098,141.729,0.0143
s,4.045157098,142.122,0.0143
s,4.045257398,141.218,0.0143
s,4.0453577,141.51,0.0143
s,4.045495928,143.266,0.0142
s,4.045495928,145.168,0.0142
s,4.045495928,139.325,0.0142
s,4.045496288,142.14,0.0141
s,4.04545945,142.049,0.0139
s,4.04545945,140.923,0.0139
s,4.04545945,141.564,0.0139
s,4.04545945,141.011,0.0139
s,4.04545945,141.385,0.0139
s,4.045558673,141.578,0.0142
s,4.045696536,140.797,0.0142
s,4.045696536,140.863,0.0142
s,4.045596591,141.272,0.0141
s,4.045596591,141.968,0.0141
s,4.045358781,141.758,0.014
s,4.045258116,142.629,0.0141
s,4.045258116,142.281,0.0141
s,4.045258478,141.893,0.014
s,4.045120607,140.818,0.014
s,4.044982739,142.485,0.014
s,4.044882432,141.805,0.014
s,4.044882069,140.836,0.0141
s,4.044982376,141.137,0.0141
s,4.045019581,142.242,0.0142
s,4.045019581,141.832,0.0142
s,4.045019581,141.113,0.0142
s,4.045019581,141.43,0.0142
s,4.045019581,140.978,0.0142
s,4.045157455,141.373,0.0142
s,4.045157455,141.737,0.0142
s,4.045157098,142.105,0.0143
s,4.045157098,142.143,0.0143
s,4.0453577,141.998,0.0143
s,4.045358058,141.737,0.0142
s,4.045358058,141.936,0.0142
s,4.045495928,142.06,0.0142
s,4.045495928,141.683,0.0142
s,4.045596591,142.327,0.0141
s,4.045596591,143.54,0.0141
s,4.045596954,141.735,0.014
s,4.045459085,141.596,0.014
s,4.045459085,142.109,0.014
s,4.04545945,141.369,0.0139
s,4.045459817,141.678,0.0138
s,4.045459817,141.33,0.0138
s,4.045459817,140.683,0.0138
s,4.045459817,140.769,0.0138
s,4.045359513,140.244,0.0138
s,4.045359513,142,0.0138
s,4.045359883,140.803,0.0137
s,4.045359883,141.873,0.0137
s,4.045259581,142.595,0.0137
s,4.045259581,142.539,0.0137
s,4.04515928,142.556,0.0137
s,4.045159653,142.395,0.0136
s,4.045059357,141.977,0.0136
s,4.044959063,142.05,0.0136
s,4.044959063,141.703,0.0136
s,4.044959063,142.729,0.0136
s,4.044959063,143.508,0.0136
s,4.045096576,142.36,0.0137
s,4.044996289,142.36,0.0137
s,4.044996289,141.906,0.0137
s,4.044996289,142.002,0.0137
s,4.045033901,141.485,0.0137
s,4.04513381,141.833,0.0138
s,4.045271707,141.654,0.0138
s,4.045271707,141.099,0.0138
s,4.045271707,141.784,0.0138
s,4.045609795,141.569,0.0139
s,4.04560943,142.935,0.014
s,4.045709712,141.408,0.014
s,4.045709712,141.237,0.014
s,4.045710077,142.007,0.0139
s,4.045809636,144.682,0.0141
s,4.045809636,141.825,0.0141
s,4.045809636,143.056,0.0141
s,4.045809636,142.899,0.0141
s,4.045809636,142.593,0.0141
s,4.045947525,143.647,0.0141
s,4.046047811,143.663,0.0141
s,4.046047811,142.791,0.0141
m,4.046047811,143.476,0.0141
s,4.045359883,141.751,0.0137
s,4.045259581,141.8,0.0137
s,4.045259581,140.794,0.0137
s,4.045259581,142.184,0.0137
s,4.045259581,142.48,0.0137
s,4.045159653,141.416,0.0136
s,4.045197237,141.444,0.0136
s,4.045197237,141.155,0.0136
s,4.045197237,141.513,0.0136
s,4.045197237,141.566,0.0136
s,4.044959063,142.417,0.0136
s,4.044959063,142.224,0.0136
s,4.044959063,143.138,0.0136
s,4.044959063,142.536,0.0136
s,4.045033901,140.487,0.0137
s,4.045033532,141.444,0.0138
s,4.04513381,141.354,0.0138
s,4.04513381,141.547,0.0138
s,4.04513381,141.851,0.0138
s,4.045509882,142.469,0.0138
s,4.045509514,142.74,0.0139
s,4.045509514,142.731,0.0139
s,4.045509514,142.474,0.0139
s,4.045509514,142.555,0.0139
s,4.045709712,141.846,0.014
s,4.045709712,141.132,0.014
s,4.045809636,142.244,0.0141
s,4.045809636,143.821,0.0141
s,4.045809636,142.454,0.0141
s,4.045809636,142.685,0.0141
s,4.045809636,142.588,0.0141
s,4.045947525,142.056,0.0141
s,4.045947525,143.415,0.0141
m,4.046047811,143.26,0.0141
m,4.046148099,150.549,0.0141
m,4.046147739,139.22,0.0142
m,4.046147739,139.149,0.0142
m,4.047764958,144.815,0.0142
m,4.049733668,144.624,0.0143
m,4.052393599,140.472,0.0144
m,4.055193324,145.067,0.0145
m,4.05771841,142.91,0.0146
m,4.05986848,145.861,0.0147
m,4.078772142,151.599,0.015
m,4.081785676,141.684,0.0151
m,4.084979122,139.268,0.0152
m,4.088213578,154.209,0.0155
m,4.091689576,147.15,0.0155
m,4.119339289,138.495,0.0161
m,4.119338985,150.195,0.0162
m,4.12717371,140.189,0.0163
m,4.131375654,139.091,0.0163
m,4.161256206,137.555,0.0168
m,4.161256206,137.386,0.0168
m,4.169290666,136.846,0.0169
m,4.172959378,142.14,0.0169
m,4.176630143,135.99,0.017
m,4.200116188,141.606,0.0172
m,4.200116188,133.123,0.0172
m,4.207824828,136.62,0.0173
m,4.211614352,142.249,0.0174
m,4.215309707,136.187,0.0175
m,4.241955836,143.977,0.0176
m,4.245669832,135.194,0.0176
m,4.253390335,135.931,0.0177
m,4.257540596,151.002,0.0177
m,4.286819245,140.607,0.0179
m,4.290609498,140.043,0.018
m,4.294163757,138.216,0.0181
m,4.297959228,144.653,0.0181
m,4.326187454,139.573,0.0186
m,4.330437823,146.195,0.0187
m,4.334639965,141.163,0.0187
m,4.338605767,150.463,0.0189
m,4.342667732,144.956,0.019
m,4.062119743,140.064,0.0148
m,4.068371711,144.051,0.0148
m,4.06837137,154.299,0.0149
m,4.075482437,143.646,0.015
m,4.098369582,143.16,0.0156
m,4.101752983,145.656,0.0157
m,4.101752668,141.769,0.0158
m,4.108486358,134.59,0.0159
m,4.112074292,137.382,0.016
m,4.135580505,141.335,0.0164
m,4.139788846,134.854,0.0164
m,4.144238158,135.126,0.0166
m,4.152670443,135.769,0.0167
m,4.157031933,140.013,0.0168
m,4.180162193,134.172,0.017
m,4.187984851,134.512,0.017
m,4.192090092,139.808,0.0171
m,4.196101753,138.619,0.0171
m,4.219149863,146.031,0.0175
m,4.226552577,133.837,0.0175
m,4.230399579,138.328,0.0176
m,4.234391884,141.353,0.0176
m,4.238244063,152.614,0.0176
m,4.257540596,154.127,0.0177
m,4.266040886,142.059,0.0177
m,4.270247775,136.752,0.0178
m,4.274458014,138.931,0.0178
m,4.278671337,143.467,0.0178
m,4.301662649,147.831,0.0182
m,4.305607207,143.231,0.0183
m,4.309554408,146.555,0.0184
m,4.317601513,141.262,0.0185
m,4.317601282,141.003,0.0186
m,4.350363207,142.946,0.0191
m,4.354286941,140.044,0.0191
m,4.35782876,142.199,0.0192
m,4.361465573,142.819,0.0193
m,4.364958893,149.848,0.0193
m,4.368360733,142.604,0.0195
m,4.37185759,142.453,0.0195
m,4.375740442,137.434,0.0195
m,4.38352622,150.884,0.0195
m,4.408677373,148.869,0.0198
m,4.416976619,137.248,0.0199
m,4.416976619,141.713,0.0199
m,4.425523054,140.787,0.02
m,4.453536372,148.58,0.0203
m,4.457458678,150.371,0.0204
m,4.461530397,140.186,0.0204
m,4.46545647,139.437,0.0204
m,4.469531727,135.99,0.0205
m,4.495980248,139.618,0.021
m,4.500513951,150.394,0.021
m,4.504695194,137.601,0.0211
m,4.508788272,137.047,0.0211
m,4.517366519,146.638,0.0212
m,4.543741473,148.359,0.0219
m,4.553184844,138.125,0.0219
m,4.557984286,148.754,0.0219
m,4.562696879,139.224,0.0219
m,4.590449933,151.706,0.0225
m,4.599697831,141.745,0.0226
m,4.604219137,147.126,0.0227
m,4.608892221,135.342,0.0228
m,4.613479255,149.279,0.0228
m,4.637135841,149.854,0.0232
m,4.64632175,150.362,0.0232
m,4.650797834,144.483,0.0233
m,4.655299802,142.814,0.0235
m,4.659477489,137.924,0.0236
m,4.691924857,144.043,0.0239
m,4.696481212,136.541,0.0239
m,4.700952453,134.054,0.024
m,4.705209703,133.988,0.0241
m,4.387468478,137.414,0.0196
m,4.39155924,150.768,0.0196
m,4.395706328,150.419,0.0196
m,4.399948198,138.638,0.0196
m,4.404338738,139.62,0.0197
m,4.429487785,150.269,0.02
m,4.433545876,140.394,0.0201
m,4.43751453,145.168,0.0202
m,4.445549687,144.154,0.0202
m,4.44946839,139.179,0.0203
m,4.477688258,159.802,0.0205
m,4.477687909,141.986,0.0207
m,4.486829685,140.603,0.0208
m,4.491358681,145.147,0.0209
m,4.521793096,136.936,0.0213
m,4.52179294,145.836,0.0214
m,4.530233664,150.544,0.0215
m,4.534635116,137.643,0.0215
m,4.539187167,147.431,0.0217
m,4.567500665,138.328,0.022
m,4.571979538,137.975,0.0221
m,4.576638511,140.714,0.0221
m,4.581210527,135.779,0.0223
m,4.590450061,135.998,0.0224
m,4.618244573,140.788,0.0228
m,4.623011472,142.624,0.023
m,4.632576602,148.736,0.023
m,4.637135952,142.523,0.0231
m,4.667511422,145.989,0.0237
m,4.671455059,157.372,0.0237
m,4.675399977,141.714,0.0237
m,4.683357454,137.056,0.0238
m,4.687608274,143.609,0.0239
m,4.709143931,134.141,0.0241
m,4.716584416,147.572,0.0241
m,4.72015504,139.995,0.0241
m,4.72015504,145.1,0.0241
m,4.726931138,140.032,0.0242
m,4.730201591,146.165,0.0243
m,4.733407593,140.785,0.0243
m,4.736441841,149.882,0.0245
m,4.74290326,142.609,0.0245
m,4.746482166,145.273,0.0246
m,4.767104697,146.941,0.0248
m,4.770843127,142.38,0.0248
m,4.770843056,142.512,0.0249
m,4.778695108,151.766,0.0249
m,4.782504332,144.676,0.025
m,4.810194764,145.656,0.0253
m,4.814252818,148.172,0.0254
m,4.818397097,152.457,0.0255
m,4.822389698,142.376,0.0256
m,4.849404567,147.947,0.026
m,4.853782457,145.785,0.0261
m,4.862013247,144.182,0.0262
m,4.865781475,140.198,0.0263
m,4.869550854,142.495,0.0264
m,4.890471763,143.019,0.0267
m,4.898854567,143.498,0.0268
m,4.903013244,146.609,0.0268
m,4.906948646,145.269,0.0268
m,4.910801935,150.641,0.0269
m,4.935837705,153.687,0.0273
m,4.939165188,156.574,0.0273
m,4.942493498,154.708,0.0273
m,4.945822622,147.777,0.0274
m,4.971318343,156.737,0.0277
m,4.974891891,157.288,0.0277
m,4.978466232,151.799,0.0277
m,4.982041361,155.935,0.0277
m,4.989887555,158.942,0.0277
m,5.007931043,159.957,0.0279
m,5.010964891,160.85,0.0279
m,5.012911459,159.663,0.0279
m,5.013688539,156.648,0.0278
s,5.01392572,159.592,0.0277
m,4.750148138,144.319,0.0247
m,4.753577329,137.651,0.0247
m,4.756941332,141.1,0.0247
m,4.760220382,157.434,0.0247
m,4.786400284,140.751,0.0252
m,4.790145174,135.432,0.0252
m,4.798096416,146.505,0.0252
m,4.801997743,151.177,0.0252
m,4.806053103,143.2,0.0252
m,4.826145767,145.5,0.0257
m,4.829903015,156.87,0.0258
m,4.837267934,142.573,0.0259
m,4.840875497,147.142,0.0259
m,4.844943844,140.182,0.026
m,4.869550854,147.497,0.0264
m,4.877707844,152.534,0.0265
m,4.881858295,150.4,0.0266
m,4.886317971,154.855,0.0267
m,4.914431397,153.291,0.027
m,4.918216157,150.129,0.027
m,4.925325943,160.72,0.0271
m,4.928722055,149.711,0.0272
m,4.928722055,155.35,0.0272
m,4.949224531,160.765,0.0274
m,4.956423491,153.11,0.0274
m,4.960148333,156.148,0.0275
m,4.963791588,161.276,0.0275
m,4.963791578,147.896,0.0276
m,4.993775658,158.56,0.0278
m,4.997427493,159.004,0.0278
m,5.001080297,151.805,0.0279
m,5.004660635,156.827,0.0279
s,5.013770302,162.524,0.0277
s,5.013852063,158.647,0.0277
s,5.013852063,159.721,0.0277
s,5.013696649,158.275,0.0277
s,5.013696649,159.747,0.0277
s,5.013541245,160.193,0.0276
s,5.013541245,161.254,0.0276
s,5.013541245,161.008,0.0276
s,5.013385835,160.605,0.0276
s,5.013467607,159.603,0.0276
s,5.013467607,158.312,0.0276
s,5.013467607,156.683,0.0276
s,5.013549382,160.061,0.0276
s,5.013549382,158.656,0.0276
s,5.013557543,158.416,0.0276
s,5.013557543,162.048,0.0276
s,5.013557543,157.597,0.0276
s,5.013557535,159.25,0.0277
s,5.013557535,155.28,0.0277
s,5.013483928,161.074,0.0277
s,5.013483928,158.817,0.0277
s,5.013483928,161.378,0.0277
s,5.013483928,157.85,0.0277
s,5.013500376,157.919,0.0275
s,5.013500376,155.569,0.0275
s,5.013582187,157.586,0.0275
s,5.013426812,156.803,0.0275
s,5.013426823,159.717,0.0274
s,5.013672295,156.171,0.0273
s,5.013516932,160.049,0.0273
s,5.013516932,158.268,0.0273
s,5.013516932,160.161,0.0273
s,5.013516932,155.442,0.0273
s,5.013680643,156.737,0.027
s,5.013762499,158.515,0.0269
s,5.013762522,158.944,0.0268
s,5.013844359,157.196,0.0268
s,5.014008192,156.521,0.0263
s,5.014090039,156.834,0.0263
s,5.014090075,157.738,0.0262
s,5.014090112,157.148,0.0261
s,5.014090112,161.569,0.0261
s,5.013385835,155.489,0.0276
s,5.013385835,158.402,0.0276
s,5.013385835,159.867,0.0276
s,5.013385835,158.508,0.0276
s,5.013467607,156.148,0.0276
s,5.013393979,156.867,0.0276
s,5.013393988,159.006,0.0275
s,5.013475759,159.409,0.0276
s,5.013475759,155.21,0.0276
s,5.013557535,159.556,0.0277
s,5.013557535,158.136,0.0277
s,5.013557535,160.193,0.0277
s,5.013483928,157.737,0.0277
s,5.013483928,160.054,0.0277
s,5.013565721,160.457,0.0277
s,5.013565729,156.889,0.0276
s,5.01357394,159.541,0.0276
s,5.01357394,157.564,0.0276
s,5.013655755,154.896,0.0275
s,5.013426823,158.46,0.0274
s,5.01350864,158.429,0.0274
s,5.013590473,157.986,0.0273
s,5.013590473,155.858,0.0273
s,5.013516932,156.516,0.0273
s,5.013516932,155.45,0.0273
s,5.013598774,156.56,0.0272
s,5.013598791,155.422,0.0271
s,5.01359881,157.654,0.027
s,5.013844385,159.511,0.0267
s,5.013844385,158.515,0.0267
s,5.013926253,159.054,0.0266
s,5.013926282,158.56,0.0265
s,5.014008159,157.073,0.0264
s,5.014253854,157.431,0.026
s,5.014253854,161.528,0.026
s,5.014335753,158.765,0.0259
s,5.014335753,158.041,0.0259
s,5.014417613,160.556,0.0259
s,5.014499475,159.906,0.0259
s,5.014499519,157.869,0.0258
s,5.014499519,158.329,0.0258
s,5.014499519,156.377,0.0258
s,5.014508019,156.821,0.0256
s,5.014508019,157.986,0.0256
s,5.014589894,156.234,0.0256
s,5.014589944,156.681,0.0255
s,5.014598546,158.424,0.0252
s,5.014598491,155.308,0.0253
s,5.014680433,159.413,0.0252
s,5.014680433,157.314,0.0252
s,5.014680433,158.331,0.0252
s,5.01460707,158.574,0.0251
s,5.01460707,156.661,0.0251
s,5.01460707,160.022,0.0251
s,5.014688964,156.023,0.0251
s,5.014766426,157.048,0
s,5.014688964,155.829,0.0251
s,5.014688907,155.572,0.0252
s,5.014607012,154.973,0.0252
s,5.014525064,154.645,0.0253
s,5.013960123,158.844,0.0257
s,5.013878202,154.733,0.0258
s,5.013878117,154.982,0.026
s,5.013796205,155.88,0.0261
s,5.013714298,154.007,0.0262
s,5.013705835,155.781,0.0264
s,5.013787696,158.516,0.0264
s,5.013787696,155.723,0.0264
s,5.013869593,155.805,0.0263
s,5.013869593,156.309,0.0263
s,5.014197193,156.401,0.026
s,5.014197193,157.462,0.026
s,5.014279073,154.619,0.026
s,5.014279115,153.874,0.0259
s,5.01458143,158.312,0.0257
s,5.01458143,158.177,0.0257
s,5.01458143,158.454,0.0257
s,5.014581478,157.583,0.0256
s,5.014508019,158.795,0.0256
s,5.014589944,157.98,0.0255
s,5.014589944,157.499,0.0255
s,5.014671822,158.942,0.0255
s,5.014516607,157.247,0.0253
s,5.014598491,157.117,0.0253
s,5.014680433,157.659,0.0252
s,5.014680433,156.748,0.0252
s,5.01452512,155.898,0.0252
s,5.014762379,159.206,0.0251
s,5.014689024,154.587,0.025
s,5.014688964,154.885,0.0251
s,5.014688964,156.053,0.0251
s,5.014688964,155.32,0.0251
s,5.014688964,154.969,0.0251
s,5.014443174,158.911,0.0253
s,5.01444312,154.859,0.0254
s,5.014201672,156.463,0
s,5.014042049,158.598,0.0256
s,5.014042002,156.342,0.0257
s,5.013787729,154.005,0.0263
s,5.013705868,160.019,0.0263
s,5.013623978,154.996,0.0264
s,5.013705835,158.805,0.0264
s,5.01395146,160.83,0.0263
s,5.014188659,160.338,0.0263
s,5.014188659,157.307,0.0263
s,5.014270566,156.342,0.0262
s,5.014115278,155.94,0.0261
s,5.014279115,157.16,0.0259
s,5.014360999,159.486,0.0259
s,5.014360999,159.827,0.0259
s,5.014360999,159.972,0.0259
s,5.014442927,157.389,0.0258
s,5.014442927,158.336,0.0258
s,5.014442927,159.765,0.0258
s,5.014442972,158.781,0.0257
s,5.014524863,159.073,0.0257
s,5.01452491,160.578,0.0256
s,5.014844056,158.048,0.0255
s,5.014844107,158.442,0.0254
s,5.014844107,157.628,0.0254
s,5.015081363,155.392,0.0253
m,5.015081419,157.035,0.0252
m,5.017575051,154.425,0.0251
m,5.017574994,159.612,0.0252
m,5.021998742,160.522,0.0252
m,5.024485326,156.312,0.0252
m,5.043402626,160.712,0.0255
m,5.046753182,159.681,0.0256
m,5.050104568,158.627,0.0256
m,5.05345683,159.683,0.0254
m,5.060170128,158.767,0.0253
m,5.075626115,155.302,0.0257
m,5.078746738,154.809,0.0261
m,5.082099482,156.173,0.0265
m,5.089352391,156.58,0.0267
m,5.093021144,155.393,0.0269
m,5.11568607,159.183,0.028
m,5.12296614,155.092,0.0282
m,5.126646144,160.981,0.0285
m,5.130564196,156.935,0.0287
m,5.157399995,159.908,0.0295
m,5.161249495,160.584,0.0296
m,5.165099997,156.759,0.0298
m,5.169030947,153.235,0.0299
m,5.173197774,158.968,0.0301
m,5.195465859,157.711,0.0306
m,5.198852224,160.03,0.0306
m,5.202317854,156.949,0.0307
m,5.205863305,154.88,0.0307
m,5.209251972,155.565,0.0308
s,5.014606803,159.429,0.0256
s,5.014762113,159.071,0.0256
s,5.014762113,158.101,0.0256
s,5.014844056,157.083,0.0255
m,5.015163316,154.468,0.0252
m,5.015163316,154.615,0.0252
m,5.015163316,159.916,0.0252
m,5.01540052,162.109,0.0252
m,5.016021757,160.566,0.0252
m,5.026816914,157.214,0.0253
m,5.029149066,157.524,0.0252
m,5.034444409,152.438,0.0253
m,5.037089048,160.284,0.0253
m,5.040208521,158.032,0.0253
m,5.060170128,157.374,0.0253
m,5.066492922,158.58,0.0254
m,5.069536697,161.327,0.0255
m,5.072581096,159.415,0.0256
m,5.093021106,158.573,0.0271
m,5.100286638,155.964,0.0273
m,5.104115425,155.025,0.0275
m,5.10810201,155.86,0.0277
m,5.11193354,151.993,0.0277
m,5.134563446,159.286,0.0288
m,5.138170135,154.767,0.0289
m,5.141934728,155.424,0.0291
m,5.149469742,158.331,0.0292
m,5.149469796,156.126,0.0294
m,5.177208474,158.928,0.0303
m,5.181062862,155.714,0.0304
m,5.188459664,160.759,0.0305
m,5.188459716,160.762,0.0306
m,5.216189005,157.643,0.0308
m,5.219816357,157.67,0.0309
m,5.226915626,161.476,0.031
m,5.230466389,156.988,0.031
m,5.234175805,153.77,0.031
m,5.238122594,159.82,0.0311
m,5.241991643,160.867,0.0311
m,5.246019673,156.14,0.0312
m,5.250127098,159.61,0.0313
m,5.280170308,153.235,0.0317
m,5.284365471,160.727,0.0317
m,5.2928397,157.398,0.0318
m,5.297115998,158.629,0.0319
m,5.301312341,154.568,0.0319
m,5.326441018,154.926,0.0322
m,5.334377991,158.807,0.0323
m,5.33842726,157.287,0.0323
m,5.342554754,159.834,0.0324
m,5.346605783,154.968,0.0323
m,5.378464714,160.223,0.032
m,5.383154554,155.432,0.0317
m,5.387762735,158.323,0.0315
m,5.392059194,160.11,0.0314
m,5.420091449,161.079,0.0309
m,5.424235076,160.037,0.0309
m,5.428463068,160.319,0.0309
m,5.432851851,160.022,0.031
m,5.437081852,159.158,0.031
m,5.460797883,160.331,0.0309
m,5.468866911,160.473,0.0309
m,5.472784779,159.649,0.0309
m,5.47278472,155.3,0.0308
m,5.480858559,158.251,0.0308
m,5.508553082,160.065,0.0309
m,5.512414319,154.536,0.0311
m,5.512414516,158.824,0.0314
m,5.520279783,159.854,0.0316
m,5.54941667,160.333,0.0324
m,5.553673103,160.62,0.0326
m,5.553673194,160.089,0.0327
m,5.562188658,161.159,0.0329
m,5.566447766,160.554,0.033
m,5.254393496,161.853,0.0314
m,5.262849198,154.904,0.0315
m,5.262849269,160.436,0.0316
m,5.271388506,159.406,0.0316
m,5.275817853,160.934,0.0316
m,5.309710696,156.81,0.0319
m,5.313913152,158.422,0.0321
m,5.318035296,154.257,0.0321
m,5.32231704,161.946,0.0321
m,5.350893861,161.116,0.0322
m,5.355341917,159.663,0.0321
m,5.359945002,158.913,0.0321
m,5.364471863,156.496,0.032
m,5.369082069,159.878,0.0321
m,5.396037534,158.229,0.031
m,5.40009332,161.633,0.0309
m,5.403996911,162.279,0.0309
m,5.412042528,159.869,0.0309
m,5.412042528,159.415,0.0309
m,5.445384929,158.343,0.031
m,5.449213939,160.997,0.0309
m,5.452967837,156.193,0.0309
m,5.45688245,159.403,0.0309
m,5.484778845,158.183,0.0308
m,5.488699997,160.354,0.0309
m,5.492706917,161.187,0.031
m,5.496704926,160.229,0.0309
m,5.500703701,161.008,0.0309
m,5.524294188,159.337,0.0318
m,5.528309566,160.414,0.032
m,5.532561387,159.403,0.0322
m,5.536653358,159.145,0.0323
m,5.545161335,159.789,0.0324
m,5.570707793,160.554,0.0331
m,5.575129875,156.153,0.0333
m,5.583667244,157.071,0.0334
m,5.588018145,157.664,0.0335
m,5.592531449,160.966,0.0337
m,5.596723329,157.187,0.0338
m,5.600990157,156.237,0.0339
m,5.605096569,158.196,0.034
m,5.609042578,160.231,0.0342
m,5.638858755,161.257,0.0347
m,5.643295916,158.43,0.0348
m,5.647895698,160.904,0.0349
m,5.652334797,157.84,0.035
m,5.683799359,157.568,0.0355
m,5.688480601,159.208,0.0356
m,5.693414093,159.803,0.0358
m,5.698186379,160.265,0.0358
m,5.707572172,160.067,0.0359
m,5.730775325,160.509,0.0356
m,5.735230495,160.572,0.0353
m,5.739849385,161.896,0.0353
m,5.744306819,161.814,0.0353
m,5.748530618,160.024,0.0354
m,5.779587047,160.453,0.0356
m,5.784143967,161.254,0.0356
m,5.7886301,162.023,0.0355
m,5.793117411,159.405,0.0354
m,5.823429294,159.612,0.0349
m,5.827833084,159.701,0.0347
m,5.836643946,160.568,0.0346
m,5.840979702,160.234,0.0345
m,5.840979702,161.846,0.0345
m,5.86776317,159.879,0.0338
m,5.876659545,160.456,0.0337
m,5.881169029,160.794,0.0336
m,5.885352163,161.889,0.0333
m,5.889700149,159.696,0.0332
m,5.918385955,160.331,0.0325
m,5.922578125,160.608,0.0325
m,5.92677125,160.369,0.0325
m,5.930895545,159.877,0.0326
m,5.617420753,160.895,0.0343
m,5.617420753,159.94,0.0343
m,5.625802343,160.259,0.0344
m,5.629913714,159.61,0.0345
m,5.634260993,159.285,0.0346
m,5.66112713,160.995,0.0351
m,5.661127265,158.571,0.0352
m,5.66999627,161.631,0.0354
m,5.674512915,161.036,0.0355
m,5.679192167,160.039,0.0355
m,5.707572321,160.325,0.036
m,5.717034655,159.055,0.036
m,5.721577528,160.863,0.0361
m,5.72608632,160.812,0.0359
m,5.752917855,161.537,0.0355
m,5.761857639,161.144,0.0355
m,5.76624778,161.898,0.0355
m,5.77063906,159.897,0.0356
m,5.775031194,157.988,0.0356
m,5.797586197,160.499,0.0353
m,5.806383692,161.349,0.0353
m,5.810457795,156.935,0.0352
m,5.814695756,161.3,0.0351
m,5.819097808,159.698,0.0351
m,5.849654669,159.778,0.0345
m,5.85415698,158.678,0.0344
m,5.858589609,159.035,0.0343
m,5.863328109,159.246,0.0339
m,5.893955735,161.491,0.033
m,5.898141793,160.944,0.0327
m,5.902258856,158.453,0.0327
m,5.906376902,160.095,0.0326
m,5.914358533,158.38,0.0324
m,5.935160443,161.452,0.0326
m,5.939122568,160.714,0.0326
m,5.947189089,159.875,0.0326
m,5.947189089,161.303,0.0326
m,5.955517905,160.285,0.0325
m,5.959977706,157.767,0.0326
m,5.96443861,159.092,0.0326
m,5.969039465,160.335,0.0326
m,5.973243217,161.142,0.0326
m,5.981817946,160.144,0.0326
m,6.002036848,160.805,0.0324
m,6.005987522,159.391,0.0324
m,6.010103374,161.59,0.0322
m,6.018433608,160.575,0.0322
m,6.023210877,160.36,0.0321
s,6.038880745,161.155,0.0319
s,6.038551117,160.944,0.032
s,6.038619687,160.029,0.032
s,6.038454918,160.755,0.0321
s,6.038358901,160.469,0.0324
s,6.038125564,160.757,0.0325
s,6.038125564,160.964,0.0325
s,6.038057077,159.359,0.0326
s,6.038125654,161.855,0.0326
s,6.038125654,160.467,0.0326
s,6.038029386,159.942,0.0326
s,6.038029386,161.377,0.0326
s,6.038097881,159.8,0.0325
s,6.038097881,160.773,0.0325
s,6.038303562,161.429,0.0324
s,6.038303562,160.622,0.0324
s,6.038303476,161.809,0.0323
s,6.038372072,160.189,0.0323
s,6.038372072,160.842,0.0323
s,6.03844067,159.547,0.0323
s,6.03844067,162.843,0.0323
s,6.03844067,160.768,0.0323
s,6.03844067,159.279,0.0323
s,6.038577876,159.494,0.0323
s,6.038577876,159.558,0.0323
s,6.038577876,161.387,0.0323
s,6.038577876,161.192,0.0323
s,6.038646484,161.6,0.0323
m,5.985860049,158.536,0.0326
m,5.989833801,160.566,0.0325
m,5.989833713,160.988,0.0324
m,5.997991322,158.146,0.0324
m,6.027989234,159.69,0.0321
m,6.03561152,158.984,0.0319
m,6.037658211,158.792,0.0319
m,6.038647246,160.999,0.0318
s,6.038880667,161.386,0.0318
s,6.038454918,160.99,0.0321
s,6.038455001,159.296,0.0322
s,6.038358814,160.166,0.0323
s,6.038358814,161.243,0.0323
s,6.038358901,157.552,0.0324
s,6.038125654,161.441,0.0326
s,6.038125654,160.867,0.0326
s,6.038125654,159.55,0.0326
s,6.038125654,161.679,0.0326
s,6.038097881,160.267,0.0325
s,6.038166467,160.13,0.0325
s,6.038235147,160.281,0.0326
s,6.038399896,161.093,0.0325
s,6.038399896,161.427,0.0325
s,6.038372072,160.035,0.0323
s,6.038371987,160.656,0.0322
s,6.038371987,159.025,0.0322
s,6.038372072,160.62,0.0323
s,6.038372072,160.99,0.0323
s,6.038674105,160.617,0.0323
s,6.038509272,160.962,0.0323
s,6.038509272,159.258,0.0323
s,6.038509272,161.1,0.0323
s,6.038646484,161.738,0.0323
s,6.038481573,160.27,0.0322
s,6.038481573,162.16,0.0322
s,6.03848149,161.161,0.0321
s,6.038550102,161.458,0.0321
s,6.038550102,159.751,0.0321
s,6.038550102,161.546,0.0321
s,6.038385198,160.575,0.032
s,6.038385198,160.562,0.032
s,6.03838504,160.672,0.0318
s,6.03838504,161.061,0.0318
s,6.038316349,162.073,0.0317
s,6.038316349,159.979,0.0317
s,6.038316349,160.963,0.0317
s,6.038179129,160.707,0.0317
s,6.038179129,160.616,0.0317
s,6.038179129,160.326,0.0317
s,6.038179129,162.012,0.0317
s,6.038110525,161.135,0.0317
s,6.038041998,159.699,0.0318
s,6.038041998,161.303,0.0318
s,6.038041998,159.837,0.0318
s,6.038042076,160.453,0.0319
s,6.038042237,161.852,0.0321
s,6.03804232,161.113,0.0322
s,6.038110923,162.33,0.0322
s,6.038111008,160.803,0.0323
s,6.038111008,161.154,0.0323
s,6.038014701,159.742,0.0322
s,6.038014701,160.965,0.0322
s,6.038014701,160.262,0.0322
s,6.038014701,160.324,0.0322
s,6.037849874,161.339,0.0322
m,6.037507116,159.558,0.0325
m,6.037438612,158.201,0.0326
m,6.037933602,161.038,0.0331
m,6.038524398,159.2,0.0331
m,6.058137892,160.27,0.0331
m,6.061204798,160.372,0.0331
m,6.064340462,160.906,0.0331
m,6.067311479,158.894,0.0331
m,6.070214681,160.216,0.0331
s,6.038385198,160.988,0.032
s,6.038385118,159.156,0.0319
s,6.038385118,160.865,0.0319
s,6.038385118,160.969,0.0319
s,6.03838504,160.318,0.0318
s,6.038316349,159.846,0.0317
s,6.038316349,160.897,0.0317
s,6.038247739,162.415,0.0317
s,6.038247739,161.795,0.0317
s,6.038110525,160.746,0.0317
s,6.038110525,161.856,0.0317
s,6.038110525,161.36,0.0317
s,6.038110525,161.845,0.0317
s,6.038110525,160.359,0.0317
s,6.038042076,160.963,0.0319
s,6.038042076,161.688,0.0319
s,6.038042155,161.06,0.032
s,6.038042155,159.487,0.032
s,6.038042237,161.388,0.0321
s,6.038111008,160.578,0.0323
s,6.038179612,160.912,0.0323
s,6.038179612,160.266,0.0323
s,6.038014701,160.042,0.0322
s,6.037849874,161.296,0.0322
m,6.037849874,159.052,0.0322
m,6.037781264,157.581,0.0322
m,6.037781349,159.658,0.0323
m,6.037712829,160.406,0.0324
m,6.040667617,160.288,0.0332
m,6.043333423,160.613,0.0332
m,6.04606809,160.072,0.0331
m,6.052033709,157.997,0.0331
m,6.052033709,160.912,0.0331
m,6.073118044,158.489,0.0328
m,6.076021956,160.133,0.0326
m,6.082132679,160.564,0.0325
m,6.082132679,161.537,0.0325
m,6.088740573,160.912,0.0323
m,6.092045301,161.346,0.0323
m,6.095545238,161.303,0.0323
m,6.099016139,161.255,0.0321
m,6.102352088,160.262,0.0321
m,6.135232528,159.848,0.0323
m,6.135232528,159.446,0.0323
m,6.142813645,160.707,0.0322
m,6.146654571,157.574,0.0322
m,6.174425675,156.991,0.0322
m,6.178572972,161.189,0.032
m,6.182621933,160.578,0.0319
m,6.186703837,160.609,0.0318
m,6.194671474,160.268,0.0318
m,6.213670966,156.621,0.0317
m,6.217359958,161.582,0.0318
m,6.220949877,159.753,0.0319
m,6.224640289,159.751,0.032
m,6.23225589,158.883,0.0322
m,6.261918631,159.729,0.0334
m,6.266283421,159.731,0.0335
m,6.270749994,160.268,0.0336
m,6.275050987,157.901,0.0336
m,6.304281705,158.831,0.034
m,6.308322321,159.794,0.034
m,6.315905383,159.794,0.0341
m,6.315905383,158.313,0.0341
m,6.323658263,161.555,0.0341
m,6.346778845,161.282,0.0346
m,6.350596486,160.821,0.0346
m,6.354183178,159.467,0.0347
m,6.354183178,160.633,0.0347
m,6.361655604,160.301,0.0348
m,6.39226144,160.675,0.0349
m,6.396695496,160.051,0.0349
m,6.401130869,158.672,0.035
m,6.405335791,161.23,0.0351
m,6.109492212,160.324,0.0321
m,6.11322856,161.185,0.032
m,6.124111246,161.093,0.0323
m,6.124111246,161.104,0.0323
m,6.131492102,161.106,0.0323
m,6.150661938,159.798,0.0321
m,6.154638913,160.803,0.0321
m,6.162590922,157.125,0.0321
m,6.166467802,156.783,0.0321
m,6.170479713,159.688,0.0321
m,6.194671474,160.475,0.0318
m,6.202641554,159.93,0.0317
m,6.206394834,155.942,0.0316
m,6.210148849,160.513,0.0316
m,6.23225615,160.7,0.0325
m,6.240674318,160.023,0.0327
m,6.244867883,159.039,0.0328
m,6.249062555,158.786,0.0331
m,6.253424505,159.591,0.0333
m,6.279418815,161.246,0.0337
m,6.287990536,157.603,0.0338
m,6.292230218,160.75,0.0339
m,6.296202849,158.339,0.0339
m,6.300241806,158.68,0.0339
m,6.327535966,160.288,0.0342
m,6.33134942,161.066,0.0343
m,6.335395759,162.094,0.0344
m,6.339211033,159.531,0.0346
m,6.365643926,161.814,0.0348
m,6.369735973,159.801,0.0348
m,6.373996455,158.057,0.0348
m,6.383190556,159.011,0.0348
m,6.38789284,161.622,0.0349
m,6.409605916,160.918,0.0352
m,6.418125413,161.18,0.0352
m,6.418125413,157.549,0.0352
m,6.427153702,160.047,0.0353
m,6.431302571,157.681,0.0354
m,6.435684103,159.71,0.0354
m,6.439899027,159.322,0.0354
m,6.444115298,161.36,0.0355
m,6.448332647,161.224,0.0355
m,6.456266878,162.099,0.0355
m,6.474650651,159.628,0.0359
m,6.478267126,160.167,0.036
m,6.481884299,161.459,0.036
m,6.485607677,161.461,0.036
m,6.49278371,159.659,0.0361
m,6.515768527,161.618,0.0367
m,6.519775709,160.584,0.0368
m,6.527731289,159.719,0.0369
m,6.531679963,160.539,0.037
m,6.555922577,159.768,0.0372
m,6.559711386,160.555,0.0372
m,6.563563185,159.656,0.0372
m,6.567354431,154.933,0.0372
m,6.57494066,161.472,0.0372
m,6.594698312,159.769,0.0374
m,6.6026884,160.577,0.0375
m,6.606939646,159.568,0.0376
m,6.611022783,160.526,0.0375
m,6.614877448,158.57,0.0376
m,6.642713674,160.167,0.038
m,6.646749997,155.95,0.0381
m,6.650848421,160.541,0.0383
m,6.654668964,161.668,0.0384
m,6.681276066,159.475,0.039
m,6.685276067,159.665,0.0391
m,6.689336691,158.412,0.039
m,6.693338742,159.859,0.0389
m,6.721433268,159.949,0.039
m,6.725438953,160.936,0.0393
m,6.729564009,157.454,0.0393
m,6.733690852,160.207,0.0395
m,6.737877919,162.137,0.0396
m,6.459878893,161.279,0.0356
m,6.459879031,160.283,0.0357
m,6.467147277,160.579,0.0358
m,6.470929968,160.929,0.0358
m,6.496341758,159.862,0.0362
m,6.496341905,161.5,0.0363
m,6.504302712,160.256,0.0364
m,6.508138018,160.207,0.0365
m,6.511868526,160.442,0.0366
m,6.53579865,160.238,0.0371
m,6.53579865,159.254,0.0371
m,6.544039911,158.774,0.0371
m,6.548055825,159.152,0.0371
m,6.552072945,158.725,0.0371
m,6.57494066,159.758,0.0372
m,6.582808572,159.353,0.0372
m,6.586652515,156.512,0.0372
m,6.590789947,159.462,0.0373
m,6.618963742,159.464,0.0376
m,6.622882239,155.765,0.0377
m,6.626971445,158.851,0.0377
m,6.634984889,158.749,0.0378
m,6.63498506,160.865,0.0379
m,6.658600417,156.311,0.0386
m,6.665738047,161.075,0.0387
m,6.669563365,158.908,0.0388
m,6.673389871,159.773,0.0389
m,6.673390058,160.403,0.039
m,6.697512653,162.24,0.0391
m,6.701517209,159.357,0.039
m,6.709811253,158.327,0.039
m,6.713760233,159.717,0.0389
m,6.713760419,160.644,0.039
m,6.745685422,161.367,0.0397
m,6.749476271,160.769,0.0397
m,6.753097866,162.205,0.0397
m,6.753098462,157.442,0.04
m,6.760004294,160.397,0.0401
m,6.763108466,161.55,0.0407
m,6.766623203,161.376,0.0408
m,6.770310066,162.87,0.0411
m,6.777456627,161.823,0.0411
m,6.804442234,160.791,0.0417
m,6.808366195,161.717,0.0419
m,6.808366654,161.609,0.0421
m,6.816220906,159.76,0.0424
m,6.843921584,160.842,0.044
m,6.847973062,159.808,0.0444
m,6.84797413,161.063,0.0448
m,6.856137979,159.478,0.0451
m,6.860136866,160.297,0.0455
m,6.884148181,161.834,0.0457
m,6.88809654,161.571,0.0458
m,6.888096824,161.938,0.0459
m,6.895481045,161.116,0.0459
m,6.899032076,161.923,0.0459
m,6.925170929,160.874,0.0455
m,6.928901148,162.295,0.0454
m,6.932688501,162.257,0.0453
m,6.936304862,155.94,0.0452
m,6.961826547,149.448,0.0451
m,6.965683432,149.383,0.0452
m,6.969424951,152.509,0.0453
m,6.97668327,158.099,0.0455
m,6.980255294,153.65,0.0455
m,6.998943711,155.121,0.0459
m,7.003038742,157.599,0.0459
m,7.007080061,153.951,0.046
m,7.014883912,160.167,0.0462
m,7.018701508,157.599,0.0463
m,7.038099304,154.686,0.047
m,7.03943463,152.533,0.047
m,7.040016642,151.553,0.0472
s,7.040016642,154.617,0.0472
m,6.781316637,160.681,0.041
m,6.785065679,159.368,0.0411
m,6.788928075,161.613,0.0411
m,6.792734106,161.774,0.0414
m,6.796711817,161.878,0.0415
m,6.820093284,161.189,0.0426
m,6.823966778,159.322,0.0428
m,6.828012261,159.971,0.0429
m,6.832059897,160.1,0.0434
m,6.840099499,160.828,0.0437
m,6.864307864,160.202,0.0457
m,6.868250523,161.217,0.0456
m,6.872308927,162.087,0.0456
m,6.876311564,160.118,0.0456
m,6.902755737,160.798,0.0459
m,6.906536617,155.46,0.0458
m,6.914045005,157.926,0.0457
m,6.917828665,156.057,0.0456
m,6.921441719,157.28,0.0456
m,6.939866042,151.573,0.0451
m,6.943484422,152.758,0.0451
m,6.950783412,151.062,0.0449
m,6.954520911,152.288,0.045
m,6.958259135,151.637,0.045
m,6.980255294,158.973,0.0455
m,6.987519318,153.593,0.0456
m,6.991211473,147.628,0.0457
m,6.994959953,154.896,0.0458
m,7.018702085,155.537,0.0465
m,7.025823111,151.782,0.0466
m,7.029353944,152.579,0.0467
m,7.032595302,156,0.0468
m,7.035664871,149.298,0.0469
s,7.040016942,152.782,0.0473
s,7.040017244,154.267,0.0474
s,7.040017547,153.994,0.0475
s,7.040017547,153.71,0.0475
s,7.039844909,155.152,0.0475
s,7.039844606,157.229,0.0474
s,7.039671968,154.253,0.0474
s,7.039617408,156.873,0.0474
s,7.039445074,155.546,0.0475
s,7.039445074,154.867,0.0475
s,7.039109072,157.054,0.0476
s,7.038936737,155.636,0.0477
s,7.038882184,154.6,0.0477
s,7.038882492,154.301,0.0478
s,7.038827943,155.629,0.0478
s,7.038718852,155.257,0.0478
s,7.038718852,155.085,0.0478
s,7.038545899,155.387,0.0477
s,7.038545899,155.738,0.0477
s,7.038254851,156.553,0.0476
s,7.038254851,155.825,0.0476
s,7.038254851,159.572,0.0476
s,7.038254851,156.549,0.0476
s,7.038427494,159.184,0.0476
s,7.038309402,156.803,0.0476
s,7.038309402,159.184,0.0476
s,7.038363955,154.34,0.0476
s,7.038363955,158.557,0.0476
s,7.038363955,157.37,0.0476
s,7.038363651,156.127,0.0475
s,7.038418207,156.549,0.0475
s,7.038418512,156.223,0.0476
s,7.038473071,153.208,0.0476
s,7.038409563,154.958,0.0476
s,7.038409563,160.172,0.0476
s,7.038409563,156.892,0.0476
s,7.038464438,157.144,0.0477
s,7.038464438,158.092,0.0477
s,7.038409869,155.469,0.0477
s,7.038409869,155.132,0.0477
s,7.038464438,153.57,0.0477
s,7.038464438,154.479,0.0477
s,7.038464438,158.577,0.0477
s,7.039390821,153.219,0.0476
s,7.039218183,152.973,0.0476
s,7.039218489,153.668,0.0477
s,7.039163626,153.667,0.0476
s,7.038773396,154.465,0.0478
s,7.038773396,156.485,0.0478
s,7.038773396,158.781,0.0478
s,7.038773396,154.271,0.0478
s,7.038718852,159.216,0.0478
s,7.038545593,159.116,0.0476
s,7.038372948,158.746,0.0476
s,7.038372948,157.782,0.0476
s,7.038372948,156.395,0.0476
s,7.038254851,156.442,0.0476
s,7.038427494,162.277,0.0476
s,7.038254851,160.387,0.0476
s,7.038254851,162.023,0.0476
s,7.038254851,157.513,0.0476
s,7.038363955,158.355,0.0476
s,7.038191011,157.648,0.0475
s,7.038363651,157.312,0.0475
s,7.038363651,155.154,0.0475
s,7.038363651,157.049,0.0475
s,7.038472766,152.558,0.0475
s,7.038472766,157.089,0.0475
s,7.038354692,154.94,0.0475
s,7.038354692,156.056,0.0475
s,7.038354692,155.817,0.0475
s,7.038464438,157.194,0.0477
s,7.038464438,155.07,0.0477
s,7.038464438,156.513,0.0477
s,7.038409869,157.771,0.0477
s,7.038464132,159.682,0.0476
s,7.038518704,155.575,0.0476
s,7.038518704,153.348,0.0476
s,7.038518704,156.946,0.0476
s,7.038518704,158.181,0.0476
s,7.038518704,153.396,0.0476
s,7.038345769,154.635,0.0475
s,7.038345769,154.977,0.0475
s,7.038345769,154.876,0.0475
s,7.038455228,154.642,0.0476
s,7.038455228,153.486,0.0476
s,7.03868274,154.682,0.0477
s,7.03868274,152.086,0.0477
s,7.03868274,151.703,0.0477
s,7.038509809,158.142,0.0476
s,7.038509504,156.442,0.0475
s,7.038454923,156.049,0.0475
s,7.038454923,157.453,0.0475
s,7.038509504,155.618,0.0475
s,7.038218235,154.6,0.0473
s,7.038218235,156.64,0.0473
s,7.038272823,157.281,0.0473
s,7.038272823,161.243,0.0473
s,7.038436911,156.734,0.0474
s,7.038436911,158.977,0.0474
s,7.038382616,160.214,0.0475
s,7.038555235,157.644,0.0475
s,7.038555235,154.997,0.0475
s,7.038783062,155.327,0.0477
s,7.038783062,154.656,0.0477
s,7.038955989,153.897,0.0478
s,7.038955989,154.41,0.0478
s,7.038955989,153.038,0.0478
s,7.038955681,152.636,0.0477
s,7.038901088,153.99,0.0477
s,7.038955681,156.281,0.0477
s,7.038955681,152.847,0.0477
s,7.038728161,154.189,0.0476
s,7.038728161,154.702,0.0476
s,7.038728161,153.339,0.0476
s,7.038555235,154.651,0.0475
s,7.038555235,156.235,0.0475
s,7.038400344,155.292,0.0475
s,7.038400649,158.28,0.0476
s,7.038400649,153.48,0.0476
s,7.038455228,155.413,0.0476
s,7.038455228,153.131,0.0476
s,7.03868274,152.575,0.0477
s,7.038510115,152.262,0.0477
s,7.038509809,154.458,0.0476
s,7.038509809,154.858,0.0476
s,7.038336575,155.215,0.0474
s,7.038336575,159.425,0.0474
s,7.038336575,160.79,0.0474
s,7.038336575,159.016,0.0474
s,7.038336575,156.089,0.0474
s,7.038272823,159.725,0.0473
s,7.038327416,161.876,0.0473
s,7.038327416,159.624,0.0473
s,7.038382011,160.8,0.0473
s,7.038382312,160.8,0.0474
s,7.03855554,153.829,0.0476
s,7.038728161,154.602,0.0476
s,7.038728467,154.85,0.0477
s,7.038783062,154.067,0.0477
s,7.038955989,154.737,0.0478
s,7.038956298,157.098,0.0479
s,7.038955989,153.911,0.0478
s,7.038955989,154.784,0.0478
s,7.038901396,151.959,0.0478
s,7.038955681,154.112,0.0477
s,7.038955681,154.447,0.0477
s,7.038728161,154.766,0.0476
s,7.038728161,155.22,0.0476
s,7.038728161,156.346,0.0476
s,7.038609831,155.282,0.0475
s,7.038609831,158.047,0.0475
s,7.038609831,153.74,0.0475
s,7.038437214,151.625,0.0475
s,7.038437214,154.105,0.0475
s,7.038437214,155.026,0.0475
s,7.038437214,153.827,0.0475
s,7.038437214,152.547,0.0475
s,7.038437214,155.597,0.0475
s,7.038318894,154.043,0.0474
m,7.03826399,155.738,0.0473
m,7.03826399,156.86,0.0473
m,7.03826399,150.503,0.0473
m,7.044815125,152.374,0.0474
m,7.047660216,149.645,0.0474
m,7.050850946,161.734,0.0472
m,7.057754619,148.642,0.0472
m,7.061294018,161.359,0.0471
m,7.080770772,156.278,0.0474
m,7.086415886,154.386,0.0475
m,7.089271717,153.714,0.0474
m,7.092009389,146.563,0.0474
m,7.095093209,154.265,0.0472
m,7.113760942,150.782,0.0472
m,7.119262094,151.999,0.0472
m,7.122300401,153.307,0.0472
m,7.125286316,151.553,0.0472
m,7.146560319,145.485,0.0471
m,7.149606816,149.664,0.0472
m,7.155822472,152.209,0.0472
m,7.162041111,145.541,0.047
m,7.165212562,155.828,0.047
m,7.184330959,153.783,0.0471
m,7.187804837,147.806,0.0472
m,7.191401214,155.199,0.0472
m,7.19499892,156.966,0.0472
m,7.198424126,149.517,0.0472
m,7.22321644,146.828,0.0473
m,7.226529072,150.239,0.0473
m,7.229720244,161.294,0.0473
m,7.233157906,144.458,0.0474
s,7.038491814,154.937,0.0475
s,7.038491814,156.228,0.0475
s,7.038491511,156.138,0.0474
s,7.038318894,155.451,0.0474
s,7.038318894,154.587,0.0474
m,7.03826399,159.214,0.0473
m,7.03826369,160.256,0.0472
m,7.038436309,153.105,0.0472
m,7.038727251,154.326,0.0473
m,7.042207057,161.004,0.0474
m,7.06460801,160.376,0.0472
m,7.067976897,153.677,0.0472
m,7.071347332,152.016,0.0474
m,7.074718114,151.914,0.0474
m,7.098470541,148.423,0.0471
m,7.101676016,157.118,0.0471
m,7.105055789,147.599,0.0472
m,7.110898281,149.203,0.0472
m,7.113760942,152.32,0.0472
m,7.128326339,147.968,0.0472
m,7.134009122,153.648,0.0472
m,7.136998311,153.752,0.0471
m,7.140109132,147.74,0.0471
m,7.143273956,149.57,0.0471
m,7.168211379,146.437,0.047
m,7.171384735,152.531,0.047
m,7.174385699,153.174,0.0471
m,7.18073716,156.592,0.0471
m,7.202076713,149.984,0.0473
m,7.205678012,151.139,0.0472
m,7.20933277,150.682,0.0472
m,7.216471931,146.085,0.0472
m,7.219904903,151.305,0.0473
m,7.236822029,154.613,0.0474
m,7.243579775,154.465,0.0473
m,7.243579775,150.194,0.0473
m,7.250147283,148.197,0.0472
m,7.253519729,152.302,0.0472
m,7.256842074,151.454,0.0472
m,7.260216517,149.199,0.0472
m,7.263366957,149.492,0.0473
m,7.266518132,149.545,0.0473
m,7.272750806,153.488,0.0473
m,7.292889681,155.261,0.0474
m,7.296274876,149.082,0.0474
m,7.299835582,157.455,0.0474
m,7.303521824,150.87,0.0475
m,7.310672321,152.308,0.0475
m,7.336623543,153.827,0.0477
m,7.340446392,160.908,0.0477
m,7.344145387,153.811,0.0477
m,7.347769934,152.767,0.0477
m,7.372021611,154.856,0.0474
m,7.375429217,159.575,0.0474
m,7.378837749,158.039,0.0474
m,7.38229664,160.011,0.0475
m,7.38229664,153.004,0.0475
m,7.407794413,151.198,0.0475
m,7.411688346,152.188,0.0474
m,7.415632388,155.759,0.0474
m,7.423426193,154.747,0.0473
m,7.427373752,155.03,0.0474
m,7.454585945,155.124,0.0473
m,7.458365968,157.388,0.0473
m,7.462194995,154.653,0.0473
m,7.465896999,157.24,0.0472
m,7.493176772,158.834,0.0471
m,7.497013814,152.262,0.0472
m,7.501249943,152.913,0.047
m,7.509981763,158.75,0.0467
m,7.514572239,152.224,0.0465
m,7.536755332,147.828,0.0463
m,7.541350593,151.636,0.0459
m,7.550898011,150.497,0.0459
m,7.555672878,142.765,0.0458
m,7.560577827,147.974,0.0457
m,7.278936659,155.136,0.0474
m,7.282317844,145.748,0.0474
m,7.285823843,148.098,0.0474
m,7.28938151,152.656,0.0474
m,7.310672619,153.6,0.0476
m,7.31782785,153.019,0.0476
m,7.321469862,154.647,0.0477
m,7.325112835,153.949,0.0477
m,7.328931525,157.49,0.0476
m,7.347769934,155.338,0.0477
m,7.354922563,154.991,0.0477
m,7.358500048,160.253,0.0476
m,7.361903541,159.718,0.0475
m,7.365258867,151.959,0.0475
m,7.38924432,160.107,0.0475
m,7.392831726,155.463,0.0475
m,7.396420093,151.26,0.0475
m,7.400009423,150.919,0.0475
m,7.43127361,147.381,0.0474
m,7.435047294,155.901,0.0473
m,7.438949359,159.081,0.0473
m,7.446805131,156.153,0.0473
m,7.450758727,161.803,0.0473
m,7.469727711,153.023,0.0472
m,7.47739234,159.128,0.0474
m,7.477392049,153.134,0.0473
m,7.48523557,157.972,0.0474
m,7.489118063,156.189,0.0473
m,7.51894045,153.821,0.0463
m,7.51894045,148.81,0.0463
m,7.527822655,146.989,0.0463
m,7.532288602,149.969,0.0463
m,7.565400986,147.863,0.0454
m,7.569910109,159.737,0.0457
m,7.574735881,156.841,0.0457
m,7.584389953,145.675,0.0457
m,7.589171912,144.556,0.0458
m,7.589171645,147.124,0.0457
m,7.59847874,149.55,0.0458
m,7.603086889,153.068,0.0458
m,7.607780145,146.287,0.0461
m,7.63688159,150.396,0.0464
m,7.646695858,149.755,0.0465
m,7.651757275,158.398,0.0465
m,7.65712633,159.153,0.0465
m,7.700920925,144.821,0.0465
m,7.706388903,159.124,0.0465
m,7.711635251,149.641,0.0464
m,7.716973273,150.232,0.0463
m,7.727207398,148.049,0.0462
m,7.752848931,155.093,0.0458
m,7.762652015,152.552,0.0457
m,7.767819362,158.495,0.0456
m,7.767819362,154.46,0.0456
m,7.77864145,152.596,0.0455
m,7.815715175,150.445,0.045
m,7.820800015,155.839,0.045
m,7.826107084,149.182,0.045
m,7.831193328,153.026,0.045
m,7.866285934,160.958,0.045
m,7.871333829,159.148,0.045
m,7.876249505,154.534,0.045
m,7.886349116,156.052,0.045
m,7.891577278,150.394,0.045
m,7.915739226,162.555,0.0451
m,7.92053063,155.815,0.0452
m,7.930159315,158.57,0.0452
m,7.93499675,161.398,0.0452
m,7.939835269,159.718,0.0453
m,7.968441558,155.396,0.0456
m,7.978044522,152.089,0.0457
m,7.98302475,160.474,0.0457
m,7.987962891,155.096,0.0457
m,7.612566715,152.429,0.0462
m,7.622142366,146.233,0.0463
m,7.627070078,149.251,0.0463
m,7.63195254,151.085,0.0464
m,7.63688159,150.844,0.0464
m,7.662673024,148.32,0.0466
m,7.673814292,155.474,0.0465
m,7.679324332,146.219,0.0465
m,7.684743597,153.361,0.0465
m,7.695630495,148.543,0.0466
m,7.73250224,147.852,0.0462
m,7.737620824,153.592,0.0461
m,7.742917024,152.342,0.0461
m,7.747905419,150.04,0.046
m,7.784074627,155.557,0.0455
m,7.789508344,153.904,0.0454
m,7.794720664,152.635,0.0451
m,7.805238859,154.341,0.0451
m,7.810498836,154.591,0.045
m,7.836412554,154.616,0.0449
m,7.846588979,153.711,0.045
m,7.846588979,153.24,0.045
m,7.856502345,155.418,0.045
m,7.861415906,152.9,0.045
m,7.896451623,156.007,0.0449
m,7.896451623,153.518,0.0449
m,7.906380287,158.722,0.0449
m,7.911213594,154.901,0.045
m,7.944631154,154.325,0.0454
m,7.949471373,149.197,0.0455
m,7.954269051,150.812,0.0456
m,7.959154025,152.076,0.0456
m,7.968441558,150.47,0.0456
m,7.992902336,155.728,0.0458
m,7.99770792,156.839,0.0458
m,8.002337082,154.953,0.0459
m,8.01141986,162.237,0.0459
m,8.01583096,150.616,0.0459
m,8.01583096,154.228,0.0459
m,8.025274227,152.433,0.0459
m,8.029688043,152.351,0.0459
m,8.034145586,155.688,0.046
m,8.038468211,162.246,0.0459
s,8.04747211,160.447,0.0461
s,8.047472374,156.61,0.0462
s,8.047294884,158.922,0.0463
s,8.047295151,162.08,0.0464
s,8.047295151,160.956,0.0464
s,8.04733838,157.505,0.0467
s,8.047381076,159.256,0.0468
s,8.047423232,160.222,0.0467
s,8.047423232,158.705,0.0467
s,8.047373055,160.716,0.0468
s,8.047415494,159.8,0.0468
s,8.047415223,157.143,0.0467
s,8.047415223,157.977,0.0467
s,8.047237477,159.88,0.0467
s,8.04701756,159.567,0.0468
s,8.046839813,158.974,0.0468
s,8.046797374,162.345,0.0468
s,8.046797374,160.558,0.0468
s,8.046797374,159.96,0.0468
s,8.046306847,159.324,0.0469
s,8.046306847,160.312,0.0469
s,8.046129102,161.331,0.0469
s,8.046128829,161.425,0.0468
s,8.046078159,159.177,0.0467
s,8.046078159,160.547,0.0467
s,8.045942872,160.765,0.0467
s,8.045942602,161.299,0.0466
s,8.045764861,161.095,0.0466
s,8.045628778,159.684,0.0463
s,8.045628778,161.032,0.0463
s,8.045628513,160.799,0.0462
s,8.045628249,162.446,0.0461
s,8.04545051,157.907,0.0461
m,8.041988053,155.525,0.0459
m,8.046447495,162.182,0.0459
m,8.047294093,157.392,0.046
m,8.047471847,158.254,0.046
s,8.047472905,159.568,0.0464
s,8.047473173,156.208,0.0465
s,8.047473173,157.698,0.0465
s,8.047473173,157.344,0.0465
s,8.04733838,157.462,0.0467
s,8.047423232,156.122,0.0467
s,8.047465935,157.233,0.0468
s,8.047465935,159.876,0.0468
s,8.047508366,158.776,0.0468
s,8.047373055,159.641,0.0468
s,8.047237477,158.381,0.0467
s,8.047195035,157.799,0.0467
s,8.047195035,158.672,0.0467
s,8.04701756,160.761,0.0468
s,8.046619626,160.743,0.0468
s,8.046619626,159.075,0.0468
s,8.046619626,159.288,0.0468
s,8.046264133,158.488,0.0468
s,8.046264405,156.857,0.0469
s,8.046171275,160.527,0.0468
s,8.046171275,159.293,0.0468
s,8.046035979,158.543,0.0468
s,8.046035979,162.031,0.0468
s,8.046035708,160.757,0.0467
s,8.045764592,160.38,0.0465
s,8.045764325,159.909,0.0464
s,8.045586585,162.25,0.0464
s,8.045629044,158.871,0.0464
s,8.045450247,158.843,0.046
s,8.045450247,161.251,0.046
s,8.045450247,161.674,0.046
s,8.045407787,163.108,0.046
s,8.045230046,160.285,0.046
s,8.045230046,159.847,0.046
s,8.045230046,161.652,0.046
s,8.045230046,159.279,0.046
s,8.045187326,158.667,0.0459
s,8.045051786,161.632,0.0458
s,8.045051786,159.232,0.0458
s,8.044874047,159.636,0.0458
s,8.04491651,159.386,0.0458
s,8.04491651,161.189,0.0458
s,8.044696308,162.098,0.0458
s,8.044696308,161.537,0.0458
s,8.044696308,161.095,0.0458
s,8.044696308,161.195,0.0458
s,8.044696308,158.33,0.0458
s,8.044696568,162.208,0.0459
s,8.044831847,161.302,0.0459
s,8.044832108,158.285,0.046
s,8.044832108,161.543,0.046
s,8.04505257,161.887,0.0461
s,8.04505257,161.25,0.0461
s,8.045052834,162.221,0.0462
s,8.045052834,160.807,0.0462
s,8.045052834,158.982,0.0462
s,8.045408578,159.734,0.0463
s,8.045408845,158.899,0.0464
s,8.045409112,156.884,0.0465
s,8.045409112,160.548,0.0465
s,8.045366655,159.433,0.0465
s,8.04550248,160.911,0.0467
s,8.045460029,162.009,0.0467
s,8.045637772,162.011,0.0467
s,8.045638043,159.533,0.0468
s,8.045731441,160.933,0.047
s,8.045731441,161.458,0.047
s,8.045731441,161.487,0.047
s,8.045731716,159.571,0.0471
s,8.045689274,161.23,0.0471
s,8.045187326,160.841,0.0459
s,8.045187326,162.042,0.0459
s,8.045187326,160.896,0.0459
s,8.045187326,159.235,0.0459
s,8.045187066,162.194,0.0458
s,8.04491651,161.357,0.0458
s,8.04491651,160.165,0.0458
s,8.044696308,157.965,0.0458
s,8.044696308,159.578,0.0458
s,8.044696568,161.493,0.0459
s,8.044654107,161.041,0.0459
s,8.044654107,159.642,0.0459
s,8.044654107,161.349,0.0459
s,8.044696568,162.292,0.0459
s,8.044874568,161.022,0.046
s,8.044874568,158.879,0.046
s,8.045052308,161.605,0.046
s,8.04505257,158.019,0.0461
s,8.04505257,160.054,0.0461
s,8.045230573,159.2,0.0462
s,8.045230573,158.272,0.0462
s,8.045230573,159.63,0.0462
s,8.045230838,161.937,0.0463
s,8.045366655,158.744,0.0465
s,8.045366655,160.538,0.0465
s,8.045544396,159.149,0.0465
s,8.04550221,159.868,0.0466
s,8.04550221,162.1,0.0466
s,8.045638043,161.254,0.0468
s,8.045638043,161.686,0.0468
s,8.045595867,162.595,0.0469
s,8.045773612,160.735,0.0469
s,8.045731441,160.533,0.047
s,8.045689274,161.162,0.0471
s,8.045689274,161.409,0.0471
s,8.045689274,161.325,0.0471
s,8.045689274,160.58,0.0471
s,8.045689274,161.828,0.0471
s,8.045689274,159.252,0.0471
s,8.045689274,157.981,0.0471
s,8.045689274,158.148,0.0471
s,8.045511528,159.822,0.0471
s,8.045291065,158.397,0.047
s,8.04529134,162.689,0.0471
s,8.04529134,159.257,0.0471
s,8.04529134,160.867,0.0471
s,8.045426648,160.028,0.0471
s,8.045426925,160.928,0.0472
s,8.045426925,161.46,0.0472
s,8.045604673,158.357,0.0472
s,8.045604673,160.082,0.0472
m,8.045825135,157.536,0.0473
m,8.045825414,160.748,0.0474
m,8.046002883,153.241,0.0473
m,8.046138198,149.36,0.0473
m,8.047653112,154.87,0.0473
m,8.068049932,156.486,0.0475
m,8.07170928,157.519,0.0475
m,8.07514914,160.596,0.0475
m,8.082428043,154.413,0.0474
m,8.105072543,159.012,0.0469
m,8.112632666,156.643,0.0469
m,8.116435081,154.372,0.0471
m,8.120237269,157.519,0.047
m,8.124176721,158.694,0.047
m,8.144446763,160.461,0.0466
m,8.153266156,158.932,0.0465
m,8.157567347,151.818,0.0465
m,8.161869558,158.739,0.0466
m,8.166570109,152.843,0.0467
m,8.197162128,153.342,0.0464
m,8.20182754,160.168,0.0464
m,8.206136578,156.054,0.0462
m,8.210803826,150.257,0.0463
s,8.045468811,159.818,0.047
s,8.045468811,161.426,0.047
s,8.045468811,158.445,0.047
s,8.045468811,161.82,0.047
s,8.045469086,160.084,0.0471
s,8.04529134,160.472,0.0471
s,8.045426648,161.826,0.0471
s,8.045426648,160.928,0.0471
s,8.045426648,161.23,0.0471
s,8.045426648,161.87,0.0471
s,8.04564711,160.735,0.0472
s,8.045825135,157.504,0.0473
s,8.045825135,159.931,0.0473
m,8.045825135,154.928,0.0473
m,8.049751944,155.545,0.0473
m,8.055194816,151.104,0.0473
m,8.058141103,156.06,0.0473
m,8.06148596,159.223,0.0474
m,8.064788683,158.495,0.0474
m,8.086089446,155.815,0.0474
m,8.086089168,157.027,0.0473
m,8.093413187,156.836,0.0472
m,8.097253468,162.092,0.047
m,8.101272495,161.267,0.0469
m,8.127980146,157.22,0.0469
m,8.131962497,155.43,0.0469
m,8.135944926,159.978,0.0467
m,8.144447032,155.492,0.0467
m,8.170873277,158.634,0.0466
m,8.179537383,151.418,0.0466
m,8.183802178,160.724,0.0466
m,8.188150052,151.935,0.0467
m,8.192676063,153.808,0.0465
m,8.219621012,156.383,0.0464
m,8.223892611,160.497,0.0462
m,8.228481796,160.228,0.0462
m,8.233014873,162.761,0.0461
m,8.237825046,160.701,0.0462
m,8.242498384,161.252,0.0464
m,8.247311399,152.474,0.0469
m,8.257058943,154.293,0.0471
m,8.257058133,156.523,0.0468
m,8.266152258,149.01,0.0469
m,8.294229653,156.438,0.0468
m,8.298911455,157.551,0.0466
m,8.303515659,160.166,0.0469
m,8.303516199,162.166,0.0471
m,8.312150603,158.788,0.0473
m,8.342783805,158.181,0.0481
m,8.346798631,156.427,0.048
m,8.346798912,158.688,0.0481
m,8.355406662,156.909,0.0481
m,8.387488616,161.344,0.048
m,8.392403839,160.347,0.0479
m,8.397000301,162.706,0.0476
m,8.401558927,161.792,0.0475
m,8.411037157,158.598,0.0477
m,8.435817219,158.648,0.0477
m,8.440380529,161.267,0.0474
m,8.444906433,160.275,0.0473
m,8.44867575,160.8,0.0463
m,8.45306195,157.58,0.046
m,8.486225436,156.598,0.0443
m,8.491128675,158.177,0.0446
m,8.500896411,161.857,0.0445
m,8.505441139,159.093,0.0443
m,8.541042287,161.214,0.0444
m,8.546486591,158.088,0.0444
m,8.557375977,162.271,0.0442
m,8.562821526,161.979,0.0442
m,8.562820832,158.757,0.0439
m,8.596350881,158.22,0.0439
m,8.602014802,160.719,0.0434
m,8.607178956,160.197,0.0431
m,8.618443554,158.334,0.0429
m,8.618443122,162.265,0.0427
m,8.2706112,152.147,0.0469
m,8.275110836,155.557,0.0468
m,8.279789806,159.104,0.0467
m,8.289369484,161.906,0.0468
m,8.316221311,159.193,0.0475
m,8.320769033,161.49,0.0476
m,8.325099333,157.4,0.0478
m,8.329568953,161.863,0.0478
m,8.338590209,161.213,0.048
m,8.359602602,154.277,0.0482
m,8.363838398,159.504,0.0483
m,8.368431879,158.274,0.0482
m,8.377760844,160.41,0.0482
m,8.382495867,160.082,0.0481
m,8.416135265,161.051,0.0478
m,8.416135543,160.899,0.0479
m,8.425936268,161.017,0.0478
m,8.430895636,160.015,0.0477
m,8.462707925,160.454,0.046
m,8.462707925,160.851,0.046
m,8.471996075,158.636,0.0454
m,8.476640635,161.959,0.045
m,8.481541931,158.86,0.0448
m,8.510345601,158.279,0.0445
m,8.51524995,159.358,0.0445
m,8.52532572,160.918,0
m,8.530655203,158.858,0.0446
m,8.53573994,157.583,0.0445
m,8.573863971,159.432,0.0438
m,8.579423833,160.778,0.0438
m,8.584908516,162.339,0.0438
m,8.590648513,160.67,0.0439
m,8.629529387,158.226,0.0425
m,8.634874112,160.071,0.0421
m,8.640114377,157.163,0.0416
m,8.645100524,161.711,0.0411
m,8.650123592,160.877,0.0402
m,8.660928634,159.588,0.04
m,8.666925908,159.338,0.0399
m,8.672526704,161.408,0.0396
m,8.672525652,157.719,0.039
m,8.716208056,158.229,0.0375
m,8.721921951,160.987,0.0373
m,8.727598923,162.547,0.0372
m,8.727598773,161.733,0.0371
m,8.738953204,160.417,0.037
m,8.774386307,157.96,0.036
m,8.780856367,157.133,0.0357
m,8.787289656,160.459,0.0355
m,8.793400862,161.025,0.0353
m,8.799691611,158.489,0.035
m,8.835685738,157.349,0.0351
m,8.841475322,161.158,0.0351
m,8.847301709,158.697,0.035
m,8.853127988,162.066,0.0348
m,8.858954536,158.504,0.0348
m,8.896581356,159.847,0.035
m,8.901906071,159.14,0.0351
m,8.912338638,159.919,0.035
m,8.91748347,154.92,0.0349
m,8.948965957,155.416,0.035
m,8.954327401,158.755,0.035
m,8.964797088,160.508,0.0351
m,8.96968873,161.065,0.0351
m,8.974474417,162.078,0.0351
m,9.003151829,161.029,0.0352
m,9.003151829,162.064,0.0352
m,9.01279689,162.012,0.0352
m,9.017619427,154.651,0.0352
m,9.022405117,157.076,0.0352
m,9.050829872,161.607,0.0358
m,9.060115815,160.868,0.0359
m,9.064542513,161.37,0.0361
m,9.068789443,161.421,0.0362
m,8.683010212,162.394,0.0386
m,8.688469511,158.536,0.0384
m,8.693966034,163.209,0.0381
m,8.699462988,161.761,0.038
m,8.71071129,160.974,0.0379
m,8.744593112,159.456,0.0367
m,8.750270265,162.438,0.0364
m,8.755805049,159.823,0.0361
m,8.761699461,160.778,0.0361
m,8.805803346,159.907,0.0351
m,8.811915023,154.279,0.0351
m,8.818100637,161.609,0.0351
m,8.829859266,159.242,0.0351
m,8.870285301,161.375,0.0348
m,8.875789503,159.209,0.0348
m,8.875789503,159.609,0.0348
m,8.886364923,157.677,0.0348
m,8.891473137,161.629,0.0349
m,8.922448794,161.722,0.0349
m,8.927810362,159.392,0.035
m,8.933134958,157.967,0.035
m,8.938459553,157.654,0.035
m,8.943820997,157.313,0.035
m,8.979223393,159.642,0.0352
m,8.98400908,158.321,0.0352
m,8.988937569,153.172,0.0352
m,8.998329303,156.472,0.0352
m,9.027191066,154.238,0.0354
m,9.03194004,155.336,0.0355
m,9.041474574,159.579,0.0355
m,9.046223551,153.502,0.0356
m,9.050829872,159.235,0.0358
m,9.072893466,158.637,0.0362
m,9.080631682,157.258,0.0362
m,9.084302731,160.661,0.0362
m,9.088010798,158.242,0.0363
m,9.091502512,159.687,0.0365
m,9.095210888,159.255,0.0368
m,9.098449083,160.305,0.0369
m,9.102695907,160.08,0.0369
m,9.103271963,161.726,0.0371
m,9.103271963,161.085,0.0371
s,9.10208765,162.533,0.0366
s,9.101908028,160.89,0.0366
s,9.101944926,160.814,0.0366
s,9.101765305,160.959,0.0366
s,9.101622586,162.481,0.0366
s,9.100723925,158.222,0.0362
s,9.100723925,161.214,0.0362
s,9.100544307,159.602,0.0362
s,9.100544307,156.839,0.0362
s,9.100185212,162.433,0.0363
s,9.100005594,161.432,0.0363
s,9.100005454,160.468,0.0362
s,9.100005454,161.266,0.0362
s,9.099788789,160.888,0.0361
s,9.099645943,160.457,0.036
s,9.099645943,160.739,0.036
s,9.099609034,160.679,0.036
s,9.099609034,160.73,0.036
s,9.099609034,161.331,0.036
s,9.099789068,160.876,0.0363
s,9.099789068,159.795,0.0363
s,9.099789068,158.529,0.0363
s,9.099968686,160.133,0.0363
s,9.099968686,160.187,0.0363
s,9.100111399,160.34,0.0363
s,9.100111541,160.473,0.0364
s,9.100111541,158.529,0.0364
s,9.100291302,160.411,0.0365
s,9.100508113,161.378,0.0367
s,9.100508113,160.187,0.0367
s,9.100508113,159.824,0.0367
s,9.100687877,158.939,0.0368
s,9.100687877,160.147,0.0368
s,9.103128929,159.97,0.0369
s,9.102949159,159.579,0.0368
s,9.102626659,158.637,0.0367
s,9.102447038,160.341,0.0367
s,9.101442967,159.206,0.0366
s,9.10130011,157.521,0.0365
s,9.101299967,160.873,0.0364
s,9.101120208,160.731,0.0363
s,9.100723925,158.166,0.0362
s,9.100401597,158.947,0.0362
s,9.100401597,159.794,0.0362
s,9.100222121,158.94,0.0363
s,9.100222121,160.677,0.0363
s,9.100222121,159.604,0.0363
s,9.099788789,161.277,0.0361
s,9.099646081,161.863,0.0361
s,9.099646081,159.914,0.0361
s,9.099645943,160.726,0.036
s,9.099609034,157.666,0.036
s,9.099609034,158.32,0.036
s,9.099609172,158.399,0.0361
s,9.099609311,160.092,0.0362
s,9.099788928,161.061,0.0362
s,9.099968686,159.384,0.0363
s,9.09993164,155.461,0.0362
s,9.099931781,160.149,0.0363
s,9.099968686,159.246,0.0363
s,9.099968686,161.183,0.0363
s,9.100291446,162.421,0.0366
s,9.100471065,161.652,0.0366
s,9.100471065,160.94,0.0366
s,9.100507968,159.031,0.0366
s,9.100688024,161.015,0.0369
s,9.100830889,158.798,0.037
s,9.100831038,160.349,0.0371
s,9.101010807,162.316,0.0372
s,9.101010959,160.405,0.0373
s,9.100974213,156.836,0.0374
s,9.101153834,159.968,0.0374
s,9.101153987,159.977,0.0375
s,9.101154141,160.931,0.0376
s,9.101550436,157.222,0.0377
s,9.101550436,158.448,0.0377
s,9.101730214,159.234,0.0378
s,9.101767269,159.817,0.0379
s,9.101767269,158.071,0.0379
s,9.101909992,160.711,0.0379
s,9.101909992,159.531,0.0379
s,9.101909992,161.215,0.0379
s,9.101947049,161.969,0.038
s,9.101947049,157.489,0.038
s,9.101836363,161.617,0.038
s,9.101799473,161.063,0.038
s,9.101799473,160.727,0.038
s,9.101762585,159.713,0.038
s,9.101651775,159.189,0.0379
s,9.101472149,160.297,0.0379
s,9.101471991,157.446,0.0378
s,9.101435112,162.648,0.0378
s,9.101435112,160.68,0.0378
s,9.101398079,160.126,0.0377
s,9.101398079,160.455,0.0377
s,9.101398079,161.667,0.0377
s,9.101397923,157.959,0.0376
s,9.101361048,159.447,0.0376
s,9.101540832,162.73,0.0377
s,9.101540832,159.489,0.0377
s,9.101540989,161.26,0.0378
s,9.101504116,161.177,0.0378
s,9.101541146,160.572,0.0379
s,9.101541305,160.616,0.038
s,9.101578179,160.197,0.038
s,9.101794842,157.44,0.0381
s,9.101794842,161.174,0.0381
s,9.101333763,159.346,0.0376
s,9.101333763,161.81,0.0376
s,9.101333763,161.03,0.0376
s,9.10155028,160.351,0.0376
s,9.10155028,159.693,0.0376
s,9.101947049,158.191,0.038
s,9.101947049,161.509,0.038
s,9.10194689,157.212,0.0379
s,9.10194689,161.176,0.0379
s,9.101910311,161.226,0.0381
s,9.101910311,161.767,0.0381
s,9.101910311,160.34,0.0381
s,9.101873416,159.75,0.0381
s,9.101873416,159.303,0.0381
s,9.101725859,160.342,0.0381
s,9.101725859,161.919,0.0381
s,9.101688976,161.079,0.0381
s,9.101688976,160.676,0.0381
s,9.10150919,157.825,0.038
s,9.101434955,159.92,0.0377
s,9.101434955,159.54,0.0377
s,9.101435112,159.239,0.0378
s,9.101435112,161.061,0.0378
s,9.101361048,159.141,0.0376
s,9.101361048,161.908,0.0376
s,9.101540832,161.867,0.0377
s,9.101540832,160.528,0.0377
s,9.101540832,157.963,0.0377
s,9.101540989,159.201,0.0378
s,9.101504116,158.761,0.0378
s,9.101504116,162.537,0.0378
s,9.101504116,160.778,0.0378
s,9.101540989,159.556,0.0378
s,9.101831722,162.277,0.0381
s,9.101831883,154.633,0.0382
s,9.101868762,160.79,0.0382
s,9.10204855,162.033,0.0383
s,9.102085432,161.066,0.0383
s,9.102085596,160.761,0.0384
s,9.102122644,159.194,0.0385
s,9.102302269,158.803,0.0385
s,9.102339321,160.402,0.0386
s,9.102519278,160.297,0.0388
s,9.102698903,159.485,0.0388
s,9.102735958,161.114,0.0389
s,9.102735958,160.718,0.0389
s,9.102915923,161.21,0.0391
s,9.103095719,158.593,0.0392
s,9.103095719,159.098,0.0392
s,9.103095719,161.329,0.0392
m,9.103312404,160.031,0.0393
m,9.104644072,162.14,0.0396
m,9.106730776,156.728,0.0397
m,9.109429949,158.888,0.0397
m,9.112309105,157.196,0.0399
m,9.115187904,161.612,0.0399
m,9.139085105,155.724,0.0403
m,9.147072135,157.189,0.0404
m,9.147072886,160.42,0.0408
m,9.154806898,157.116,0.0411
m,9.183193736,160.22,0.041
m,9.187440376,160.605,0.0409
m,9.191829751,155.658,0.0408
m,9.196256018,160.216,0.0407
m,9.20064521,159.715,0.0405
m,9.230763631,153.764,0.0401
m,9.236484523,158.78,0.0402
m,9.242062508,157.281,0.0402
m,9.251850442,159.93,0.0402
m,9.256276728,156.219,0.0401
m,9.283322082,160.218,0.0408
m,9.292692573,160.942,0.0407
m,9.297414944,158.711,0.0406
m,9.302137492,161.839,0.0405
s,9.102339321,159.447,0.0386
s,9.102339321,161.215,0.0386
s,9.102519111,159.984,0.0387
s,9.102519111,157.496,0.0387
s,9.102519278,161.336,0.0388
s,9.102736128,159.333,0.039
s,9.102736128,159.854,0.039
s,9.102736128,160.017,0.039
s,9.102736128,157.705,0.039
s,9.102915923,159.804,0.0391
m,9.103312578,160.572,0.0394
m,9.103312578,157.774,0.0394
m,9.10352909,159.04,0.0394
m,9.103529265,161.473,0.0395
m,9.121811747,158.648,0.04
m,9.125086687,157.141,0.04
m,9.128361811,160.471,0.0401
m,9.13181674,162.367,0.0403
m,9.135234218,159.152,0.0402
m,9.158620702,159.011,0.0411
m,9.162614324,156.658,0.0412
m,9.166644644,160.152,0.0412
m,9.174990556,158.875,0.0411
m,9.178983794,156.84,0.041
m,9.205034592,156.844,0.0404
m,9.209640672,158.465,0.0404
m,9.219824549,160.552,0.0403
m,9.225185648,162.57,0.0401
m,9.260740102,157.955,0.0401
m,9.26502405,155.528,0.0402
m,9.273919296,161.582,0.0404
m,9.278530661,158.562,0.0405
m,9.283321893,161.725,0.0407
m,9.306754384,156.124,0.0402
m,9.315884597,155.704,0.0401
m,9.320180808,160.335,0.04
m,9.324514557,161.048,0.0399
m,9.328527067,159.416,0.0399
m,9.332539932,154.948,0.0398
m,9.336627888,153.694,0.0397
m,9.3446639,158.808,0.0396
m,9.348649291,160.161,0.0395
m,9.348648944,158.154,0.0393
m,9.37051184,156.706,0.0389
m,9.376929856,159.168,0.0386
m,9.380140432,158.656,0.0382
m,9.383531794,161.679,0.0379
m,9.383531171,159.889,0.0375
m,9.414126716,156.631,0.0357
m,9.41855289,156.924,0.0355
m,9.422864361,160.119,0.0352
m,9.427457816,157.701,0.035
m,9.460330091,158.725,0.0342
m,9.464591111,161.59,0.0342
m,9.468813938,158.447,0.0342
m,9.472819358,162.103,0.0341
m,9.476569338,156.824,0.0341
m,9.495705297,157.316,0.034
m,9.497013878,155.275,0.034
m,9.499376534,155.658,0.034
m,9.500647958,157.053,0.034
m,9.501919698,157.311,0.034
m,9.507545446,162.962,0.0338
m,9.509945331,162.467,0.0338
m,9.511166113,154.779,0.0339
m,9.512529987,157.182,0.034
m,9.518171562,157.195,0.0343
m,9.519509909,160.98,0.0343
m,9.520559559,159.72,0.0344
m,9.521647949,160.989,0.0345
m,9.522268252,161.279,0.0347
m,9.522584116,158.267,0.0349
m,9.522425044,158.214,0.0349
m,9.522052017,156.435,0.035
m,9.521608437,161.641,0.035
m,9.521383629,159.74,0.0352
m,9.35644308,161.573,0.0392
m,9.36007243,157.685,0.0392
m,9.363598311,159.765,0.0391
m,9.367087696,161.497,0.039
m,9.390497339,160.493,0.0371
m,9.394071791,154.178,0.0368
m,9.397826297,151.934,0.0362
m,9.401506236,156.76,0.036
m,9.409765466,160.729,0.0359
m,9.432013081,156.585,0.0348
m,9.436811636,160.706,0.0347
m,9.446613551,163.335,0.0346
m,9.446613307,159.024,0.0344
m,9.45581338,155.829,0.0343
m,9.487004071,158.497,0.034
m,9.487004071,160.491,0.034
m,9.492474971,161.586,0.034
m,9.494141635,157.903,0.0341
m,9.502832937,159.72,0.0338
m,9.503643218,156.795,0.0338
m,9.504557079,160.337,0.0337
m,9.505537061,159.006,0.0337
m,9.507545332,162.258,0.0337
m,9.513640695,160.256,0.034
m,9.51475308,160.153,0.0341
m,9.515650181,159.573,0.0342
m,9.517411818,161.088,0.0342
m,9.518171443,161.629,0.0342
m,9.52175436,161.832,0.0347
m,9.521269042,158,0.0347
m,9.523121206,162.299,0.0348
m,9.522528969,161.484,0.0349
m,9.520328569,158.711,0.0354
m,9.51985943,158.923,0.0356
m,9.519392452,162.657,0.0357
m,9.519143146,162.467,0.0358
m,9.518644061,161.052,0.0359
m,9.51807552,154.97,0.036
m,9.517544912,162.059,0.0361
m,9.516705384,156.631,0.0361
m,9.516705524,158.881,0.0362
m,9.515427883,162.042,0.0362
m,9.515190294,157.78,0.0363
m,9.514326301,156.674,0.0363
m,9.514326585,159.173,0.0365
m,9.513297059,159.266,0.0366
m,9.510632316,156.627,0.0373
m,9.510247406,159.123,0.0376
m,9.51005991,159.525,0.0378
m,9.510060067,158.66,0.0379
m,9.510019431,160.783,0.0381
m,9.509026781,161.78,0.0396
m,9.508623629,160.695,0.0398
m,9.508623986,162.192,0.04
m,9.507835626,159.271,0.0402
m,9.504891042,155.141,0.0415
m,9.504376956,157.072,0.0417
m,9.504078818,155.901,0.0418
m,9.503749969,158.97,0.0418
m,9.503242959,158.772,0.0419
m,9.502934553,156.667,0.0423
m,9.503082802,161.348,0.0425
m,9.503831566,151.078,0.0426
m,9.504283907,149.966,0.0426
m,9.504525686,151.761,0.0426
m,9.508567699,153.915,0.0428
m,9.510784666,151.758,0.0429
m,9.511956715,158.791,0.0431
m,9.513162581,156.874,0.0432
m,9.521791217,152.555,0.0439
m,9.526149015,160.773,0.0441
m,9.528406773,160.652,0.0443
m,9.530878713,161.315,0.0445
m,9.533201771,155.458,0.0447
m,9.516266766,157.35,0.0362
m,9.51624433,157.804,0.0362
m,9.516148649,161.592,0.0361
m,9.515979582,155.354,0.0361
m,9.515775826,156.237,0.0361
m,9.512714931,161.048,0.0368
m,9.51227979,161.33,0.0369
m,9.511666253,159.411,0.037
m,9.511130759,162.16,0.0371
m,9.509963601,162.133,0.0383
m,9.509695311,160.054,0.0386
m,9.509462962,162.615,0.0388
m,9.509379542,158.144,0.0393
m,9.509285137,158.606,0.0394
m,9.507485032,160.374,0.0404
m,9.506989514,158.671,0.0405
m,9.506644154,155.878,0.0409
m,9.505712605,154.449,0.0411
m,9.505193698,158.321,0.0413
m,9.503017324,158.926,0.042
m,9.502793738,155.869,0.0421
m,9.502695913,155.945,0.0422
m,9.502756191,161.691,0.0422
m,9.505132192,155.269,0.0426
m,9.505132192,156.258,0.0426
m,9.506321686,156.199,0.0427
m,9.506904624,152.307,0.0427
m,9.507734774,160.491,0.0427
m,9.514402244,149.252,0.0433
m,9.515644183,147.962,0.0433
m,9.517101135,151.023,0.0434
m,9.518410288,161.473,0.0436
m,9.520084113,157.446,0.0437
m,9.535557629,158.831,0.0451
m,9.53800581,159.844,0.0453
m,9.542603464,155.456,0.0455
m,9.545448835,161.155,0.0456
m,9.545448835,158.986,0.0456
m,9.550810462,157.375,0.0457
m,9.553538354,158.208,0.0458
m,9.556056601,155.811,0.0462
m,9.558665778,157.31,0.0466
m,9.569625559,162.126,0.0476
m,9.570567132,160.778,0.0477
m,9.573240167,150.291,0.0479
m,9.57324043,157.913,0.048
m,9.59086975,155.317,0.0487
m,9.594790406,153.509,0.0487
m,9.596431907,151.88,0.0488
m,9.596431637,155.815,0.0487
m,9.599046222,150.905,0.0487
m,9.613711268,151.827,0.049
m,9.616816004,153.565,0.049
m,9.619950412,158.88,0.049
m,9.623085097,155.337,0.0489
m,9.626249582,159.897,0.0489
m,9.64636629,160.565,0.0491
m,9.64911335,152.307,0.049
m,9.651832603,158.527,0.049
m,9.654314464,159.325,0.0494
m,9.652841114,160.924,0.05
m,9.651226654,157.704,0.05
m,9.649642138,151.66,0.0502
m,9.645971439,153.368,0.0502
m,9.643942476,151.661,0.0503
m,9.634617031,155.032,0.0499
m,9.632723535,161.162,0.0498
m,9.628814434,150.917,0.0496
m,9.626925979,152.701,0.0495
m,9.625093628,154.801,0.0493
m,9.614109201,152.329,0.0476
m,9.610048108,155.28,0.0473
m,9.607939391,148.491,0.0471
m,9.60580591,147.66,0.0469
m,9.562944848,158.314,0.0468
m,9.564645276,161.497,0.0471
m,9.566012344,160.616,0.0473
m,9.567257305,153.908,0.0474
m,9.56850245,155.815,0.0475
m,9.577768357,152.847,0.0481
m,9.580291078,159.863,0.0482
m,9.582814716,160.014,0.0484
m,9.585520437,155.772,0.0485
m,9.588256258,155.552,0.0486
m,9.600382696,155.285,0.0486
m,9.602358695,156.712,0.0486
m,9.604582015,153.623,0.0488
m,9.610425109,156.32,0.0489
m,9.629204051,156.204,0.049
m,9.635114039,161.027,0.049
m,9.635114312,155.854,0.0491
m,9.640844564,161.771,0.0491
m,9.643590768,154.81,0.0491
m,9.656500374,161.473,0.0496
m,9.657776293,157.576,0.0499
m,9.657776576,157.403,0.05
m,9.655976839,160.489,0.05
m,9.654456854,161.117,0.05
m,9.64209676,152.944,0.0503
m,9.64007043,150.05,0.0503
m,9.638381729,151.637,0.0502
m,9.636484845,150.458,0.0501
m,9.623290038,152.45,0.0491
m,9.623289492,153.975,0.0489
m,9.619659568,155.366,0.0486
m,9.617887011,148.677,0.0483
m,9.616115995,155.981,0.0481
m,9.603621209,156.909,0.0467
m,9.601465496,146.909,0.0465
m,9.59912965,161.353,0.0463
m,9.597160833,149.683,0.0461
m,9.595038262,145.892,0.0459
m,9.592918048,148.251,0.0458
m,9.588893322,154.817,0.0459
m,9.587249263,148.227,0.046
m,9.585632665,148.969,0.046
m,9.584200346,150.109,0.0461
m,9.577631667,154.114,0.0461
m,9.575666547,153.778,0.0461
m,9.574997603,150.286,0.0461
m,9.573964508,151.05,0.0462
m,9.573038332,158.684,0.0463
m,9.564567022,157.381,0.0468
m,9.563526324,154.707,0.0468
m,9.561533373,154.707,0.0469
m,9.561533373,158.471,0.0469
m,9.556453236,151.806,0.0477
m,9.555432362,153.382,0.0477
m,9.554912668,158.392,0.0477
m,9.554912668,151.189,0.0477
m,9.554244712,159.238,0.0476
m,9.552106086,159.294,0.0475
m,9.551693073,159.822,0.0476
m,9.551465126,154.403,0.0475
m,9.551464869,156.307,0.0474
m,9.550904026,156.945,0.0473
m,9.549233676,160.31,0.0474
m,9.549098763,153.481,0.0474
m,9.548783094,151.726,0.0475
m,9.548469298,154.062,0.0475
m,9.546830784,152.914,0.0471
m,9.546555722,153.283,0.0471
m,9.5462824,159.196,0.047
m,9.545969086,158.177,0.0469
m,9.545540366,154.455,0.0469
m,9.54455712,152.015,0.0467
m,9.544301205,155.145,0.0464
m,9.543916704,155.523,0.0465
m,9.543829729,151.597,0.0464
m,9.543744911,154.895,0.0463
m,9.582795274,147.907,0.0461
m,9.581391645,150.409,0.0461
m,9.578797031,152.3,0.0461
m,9.577631667,155.746,0.0461
m,9.570412635,151.061,0.0464
m,9.569130252,150.775,0.0465
m,9.567849961,151.582,0.0467
m,9.566728773,160.9,0.0468
m,9.565634441,155.31,0.0468
m,9.559730746,151.449,0.047
m,9.559064503,150.687,0.0471
m,9.558400189,147.605,0.0473
m,9.557663973,155.928,0.0475
m,9.556954024,148.654,0.0476
m,9.553913846,157.52,0.0476
m,9.553401775,154.477,0.0475
m,9.553075129,154.92,0.0476
m,9.552956701,161.486,0.0475
m,9.550753205,152.723,0.0471
m,9.55058184,161.674,0.0471
m,9.55020732,161.593,0.0474
m,9.549922178,159.355,0.0474
m,9.549576791,154.508,0.0474
m,9.548157373,161.323,0.0474
m,9.547767991,154.313,0.0472
m,9.547767737,149.96,0.0471
m,9.54738714,152.653,0.0472
m,9.546924836,159.987,0.0472
m,9.545436905,158.493,0.047
m,9.545436653,154.048,0.0469
m,9.544911943,160.896,0.0468
m,9.544814535,159.976,0.0468
m,9.543478785,158.749,0.0462
m,9.543478785,160.738,0.0462
m,9.543194949,149.515,0.0462
m,9.543035868,151.412,0.0461
m,9.542675042,153.388,0.0459
m,9.542296698,153.412,0.0458
m,9.541895843,160.928,0.0456
m,9.541689982,161.979,0.0455
m,9.541507697,160.292,0.0454
m,9.541638633,161.233,0.044
m,9.541215451,161.851,0.044
m,9.541099623,155.974,0.0439
m,9.540802828,161.394,0.0438
m,9.540547596,162.093,0.0437
m,9.539339867,155.923,0.0434
m,9.539116691,157.961,0.0432
m,9.538990722,158.704,0.0431
m,9.538849164,155.866,0.043
m,9.538747653,157.855,0.0427
m,9.538287739,155.398,0.0419
m,9.538209972,162.604,0.0417
m,9.538135136,154.597,0.0415
m,9.537879238,160.727,0.0413
m,9.537240185,159.926,0.0403
m,9.537042,159.709,0.0401
m,9.536846406,155.237,0.0399
m,9.536653399,158.325,0.0397
m,9.536278513,156.823,0.0393
m,9.535274109,157.048,0.0391
m,9.535269767,153.528,0.0392
m,9.535116518,157.288,0.0393
m,9.534965703,160.093,0.0394
m,9.534671203,154.315,0.0395
m,9.534246439,155.961,0.0401
m,9.534343816,161.703,0.0402
m,9.534343816,161.822,0.0402
m,9.534481711,157.519,0.0402
m,9.533409279,158.383,0.0403
m,9.533561849,158.383,0.0401
m,9.533450243,161.842,0.04
m,9.533525846,157.816,0.04
m,9.533235159,155.063,0.04
m,9.541348501,157.383,0.0452
m,9.541348268,156.666,0.0451
m,9.541733546,161.529,0.0449
m,9.541727055,159.872,0.0447
m,9.541783527,154.873,0.0445
m,9.540294576,154.638,0.0435
m,9.540025373,153.347,0.0436
m,9.53973935,161.625,0.0436
m,9.539436745,159.447,0.0435
m,9.538612665,156.282,0.0427
m,9.538499163,156.49,0.0426
m,9.53859122,156.445,0.0426
m,9.538502098,158.756,0.0425
m,9.538415297,152.322,0.0421
m,9.537607988,160.936,0.0408
m,9.537542199,161.753,0.0407
m,9.537419782,162.662,0.0407
m,9.537362594,155.092,0.0405
m,9.537362409,153.012,0.0404
m,9.536107482,161.775,0.0391
m,9.535773405,162.601,0.0391
m,9.535593438,157.432,0.0391
m,9.535593438,162.209,0.0391
m,9.534527517,158.578,0.0395
m,9.53438644,154.517,0.0396
m,9.534400436,159.546,0.0397
m,9.534464405,153.952,0.0398
m,9.534361879,155.083,0.0398
m,9.534347242,152.101,0.0403
m,9.533846653,153.525,0.0404
m,9.533732217,154.77,0.0404
m,9.533605233,156.013,0.0404
m,9.533344201,154.969,0.0404
m,9.53313168,160.937,0.0401
m,9.532846143,160.082,0.0401
m,9.532112347,154.615,0.0401
m,9.531649763,162.031,0.04
m,9.531189556,157.99,0.0398
m,9.531189379,157.456,0.0397
m,9.530447947,158.119,0.0396
m,9.529783825,162.336,0.0395
m,9.528517937,159.768,0
m,9.522939022,151.406,0.0391
m,9.522180609,162.033,0.0391
m,9.521385688,152.563,0.0391
m,9.520434244,161.683,0.0391
m,9.51478479,160.268,0.0395
m,9.514060258,155.06,0.0396
m,9.513522192,151.828,0.0396
m,9.512801397,157.664,0.0396
m,9.512267258,150.39,0.0396
m,9.508665892,157.189,0.0397
m,9.507994782,150.86,0.0397
m,9.507325421,155.298,0.0398
m,9.506853661,150.605,0.0398
m,9.505729939,150.166,0.0399
m,9.502969421,160.749,0.0398
m,9.501868652,154.246,0.0398
m,9.501868652,156.948,0.0398
m,9.500393327,155.481,0.0398
m,9.496133428,152.595,0.0394
m,9.495630782,158.019,0.0395
m,9.495631133,158.64,0.0397
m,9.494591995,161.931,0.0397
m,9.493891557,162.379,0.0398
m,9.489699763,160.237,0.0399
m,9.489034618,160.487,0.0398
m,9.48903409,161.002,0.0395
m,9.487701927,154.579,0.0397
m,9.487025094,160.827,0.0396
m,9.482195064,161.059,0.041
m,9.482195834,157.682,0.0414
m,9.478055691,163.177,0
m,9.477815987,162.148,0.0421
m,9.527876206,159.804,0.0395
m,9.527105274,160.355,0.0394
m,9.526336426,162.461,0.0393
m,9.524633881,155.102,0.0393
m,9.524633881,161.304,0.0393
m,9.519631847,152.494,0.0393
m,9.518685227,152.669,0.0394
m,9.517937862,149.221,0.0394
m,9.517180091,149.036,0.0394
m,9.516449574,152.125,0.0395
m,9.511550376,152.952,0.0396
m,9.510835449,158.911,0.0396
m,9.50981616,151.99,0.0396
m,9.509816336,150.713,0.0397
m,9.505077788,157.808,0.0399
m,9.504623087,152.301,0.0399
m,9.504147414,155.329,0.0399
m,9.503880312,158.554,0.0399
m,9.503418553,157.614,0.0398
m,9.499549483,161.445,0.0398
m,9.499087439,157.828,0.0397
m,9.498616596,159.752,0.0397
m,9.498157611,158.914,0.0395
m,9.497494842,154.63,0.0395
m,9.493193493,161.657,0.0398
m,9.49250781,156.475,0.0398
m,9.491844226,161.705,0.0399
m,9.491007353,158.506,0.0399
m,9.486526764,154.399,0.0396
m,9.486040432,163.021,0.0397
m,9.485363046,150.805,0.04
m,9.484218403,159.714,0.0402
m,9.483205608,155.915,0.0406
m,9.477200324,161.031,0.0425
m,9.476578469,161.111,0.043
m,9.475339653,159.239,0.0433
m,9.474932892,152.053,0.0434
m,9.47453598,162.88,0.0435
m,9.473939507,155.995,0.0436
m,9.473514147,159.774,0.0438
m,9.473067396,160.451,0.0441
m,9.472630165,161.066,0.044
m,9.471547419,151.242,0.0439
m,9.467973447,161.523,0.0441
m,9.467563008,159.478,0.0441
m,9.466542617,162.302,0.0441
m,9.465940117,159.01,0.0441
m,9.465353815,155.261,0.044
m,9.461870164,158.782,0.044
m,9.460932209,160.338,0.0441
m,9.460181645,159.519,0.0442
m,9.459414555,161.963,0.0442
m,9.45537325,161.117,0.0445
m,9.45480831,163.078,0.0445
m,9.454241067,161.507,0.0446
m,9.453687367,162.704,0.0446
m,9.453125868,161.264,0.0446
m,9.450415359,160.672,0.0447
m,9.450069288,161.895,0.0447
m,9.449550213,160.167,0.0448
m,9.449214242,161.401,0.0449
m,9.449074534,161.314,0.0448
m,9.447887252,162.244,0.0449
m,9.44774969,163.408,0.0453
m,9.447618478,161.62,0.0455
m,9.447916291,161.359,0.0456
m,9.448917534,158.557,0.0454
m,9.449469595,162.1,0.0453
m,9.449469595,160.909,0.0453
m,9.450219189,162.253,0.0452
m,9.45087522,162.28,0.0451
m,9.453726897,160.751,0.045
m,9.454395482,162.599,0.0449
m,9.454395021,160.669,0.0447
m,9.456104612,161.815,0.0445
m,9.456776006,162.813,0.0446
m,9.471547419,155.001,0.0439
m,9.469943394,153.936,0.044
m,9.469163832,159.59,0.0441
m,9.468563854,162.016,0.0441
m,9.465353594,157.546,0.0439
m,9.464757128,161.402,0.0439
m,9.464369542,161.151,0.0439
m,9.46361408,161.073,0.044
m,9.463025928,162.051,0.044
m,9.45883511,160.34,0.0441
m,9.458443996,159.826,0.0442
m,9.457864533,160.859,0.0443
m,9.456528921,158.208,0.0444
m,9.456528921,162.356,0.0444
m,9.452758039,157.578,0.0447
m,9.451660272,159.169,0.0447
m,9.451120452,160.751,0.0446
m,9.451120681,161.66,0.0447
m,9.448784985,161.159,0.0447
m,9.448640226,159.874,0.0448
m,9.448497993,160.154,0.0448
m,9.448358286,161.148,0.0447
m,9.448217818,161.795,0.0448
m,9.448157264,161.072,0.0457
m,9.4482194,162.813,0.0457
m,9.448109022,160.771,0.0456
m,9.448374735,159.216,0.0454
m,9.448646521,161.71,0.0454
m,9.451345666,161.122,0.045
m,9.451821111,161.303,0.0449
m,9.452296387,161.706,0.0448
m,9.452772649,162.574,0.0451
m,9.457635327,161.658,0.0445
m,9.458684766,158.82,0.0444
m,9.459739767,161.157,0.044
m,9.460800982,160.992,0.0438
m,9.462557331,160.746,0.0436
m,9.463623123,161.604,0.0435
m,9.463623123,161.2,0.0435
m,9.465763172,162.158,0.0436
m,9.466841891,162.188,0.0438
m,9.474445378,161.393,0.0446
m,9.475539772,161.303,0.0445
m,9.476451592,160.088,0.0445
m,9.477551032,162.085,0.0447
m,9.479938201,161.806,0.0447
m,9.486408122,160.542,0.0445
m,9.489195156,161.2,0.0445
m,9.490499633,162.719,0.0445
m,9.491806968,160.696,0.0446
m,9.493301181,162.092,0.0447
m,9.501768073,161.666,0.0444
m,9.502722025,161.465,0.0447
m,9.503676257,161.301,0.0447
m,9.504821381,159.804,0.0449
m,9.513442916,161.189,0.0452
m,9.514787168,157.767,0.0452
m,9.516133398,155.45,0.0452
m,9.517110188,154.178,0.0456
m,9.518269676,159.447,0.0457
m,9.526039168,162.858,0.0453
m,9.527219975,161.404,0.0453
m,9.528210401,162.667,0.0453
m,9.529205007,160.382,0.0453
m,9.530386724,161.06,0.0453
m,9.538545246,155.101,0.045
m,9.539199141,153.94,0.0452
m,9.54003707,150.192,0.0452
m,9.542447486,162.13,0.0452
m,9.550294121,161.139,0.0458
m,9.551522051,158.48,0.0459
m,9.552934086,155.389,0.0462
m,9.55416225,161.062,0.0462
m,9.557369848,150.029,0.0462
m,9.467739215,160.606,0.0439
m,9.468820835,161.285,0.0441
m,9.470990158,163.743,0.0447
m,9.472077088,162.279,0.0447
m,9.473352528,162.469,0.0448
m,9.479938201,161.408,0.0447
m,9.482520079,161.787,0.0447
m,9.483814427,162.301,0.0447
m,9.485295573,162.142,0.0446
m,9.494425267,161.891,0.0445
m,9.495551216,160.03,0.0443
m,9.496679474,162.526,0.0443
m,9.497810506,160.998,0.0444
m,9.499127085,160.786,0.0444
m,9.505594695,161.353,0.0451
m,9.506742678,160.142,0.0452
m,9.508076538,159.759,0.0452
m,9.510755994,156.708,0.0452
m,9.510755994,161.244,0.0452
m,9.520983444,154.285,0.0457
m,9.522343958,156.94,0.0458
m,9.523511903,161.741,0.0455
m,9.523511666,163.765,0.0454
m,9.532758342,159.407,0.0453
m,9.533945872,161.837,0.0454
m,9.535134531,159.754,0.0452
m,9.53651914,156.888,0.0451
m,9.53734797,155.099,0.0453
m,9.543655874,156.367,0.0453
m,9.544869663,156.102,0.0454
m,9.546263554,159.101,0.0454
m,9.546263554,156.622,0.0454
m,9.548890239,159.255,0.0456
m,9.558789829,161.438,0.0463
m,9.562855358,161.292,0.0466
m,9.562855607,156.843,0.0467
m,9.565695512,152.45,0.0468
m,9.568353365,154.665,0.0471
m,9.569599695,150.594,0.0474
m,9.570843251,155.268,0.0477
m,9.571908754,158.396,0.0482
m,9.5733361,154.705,0.0484
m,9.580610395,147.123,0.0508
m,9.581861721,156.767,0.0513
m,9.583114628,150.229,0.0518
m,9.584368505,157.577,0.0521
m,9.596857763,162.037,0.0548
m,9.598891342,159.358,0.0554
m,9.600920204,158.895,0.0558
m,9.60293865,160.963,0.0562
m,9.604939732,161.642,0.0565
m,9.611906599,161.291,0.0569
m,9.612711552,154.558,0.057
m,9.613510647,159.447,0.0572
m,9.614303105,161.957,0.0573
m,9.615089231,159.513,0.0574
m,9.613792037,162.037,0.0588
m,9.613608802,160.099,0.0593
m,9.613424822,161.904,0.0596
m,9.612870605,162.106,0.0599
m,9.617235446,157.406,0.0612
m,9.619212742,162.273,0.0614
m,9.619213548,158.904,0.0616
m,9.623361148,163.004,0.0617
m,9.625354386,158.182,0.0619
m,9.640205414,152.45,0.0621
m,9.642796586,161.105,0.0622
m,9.642795769,155.486,0.062
m,9.64854465,156.802,0.0621
m,9.651139916,161.557,0.0621
m,9.669956386,161.042,0.0637
m,9.672765727,161.043,0.064
m,9.675575926,160.034,0.0641
m,9.680840658,161.11,0.0646
m,9.573337178,157.129,0.0488
m,9.575646068,157.485,0.0491
m,9.576718822,153.889,0.0495
m,9.577602948,157.769,0.0498
m,9.578484289,156.812,0.0503
m,9.585821149,156.558,0.0527
m,9.587274996,152.388,0.0531
m,9.588916788,150.634,0.0538
m,9.590743944,163.3,0.054
m,9.592770333,159.971,0.0544
m,9.606921889,161.552,0.0564
m,9.608140655,162.759,0.0567
m,9.6101253,160.605,0.0568
m,9.6101253,160.699,0.0568
m,9.61490483,159.014,0.0576
m,9.614535309,159.941,0.0578
m,9.614351284,161.666,0.0581
m,9.614166897,158.76,0.0583
m,9.613976413,161.98,0.0586
m,9.612686645,159.101,0.0602
m,9.61269351,157.911,0.0603
m,9.612898465,157.814,0.0604
m,9.613301942,160.162,0.0606
m,9.614108283,159.991,0.0608
m,9.627539698,152.894,0.0619
m,9.629732935,162.392,0.0619
m,9.632290229,151.69,0.0618
m,9.635056181,157.927,0.0621
m,9.653731354,157.154,0.0626
m,9.65615188,161.335,0.0626
m,9.661384221,156.447,0.0629
m,9.664173437,160.606,0.0632
m,9.666971379,161.389,0.0634
m,9.683656919,161.458,0.0649
m,9.683659114,157.933,0.0654
m,9.68911817,157.878,0.0656
m,9.692133783,157.468,0.0661
m,9.694929416,156.425,0.0658
m,9.697577497,159.365,0.0661
m,9.70116132,161.413,0.0665
m,9.70379523,156.552,0.0666
m,9.709111325,158.343,0.0669
m,9.711583111,155.71,0.0671
m,9.727789258,152.953,0.0658
m,9.733447128,156.278,0.0656
m,9.736448623,157.29,0.0653
m,9.739265628,161.911,0.0648
m,9.741899896,156.946,0.0645
m,9.76138121,158.44,0.0629
m,9.76386196,156.004,0.0628
m,9.766538976,157.985,0.0627
m,9.772266578,160.586,0.0622
m,9.79320603,159.639,0.0602
m,9.796052035,156.681,0.0599
m,9.798735027,158.811,0.0595
m,9.801604785,157.347,0.0592
m,9.804496114,160.143,0.0586
m,9.820640755,159.545,0.0575
m,9.823394183,162.24,0.0572
m,9.826160548,162.58,0.0568
m,9.828732586,159.982,0.0562
m,9.831122739,162.057,0.0558
m,9.846495174,161.045,0.0536
m,9.848372222,162.057,0.0534
m,9.852527498,159.562,0.0531
m,9.854608956,158.014,0.0529
m,9.867634538,161.438,0.0515
m,9.869957328,158.964,0.0512
m,9.874153375,161.296,0.0505
m,9.876407383,156.761,0.05
m,9.878294637,160.213,0.0496
m,9.891394537,161.305,0.0472
m,9.891393539,156.675,0.0468
m,9.895389306,161.256,0.0464
m,9.897270584,156.545,0.046
m,9.89915403,161.738,0.0457
m,9.711582653,159.722,0.067
m,9.71799907,161.211,0.0666
m,9.721205889,159.489,0.0665
m,9.724589507,160.642,0.0662
m,9.741899037,160.11,0.0643
m,9.747571772,158.785,0.0642
m,9.750414463,159.09,0.064
m,9.753247925,156.285,0.0635
m,9.756083674,160.145,0.0632
m,9.775482067,161.462,0.0618
m,9.77815557,161.978,0.0617
m,9.781187887,160.697,0.061
m,9.784223999,160.259,0.0609
m,9.790720771,160.648,0.0605
m,9.807205507,161.063,0.0583
m,9.812848958,161.346,0.0583
m,9.812848229,160.687,0.0581
m,9.817922571,161.311,0.0579
m,9.836246015,158.791,0.0553
m,9.838608182,161.506,0.0549
m,9.838606869,160.471,0.0545
m,9.842795577,161.163,0.0542
m,9.84463261,158.884,0.0539
m,9.8567061,160.577,0.053
m,9.858620738,161.388,0.0529
m,9.860341864,156.668,0.053
m,9.862840459,161.49,0.0528
m,9.865512252,161.539,0.0519
m,9.880750615,160.207,0.0491
m,9.882879373,161.15,0.0488
m,9.885194456,160.482,0.0481
m,9.88928211,153.462,0.0478
m,9.901025471,156.146,0.0453
m,9.902701594,159.985,0.0454
m,9.905605691,153.245,0.0452
m,9.906976047,154.303,0.045
m,9.908642844,157.029,0.0446
m,9.908911611,159.19,0.0448
m,9.909151802,162.002,0.0447
m,9.909590515,156.992,0.0446
m,9.910029279,161.156,0.0445
m,9.912590675,161.647,0.0442
m,9.913824909,160.384,0.0443
m,9.917953855,155.748,0.0444
m,9.917953855,160.522,0.0444
m,9.922168412,161.784,0.0445
m,9.927023052,158.543,0.0444
m,9.926867166,160.755,0.0444
s,9.926696999,160.385,0.0444
s,9.926696999,159.006,0.0444
s,9.926356895,158.74,0.0445
s,9.926643065,159.461,0.0452
s,9.926657608,158.59,0.0453
s,9.926657841,159.315,0.0454
s,9.926842763,160.371,0.0456
s,9.927795817,158.689,0.0465
s,9.92816546,159.412,0.0468
s,9.928165957,161.154,0.047
s,9.928350911,158.587,0.0472
s,9.928521302,160.163,0.0473
s,9.929630076,161.438,0.0481
s,9.929814791,158.245,0.0482
s,9.92998546,156.453,0.0484
s,9.930170443,158.592,0.0486
s,9.930525311,159.19,0.0487
s,9.931265843,157.54,0.0497
s,9.931266676,158.486,0.05
s,9.931636429,158.034,0.0503
s,9.931637566,158.32,0.0507
s,9.931869351,158.557,0.0522
s,9.931869956,160.172,0.0524
s,9.931870871,159.983,0.0527
s,9.931871486,159.381,0.0529
s,9.931886415,158.918,0.0531
m,9.910283386,155.405,0.0443
m,9.911019268,159.093,0.0443
m,9.911131492,157.213,0.0442
m,9.911442647,154.855,0.0442
m,9.911924133,162.231,0.0441
m,9.923927787,158.638,0.0444
m,9.925545225,161.941,0.0442
m,9.926454389,162.051,0.0444
m,9.927121854,160.33,0.0444
s,9.92638549,155.661,0.0445
s,9.926414319,160.688,0.0446
s,9.92642885,161.555,0.0447
s,9.926628066,158.999,0.0449
s,9.926642834,156.975,0.0451
s,9.926857312,157.163,0.0457
s,9.927042241,159.345,0.0459
s,9.927226932,158.022,0.046
s,9.927610635,156.349,0.0462
s,9.927795331,159.301,0.0463
s,9.928890971,161.262,0.0476
s,9.929075681,160.364,0.0477
s,9.929260391,161.154,0.0478
s,9.929445104,161.406,0.0479
s,9.930525846,159.63,0.0489
s,9.930710569,160.581,0.049
s,9.930895564,161.551,0.0492
s,9.931080564,160.72,0.0494
s,9.931080838,161.866,0.0495
s,9.9318369,161.864,0.0509
s,9.931837479,160.771,0.0511
s,9.931838355,157.801,0.0514
s,9.931838944,160.771,0.0516
s,9.931854441,159.457,0.052
s,9.931887352,159.772,0.0534
s,9.931902294,159.978,0.0536
s,9.931719112,160.944,0.054
s,9.931719753,162.068,0.0542
s,9.931734391,161.763,0.0543
s,9.931749681,159.727,0.0546
s,9.931579876,160.174,0.0547
s,9.931580531,161.974,0.0549
s,9.931596177,160.622,0.0553
s,9.931443071,158.858,0.0561
s,9.931458084,159.873,0.0563
s,9.931458428,161.028,0.0564
s,9.93147276,157.979,0.0564
s,9.931120274,161.001,0.057
s,9.931120274,160.893,0.057
s,9.931148951,158.735,0.057
s,9.930964501,159.976,0.057
s,9.930979193,159.861,0.0571
s,9.930470297,160.9,0.0575
s,9.930300555,161.3,0.0576
s,9.930300912,162.219,0.0577
s,9.930131175,162.073,0.0578
s,9.93014589,162.372,0.0579
s,9.929807523,160.843,0.0584
s,9.929822251,160.476,0.0585
s,9.929822616,161.458,0.0586
s,9.92983735,160.949,0.0587
s,9.929669119,158.646,0.0592
s,9.929669119,160.983,0.0592
s,9.929669492,159.529,0.0593
s,9.929655496,160.995,0.0594
s,9.92965587,159.693,0.0595
s,9.92982708,160.938,0.0598
s,9.929827839,161.597,0.06
s,9.929842586,157.14,0.0601
s,9.929842586,161.861,0.0601
s,9.930013048,158.544,0.0602
s,9.930567927,158.821,0.0606
s,9.930752761,160.421,0.0607
s,9.930752761,156.838,0.0607
s,9.930937209,159.918,0.0607
s,9.931610835,160.496,0.0554
s,9.931611504,157.485,0.0556
s,9.931612178,161.619,0.0558
s,9.931612516,160.64,0.0559
s,9.931442731,158.839,0.056
s,9.931458772,161.306,0.0565
s,9.93147345,157.529,0.0566
s,9.931474144,161.769,0.0568
s,9.931290041,161.8,0.0569
s,9.931119925,160.889,0.0569
s,9.930795095,159.727,0.0572
s,9.930625342,161.237,0.0573
s,9.930640043,160.238,0.0574
s,9.930455594,161.034,0.0574
s,9.930146249,161.242,0.058
s,9.929961802,161.52,0.058
s,9.929976883,161.516,0.0582
s,9.929977245,162.437,0.0583
s,9.929977609,162.129,0.0584
s,9.92965327,162.016,0.0588
s,9.92965327,161.619,0.0588
s,9.929668008,161.767,0.0589
s,9.929484301,161.088,0.0591
s,9.929484301,161.104,0.0591
s,9.929656246,160.336,0.0596
s,9.929656623,159.107,0.0597
s,9.929656623,161.67,0.0597
s,9.929657,161.209,0.0598
s,9.930013048,161.549,0.0602
s,9.930197878,159.839,0.0603
s,9.930197878,162.179,0.0603
s,9.930382709,160.594,0.0604
s,9.930567541,160.683,0.0605
s,9.931121655,160.238,0.0607
s,9.931121655,159.349,0.0607
s,9.931306103,157.81,0.0607
s,9.931660636,159.168,0.0607
s,9.931660636,160.227,0.0607
s,9.931845084,156.933,0.0607
s,9.931845084,158.95,0.0607
s,9.932029146,159.058,0.0606
s,9.932014017,158.265,0.0604
s,9.932184109,161.348,0.0604
s,9.932551858,162.036,0.0601
s,9.932736307,157.77,0.0601
s,9.932735927,156.854,0.06
s,9.932721194,159.622,0.0599
s,9.932720816,155.998,0.0598
s,9.932889784,159.133,0.0595
s,9.933074233,156.885,0.0595
s,9.933073859,157.966,0.0594
s,9.932889409,156.224,0.0594
s,9.932689495,159.101,0.0591
s,9.932490328,158.573,0.059
s,9.932489959,160.051,0.0589
s,9.932319488,161.014,0.0588
s,9.932319121,158.377,0.0587
s,9.931733817,159.806,0.0578
s,9.931548653,157.575,0.0576
s,9.931363849,158.561,0.0575
s,9.931363141,158.742,0.0573
s,9.931362789,160.772,0.0572
m,9.93043673,156.362,0.0561
m,9.930251601,159.843,0.0559
m,9.930250925,158.257,0.0557
m,9.93006547,159.91,0.0554
m,9.929366844,159.317,0.0553
m,9.929450624,161.437,0.0551
m,9.929562398,161.94,0.0547
m,9.930171597,155.403,0.0546
m,9.930157026,157.116,0.0545
m,9.927975628,156.909,0.0553
m,9.92762133,154.377,0.0554
m,9.927621664,155.257,0.0555
m,9.927437207,153.246,0.0555
m,9.92725275,154.695,0.0555
s,9.932368174,158.129,0.0603
s,9.932367792,160.172,0.0602
s,9.932367792,158.655,0.0602
s,9.932551858,158.322,0.0601
s,9.932905264,162.551,0.0598
s,9.932904887,157.706,0.0597
s,9.93290451,160.148,0.0596
s,9.93290451,156.363,0.0596
s,9.932889784,159.667,0.0595
s,9.932889409,158.4,0.0594
s,9.932889036,160.817,0.0593
s,9.932690239,158.719,0.0593
s,9.932689867,160.094,0.0592
s,9.932689867,160.656,0.0592
s,9.932119957,161.241,0.0586
s,9.931935142,159.84,0.0585
s,9.931920069,161.638,0.0583
s,9.931734895,162.51,0.0581
s,9.931163293,157.606,0.057
s,9.931162944,159.854,0.0569
s,9.930977451,156.011,0.0566
s,9.930792312,156.801,0.0564
s,9.930621521,160.576,0.0562
m,9.929880687,160.553,0.0553
m,9.929681891,160.599,0.0553
m,9.929383418,160.314,0.0555
m,9.929126689,160.806,0.0553
m,9.92923959,156.08,0.0553
m,9.930370306,158.626,0.0546
m,9.930228928,154.786,0.0547
m,9.930074299,157.263,0.0551
m,9.928670293,155.741,0.0552
m,9.927082579,154.241,0.0555
m,9.926898123,154.472,0.0555
m,9.926898123,153.425,0.0555
m,9.926898458,153.907,0.0556
m,9.926543499,153.651,0.0555
m,9.926345088,153.997,0.0556
m,9.926345424,152.264,0.0557
m,9.925806346,152.617,0.0557
m,9.925806683,152.166,0.0558
m,9.924602651,152.791,0.0562
m,9.924432848,154.078,0.0563
m,9.924263048,152.689,0.0564
m,9.923908799,152.967,0.0565
m,9.923739007,153.485,0.0566
m,9.922352495,153.746,0.0575
m,9.922353207,153.074,0.0577
m,9.922013333,153.355,0.0578
m,9.922013692,154.328,0.0579
m,9.922013692,152.57,0.0579
m,9.922015865,153.271,0.0585
m,9.921676011,160.831,0.0586
m,9.921492295,158.261,0.0588
m,9.921336537,153.87,0.0588
m,9.914577073,161.28,0.0575
m,9.912948902,160.78,0.0571
m,9.910964985,158.615,0.0561
m,9.905971182,155.823,0.0556
m,9.905969514,159.468,0.0551
m,9.885507071,159.996,0.0511
m,9.882314785,160.046,0.0494
m,9.878743358,161.682,0.0489
m,9.875879173,156.576,0.048
m,9.869141693,157.928,0.0472
m,9.845419136,155.472,0.0442
m,9.84209328,158.165,0.0438
m,9.842093063,163.142,0.0437
m,9.835446917,161.22,0.0434
m,9.81407402,160.505,0.0421
m,9.811316287,159.953,0.042
m,9.811315891,154.733,0.0418
m,9.804597729,157.929,0.0417
m,9.80169348,159.717,0.0416
m,9.925437771,154.541,0.0558
m,9.925452064,152.907,0.0558
m,9.925282581,153.476,0.056
m,9.924942611,152.533,0.0561
m,9.924772459,155.022,0.0561
m,9.923399087,154.516,0.0567
m,9.923045203,153.302,0.0569
m,9.922875777,153.145,0.0571
m,9.922521906,152.605,0.0573
m,9.921999715,154.161,0.058
m,9.922198503,154.306,0.058
m,9.922198863,154.544,0.0581
m,9.922198863,154.135,0.0581
m,9.922015136,154.126,0.0583
m,9.921180055,160.501,0.0586
m,9.921208034,158.165,0.0584
m,9.919549697,156.633,0.0582
m,9.918203034,160.044,0.058
m,9.916559561,160.514,0.0577
m,9.900470522,159.564,0.0546
m,9.89761423,161.115,0.0539
m,9.894773835,158.343,0.0532
m,9.88872834,160.712,0.052
m,9.865604845,159.674,0.0464
m,9.862085275,155.398,0.0458
m,9.858598086,157.621,0.0452
m,9.855081015,159.697,0.0443
m,9.851736237,159.937,0.0443
m,9.83231023,161.33,0.0432
m,9.829359271,154.618,0.043
m,9.826562229,159.149,0.0429
m,9.823250278,155.722,0
m,9.819642203,150.863,0.0423
m,9.798791139,160.46,0.0416
m,9.796777537,159.034,0.0413
m,9.79078017,161.849,0.0413
m,9.788153381,157.793,0.0413
m,9.785696784,160.448,0.0416
m,9.78376083,159.715,0.0419
m,9.781826775,157.92,0.0422
m,9.779878361,153.834,0.0429
m,9.778298863,157.559,0.0431
m,9.767355933,162.456,0.0456
m,9.765898584,158.161,0.0463
m,9.764793574,156.369,0.0468
m,9.763376546,153.122,0.0473
m,9.755264448,160.769,0.0497
m,9.752458415,162.713,0.0501
m,9.751253391,160.466,0.0505
m,9.750032535,160.402,0.0509
m,9.748630574,162.312,0.0513
m,9.74162348,160.756,0.0532
m,9.739124332,162.402,0.0535
m,9.737868733,160.512,0.0537
m,9.736615093,163.174,0.0538
m,9.735344175,162.053,0.0539
m,9.727097943,158.538,0.0544
m,9.725700188,158.019,0.0543
m,9.724448447,158.953,0.0543
m,9.723382125,158.479,0.0542
m,9.715265551,161.786,0.054
m,9.713890628,155.391,0.0538
m,9.712681091,157.124,0.0537
m,9.711269078,158.297,0.0535
m,9.708615528,157.178,0.0536
m,9.703252086,161.752,0.0531
m,9.702321163,156.713,0.053
m,9.700259421,161.755,0.0529
m,9.700258799,156.054,0.0527
m,9.698084769,160.831,0.0525
m,9.691754197,161.593,0.0507
m,9.691026461,157.85,0.0504
m,9.690117637,152.143,0.0503
m,9.689209843,154.89,0.05
m,9.774961215,155.257,0.0436
m,9.774962307,150.893,0.0441
m,9.771683656,157.977,0.0445
m,9.769981889,153.222,0.0449
m,9.768667896,155.07,0.0453
m,9.760881568,157.476,0.0477
m,9.76088287,159.133,0.0482
m,9.758416929,159.081,0.0486
m,9.757767298,160.446,0.0488
m,9.756716414,155.983,0.0491
m,9.747085014,161.989,0.0516
m,9.74548596,163.221,0.052
m,9.744093305,160.267,0.0527
m,9.741622853,161.227,0.053
m,9.73297243,163.164,0.054
m,9.731891851,162.502,0.0542
m,9.73060891,159.82,0.0541
m,9.729368737,160.367,0.0543
m,9.729368737,157.919,0.0543
m,9.721011727,158.658,0.0542
m,9.719951895,156.532,0.0542
m,9.718894185,158.817,0.0542
m,9.717695929,156.483,0.0541
m,9.716316902,154.784,0.0541
m,9.707393728,161.73,0.0535
m,9.706174401,161.431,0.0535
m,9.705097391,160.719,0.0533
m,9.704184599,157.746,0.0532
m,9.697043658,159.903,0.0523
m,9.696187567,156.898,0.052
m,9.695355101,161.025,0.0516
m,9.693492654,152.759,0.0513
m,9.692644935,161.369,0.0511
m,9.688142331,155.197,0.0495
m,9.687283127,154.267,0.0493
m,9.68628802,154.8,0.0492
m,9.684120804,156.49,0.0489
m,9.683132146,159.241,0.0488
m,9.682305639,155.537,0.0486
m,9.681138064,159.411,0.0485
m,9.679972398,163.078,0.0483
m,9.678992008,158.014,0.0481
m,9.676718751,152.211,0.048
m,9.671600726,163.187,0.0474
m,9.670821012,160.571,0.0472
m,9.668696062,160.349,0.0471
m,9.667716407,157.972,0.0471
m,9.666762439,155.31,0.047
m,9.660364033,160.494,0.0462
m,9.658563499,160.91,0.0461
m,9.657471344,161.386,0.0459
m,9.656539895,156.93,0.0458
m,9.650216412,161.133,0.0455
m,9.648096364,158.948,0.0454
m,9.647027196,158.99,0.0453
m,9.646168606,161.424,0.0453
m,9.644947469,156.708,0.0454
m,9.638453431,163.138,0.0451
m,9.637406124,159.807,0.045
m,9.636543657,156.894,0.0449
m,9.634982181,161.675,0.0448
m,9.634982181,154.386,0.0448
m,9.630190105,162.665,0.0445
m,9.629635398,161.395,0.0445
m,9.628686951,161.532,0.0445
m,9.628686725,161.838,0.0444
m,9.626538328,160.699,0.0441
m,9.62630464,161.849,0.0439
m,9.626190666,161.638,0.0437
m,9.626190232,158.524,0.0435
m,9.626388705,160.096,0.0434
m,9.628111279,155.629,0.0419
m,9.629066879,162.009,0.0419
m,9.629786256,161.232,0.0417
m,9.630689968,161.034,0.0415
m,9.63141403,160.761,0.0413
m,9.675745239,160.219,0.0479
m,9.675744719,161.644,0.0477
m,9.673485465,156.299,0.0477
m,9.672542077,159.669,0.0476
m,9.665603717,157.746,0.0469
m,9.664495161,152.947,0.0468
m,9.663388937,160.958,0.0467
m,9.662333217,159.339,0.0465
m,9.66125584,157.566,0.0463
m,9.655402879,156.523,0.0456
m,9.654426123,153.719,0.0455
m,9.653501443,157.16,0.0456
m,9.651317673,160.878,0.0456
m,9.650216412,158.808,0.0455
m,9.642720241,162.352,0.0453
m,9.641688837,153.821,0.0452
m,9.640503352,153.556,0.0452
m,9.639477028,158.375,0.0451
m,9.633273759,162.346,0.0448
m,9.632631616,157.559,0.0447
m,9.631809514,158.717,0.0446
m,9.631172259,161.06,0.0445
m,9.630693402,161.523,0.0445
m,9.627664329,161.55,0.0444
m,9.627273713,162.366,0.0444
m,9.627066818,162.049,0.0443
m,9.626834624,160.654,0.0443
m,9.626685514,161.907,0.0442
m,9.626379302,160.217,0.0429
m,9.626609453,161.55,0.0425
m,9.626687259,158.557,0.0421
m,9.627186483,159.746,0.042
m,9.632351018,160.087,0.0412
m,9.633715604,160.408,0.0412
m,9.633715413,158.566,0.0411
m,9.635655335,154.881,0.0411
m,9.636691852,161.234,0.041
m,9.637884204,160.417,0.0409
m,9.638897465,162.506,0.0408
m,9.639855344,158.535,0.0407
m,9.640844819,155.826,0.0406
m,9.64820892,159.977,0.0408
m,9.649279041,162.101,0.0409
m,9.650322421,160.736,0.0411
m,9.651186397,161.988,0.041
m,9.652264914,160.029,0.041
m,9.65928436,160.202,0.0415
m,9.660506739,162.199,0.0417
m,9.661852731,160.749,0.0419
m,9.662959019,160.806,0.0421
m,9.663886454,161.828,0.0421
m,9.671115165,161.348,0.0419
m,9.672002001,159.448,0.0417
m,9.672922804,158.665,0.0414
m,9.673751158,161.42,0.0409
m,9.680077955,162.392,0.04
m,9.681138984,160.907,0.0399
m,9.682383763,160.234,0.04
m,9.683417094,159.548,0.0398
m,9.684485822,160.141,0.04
m,9.690833464,160.858,0.041
m,9.691838415,160.84,0.0413
m,9.693059509,160.745,0.0413
m,9.694283828,162.095,0.0414
m,9.695116153,160.793,0.0413
m,9.702767142,159.518,0.0417
m,9.703599499,162.477,0.0418
m,9.705416674,157.978,0.0419
m,9.705611578,161.551,0.042
m,9.710857721,161.971,0.0438
m,9.711925672,161.912,0.0441
m,9.713637662,162.83,0.0445
m,9.714496461,161.24,0.0446
m,9.714495121,158.45,0.044
m,9.642106332,156.413,0.0405
m,9.64297847,157.695,0.0406
m,9.643888168,159.515,0.0406
m,9.646165794,160.59,0.0405
m,9.647201289,158.178,0.0409
m,9.653164982,160.228,0.0411
m,9.654279684,162.176,0.0412
m,9.656729916,160.536,0.0413
m,9.657914717,161.249,0.0414
m,9.664998357,162.535,0.0422
m,9.666325468,160.188,0.0423
m,9.668469982,160.59,0.0423
m,9.669317522,162.757,0.042
m,9.670230551,158.459,0.0419
m,9.67449635,161.889,0.0407
m,9.675212587,163.16,0.0405
m,9.676919777,159.461,0.0403
m,9.677878045,156.887,0.0402
m,9.678870365,158.144,0.0401
m,9.685441216,162.431,0.0403
m,9.687507424,162.856,0.0403
m,9.688438102,162.088,0.0405
m,9.689617811,163.409,0.0407
m,9.696132514,162.541,0.0414
m,9.698073442,160.324,0.0415
m,9.69921208,158.654,0.0417
m,9.700680307,161.843,0.0416
m,9.701722566,162.91,0.0416
m,9.705612182,159.382,0.0423
m,9.707431138,161.295,0.0425
m,9.708275879,162.326,0.0427
m,9.709156906,162.977,0.0429
m,9.709825368,160.05,0.0431
m,9.715747584,161.346,0.0442
m,9.716716791,162.259,0.0441
m,9.717688652,162.224,0.0441
m,9.718593131,160.729,0.0442
m,9.719429817,161.505,0.0444
m,9.720338457,162.121,0.0445
m,9.722376907,162.418,0.0444
m,9.723327396,160.884,0.0445
m,9.723327171,163.179,0.0444
m,9.73252496,158.363,0.0441
m,9.73252474,157.183,0.044
m,9.729716573,157.993,0.0441
m,9.729068643,160.536,0.0441
m,9.726297544,161.607,0.0441
m,9.726081703,159.102,0.0441
m,9.725902002,157.204,0.0442
m,9.725722078,160.175,0.0442
m,9.725542154,157.891,0.0442
m,9.726010205,160.375,0.0444
m,9.726261974,160.266,0.0444
m,9.72644212,157.67,0.0445
m,9.726658193,159.4,0.0446
m,9.726910426,160.365,0.0448
m,9.727523436,162.288,0.0454
m,9.727487739,158.324,0.0455
m,9.727308294,160.717,0.0457
m,9.727488451,159.675,0.0458
m,9.729000148,159.341,0.046
m,9.729395918,161.449,0.046
m,9.729576079,159.811,0.0461
m,9.729576079,162.239,0.0461
m,9.730115273,162.471,0.0461
m,9.7388761,159.002,0.0459
m,9.739964574,161.556,0.0465
m,9.740656736,161.394,0.0464
m,9.741099198,162.221,0.046
m,9.742064024,161.033,0.0459
m,9.746307837,159.958,0.0461
m,9.748246323,159.097,0.0459
m,9.750007206,161.039,0.0456
m,9.752466212,160.542,0.0454
m,9.725524107,162.175,0.0446
m,9.726554158,162.371,0.0445
m,9.729911508,158.035,0
m,9.731056331,158.938,0.0444
m,9.732526109,158.614,0.0443
m,9.72878037,158.159,0.044
m,9.728456424,159.831,0.044
m,9.727988252,158.446,0.0439
m,9.72701702,159.299,0.044
m,9.726657171,159.155,0.044
m,9.725542376,158.444,0.0443
m,9.725578295,157.855,0.0443
m,9.725830059,157.587,0.0443
m,9.725830283,159.492,0.0444
m,9.727126505,159.139,0.0449
m,9.727342587,160.629,0.045
m,9.72755867,158.495,0.0451
m,9.72755867,159.924,0.0451
m,9.72777499,160.064,0.0453
m,9.727452761,159.44,0.0459
m,9.72784853,158.134,0.0459
m,9.72806462,158.348,0.046
m,9.728424459,155.771,0.046
m,9.728820229,158.139,0.046
m,9.730762953,161.707,0.0461
m,9.732778788,159.495,0.046
m,9.73440006,161.974,0.0459
m,9.737394535,158.553,0.0459
m,9.742513885,156.767,0.0464
m,9.743432679,158.26,0.046
m,9.743433163,159.969,0.0462
m,9.744232719,162.743,0.046
m,9.745089566,159.326,0.0461
m,9.75341173,155.754,0.0452
m,9.754681534,161.13,0.045
m,9.75468062,158.302,0.0446
m,9.756973493,161.864,0.0443
m,9.758175703,158.266,0.0442
m,9.759379256,159.624,0.0437
m,9.760368591,160.173,0.0435
m,9.762571046,158.999,0.0432
m,9.763348733,156.491,0.0426
m,9.764308358,157.992,0.0423
m,9.769813571,160.954,0.0402
m,9.769812503,160.189,0.0396
m,9.773146431,160.319,0.039
m,9.774676267,158.068,0.0385
m,9.776131424,153.72,0.0381
m,9.784466689,155.585,0.0374
m,9.786078974,155.232,0.0371
m,9.7877713,152.541,0.0363
m,9.790509835,157.679,0.0357
m,9.800073554,162.07,0.0337
m,9.801160019,161.709,0.0334
m,9.802865414,159.67,0.0331
m,9.803859943,161.235,0.0329
m,9.804777046,161.519,0.0328
m,9.813494395,159.338,0.0316
m,9.814609935,159.294,0.0314
m,9.815687329,157.48,0.0312
m,9.816808615,158.502,0.0311
m,9.817850343,152.622,0.0309
m,9.826960767,159.229,0.0298
m,9.828065219,154.299,0.0293
m,9.829036421,158.029,0.029
m,9.831071723,157.4,0.0286
m,9.838889839,159.43,0.027
m,9.838889703,155.749,0.0267
m,9.840146282,161.521,0.0265
m,9.841151813,156.866,0.0263
m,9.842295029,159.638,0.0262
m,9.849396565,152.956,0.0251
m,9.850778645,158.261,0.0249
m,9.852120093,154.232,0.0248
m,9.853109453,157.696,0.0247
m,9.854499791,160.959,0.0246
m,9.764807627,160.119,0.0416
m,9.766200241,161.665,0.0413
m,9.766886333,158.639,0.041
m,9.767933088,156.811,0.0407
m,9.777768699,161.082,0.0382
m,9.780278727,160.578,0.0379
m,9.781587498,156.142,0.038
m,9.782617961,160.776,0.0379
m,9.783611261,158.023,0.0377
m,9.790509303,159.301,0.0353
m,9.792681284,158.956,0.0349
m,9.793770641,160.134,0.0347
m,9.794981593,158.732,0.0346
m,9.796274266,160.337,0.034
m,9.806370193,156.665,0.0325
m,9.807552374,159.096,0.0323
m,9.809053908,159.433,0.0321
m,9.812106614,156.946,0.0318
m,9.820243832,151.271,0.0308
m,9.821910761,155.879,0.0308
m,9.82191051,157.272,0.0305
m,9.824362017,150.945,0.0304
m,9.825680838,151.167,0.0301
m,9.832135897,158.815,0.0281
m,9.833339152,150.724,0.0279
m,9.834325343,160.224,0.0277
m,9.835492231,158.034,0.0275
m,9.83679727,160.989,0.0272
m,9.843042755,154.001,0.0258
m,9.844503387,154.471,0.0256
m,9.846856427,156.078,0.0255
m,9.848103683,157.744,0.0253
m,9.855936563,155.38,0.0245
m,9.858818908,157.993,0.0244
m,9.85999945,161.99,0.0243
m,9.861315903,155.916,0.0243
m,9.862678885,154.38,0.0244
m,9.864044424,157.578,0.0242
m,9.865412634,153.4,0.0243
m,9.866739123,157.15,0.024
m,9.867891088,153.952,0.024
m,9.876107524,151.13,0.0229
m,9.877365876,152.74,0.0228
m,9.879365464,162.293,0.0227
m,9.881409804,159.019,0.0223
m,9.882498648,161.485,0.0221
m,9.885830739,159.269,0.0212
m,9.88606304,153.196,0.0211
m,9.886386456,159.788,0.021
m,9.88638647,159.109,0.0209
m,9.886654046,157.004,0.0207
m,9.886648952,160.088,0.0199
m,9.886649003,159.663,0.0197
m,9.886649058,158.428,0.0195
m,9.886649118,158.179,0.0193
m,9.890572673,150.663,0.0189
m,9.89132212,158.384,0.0189
m,9.892426271,153.917,0.019
m,9.893577919,157.459,0.0191
m,9.894777183,160.417,0.0194
m,9.902542101,158.839,0.02
m,9.903662033,152.106,0.0202
m,9.905006277,160.771,0.0203
m,9.906315341,157.905,0.0206
m,9.907580089,161.468,0.0207
m,9.917722828,154.811,0.0215
m,9.920759904,160.519,0.0216
m,9.922363987,158.986,0.0217
m,9.923970433,156.831,0.022
m,9.937535326,159.303,0.0245
m,9.939255419,154.867,0.0249
m,9.942751378,154.819,0.0252
m,9.944303859,155.922,0.0254
m,9.944303924,157.829,0.0256
m,9.86922256,149.882,0.0238
m,9.871494469,157.155,0.0237
m,9.872744098,160.545,0.0236
m,9.874040585,151.398,0.0234
m,9.875073015,158.43,0.0233
m,9.883321923,158.046,0.0218
m,9.88409667,156.161,0.0218
m,9.885003652,153.015,0.0216
m,9.885285771,157.823,0.0214
m,9.886654081,154.823,0.0205
m,9.886432043,156.541,0.0203
m,9.886386575,160.918,0.0203
m,9.886517759,159.447,0.0201
m,9.886517759,156.773,0.0201
m,9.886780364,154.95,0.019
m,9.88687132,155.974,0.0189
m,9.887098662,151.368,0.0189
m,9.88828722,160.598,0.0189
m,9.889380692,159.474,0.0189
m,9.897357985,155.989,0.0195
m,9.89735793,156.2,0.0197
m,9.899992408,160.44,0.0198
m,9.901377604,156.845,0.0199
m,9.910561242,150.513,0.0209
m,9.910561228,153.576,0.021
m,9.913561867,155.223,0.0211
m,9.9149309,158.239,0.0212
m,9.916302226,158.328,0.0213
m,9.9255319,156.256,0.0223
m,9.927542133,159.66,0.0232
m,9.931346394,150.845,0.0236
m,9.932916999,158.647,0.0238
m,9.935433764,156.119,0.0242
m,9.948039824,152.964,0.0258
m,9.949648806,152.384,0.0262
m,9.951436007,157.734,0.0264
m,9.953353226,152.319,0.0271
m,9.955048983,153.528,0.0274
m,9.958749837,149.758,0.0277
m,9.960501401,157.448,0.0276
m,9.964509723,158.318,0.028
m,9.966318465,157.004,0.0283
m,9.980624138,157.45,0.0299
m,9.982729861,150.433,0.0301
m,9.984663683,153.698,0.0303
m,9.986725736,146.774,0.0305
m,10.00066506,155.734,0.0315
m,10.00269952,154.634,0.0317
m,10.00456198,158.728,0.0318
m,10.00841892,154.847,0.0318
m,10.01046387,162.358,0.0318
m,10.02063558,153.789,0.0326
m,10.0224508,155.952,0.0329
m,10.02624381,154.528,0.0332
m,10.0285711,160.328,0.0338
m,10.03095311,161.066,0.0343
m,10.04499456,157.928,0.0392
m,10.04934519,160.302,0.04
m,10.0514448,159.51,0.0402
m,10.05332168,159.204,0.0407
m,10.07211129,159.618,0.0438
m,10.07705737,158.252,0.0447
m,10.078193,162.463,0.0458
m,10.07920456,160.908,0.0471
m,10.08063135,160.928,0.0478
m,10.08708036,161.127,0.0525
m,10.08602854,159.315,0.0532
m,10.08573625,161.262,0.0536
m,10.08539118,160.871,0.0541
m,10.08318206,159.648,0.0548
m,10.07929781,159.991,0.0561
m,10.07891245,160.614,0.0562
m,10.07880663,161.111,0.0563
m,10.07892758,160.003,0.0565
m,9.968354082,155.929,0.0285
m,9.970616826,158.696,0.0288
m,9.972532248,152.868,0.029
m,9.974576801,154.957,0.0295
m,9.978696415,157.81,0.0297
m,9.988840491,152.275,0.0308
m,9.992903862,162.089,0.031
m,9.992904041,149.199,0.0312
m,9.996678932,150.917,0.0313
m,9.998583232,148.905,0.0314
m,10.01233704,151.579,0.0318
m,10.01233714,150.156,0.0319
m,10.01641859,151.45,0.032
m,10.01852558,153.5,0.0322
m,10.03349299,155.201,0.0347
m,10.03593415,161.36,0.0353
m,10.03815446,157.494,0.0366
m,10.04055164,159.002,0.0373
m,10.04499274,161.971,0.0381
m,10.05476521,159.821,0.0406
m,10.05614378,161.844,0.0417
m,10.06264629,159.164,0.0422
m,10.06571544,157,0.0427
m,10.06968586,154.026,0.0431
m,10.08148615,161.031,0.0484
m,10.08321343,158.834,0.0491
m,10.08340799,160.044,0.0498
m,10.08654953,160.005,0.0514
m,10.08267835,158.309,0.0555
m,10.08239913,159.508,0.0556
m,10.08172014,159.703,0.0557
m,10.08121482,157.86,0.0559
m,10.08002987,158.361,0.056
m,10.07796915,161.519,0.0566
m,10.07774341,159.497,0.0568
m,10.07757006,162.963,0.0568
m,10.07757041,160.321,0.0569
m,10.07699763,163.019,0.057
m,10.07687771,162.754,0.0571
m,10.07710413,161.543,0.0571
m,10.07715721,161.004,0.0571
m,10.07778341,160.011,0.0571
m,10.07806292,159.18,0.0571
m,10.0793684,162.412,0.0571
m,10.07942149,161.264,0.0571
m,10.07947423,161.321,0.057
m,10.08133881,159.251,0.057
m,10.08184479,161.321,0.057
m,10.0821645,161.323,0.0573
m,10.0818182,158.925,0.0574
m,10.08084567,159.464,0.0575
m,10.08067269,159.723,0.0576
m,10.08051322,156.105,0.0583
m,10.08095192,160.423,0.0582
m,10.08954364,159.622,0.0584
m,10.09275426,159.204,0.0585
m,10.09675265,154.701,0.0586
m,10.10072675,161.979,0.0594
m,10.10035094,162.09,0.0598
m,10.10285381,159.991,0.0601
m,10.10321684,160.75,0.0606
m,10.10391616,160.494,0.0611
m,10.11458626,156.639,0.065
m,10.11632106,161.369,0.0655
m,10.1182864,160.82,0.0662
m,10.12053525,160.083,0.0667
m,10.1433952,161.115,0.0707
m,10.14635031,159.711,0.0712
m,10.14804858,161.36,0.072
m,10.15341948,158.152,0
m,10.15649723,161.05,0.0736
m,10.16731381,161.571,0.0773
m,10.16921651,160.713,0.0779
m,10.17065821,161.406,0.0779
m,10.17462145,161.516,0.0777
m,10.17846074,158.928,0.0776
m,10.07846269,158.114,0.0571
m,10.07858295,160.759,0.0571
m,10.07898273,160.143,0.0571
m,10.07908889,160.904,0.0571
m,10.08229767,160.919,0.057
m,10.08235078,160.605,0.057
m,10.08235078,160.713,0.057
m,10.08268379,159.447,0.0571
m,10.08251081,161.168,0.0572
m,10.08055284,161.36,0.0577
m,10.08015342,159.852,0.0578
m,10.0802069,161.677,0.0579
m,10.08020726,159.359,0.058
m,10.08019439,160.81,0.0583
m,10.09819389,161.014,0.0587
m,10.09911703,159.519,0.0588
m,10.1001614,154.992,0.0589
m,10.10042385,161.882,0.059
m,10.10551321,154.164,0.0614
m,10.1058185,158.313,0.0623
m,10.10761529,158.447,0.0628
m,10.11196719,159.6,0.0638
m,10.11196969,158.998,0.0644
m,10.12336198,157.081,0.0678
m,10.12562505,162.446,0.0684
m,10.13124503,158.115,0.069
m,10.136923,157.69,0.07
m,10.14021701,161.204,0.0705
m,10.15925502,160.538,0.0741
m,10.16149332,160.391,0.0747
m,10.16361735,161.983,0.0753
m,10.16546384,162.734,0.0766
m,10.18167969,160.758,0.0776
m,10.18490161,160.908,0.0775
m,10.18835919,161.003,0.0777
m,10.19216316,161.894,0.0779
m,10.19760922,161.989,0.0781
m,10.20056511,160.246,0.0783
m,10.20056622,161.838,0.0785
m,10.20614076,158.917,0.0786
m,10.20681926,162.414,0.0786
m,10.22236079,160.534,0.0781
m,10.22495228,161.085,0.0781
m,10.22737424,158.714,0.0783
m,10.23014194,158.525,0.0783
m,10.23525355,161.602,0.0783
m,10.25163803,160.025,0.0782
m,10.25368501,159.677,0.0782
m,10.25847874,161.194,0.078
m,10.26105091,161.551,0.0779
m,10.261052,162.323,0.0781
m,10.27756424,156.885,0.0773
m,10.28299871,157.791,0.077
m,10.28566075,159.972,0.0767
m,10.28565915,160.28,0.0764
m,10.30566292,152.467,0.0743
m,10.30761573,157.009,0.0742
m,10.30944897,155.82,0.0736
m,10.31195623,155.82,0.0736
m,10.31288829,161.053,0.0734
m,10.32215457,159.232,0.0725
m,10.32346758,159.293,0.0722
m,10.32510766,154.528,0.0718
m,10.32634989,158.894,0.0715
m,10.32776139,160.642,0.0709
s,10.33295119,161.651,0.0661
s,10.33250218,160.5,0.0655
s,10.33159277,163.201,0.065
s,10.33119061,159.834,0.0644
s,10.32953558,161.192,0.062
s,10.3295348,162.29,0.0618
s,10.32913399,161.517,0.0615
s,10.32913322,162.294,0.0613
s,10.32896324,161.71,0.0611
m,10.20858525,162.293,0.0786
m,10.20978219,162.293,0.0784
m,10.21081095,161.821,0.0778
m,10.21298963,161.098,0.0779
m,10.21752723,161.973,0.0779
m,10.24125337,162.076,0.0783
m,10.24368533,159.096,0.0782
m,10.24646604,160.488,0.0783
m,10.24913572,161.567,0.0782
m,10.26524168,159.976,0.078
m,10.26765228,161.309,0.0778
m,10.270237,162.485,0.0777
m,10.27271282,158.942,0.0775
m,10.27519247,155.907,0.0774
m,10.29071426,162.187,0.0762
m,10.29321594,159.968,0.0759
m,10.2956111,163.143,0.0757
m,10.29828994,159.305,0.0755
m,10.30320529,155.598,0.0747
m,10.31245632,157.376,0.0735
m,10.31659053,161.345,0.0732
m,10.31658904,154.905,0.0729
m,10.32038254,157.016,0.0727
m,10.32985525,161.286,0.0708
m,10.33079696,160.144,0.0704
m,10.33079368,161.298,0.0697
m,10.33235561,154.759,0.0689
s,10.33269991,159.101,0.0679
s,10.33085053,159.931,0.064
s,10.33061847,162.015,0.0636
s,10.3302172,161.769,0.0632
s,10.33004559,162.028,0.0626
s,10.32987519,161.442,0.0623
s,10.32896286,161.659,0.061
s,10.32896172,161.209,0.0607
s,10.32890012,160.241,0.0606
s,10.32889937,161.563,0.0604
s,10.32889899,163.254,0.0603
s,10.32889824,163.712,0.0601
s,10.32883665,159.74,0.06
s,10.32883628,161.25,0.0599
s,10.32883554,161.103,0.0597
s,10.32869613,161.854,0.059
s,10.32846498,162.058,0.0588
s,10.32840341,161.931,0.0587
s,10.32834148,159.498,0.0585
s,10.32761761,161.359,0.0574
s,10.32755538,162.026,0.0571
s,10.32743267,162.382,0.057
s,10.32720157,161.467,0.0568
s,10.32720089,160.576,0.0566
s,10.32689331,162.653,0.0561
s,10.32672373,160.273,0.056
s,10.32660072,162.289,0.0558
s,10.32660039,162.274,0.0557
s,10.32660006,161.812,0.0556
s,10.32584602,160.752,0.0551
s,10.32578453,161.245,0.055
s,10.3255538,161.56,0.0549
s,10.32549231,161.35,0.0548
s,10.32519883,162.727,0.0542
s,10.32519852,159.724,0.0541
s,10.32513704,159.819,0.054
s,10.32513673,161.757,0.0539
s,10.32507526,161.336,0.0538
s,10.3249511,158.848,0.0532
s,10.32505889,159.283,0.0531
s,10.32499744,159.768,0.053
s,10.32499713,160.486,0.0529
s,10.32493538,158.474,0.0527
m,10.3250423,160.389,0.0523
m,10.32577586,160.884,0.0522
m,10.32719729,153.839,0.0521
m,10.32872458,158.207,0.0518
s,10.32889639,158.952,0.0596
s,10.32877322,160.986,0.0594
s,10.32894207,161.345,0.0593
s,10.32888049,160.042,0.0592
s,10.3287577,161.389,0.0591
s,10.32827921,158.326,0.0582
s,10.32815646,160.031,0.0581
s,10.32809455,161.501,0.0579
s,10.32780258,162.329,0.0578
s,10.32774069,162.392,0.0576
s,10.32707818,159.847,0.0565
s,10.32701667,161.604,0.0564
s,10.32701633,162.973,0.0563
s,10.32695482,160.386,0.0562
s,10.32636932,160.328,0.0555
s,10.32630815,162.073,0.0555
s,10.32613858,162.408,0.0554
s,10.32607676,161.209,0.0552
s,10.32607643,162.591,0.0551
s,10.32549199,162.762,0.0547
s,10.32526126,161.44,0.0546
s,10.32526094,160.849,0.0545
s,10.32526063,161.952,0.0544
s,10.32526031,159.873,0.0543
s,10.32501317,159.474,0.0535
s,10.32501317,160.954,0.0535
s,10.32501256,160.425,0.0533
s,10.3249511,161.352,0.0532
s,10.32493508,157.245,0.0526
m,10.32487394,155.36,0.0526
m,10.32487364,158.136,0.0525
m,10.32481219,159.779,0.0524
m,10.3250423,160.689,0.0523
m,10.32944094,158.161,0.0517
m,10.33000424,153.301,0.0515
m,10.33000395,154.83,0.0514
m,10.32883712,151.743,0.051
m,10.32707228,156.053,0.0508
m,10.32415507,152.298,0.0504
m,10.32088494,150.383,0.05
m,10.31686199,160.558,0.0496
m,10.31271546,157.493,0.0489
m,10.30287378,155.574,0.0485
m,10.27478294,160.947,0.0467
m,10.26915139,152.724,0.0466
m,10.26375097,155.256,0.0464
m,10.2586874,154.162,0.0457
m,10.24854708,157.448,0.0456
m,10.21865342,150.907,0.0454
m,10.20852061,154.828,0.0454
m,10.20335788,151.12,0.0453
m,10.19870179,154.339,0.0454
m,10.1709549,156.392,0.0485
m,10.16201111,163.136,0.0491
m,10.15662431,156.541,0.0497
m,10.1514687,153.687,0.0501
m,10.1407423,153.737,0
m,10.11262148,152.81,0.0526
m,10.09973437,155.813,0.0529
m,10.09407994,151.449,0.053
m,10.08859504,155.346,0.0533
m,10.08859597,154.941,0.0536
m,10.04782136,158.347,0.0552
m,10.04360738,154.288,0.0556
m,10.03777378,156.616,0.0556
m,10.03246351,156.157,0.0556
m,9.997346022,154.611,0.055
m,9.992799706,151.695,0.055
m,9.988526552,153.382,0.0552
m,9.983894445,159.106,0.0553
m,9.978965733,154.319,0.0549
m,9.950525264,157.258,0.0534
m,9.945999284,147.937,0.053
m,9.941474082,157.755,0.0527
m,9.936820703,147.622,0.0523
m,9.927955452,145.477,0.0522
m,10.29736229,155.781,0.0481
m,10.29736127,159.327,0.0477
m,10.28587989,157.144,0.0473
m,10.28030824,159.032,0.0468
m,10.24854662,151.876,0.0454
m,10.24365459,159.701,0.0453
m,10.23365922,157.857,0.0451
m,10.22866286,158.19,0.0452
m,10.22377314,155.067,0.0452
m,10.19410942,158.608,0.0458
m,10.18945559,151.945,0.0464
m,10.18463311,154.891,0.0467
m,10.1799178,160.148,0.0473
m,10.17095334,161.762,0.0479
m,10.1355003,157.186,0.0511
m,10.13024195,160.347,0.0515
m,10.12468997,157.91,0.0518
m,10.11880306,161.955,0.0524
m,10.07800501,158.824,0.0538
m,10.07279479,154.057,0.054
m,10.06796378,157.054,0.0545
m,10.06296446,155.809,0.0548
m,10.05309239,150.309,0.055
m,10.02721816,152.666,0.0558
m,10.02216104,151.585,0.055
m,10.0119859,149.125,0.0551
m,10.0119859,158.548,0.0551
m,10.00208505,161.498,0.0552
m,9.968927559,153.355,0.0544
m,9.964168752,159.169,0.0542
m,9.964167794,159.106,0.0539
m,9.954883794,152.931,0.0537
m,9.922865716,156.993,0.0521
m,9.912983251,161.72,0.0517
m,9.908294015,150.23,0.0515
m,9.903669362,151.131,0.0512
m,9.899083879,157.085,0.0509
m,9.895026883,150.833,0.0506
m,9.890004348,154.411,0.0502
m,9.885755515,149.851,0.0501
m,9.880760264,155.824,0.0497
m,9.844951808,152.944,0.0484
m,9.840103902,151.792,0.0485
m,9.835153969,158.597,0.0485
m,9.825487817,153.892,0.0484
m,9.821040857,148.079,0.0483
m,9.794872559,148.539,0.0493
m,9.78505811,150.08,0.0496
m,9.780318713,152.277,0.0498
m,9.77597885,146.889,0.05
m,9.77197355,148.896,0.0503
m,9.74446381,148.948,0.05
m,9.739859588,155.621,0.0501
m,9.735488213,159.274,0.0502
m,9.731087305,156.885,0.0502
m,9.700916302,155.339,0.0493
m,9.696626558,156.327,0.0502
m,9.691768541,154.256,0.0501
m,9.688306845,159.814,0.0507
m,9.682603787,152.796,0.0505
m,9.656930651,147.904,0.0514
m,9.65153896,153.048,0.0515
m,9.646148504,149.161,0.0518
m,9.646148806,150.401,0.0519
m,9.636132317,154.454,0.0521
m,9.598425473,149.699,0.0538
m,9.586161741,151.601,0.0538
m,9.58616239,156.434,0.054
m,9.576528381,151.147,0.0542
m,9.54372183,157.448,0.0547
m,9.531978654,160.225,0.0549
m,9.52627564,148.341,0.0552
m,9.521535447,154.27,0.055
m,9.516764432,157.878,0.0547
m,9.876100757,151.516,0.0494
m,9.871144438,148.714,0.0487
m,9.860438654,160.098,0.0485
m,9.855254247,155.335,0.0485
m,9.849903253,152.188,0.0485
m,9.821040857,151.549,0.0483
m,9.811054065,151.371,0.0484
m,9.805746243,151.933,0.0486
m,9.80001274,146.087,0.0492
m,9.76746766,151.928,0.0505
m,9.763463188,156.339,0.0508
m,9.756946048,155.602,0.05
m,9.753007538,150.653,0.0501
m,9.753007256,150.286,0.05
m,9.727418391,156.165,0.0499
m,9.719404836,156.953,0.0495
m,9.715302967,156.703,0.0492
m,9.711070474,155.184,0.049
m,9.711070203,159.462,0.0489
m,9.679439656,154.94,0.0506
m,9.675742015,154.519,0.0509
m,9.671513508,155.021,0.051
m,9.667084575,158.121,0.0512
m,9.630677363,155.499,0.0523
m,9.6250228,147.676,0.0525
m,9.619967648,150.857,0.0526
m,9.615113202,151.366,0.0531
m,9.603643213,156.341,0.0535
m,9.570915374,150.807,0.0545
m,9.570916038,155.568,0.0547
m,9.559888263,150.852,0.0546
m,9.554442712,148.371,0.0548
m,9.548901734,157.172,0.0554
m,9.51185966,152.071,0.0541
m,9.507323742,149.777,0.0536
m,9.503120139,145.097,0.0529
m,9.494125003,149.306,0.0525
m,9.494123458,150.948,0.052
m,9.48623223,151.092,0.0516
m,9.482140781,148.34,0.051
m,9.477885765,143.67,0.0504
m,9.473866412,153.412,0.05
m,9.446118052,146.371,0.0466
m,9.442582938,152.539,0.0462
m,9.434848876,154.475,0.0459
m,9.434847914,154.29,0.0455
m,9.404231612,155.918,0.0421
m,9.400417407,146.762,0.0418
m,9.396467224,150.442,0.0414
m,9.393012888,154.965,0.0411
m,9.390052962,144.344,0.0403
s,9.380595333,157.343,0.0394
s,9.380266172,157.791,0.0393
s,9.380196673,158.603,0.0391
s,9.379962516,156.787,0.0388
s,9.379824045,154.666,0.0387
s,9.379451607,160.501,0.0384
s,9.379451607,158.971,0.0384
s,9.379382462,160.037,0.0384
s,9.379313319,159.502,0.0384
s,9.379052976,159.347,0.0381
s,9.379052976,157.762,0.0381
s,9.378983671,157.185,0.038
s,9.378750026,154.806,0.038
s,9.37874971,152.351,0.0378
s,9.378680411,157.145,0.0377
s,9.378680411,160.992,0.0377
s,9.378680411,159.607,0.0377
s,9.37877593,158.457,0.0378
s,9.378706636,153.654,0.0377
s,9.378854986,155.867,0.038
s,9.378854986,157.087,0.038
s,9.378786022,154.075,0.0381
s,9.378716901,154.05,0.0381
m,9.465601255,148.696,0.0494
m,9.461354571,154.169,0.0489
m,9.45714847,152.784,0.0485
m,9.453012785,147.036,0.0481
m,9.449238834,142.008,0.0475
m,9.427366505,150.714,0.045
m,9.423444022,149.637,0.0447
m,9.419715988,147.734,0.0442
m,9.416056849,146.701,0.043
m,9.412167932,154.323,0.0426
m,9.38563015,144.883,0.0398
m,9.384043999,158.925,0.0399
m,9.384043643,158.831,0.0397
s,9.381444374,160.169,0.0396
s,9.379824045,159.343,0.0387
s,9.379823879,160.247,0.0386
s,9.379823879,159.172,0.0386
s,9.379754564,157.457,0.0385
s,9.379685417,159.254,0.0385
s,9.379148654,158.367,0.0383
s,9.379148654,161.506,0.0383
s,9.379148654,156.47,0.0383
s,9.379148654,156.244,0.0383
s,9.378983991,156.96,0.0382
s,9.37874971,154.862,0.0378
s,9.37874971,162.128,0.0378
s,9.378680567,161.598,0.0378
s,9.378680567,160.249,0.0378
s,9.3786375,152.447,0.0377
s,9.378733031,153.8,0.0378
s,9.37882841,156.679,0.0378
s,9.378759439,157.308,0.0379
s,9.378759439,156.92,0.0379
s,9.378716901,158.826,0.0381
s,9.378716741,154.39,0.038
s,9.378647622,154.864,0.038
s,9.378647622,150.567,0.038
s,9.378578505,152.365,0.038
s,9.378578346,152.291,0.0379
s,9.378482789,153.857,0.0378
s,9.378551909,152.031,0.0378
s,9.378387238,153.158,0.0377
s,9.378456206,155.483,0.0376
s,9.378455747,148.928,0.0373
s,9.378620261,154.361,0.0373
s,9.378689385,154.455,0.0373
s,9.378689234,153.21,0.0372
s,9.378689234,156.732,0.0372
s,9.378853302,154.066,0.0369
s,9.37885345,152.369,0.037
m,9.378922427,153.352,0.0369
m,9.378922427,141.28,0.0369
m,9.37224606,156.358,0.0366
m,9.369858332,154.754,0.0363
m,9.367541246,150.223,0.036
m,9.365598529,150.128,0.036
m,9.363631566,154.978,0.0356
m,9.356440576,149.38,0.0339
m,9.356060312,151.155,0.0339
m,9.355728749,150.978,0.0336
m,9.355352106,152.512,0.0336
m,9.355394921,151.741,0.0336
m,9.349355595,150.082,0.033
m,9.347274517,155.748,0.0328
m,9.346108513,152.721,0.0327
m,9.345178799,151.168,0.0326
m,9.337926621,148.886,0.0321
m,9.336801163,151.261,0.0322
m,9.334386197,157.28,0.0321
m,9.33318378,158.787,0.0321
m,9.33041199,149.71,0.0321
m,9.325153977,153.042,0.0325
m,9.324281636,161.554,0.0327
m,9.320133833,147.991,0.0327
m,9.318911117,155.511,0.0327
m,9.31891122,154.157,0.0328
s,9.378456052,153.035,0.0375
s,9.378455899,150.267,0.0374
s,9.378455747,152.741,0.0373
s,9.378386624,151.4,0.0373
s,9.378758361,154.854,0.0372
s,9.378853748,156.105,0.0372
s,9.378853599,155.926,0.0371
s,9.37885345,155.702,0.037
s,9.37885345,152.389,0.037
m,9.378991554,149.968,0.0369
m,9.37880065,149.037,0.0368
m,9.378567007,147.845,0.0368
m,9.376340685,155.551,0.0368
m,9.374375086,152.037,0.0367
m,9.361970005,146.374,0.0353
m,9.360872635,154.627,0.0349
m,9.358664106,152.528,0.0346
m,9.357059338,147.73,0.0342
m,9.354851983,154.697,0.0336
m,9.354851872,153.87,0.0335
m,9.352477818,150.647,0.0333
m,9.351373457,146.722,0.0332
m,9.350246741,149.937,0.0331
m,9.343946613,149.929,0.0324
m,9.343946515,149.012,0.0323
m,9.341700496,156.059,0.0322
m,9.340457147,157.798,0.0322
m,9.339005218,152.098,0.0322
m,9.329076875,150.33,0.0323
m,9.328253607,147.989,0.0322
m,9.327107004,152.726,0.0323
m,9.326093738,147.926,0.0323
m,9.317106077,153.396,0.0328
m,9.315910063,156.788,0.0328
m,9.314644502,155.077,0.033
m,9.313543593,150.757,0.0331
m,9.312264833,150.075,0.0333
m,9.309949658,152.854,0.0333
m,9.308930815,152.05,0.0334
m,9.308148919,150.255,0.0333
m,9.308148919,144.114,0.0333
m,9.299379393,144.954,0.0324
m,9.298133673,144.085,0.0324
m,9.296963804,158.504,0.0323
m,9.295546788,147.747,0.0323
m,9.294221087,152.319,0.0322
m,9.286637312,145.659,0.0314
m,9.285466624,147.834,0.0312
m,9.284487222,149.952,0.031
m,9.282101958,157.262,0.0308
m,9.280870976,157.772,0.0307
m,9.273062917,153.152,0.0314
m,9.273063095,148.655,0.0316
m,9.271022116,152.843,0.0316
m,9.269845161,144.016,0.0318
m,9.261644771,155.943,0.0324
m,9.260565751,149.009,0.0325
m,9.258896094,158.166,0.0324
m,9.258061166,153.726,0.0324
m,9.257145067,152.852,0.0324
m,9.252161638,160.756,0.0323
m,9.25030636,151.61,0.0322
m,9.249421027,150.586,0.0322
m,9.24861487,152.804,0.0321
m,9.247652213,154.774,0.032
m,9.242017423,156.606,0.0322
m,9.241076262,150.677,0.0324
m,9.239833904,157.948,0.0324
m,9.238039727,152.704,0.0325
m,9.231123406,151.283,0.0325
m,9.229979449,150.306,0.0325
m,9.228590187,154.869,0.0325
m,9.227370688,151.183,0.0323
m,9.226709788,145.506,0.0327
m,9.306228677,140.691,0.0331
m,9.305380736,154.976,0.0329
m,9.304121777,156.503,0.0327
m,9.303011457,151.358,0.0326
m,9.300612111,144.785,0.0325
m,9.292810207,152.497,0.0321
m,9.290496795,158.84,0.032
m,9.290496609,155.174,0.0318
m,9.287973075,153.352,0.0316
m,9.279643426,148.38,0.0305
m,9.27834521,153.659,0.0306
m,9.277136846,150.742,0.0308
m,9.276167087,150.573,0.0311
m,9.273937805,147.014,0.0313
m,9.268595764,150.251,0.0319
m,9.267810106,154.587,0.0322
m,9.26538999,155.728,0.0323
m,9.264141754,155.566,0.0324
m,9.262971804,152.992,0.0324
m,9.257144969,148.71,0.0323
m,9.255086407,149.79,0.0323
m,9.254027487,154.706,0.0322
m,9.252971724,156.744,0.0324
m,9.246622068,158.737,0.032
m,9.245836231,154.326,0.0319
m,9.245229159,159.6,0.0319
m,9.244524118,155.139,0.032
m,9.243585118,150.953,0.0319
m,9.236715767,163.188,0.0325
m,9.235630804,162.584,0.0326
m,9.233472621,151.482,0.0326
m,9.232554265,156.122,0.0326
m,9.232554265,157,0.0326
m,9.22507705,141.332,0.0332
m,9.223035826,157.222,0.0334
m,9.220392567,148.586,0.034
m,9.220392683,148.211,0.0341
m,9.219028574,147.924,0.0341
m,9.218386132,148.503,0.0342
m,9.218695976,147.602,0.0348
m,9.218533366,151.011,0.035
m,9.217741118,149.986,0.0353
m,9.217241054,150.125,0.0363
m,9.21963933,153.128,0.0369
m,9.219639478,153.269,0.037
m,9.221296324,159.124,0.0371
m,9.227985804,147.696,0.038
m,9.228739556,149.393,0.0381
m,9.230053318,159.308,0.0382
m,9.231664981,160.434,0.0382
m,9.233210436,151.31,0.0383
m,9.241466119,152.454,0.0386
m,9.242170706,161.165,0.0386
m,9.24295892,159.589,0.0387
m,9.244304708,148.172,0.0387
m,9.245890637,141.646,0.0388
m,9.250334982,143.205,0.0376
m,9.250862571,145.341,0.038
m,9.244617761,145.744,0.0386
m,9.245278326,135.514,0.0385
m,9.249300849,145.569,0.0396
m,9.249530003,145.645,0.0395
m,9.249980876,145.957,0.0395
m,9.249973244,145.62,0.0396
m,9.249883795,144.994,0.0396
m,9.249631253,146.46,0.0397
m,9.249549609,146.476,0.0397
m,9.249623505,146.175,0.0397
m,9.249623505,145.623,0.0397
m,9.249541866,145.39,0.0397
s,9.249697586,144.725,0.0398
s,9.249697765,145.159,0.0399
s,9.249312966,144.728,0.04
s,9.249625523,143.742,0.0408
m,9.217367312,152.043,0
m,9.216953504,150.082,0.0359
m,9.21656327,160.936,0.0361
m,9.21642169,146.518,0.0362
m,9.216593106,151.179,0.0363
m,9.221296474,160.155,0.0372
m,9.223581624,151.464,0.0372
m,9.224808941,156.145,0.0377
m,9.22587834,152.677,0.0378
m,9.226476709,151.909,0.038
m,9.234676975,150.897,0.0384
m,9.235581374,153.054,0.0386
m,9.237808522,154.8,0.0386
m,9.239661723,159.899,0.0386
m,9.24699837,146.281,0.0384
m,9.25026358,142.107,0.0381
m,9.250923715,146.226,0.0375
m,9.251009759,140.879,0.0374
m,9.250675656,144.751,0.0375
m,9.246495943,161.507,0.0389
m,9.248040913,145.065,0.0395
m,9.248286154,145.629,0.0396
m,9.248678843,144.807,0.0396
m,9.248989844,145.558,0.0396
m,9.24980214,144.135,0.0396
m,9.249876019,144.445,0.0396
m,9.24979437,146.629,0.0396
m,9.249631076,145.081,0.0396
m,9.249697408,145.074,0.0397
m,9.249697408,145.157,0.0397
m,9.249697408,145.199,0.0397
s,9.249697586,145.313,0.0398
s,9.249697586,146.137,0.0398
s,9.249967644,145.063,0.0408
s,9.249967644,147.928,0.0408
s,9.249885989,144.27,0.0408
s,9.250041707,144.653,0.0409
s,9.249960054,146.182,0.0409
s,9.249960054,147.943,0.0409
s,9.249960825,144.971,0.0413
s,9.250058256,146.619,0.0414
s,9.250132117,147.883,0.0414
s,9.250132117,146.278,0.0414
s,9.249657947,146.261,0.0415
s,9.249739607,145.293,0.0415
s,9.249584283,145.302,0.0416
s,9.249584085,145.307,0.0415
s,9.249665748,145.808,0.0415
s,9.249910946,146.023,0.0416
s,9.249910946,146.215,0.0416
s,9.249910946,146.236,0.0416
s,9.249837102,146.578,0.0416
s,9.250082127,146.18,0.0416
s,9.250082127,147.065,0.0416
s,9.250163806,145.432,0.0416
m,9.250008298,143.553,0.0416
m,9.25008998,144.906,0.0416
m,9.25340603,148.667,0.041
m,9.254215293,139.069,0.0405
m,9.25527175,137.879,0.0397
m,9.256879307,142.027,0.0394
m,9.260174637,144.083,0.0391
m,9.263358608,154.49,0.0371
m,9.265460281,158.808,0.0368
m,9.266585334,153.421,0.0366
m,9.267463705,160.402,0.0364
m,9.273392667,153.136,0.0353
m,9.276186303,153.244,0.0352
m,9.277341784,156.847,0.035
m,9.278403124,160.982,0.0349
m,9.279382252,154.76,0.0348
m,9.285353676,156.878,0.0341
m,9.287936982,162.937,0.0343
m,9.289750122,155.678,0.0343
m,9.291188099,158.096,0.0342
m,9.293060221,154.934,0.0341
s,9.24989513,148.829,0.0415
s,9.249813471,147.684,0.0415
s,9.249813471,145.908,0.0415
s,9.249657947,146.897,0.0415
s,9.249665748,146.202,0.0415
s,9.249665946,146.285,0.0416
s,9.249747611,146.576,0.0416
s,9.249747611,145.585,0.0416
s,9.249829278,145.969,0.0416
s,9.249837102,146.089,0.0416
s,9.249837102,146.104,0.0416
s,9.249918776,147.257,0.0416
s,9.249918776,146.435,0.0416
s,9.25000045,145.987,0.0416
m,9.250097451,135.606,0.0414
m,9.250097451,140.252,0.0414
m,9.251625988,138.045,0.0414
m,9.252614368,134.017,0.0413
m,9.261295849,150.173,0.0388
m,9.261917304,148.81,0.0383
m,9.262441235,154.791,0.038
m,9.26209125,154.013,0.0378
m,9.262425916,149.889,0.0376
m,9.268853639,153.586,0.0365
m,9.269463899,160.155,0.0361
m,9.27044898,151.222,0.0359
m,9.27130902,156.07,0.0356
m,9.273392798,153.399,0.0354
m,9.280587025,161.163,0.0345
m,9.283192503,157.598,0.0344
m,9.284201978,160.781,0.0343
m,9.285353793,158.699,0.0342
m,9.295170396,156.578,0.0342
m,9.298190736,157.824,0.0343
m,9.299576584,156.208,0.0343
m,9.30125614,153.907,0.0342
m,9.301256022,151.975,0.0341
m,9.302465792,159.773,0.0341
m,9.304624531,154.044,0.034
m,9.305018412,155.231,0.0338
m,9.306704013,154.479,0.0337
m,9.313504114,160.618,0.0327
m,9.311228089,161.163,0.0328
m,9.30925185,160.216,0.0328
m,9.30925185,154.283,0.0328
m,9.309972966,155.444,0.0327
m,9.319586288,153.367,0.0315
m,9.32093207,152.795,0.0313
m,9.322637242,159.477,0.0311
m,9.324070814,155.395,0.0309
m,9.325999173,155.202,0.0307
m,9.336088063,159.22,0.0283
m,9.337275713,154.309,0.0282
m,9.338721116,158.866,0.0279
m,9.34012948,161.126,0.0276
m,9.350170274,160.474,0.0264
m,9.350374054,160.462,0.0263
m,9.350671091,161.949,0.0262
m,9.351463827,159.027,0.026
m,9.352291462,153.205,0.0259
m,9.348611143,153.072,0.0249
m,9.348443083,157.147,0.0248
m,9.349531522,150.785,0.0248
m,9.35305045,153.143,0.0247
m,9.35496477,157.729,0.0247
m,9.363825153,155.912,0.0243
m,9.367380967,155.193,0.0241
m,9.368281562,154.999,0.0237
m,9.365224542,155.634,0.0233
m,9.372876699,154.061,0.0203
m,9.375574095,154.556,0.0201
m,9.376340094,159.028,0.0199
m,9.378060525,157.765,0.0196
m,9.378803108,155.808,0.0194
m,9.308298638,159.029,0.0338
m,9.309464328,162.081,0.0338
m,9.31096069,155.523,0.0334
m,9.311745647,158.481,0.0333
m,9.312891127,158.231,0.0332
m,9.311142388,160.858,0.0326
m,9.312499848,159.236,0.0324
m,9.31411244,161.106,0.0323
m,9.3157941,159.382,0.0317
m,9.32799629,156.365,0.0305
m,9.3295861,157.277,0.0301
m,9.330853339,155.033,0.0289
m,9.33276442,158.137,0.0287
m,9.33455949,159.042,0.0286
m,9.341633246,159.288,0.0274
m,9.344909748,156.669,0.0272
m,9.344909664,158.938,0.027
m,9.347436114,155.067,0.0268
m,9.348922069,149.715,0.0266
m,9.351937276,153.815,0.0257
m,9.351937224,157.2,0.0255
m,9.350342767,154.042,0.025
m,9.351163368,157.249,0.0249
m,9.356711112,151.444,0.0246
m,9.358396152,153.319,0.0246
m,9.359950657,158.18,0.0246
m,9.361443461,153.284,0.0246
m,9.362724018,153.506,0.0245
m,9.369573524,152.656,0.023
m,9.370532738,156.614,0.0219
m,9.370169803,151.026,0.0213
m,9.370864186,155.353,0.0209
m,9.372876614,153.049,0.0206
m,9.379443086,150.579,0.0191
m,9.380684106,157.313,0.0189
m,9.38208695,148.68,0.0186
m,9.383491349,154.418,0.0183
m,9.383491507,153.923,0.018
m,9.386644154,155.396,0.0176
m,9.387863505,157.055,0.0173
m,9.38852179,152.822,0.017
m,9.388409277,154.676,0.0164
m,9.397089133,155.989,0.0147
m,9.400675963,155.632,0.0145
m,9.4024721,159.053,0.0142
m,9.402472291,155.323,0.014
m,9.414793988,152.318,0.0125
m,9.416081209,152.5,0.0124
m,9.417603061,152.419,0.0122
m,9.419275123,150.138,0.012
m,9.420078443,152.566,0.0117
m,9.426536351,154.791,0.0111
m,9.42751986,158.81,0.0111
m,9.42829965,151.817,0.011
m,9.429420461,153.952,0.0109
m,9.432372083,149.555,0.0109
m,9.439276323,158.187,0.01
m,9.440182434,154.443,0.0098
m,9.441971195,155.845,0.0097
m,9.443058515,153.588,0.0096
m,9.453698827,156.05,0.0091
m,9.453698827,154.24,0.0091
m,9.45724679,150.724,0.0089
m,9.459365306,155.071,0.0089
m,9.461119453,156.965,0.0088
m,9.467988586,159.676,0.0087
m,9.467988737,150.887,0.0086
m,9.470628374,161.833,0.0085
m,9.471905216,148.323,0.0083
m,9.473568288,148.514,0.0082
m,9.473654946,154.44,0.0073
m,9.47332375,151.864,0.0073
m,9.473283999,153.121,0.0074
m,9.473045501,154.478,0.0074
m,9.387900288,155.339,0.0162
m,9.389646581,159.385,0.016
m,9.391517884,149.258,0.0157
m,9.393630444,155.427,0.0155
m,9.395597172,154.275,0.0149
m,9.406134911,161.871,0.0138
m,9.407851191,149.432,0.0137
m,9.409480533,157.451,0.0134
m,9.410964008,153.791,0.0132
m,9.412418737,152.95,0.0128
m,9.421187139,155.425,0.0114
m,9.423458109,150.828,0.0113
m,9.423458234,153.606,0.0112
m,9.425668127,155.696,0.0111
m,9.433988302,156.212,0.0109
m,9.435755034,156.125,0.0107
m,9.435755165,161.587,0.0106
m,9.437305281,156.594,0.0105
m,9.438244635,150.536,0.0103
m,9.444239387,157.996,0.0095
m,9.444964995,152.286,0.0094
m,9.445930736,156.46,0.0093
m,9.447704972,151.433,0.0093
m,9.449371751,154.447,0.0092
m,9.462161282,154.513,0.0086
m,9.463737214,160.175,0.0084
m,9.46548353,157.506,0.0087
m,9.466294795,153.044,0.0088
m,9.47467772,152.995,0.0079
m,9.47570808,153.115,0.0077
m,9.476158292,151.185,0.0076
m,9.47656914,152.046,0.0074
m,9.476582874,154.072,0.0072
m,9.471959249,152.845,0.0074
m,9.471720751,153.939,0.0074
m,9.471628065,154.799,0.0074
m,9.471535381,154.917,0.0074
m,9.471442698,153.786,0.0074
m,9.471773879,152.459,0.0074
m,9.472158191,153.61,0.0074
m,9.472158191,154.951,0.0074
m,9.472449825,153.303,0.0074
m,9.47321846,153.95,0.0074
m,9.470385596,154.696,0.0074
m,9.469510456,154.385,0.0074
m,9.468716123,154.749,0.0074
m,9.468716123,154.671,0.0074
m,9.467750489,156.074,0.0074
m,9.467080407,152.121,0.0071
m,9.466945699,152.699,0.007
m,9.470495267,153.42,0.0069
m,9.472970824,150.293,0.0067
m,9.488399711,160.705,0.0058
m,9.495158047,149.92,0.0056
m,9.497111967,154.92,0.0052
m,9.499801444,155.396,0.005
m,9.501273287,147.9,0.0048
m,9.511812459,155.773,0.0034
m,9.513315649,156.103,0.0033
m,9.510731669,153.003,0.003
m,9.510671757,154.218,0.0028
m,9.513890929,154.142,0.0026
m,9.521259617,156.29,0.0003
m,9.523321059,154.925,0.0004
m,9.526977402,157.374,0.0005
m,9.529287156,155.976,0.0006
m,9.542625464,154.613,0.0017
m,9.5459295,156.074,0.0017
m,9.547588058,156.111,0.0018
m,9.548524263,161.615,0.003
m,9.5492292,158.221,0.004
m,9.549501217,155.323,0.0079
m,9.54950749,161.084,0.0082
m,9.550324974,159.973,0.0088
m,9.551240707,161.319,0.0097
m,9.553065435,157.449,0.0107
m,9.472993592,152.546,0.0074
m,9.472199106,155.242,0.0074
m,9.471258994,154.357,0.0073
m,9.471034244,154.698,0.0073
m,9.467287429,153.217,0.0074
m,9.4668777,153.35,0.0074
m,9.467130377,153.262,0.0073
m,9.466614116,149.399,0.0073
m,9.466973701,153.071,0.0071
m,9.475141415,158.468,0.0066
m,9.477312999,158.635,0.0065
m,9.479671072,151.371,0.0064
m,9.483846443,148.315,0.0063
m,9.48640596,148.05,0.0062
m,9.50450801,155.005,0.0043
m,9.506322522,152.309,0.0041
m,9.508243146,157.65,0.0039
m,9.510166817,154.999,0.0037
m,9.513891574,154.963,0.0023
m,9.516802872,161.31,0.0012
m,9.517426782,157.694,0.0006
m,9.518385241,152.993,0.0001
m,9.519915717,161.146,0.0002
m,9.529286923,150.025,0.0007
m,9.533850605,153.765,0.0009
m,9.535733913,150.748,0.0011
m,9.538089858,157.512,0.0013
m,9.540451658,153.569,0.0014
m,9.545642085,155.182,0.0048
m,9.546301802,155.709,0.0059
m,9.546250276,155.976,0.0063
m,9.547537391,154.004,0.0071
m,9.555177217,162.882,0.0122
m,9.555432987,156.947,0.0129
m,9.558287983,156.414,0.0134
m,9.558287137,156.837,0.0143
m,9.562435831,157.857,0.0147
m,9.56375235,150.373,0.0159
m,9.565452316,153.343,0.0169
m,9.566870164,155.165,0.0179
m,9.568483295,158.424,0.0188
m,9.580639011,153.984,0.0248
m,9.581692652,159.383,0.0257
m,9.582986741,147.322,0.0262
m,9.585043205,151.503,0.0271
m,9.586810548,158.66,0.0276
m,9.595328973,152.94,0.0315
m,9.596703651,151.545,0.0324
m,9.598158772,155.529,0.033
m,9.599572746,156.718,0.0341
m,9.601325804,152.499,0.0359
m,9.612048258,160.111,0.04
m,9.613440338,151.573,0.0411
m,9.614821167,153.236,0.0418
m,9.617587117,154.173,0.0426
m,9.627970141,162.102,0.0487
m,9.627973171,154.347,0.0498
m,9.630804769,156.795,0.0505
m,9.632173543,155.374,0.0511
m,9.632756729,153.532,0.0521
m,9.63457377,155.557,0.0571
m,9.634573414,154.262,0.057
m,9.635415384,155.888,0.0578
m,9.635399143,157.181,0.0577
m,9.635466006,157.484,0.0577
m,9.633082,156.815,0.0579
m,9.632280118,156.91,0.0582
m,9.63216632,155.075,0.0582
m,9.632192552,156.079,0.0582
m,9.630686713,157.218,0.0593
m,9.630334976,155.993,0.0593
m,9.630082777,158.356,0.0596
m,9.629787365,154.614,0.0595
m,9.629534459,154.75,0.0596
m,9.570190442,149.005,0.0206
m,9.571956355,152.694,0.0213
m,9.575247775,158.605,0.0222
m,9.575247756,155.773,0.0228
m,9.578820472,156.294,0.0238
m,9.588713381,160.389,0.0287
m,9.591353816,152.601,0.0293
m,9.591354243,146.988,0.0299
m,9.59383412,161.638,0.0309
m,9.602851961,162.012,0.0366
m,9.605846273,160.507,0.0374
m,9.605847525,161.698,0.0382
m,9.608710467,156.422,0.0389
m,9.610378379,156.664,0.0395
m,9.618819917,161.164,0.0435
m,9.620292863,162.462,0.0445
m,9.620294239,158.768,0.0451
m,9.623423758,161.967,0.0458
m,9.624832245,156.216,0.0476
m,9.632188365,159.656,0.0526
m,9.632393659,159.614,0.0534
m,9.633022059,152.994,0.0551
m,9.633756551,154.999,0.0561
m,9.635014825,159.012,0.0577
m,9.634704332,157.333,0.0579
m,9.633942604,155.005,0.058
m,9.633533175,157.883,0.058
m,9.633082,155.893,0.0579
m,9.632038771,156.751,0.0586
m,9.631853122,157.932,0.0586
m,9.63146106,157.3,0.059
m,9.631249178,158.58,0.059
m,9.631037364,158.596,0.059
m,9.629504789,157.092,0.0596
m,9.629630097,153.737,0.0596
m,9.629811972,156.124,0.0596
m,9.630077844,155.824,0.0597
m,9.630063177,155.874,0.0597
m,9.63014683,157.183,0.0597
m,9.630075799,156.316,0.0597
m,9.62978098,157.369,0.0597
m,9.629782913,157.296,0.0602
m,9.628540288,154.034,0.0623
m,9.628821079,155.653,0.0624
m,9.629622449,154.074,0.0627
m,9.629623282,154.278,0.0629
m,9.639559346,151.873,0.064
m,9.638502984,155.559,0.0637
m,9.640391586,157.822,0.0636
m,9.641714542,161.164,0.0637
m,9.643598001,153.158,0.0637
m,9.656000626,155.635,0.0636
m,9.65803814,151.913,0.0636
m,9.659652922,154.122,0.064
m,9.659654642,155.427,0.0644
m,9.66243939,155.968,0.0649
m,9.674426884,160.522,0.0697
m,9.676207734,154.974,0.0705
m,9.677788763,161.512,0.0708
m,9.679759645,150.858,0.0733
m,9.692645937,155.037,0.0787
m,9.700947281,153.692,0.082
m,9.700067452,158.315,0.0828
m,9.704462919,154.834,0.0869
m,9.70616864,156.143,0.0894
m,9.707075499,162.79,0.0902
m,9.709986391,152.175,0.0923
m,9.71147216,158.049,0.0932
m,9.715423922,155.161,0.0967
m,9.716236739,151.964,0.0974
m,9.727981767,150.34,0.1077
m,9.730080386,154.204,0.1101
m,9.736355484,160.584,0.1108
m,9.736365516,150.249,0.1119
m,9.629264189,154.217,0.0606
m,9.629069273,154.761,0.061
m,9.62895782,154.015,0.0613
m,9.628847645,153.693,0.0619
m,9.628693953,157.633,0.0621
m,9.633958255,153.62,0.063
m,9.632850028,157.3,0.063
m,9.63030408,153.083,0.0634
m,9.633144257,155.911,0.0635
m,9.634609417,159.01,0.0637
m,9.645441921,152.767,0.0636
m,9.647590975,160.884,0.0636
m,9.650002898,154.615,0.0636
m,9.653928268,159.456,0.0636
m,9.66325119,155.787,0.0655
m,9.665797047,156.779,0.0672
m,9.667388122,160.891,0.0678
m,9.670951306,158.291,0.0684
m,9.672688277,158.474,0.0691
m,9.682422615,152.848,0.0743
m,9.684572102,151.392,0.0752
m,9.689260077,156.975,0.0763
m,9.69423221,154.443,0.0774
m,9.696656358,152.474,0.0784
m,9.709273686,160.387,0.0905
m,9.709261266,158.289,0.0887
m,9.706076286,154.974,0.0891
m,9.707325954,156.194,0.0895
m,9.717315073,151.662,0.0978
m,9.718885347,162.334,0.0993
m,9.720831263,150.751,0.101
m,9.723489339,153.668,0.103
m,9.72564572,153.427,0.1051
m,9.7396504,152.269,0.113
m,9.741202284,150.919,0.1142
m,9.742794148,154.582,0.1156
m,9.744455109,156.955,0.1169
m,9.746050421,149.374,0.1182
m,9.747753866,160.93,0.1196
m,9.749323326,162.977,0.1209
m,9.750481056,158.003,0
m,9.75609759,153.697,0.1255
m,9.758368269,151.388,0.1276
m,9.766941345,153.777,0.1305
m,9.768835157,160.573,0.1314
m,9.770874248,149.638,0.133
m,9.772834377,156.423,0.1336
m,9.774741607,155.011,0.1338
m,9.782110591,153.186,0.1372
m,9.783756261,149.716,0.1383
m,9.785872641,152.586,0.1388
m,9.788316317,161.44,0.1388
m,9.797189384,149.143,0.1418
m,9.799557952,148.613,0.1421
m,9.803939674,148.985,0.1427
m,9.806347785,150.479,0.1432
m,9.809798118,146.347,0.1441
m,9.829163294,159.754,0.1481
m,9.829180002,159.462,0.1494
m,9.846323413,162.069,0.1499
m,9.8538001,155.398,0.1513
m,9.854477241,160.284,0.1518
m,9.859667878,154.096,0
m,9.851507271,152.784,0.1543
m,9.851535153,148.953,0.154
m,9.849363725,155.625,0.1531
m,9.862495468,154.078,0.1527
m,9.864446595,152.369,0.1528
m,9.866453858,155.007,0.1528
m,9.868221463,158.971,0.1521
m,9.868213593,160.312,0.1515
m,9.870580579,157.1,0.1469
m,9.871698315,147.9,0.1464
m,9.874105814,155.585,0.1463
m,9.875367196,151.96,0.1464
m,9.875372229,150.226,0.1468
m,9.76082904,148.837,0.1283
m,9.761959553,154.71,0.1284
m,9.762994217,149.856,0.1289
m,9.764880371,151.765,0.1296
m,9.774217567,160.977,0.1342
m,9.774239084,149.856,0.1345
m,9.774244826,160.423,0.135
m,9.777037951,157.631,0.1361
m,9.779113696,143.885,0.1364
m,9.788822691,147.005,0.1388
m,9.790364608,153.425,0.1391
m,9.791153714,152.714,0.1393
m,9.793115586,147.312,0.1399
m,9.795085845,154.459,0.141
m,9.813113435,155.801,0.1447
m,9.815375832,153.576,0.1452
m,9.819267046,155.677,0.1461
m,9.822964395,152.771,0.1479
m,9.854397197,161.489,0.1523
m,9.856060727,157.74,0.1527
m,9.857906165,158.008,0.1533
m,9.858298394,157.221,0.1542
m,9.860116786,151.568,0.1546
m,9.851919766,154.863,0.1526
m,9.853649986,153.16,0.1527
m,9.856840109,160.437,0.1528
m,9.85884058,157.373,0.1528
m,9.860681734,149.741,0.1528
m,9.867564103,157.098,0.1502
m,9.867407673,151.176,0.1494
m,9.868252797,150.569,0.1486
m,9.86964723,161.593,0.1474
m,9.877237786,156.463,0.147
m,9.878288549,152.173,0.1468
m,9.879419483,155.612,0.1466
m,9.880503263,153.255,0.1467
m,9.882338429,154.904,0
m,9.884461714,150.236,0.1479
m,9.885873028,160.337,0.1483
m,9.886858038,159.009,0.1483
m,9.888534639,158.166,0.1486
m,9.898655811,161.252,0.152
m,9.900151109,157.531,0.1523
m,9.901421533,155.726,0.153
m,9.902693326,157.17,0.1537
m,9.903829644,158.078,0.1545
m,9.913279152,159.647,0.1602
m,9.914722353,150.783,0.1614
m,9.916240727,157.81,0.1627
m,9.917426171,154.513,0.163
m,9.918281925,157.693,0.1628
m,9.919368396,161.679,0.165
m,9.918940787,157.469,0.1649
m,9.918823967,157.025,0.1649
m,9.918348175,159.051,0.1655
m,9.915908868,158.02,0.1682
m,9.915913287,160.396,0.1685
m,9.91521958,159.892,0.1687
m,9.91495176,157.362,0.1689
m,9.914790436,157.162,0.1691
m,9.913484393,160.435,0.17
m,9.913487375,161.483,0.1702
m,9.913112076,161.219,0.1703
m,9.912900803,159.942,0.1704
m,9.912715438,159.681,0.1706
m,9.91134238,158.572,0.1713
m,9.911288129,160.895,0.1715
m,9.911101543,157.467,0.1716
m,9.910782601,158.965,0.1716
m,9.909411208,158.128,0.1723
m,9.909307941,156.986,0.1725
m,9.909096868,159.11,0.1726
m,9.909018213,160.91,0.1728
m,9.908807154,156.632,0.1729
m,9.890264072,154.515,0.1489
m,9.891839198,161.691,0.1493
m,9.893177346,152.342,0.1496
m,9.894923901,153.761,0.1509
m,9.897386406,160.942,0.1512
m,9.905191385,161.162,0.1562
m,9.90686084,155.846,0.157
m,9.908640463,162.244,0.158
m,9.911683346,152.19,0.1591
m,9.918775143,155.196,0.1634
m,9.91918593,154.85,0.164
m,9.919400487,155.866,0.1641
m,9.919427344,157.038,0.1643
m,9.919754795,157.933,0.1639
m,9.917929348,161.731,0.166
m,9.917428182,161.876,0.1665
m,9.917188391,158.917,0.167
m,9.916790974,157.043,0.1673
m,9.916398012,159.509,0.1679
m,9.914366212,156.999,0.1692
m,9.914180649,156.713,0.1694
m,9.914022417,159.747,0.1698
m,9.913753373,160.2,0.1699
m,9.912527103,156.736,0.1706
m,9.912364719,159.451,0.1707
m,9.912073072,159.189,0.1709
m,9.911715673,159.399,0.1711
m,9.911717175,157.9,0.1712
m,9.910571486,155.731,0.1717
m,9.910492761,158.689,0.1719
m,9.910150782,160.922,0.172
m,9.909833382,160.065,0.1721
m,9.909834894,159.427,0.1722
m,9.908730047,156.066,0.1732
m,9.908651435,157.305,0.1734
m,9.908334124,157.569,0.1735
m,9.908337178,159.363,0.1737
m,9.908150798,159.317,0.1738
m,9.90820163,158.002,0.1739
m,9.908123088,157.573,0.1741
m,9.908043029,157.665,0.1742
m,9.907966052,161.685,0.1745
m,9.907250399,161.33,0.1752
m,9.90706576,158.31,0.1754
m,9.906856396,161.119,0.1756
m,9.906802775,158.471,0.1758
m,9.908251039,154.562,0.1761
m,9.909362932,160.504,0.1761
m,9.910582804,159.709,0.1761
m,9.91201876,157.36,0.1762
m,9.913541959,158.218,0.1765
m,9.923330261,154.209,0.1781
m,9.926544688,151.582,0.1789
m,9.926551008,154.945,0.1793
m,9.931526559,152.823,0.1798
m,9.934338851,159.512,0.1805
m,9.942873439,155.055,0.1835
m,9.944271915,156.005,0.1841
m,9.947457631,153.452,0.1847
m,9.948771179,153.203,0.1849
m,9.959115224,146.183,0.1882
m,9.963512717,149.416,0.1885
m,9.965922429,152.848,0.1888
m,9.967879793,154.775,0.189
m,9.967888173,153.089,0.1895
m,9.982021257,156.813,0.1927
m,9.983557699,160.415,0.1933
m,9.985161273,157.036,0.1942
m,9.983917573,159.082,0.1917
m,9.985290759,159.578,0.1916
m,10.00211338,159.776,0.1914
m,10.00430376,161.229,0.1914
m,10.00430376,153.507,0.1914
m,10.00810772,158.639,0.1915
m,9.90788602,160.353,0.1746
m,9.907724457,159.529,0.1747
m,9.907644463,160.872,0.1748
m,9.907646003,161.539,0.1749
m,9.907589207,159.156,0.1749
m,9.906615103,160.58,0.1758
m,9.906586335,155.907,0.176
m,9.906398721,157.351,0.176
m,9.906400273,151.289,0.1761
m,9.907091356,153.953,0.1761
m,9.915175422,150.898,0.1769
m,9.918155026,147.769,0.1771
m,9.918159714,151.524,0.1774
m,9.921601517,146.908,0.1777
m,9.934346828,152.753,0.181
m,9.937434124,157.714,0.1816
m,9.938845152,157.796,0.1819
m,9.940238452,154.281,0.1824
m,9.941499967,150.826,0.1829
m,9.948781007,154.576,0.1855
m,9.95227689,153.216,0.1861
m,9.953989893,150.446,0.1867
m,9.955422342,148.212,0.1871
m,9.957378135,145.08,0.1878
m,9.972425256,154.895,0.1899
m,9.974433583,161.981,0.1904
m,9.976499487,162.067,0.1914
m,9.978326015,157.765,0.1921
m,9.987555124,153.874,0
m,9.991049112,152.917,0.1922
m,9.992858035,162.511,0.1918
m,9.994700217,152.973,0.1911
m,9.999356292,158.699,0.1911
m,10.01048717,161.158,0.1918
m,10.01225489,155.831,0.1923
m,10.01366785,156.86,0.1922
m,10.0148234,156.597,0.1919
m,10.01375622,157.568,0.1913
m,10.01424067,161.563,0.191
m,10.01554829,155.646,0.1908
m,10.01722468,156.595,0.1908
m,10.01874965,156.739,0.1915
m,10.0203477,161.154,0.1921
m,10.03065602,155.876,0.1932
m,10.03222525,160.457,0.1935
m,10.03392121,156.496,0.1937
m,10.03564093,157.628,0.1942
m,10.03726072,156.18,0.1942
m,10.05462086,155.712,0.1958
m,10.05878485,157.803,0.1961
m,10.06296393,158.085,0.1963
m,10.06680762,158.539,0.1971
m,10.07456752,160.265,0.1975
m,10.09281834,154.157,0.1999
m,10.09648787,159.177,0.1998
m,10.09845762,158.69,0.1995
m,10.1002698,154.399,0.199
m,10.10336968,159.976,0.1999
m,10.09742902,150.986,0.2003
m,10.09355683,160.207,0.2002
m,10.0887599,153.198,0.2003
m,10.08374276,155.701,0.2004
m,10.06034649,157.53,0.2019
m,10.04999714,156.248,0.2028
m,10.04567757,153.618,0.2022
m,10.0407956,161.786,0.2027
m,10.03567791,154.407,0.2032
m,10.0069066,157.942,0.2053
m,10.00389975,161.467,0.2056
m,10.00256652,157.567,0.2054
m,10.00067621,157.396,0.2057
m,9.989649485,158.14,0.2078
m,9.988830224,160.975,0.208
m,9.988413924,158.248,0.2089
m,9.988428912,152.69,0.2097
m,9.989900008,158.539,0.2099
m,10.02216418,159.306,0.1926
m,10.02406724,151.967,0.1927
m,10.02774533,159.567,0.1928
m,10.02930931,160.097,0.193
m,10.03940966,161.484,0.1945
m,10.04182901,162.196,0.1948
m,10.04768398,161.484,0.1952
m,10.05072826,156.087,0.1956
m,10.07859042,159.912,0.1979
m,10.07860091,158.412,0.1985
m,10.0856754,160.823,0.1987
m,10.08878152,153.228,0.1987
m,10.09113761,155.916,0.2001
m,10.10181427,160.377,0.1985
m,10.10312525,162.441,0.1981
m,10.1043288,153.417,0.1978
m,10.10470217,157.53,0.1986
m,10.1048073,155.647,0.1993
m,10.07883975,153.401,0.2007
m,10.07429702,151.195,0.2009
m,10.06499345,158.379,0.2014
m,10.06034113,156.778,0.2016
m,10.03102885,160.262,0.2035
m,10.0266383,152.728,0.2042
m,10.01796324,159.43,0.2045
m,10.01422323,159.17,0.2048
m,10.0142287,153.305,0.2051
m,9.99733768,154.584,0.2063
m,9.995627091,161.46,0.2068
m,9.994038514,153.63,0.207
m,9.992455452,158.839,0.2074
m,9.990982482,163.167,0.2077
m,9.990491623,155.737,0.2107
m,9.990587835,159.669,0.2111
m,9.98969783,161.407,0.2119
m,9.984903966,155.58,0.2124
m,9.981595225,153.469,0.2128
m,9.977909096,156.213,0.2133
m,9.973719034,161.668,0.2139
m,9.96948073,158.309,0.2146
m,9.965099351,158.12,0.2153
m,9.930818129,154.683,0.2184
m,9.926023299,155.446,0.2189
m,9.921459038,161.705,0.2191
m,9.916422554,156.799,0.2201
m,9.89596491,159.503,0.2234
m,9.895734923,161.508,0.2237
m,9.89586092,159.128,0.2237
m,9.895484969,157.741,0.2238
s,9.894541051,157.789,0.2246
s,9.894435045,159.944,0.2248
s,9.89443914,159.988,0.225
s,9.89395313,160.157,0.2251
s,9.893957231,157.034,0.2253
s,9.893485627,160.396,0.2261
s,9.89323573,160.255,0.2262
s,9.892969979,161.956,0.2263
s,9.892846074,161.549,0.2264
s,9.892724234,160.04,0.2266
s,9.891965052,161.556,0.2272
s,9.891829498,159.423,0.2275
s,9.891563876,161.78,0.2276
s,9.891565952,159.861,0.2277
s,9.89095084,159.749,0.2284
s,9.890795434,159.05,0.2285
s,9.890797519,158.589,0.2286
s,9.890689459,160.058,0.2287
s,9.890565625,160.904,0.2288
s,9.889980117,161.066,0.2294
s,9.889730381,156.532,0.2295
s,9.889622325,161.246,0.2296
s,9.889748242,158.487,0.2296
s,9.889516369,156.312,0.2298
m,9.960077054,151.169,0.2164
m,9.955265039,153.159,0.217
m,9.950559396,159.457,0.2174
m,9.940555629,152.088,0.2176
m,9.935631718,156.08,0.218
m,9.911346307,156.541,0.2207
m,9.903006685,158.554,0.2212
m,9.903020769,158.34,0.2219
m,9.897903122,153.375,0.2227
m,9.896446907,159.801,0.2231
s,9.895363051,157.809,0.224
s,9.895239099,159.023,0.2241
s,9.895241139,160.741,0.2242
s,9.894881106,160.353,0.2243
s,9.894647063,156.585,0.2244
s,9.893849184,156.6,0.2254
s,9.893851237,159.762,0.2255
s,9.893587499,159.894,0.2257
s,9.893589555,157.814,0.2258
s,9.892600335,161.357,0.2267
s,9.892460595,157.169,0.2268
s,9.892336705,161.651,0.2269
s,9.892086864,160.417,0.227
s,9.892088934,162.43,0.2271
s,9.89144209,162.189,0.2278
s,9.891444168,161.718,0.2279
s,9.891178583,160.394,0.228
s,9.891182744,161.357,0.2282
s,9.891074688,159.355,0.2283
s,9.890441793,159.31,0.2289
s,9.890317965,158.131,0.229
s,9.890211998,159.415,0.2292
s,9.889978024,160.255,0.2293
s,9.889392552,156.263,0.2299
s,9.889156487,157.61,0.2299
s,9.889158586,158.455,0.23
s,9.889034774,157.804,0.2301
s,9.88879871,159.255,0.2301
s,9.888802914,158.632,0.2303
s,9.888710631,156.318,0.2304
s,9.888366522,157.696,0.2305
s,9.888130457,160.896,0.2305
s,9.887556607,157.296,0.2309
s,9.887432801,156.217,0.231
s,9.887306886,157.535,0.231
s,9.88694491,156.098,0.231
s,9.886836869,159.107,0.2311
s,9.886510645,161.861,0.2313
s,9.886400496,161.096,0.2313
s,9.886402611,159.219,0.2314
s,9.88626093,158.498,0.2314
s,9.886026981,161.267,0.2315
s,9.885606392,160.654,0.2317
s,9.88548259,158.545,0.2318
s,9.885356672,159.362,0.2318
s,9.885356672,160.937,0.2318
s,9.884904553,159,0.232
s,9.884778634,158.361,0.232
s,9.884528924,160.157,0.2321
s,9.884528924,159.078,0.2321
s,9.884546815,156.733,0.2322
s,9.883860766,160.414,0.2325
s,9.883860766,160.647,0.2325
s,9.883736974,160.008,0.2326
s,9.883626828,156.952,0.2326
s,9.88351881,155.92,0.2327
s,9.882832781,160.814,0.233
s,9.882708992,162.384,0.2331
s,9.882583073,160.455,0.2331
s,9.882583073,162.127,0.2331
s,9.882195972,158.953,0.2334
s,9.8820722,157.679,0.2335
s,9.882056451,157.791,0.2335
s,9.881932685,157.894,0.2336
s,9.882060726,159.143,0.2337
s,9.887894391,156.418,0.2305
s,9.887896497,160.407,0.2306
s,9.887772689,157.177,0.2307
s,9.887662539,158.549,0.2307
s,9.887664646,155.245,0.2308
s,9.886836869,156.59,0.2311
s,9.886726718,158.921,0.2311
s,9.88672883,159.985,0.2312
s,9.886492766,158.554,0.2312
s,9.886042745,161.879,0.2315
s,9.88591683,159.646,0.2315
s,9.885918947,156.398,0.2316
s,9.885682883,157.157,0.2316
s,9.885716537,158.536,0.2317
s,9.885138499,160.285,0.2319
s,9.885138499,157.725,0.2319
s,9.88499681,160.186,0.2319
s,9.884886661,161.371,0.2319
s,9.884886661,159.075,0.2319
s,9.884438792,156.939,0.2323
s,9.884202726,158.212,0.2323
s,9.884078933,159.318,0.2324
s,9.883953019,158.269,0.2324
s,9.883520939,159.898,0.2328
s,9.883174729,161.061,0.2328
s,9.883158955,162.322,0.2328
s,9.883050939,162.134,0.2329
s,9.882925022,161.162,0.2329
s,9.882585206,160.805,0.2332
s,9.882585206,161.687,0.2332
s,9.882461424,159.73,0.2333
s,9.882178083,158.928,0.2333
s,9.882180219,155.152,0.2334
s,9.881966321,159.533,0.2337
s,9.881952709,160.5,0.2338
s,9.881700902,157.844,0.2338
s,9.881700902,155.573,0.2338
s,9.881577142,156.628,0.2339
s,9.881608633,154.186,0.2339
s,9.881608633,160.834,0.2339
s,9.881487012,159.954,0.2341
s,9.881376856,156.992,0.2341
s,9.880909023,156.416,0.2343
s,9.880690859,158.438,0.2344
s,9.880690859,158.357,0.2344
s,9.880423304,159.645,0.2344
s,9.879499102,157.001,0.2346
s,9.879404694,157.844,0.2346
s,9.879406843,161.293,0.2347
s,9.879406843,158.48,0.2347
s,9.879391094,156.498,0.2347
s,9.879001961,157.414,0.2349
s,9.879001961,156.766,0.2349
s,9.878891798,155.254,0.2349
s,9.878909686,156.014,0.235
s,9.878768056,159.363,0.235
s,9.878491269,156.02,0.2353
m,9.878396875,157.225,0.2353
m,9.878396875,152.086,0.2353
m,9.878399032,158.579,0.2354
m,9.863882611,162.842,0.2358
m,9.859703545,160.531,0.2361
m,9.855551172,160.389,0.2369
m,9.846068948,157.343,0.2371
m,9.841028342,162.05,0.2375
m,9.812583993,155.131,0.2411
m,9.807769996,154.026,0.2416
m,9.803224881,157.008,0.2422
m,9.79859901,157.225,0.2441
m,9.78872408,161.641,0.2451
m,9.763385617,156.15,0.248
m,9.758574891,158.741,0.2484
m,9.749283242,153.724,0.2484
m,9.744880858,159.612,0.2489
m,9.740481067,160.278,0.2495
s,9.881392609,158.872,0.2341
s,9.881284601,159.633,0.2342
s,9.881268844,158.581,0.2342
s,9.881032784,157.128,0.2342
s,9.880909023,155.424,0.2343
s,9.880061345,156.577,0.2344
s,9.879951185,157.319,0.2344
s,9.879953332,157.035,0.2345
s,9.879843173,158.727,0.2345
s,9.879719421,158.265,0.2346
s,9.879391094,159.214,0.2347
s,9.879393244,157.01,0.2348
s,9.879157184,158.674,0.2348
s,9.879141442,155.458,0.2348
s,9.878691522,155.138,0.2351
s,9.878583519,156.407,0.2352
s,9.878567776,158.175,0.2352
s,9.878567776,157.221,0.2352
s,9.878473362,157.715,0.2352
m,9.87816297,156.327,0.2354
m,9.876134982,160.142,0.2355
m,9.873774392,153.817,0.2355
m,9.873776552,158.489,0.2356
m,9.867576258,161.091,0.2356
m,9.836347759,157.992,0.2378
m,9.827128814,157.619,0.2384
m,9.822213575,155.09,0.2394
m,9.817510872,154.018,0.24
m,9.783686211,156.049,0.246
m,9.783699936,157.19,0.2466
m,9.773174328,161.326,0.2467
m,9.768283647,162.786,0.2472
m,9.73621133,157.262,0.2503
m,9.731677387,156.45,0.2511
m,9.726879535,161.388,0.2519
m,9.722219205,160.393,0.2532
m,9.717641782,162.53,0.2527
m,9.712753587,157.001,0.2531
m,9.703336598,158.32,0.2538
m,9.698553556,155.932,0.2545
m,9.694131681,161.444,0.2552
m,9.667511382,161.333,0.2571
m,9.658800193,159.803,0.2569
m,9.654609183,158.132,0.2567
m,9.650323294,156.489,0.2566
m,9.620957174,159.163,0.2587
m,9.616876726,160.039,0.2589
m,9.612556158,159.345,0.2589
m,9.60416749,162.001,0.259
m,9.577691616,160.881,0.2595
m,9.573171863,161.908,0.2598
m,9.564579383,161.544,0.2599
m,9.560154499,159.782,0.26
m,9.560159462,160.552,0.2602
m,9.532364396,160.928,0.2612
m,9.527709398,159.975,0.2614
m,9.518271915,158.53,0.2616
m,9.50920708,158.013,0.2613
m,9.504692456,161.096,0.2616
m,9.477458195,160.34,0.2627
m,9.468064611,156.051,0.2629
m,9.468064611,162.365,0.2629
m,9.458291544,159.839,0.2636
m,9.426219857,162.713,0.2658
m,9.421253531,160.379,0.2666
m,9.421271654,158.918,0.2673
m,9.412113528,161.986,0.2676
m,9.407001842,161.755,0.2675
m,9.380968368,159.942,0.2699
m,9.370625084,153.096,0.2704
m,9.370635648,155.52,0.2708
m,9.359667083,152.046,0.2712
m,9.354536615,160.596,0.271
m,9.68960173,154.651,0.256
m,9.685079484,161.598,0.2571
m,9.681018764,156.775,0.2572
m,9.67193656,154.879,0.2572
m,9.667508957,159.262,0.257
m,9.646378233,157.091,0.2568
m,9.637419263,161.152,0.2571
m,9.633241894,156.911,0.2574
m,9.629191771,158.206,0.2578
m,9.625033169,161.141,0.2583
m,9.604172411,160.002,0.2592
m,9.595702297,161.282,0.2594
m,9.591404598,157.816,0.2592
m,9.586863651,157.077,0.2592
m,9.582330484,157.701,0.2595
m,9.550730816,159.4,0.2605
m,9.546064216,155.009,0.2608
m,9.541425414,156.739,0.2612
m,9.537138931,161.291,0.2613
m,9.500153624,158.202,0.2614
m,9.495396644,160.478,0.2614
m,9.490992247,157.801,0.2616
m,9.486473862,156.595,0.2617
m,9.482080214,159.31,0.2623
m,9.45353118,156.338,0.2638
m,9.449028268,157.996,0.2644
m,9.444655389,161.375,0.2648
m,9.440257402,156.229,0.2651
m,9.435741566,160.749,0.2656
m,9.401769422,158.973,0.2679
m,9.396652385,161.887,0.2684
m,9.39155209,153.302,0.2691
m,9.386324064,157.71,0.2696
m,9.349675978,161.302,0.2713
m,9.344813078,161.481,0.2715
m,9.33972337,162.165,0.272
m,9.334516735,161.682,0.2727
m,9.329524896,161.391,0.273
m,9.320366988,157.116,0.2727
m,9.320372345,158.529,0.2729
m,9.311011544,159.985,0.273
m,9.306634718,158.55,0.2733
m,9.266950753,153.643,0.027
m,9.265619661,157.478,0.275
m,9.261224335,158.646,0.2752
m,9.251586013,154.313,0.2748
m,9.217105222,159.578,0.274
m,9.21224226,161.838,0.2741
m,9.207385932,155.729,0.2741
m,9.202295707,157.975,0.2738
m,9.165719086,158.34,0.2755
m,9.160170408,157.514,0.2761
m,9.154503564,157.614,0.2768
m,9.148699374,160.532,0.2772
m,9.108873446,157.923,0.2771
m,9.103450687,161.286,0.2771
m,9.09804156,158.254,0.2773
m,9.092638264,161.045,0.2777
m,9.081944452,161.479,0.2779
m,9.055667873,160.122,0.2791
m,9.050399447,161.633,0.2794
m,9.039970848,161.999,0.2798
m,9.039979356,159.95,0.2801
m,9.030392758,161.545,0.2803
m,9.001910887,160.68,0.2829
m,8.991813222,160.238,0.2829
m,8.991827651,158.032,0.2834
m,8.98056742,161.289,0.284
m,8.94188668,156.716,0.2873
m,8.93651656,157.559,0.2877
m,8.936528384,161.502,0.2881
m,8.926007043,160.12,0.2886
m,9.302358178,157.786,0.2735
m,9.297859481,153.414,0.2738
m,9.293340512,157.716,0.2737
m,9.284193811,157.401,0.2736
m,9.279449065,159.631,0.2738
m,9.251577862,158.635,0.2745
m,9.241721294,155.135,0.2743
m,9.236856662,155.171,0.2741
m,9.23174183,153.445,0.274
m,9.226757822,156.716,0.2742
m,9.19721397,152.752,0.2738
m,9.191661658,153.676,0.2744
m,9.186790077,153.957,0.2741
m,9.181700106,160.079,0.2747
m,9.176246024,154.538,0.275
m,9.142777382,160.636,0.2777
m,9.136626573,160.839,0.2778
m,9.125392688,159.756,0.2779
m,9.119844027,154.128,0.2772
m,9.119838465,159.832,0.277
m,9.076669825,160.251,0.278
m,9.071504051,160.021,0.2782
m,9.066224867,160.935,0.2784
m,9.060943921,158.925,0.2788
m,9.025487847,153.656,0.2806
m,9.020926764,161.702,0.281
m,9.016142975,161.785,0.2813
m,9.011360444,161.73,0.2819
m,9.006580877,160.683,0.2826
m,8.975191052,160.883,0.2847
m,8.969817554,153.537,0.285
m,8.963975139,160.543,0.2858
m,8.958373036,160.772,0.2863
m,8.947495636,158.457,0.2868
m,8.920638208,161.55,0.2888
m,8.915252397,160.519,0.2889
m,8.909913454,153.968,0.2901
m,8.900541771,159.639,0.2905
m,8.896355069,160.483,0.291
m,8.891711293,159.623,0.2919
m,8.887288346,159.918,0.2928
m,8.882498089,159.625,0.2933
m,8.877336639,155.681,0.2935
m,8.85608589,159.737,0.2968
m,8.855674792,160.231,0.2978
m,8.855935942,160.575,0.298
m,8.855958873,159.556,0.2983
m,8.855378994,159.487,0.2984
s,8.85272703,161.012,0.3001
s,8.852271048,161.386,0.3003
s,8.850528388,161.723,0.3005
s,8.850434675,160.328,0.3007
s,8.845978782,160.364,0.3017
s,8.845763766,158.493,0.3021
s,8.845783358,158.638,0.3025
s,8.843719076,156.633,0.3058
s,8.842435248,157.691,0.3112
s,8.837443945,160.229,0.3173
s,8.837491546,158.262,0.3174
s,8.837437346,157.166,0.3174
s,8.836764924,156.218,0.3179
s,8.837165559,161.494,0.3179
s,8.799455533,158.108,0.2987
s,8.801219401,160.442,0.2986
s,8.801363628,159.724,0.2984
s,8.802444925,157.203,0.2983
s,9.050162422,160.025,0.3926
s,9.049088925,159.547,0.3928
s,9.055142164,159.199,0.3928
s,9.057594477,160.896,0.3927
s,9.059810169,159.194,0.3925
s,9.070002631,160.767,0.3921
s,9.069990446,156.993,0.3918
s,9.071881598,161.424,0.3914
s,9.072821053,159.645,0.391
s,9.065873761,160.93,0.3889
m,8.872325007,153.595,0.2942
m,8.86729064,158.009,0.2946
m,8.862972347,160.741,0.2954
m,8.857585524,161.177,0.2961
m,8.854584429,158.756,0.2987
m,8.854142059,163.552,0.2989
s,8.854151384,160.434,0.2992
s,8.853495148,162.673,0.2994
s,8.853176114,160.77,0.2999
s,8.85009635,160.891,0.3008
s,8.849647356,159.875,0.301
s,8.848973905,157.251,0.3013
s,8.847718255,158.406,0.3014
s,8.846669262,160.832,0.3015
s,8.84139817,156.499,0.3134
s,8.838767704,157.39,0.3153
s,8.837470395,157.965,0.3171
s,8.837396577,159.676,0.3172
s,8.837162233,155.99,0.3178
s,8.707627106,157.203,0.1521
s,8.778545546,159.306,0.2638
s,8.795590596,158.432,0.2964
s,8.798314045,157.297,0.2982
s,8.803293306,158.117,0.2983
s,8.804716566,159.455,0.2983
s,8.883993582,157.084,0.1919
s,8.972530244,158.303,0.288
s,9.046381699,157.478,0.3998
s,9.061684958,160.139,0.3924
s,9.063324709,159.409,0.3923
s,9.065198622,160.582,0.3923
s,9.06695498,160.038,0.3923
s,9.066577969,157.494,0.3886
s,9.067040442,161.331,0.3884
s,9.068085789,161.279,0.388
s,9.070080589,161.096,0.3878
s,9.070901765,159.106,0.3876
s,9.070885721,159.656,0.3872
s,9.072193669,160.874,0.3869
s,9.070067077,159.063,0.3867
s,9.070654898,158.384,0.3864
s,9.067638123,159.185,0.3855
s,9.066939072,160.089,0.3854
s,9.066225201,157.163,0.3852
s,9.06563031,158.914,0.3851
s,9.065242466,158.926,0.3869
s,9.066546461,159.641,0.3842
s,9.066767376,158.776,0.3837
s,9.066965792,157.721,0.3827
s,9.067426182,160.78,0.3823
s,9.067351209,158.742,0.3804
s,9.065840976,157.489,0.379
s,9.066286742,158.879,0.3783
s,9.066515631,157.898,0.378
s,9.066863437,158.918,0.3778
s,9.069753108,157.944,0.3764
s,9.070085587,158.945,0.3758
s,9.070674626,159.583,0.3756
s,9.070662988,162.587,0.3753
s,9.071364233,158.159,0.3751
s,9.073273595,158.512,0.3728
s,9.06983315,155.994,0.3726
s,9.070177387,157.976,0.3723
s,9.070165857,160.474,0.372
s,9.070754921,160.546,0.3718
s,9.072828384,159.543,0.3704
s,9.072828393,158.03,0.3701
s,9.073175904,159.775,0.3698
s,9.072012035,156.907,0.37
s,9.071198484,161.694,0.3702
s,9.07000838,156.567,0.3706
s,9.067725535,157.504,0.3698
s,9.068069774,156.042,0.3695
s,9.068190751,160.128,0.3693
s,9.069347748,159.017,0.3863
s,9.0681626,158.358,0.3863
s,9.068020474,160.586,0.3861
s,9.068718427,159.141,0.3859
s,9.067650102,160.33,0.3858
s,9.065338785,159.404,0.3863
s,9.065902912,160.286,0.3859
s,9.066235883,158.347,0.3854
s,9.066449971,159.831,0.3848
s,9.06411599,161.536,0.3802
s,9.064694902,159.286,0.3801
s,9.06527248,160.652,0.3799
s,9.065498518,159.842,0.3796
s,9.06548674,160.04,0.3793
s,9.067792932,160.119,0.3775
s,9.068253036,159.719,0.3773
s,9.068717046,154.775,0.3772
s,9.069293655,158.89,0.3769
s,9.069641603,160.647,0.3767
s,9.071939334,161.917,0.3749
s,9.072403438,160.436,0.3748
s,9.07274494,159.73,0.3745
s,9.073093175,159.272,0.3743
s,9.071214172,158.554,0.3715
s,9.071555752,158.311,0.3712
s,9.072016064,161.002,0.371
s,9.072598743,161.149,0.3707
s,9.070505573,156.737,0.3707
s,9.069327709,155.017,0.3709
s,9.069339204,158.877,0.3712
s,9.069432489,155.794,0.371
s,9.069777877,156.351,0.3708
s,9.068306313,157.141,0.3691
s,9.065660389,157.853,0.3683
s,9.065891855,160.294,0.3682
s,9.066349493,156.14,0.368
s,9.066570721,155.051,0.3677
s,9.067028374,158.02,0.3675
s,9.067258709,160.022,0.3673
s,9.067605595,158.992,0.367
s,9.067835999,159.422,0.3668
s,9.067951471,159.826,0.3666
s,9.067386002,159.036,0.365
s,9.067382237,160.746,0.3649
s,9.067959064,160.6,0.3646
s,9.068074433,157.038,0.3644
s,9.068304828,156.52,0.3642
s,9.068087288,158.601,0.3623
s,9.068432651,159.942,0.3621
s,9.068652953,158.007,0.3617
s,9.068761981,162.491,0.3614
s,9.067981686,160.677,0.3596
s,9.068443274,157.256,0.3595
s,9.069136369,160.783,0.3593
s,9.069128968,161.508,0.3591
s,9.069479547,160.593,0.3589
s,9.067891953,159.485,0.3571
s,9.068111375,158.785,0.3566
s,9.066792605,161.434,0.3564
s,9.066788935,159.436,0.3563
s,9.067246919,157.933,0.3561
s,9.068494265,159.393,0.3547
s,9.068492074,160.628,0.3545
s,9.068484777,158.651,0.3543
s,9.066669183,160.33,0.3535
s,9.06872459,158.932,0.3523
s,9.068837387,161.336,0.3521
s,9.068835109,161.49,0.3519
s,9.066792893,160.173,0.3511
s,9.069328918,161.134,0.346
s,9.07159351,159.624,0.3404
s,9.070388606,161.232,0.34
s,9.072334167,159.86,0.3381
s,9.071364417,159.074,0.3377
s,9.070285973,157.661,0.3374
s,9.06806049,155.879,0.3663
s,9.068265608,160.792,0.3655
s,9.066699413,159.132,0.3653
s,9.067160905,155.615,0.3652
s,9.068298874,159.382,0.3639
s,9.068274219,159.114,0.3631
s,9.066483839,160.239,0.3629
s,9.066711587,160.244,0.3627
s,9.06774594,158.883,0.3624
s,9.069115235,160.621,0.3612
s,9.06922805,158.403,0.361
s,9.067302042,159.384,0.3603
s,9.067414772,159.914,0.3601
s,9.067646268,158.748,0.36
s,9.069477334,161.102,0.3587
s,9.069474072,160.317,0.3584
s,9.067789895,159.927,0.3578
s,9.067901545,160.821,0.3575
s,9.067590992,159.775,0.356
s,9.067818829,159.371,0.3558
s,9.068046676,160.442,0.3556
s,9.068152145,159.632,0.3552
s,9.068264951,161.597,0.355
s,9.066897049,157.59,0.3533
s,9.067243656,161.443,0.3532
s,9.067580527,160.391,0.3529
s,9.068268824,162.234,0.3527
s,9.068379135,161.845,0.3525
s,9.071910232,161.443,0.3454
s,9.06999645,159.367,0.345
s,9.07097206,162.244,0.3428
s,9.069532062,158.927,0.3424
s,9.069141366,156.859,0.3351
s,9.070914179,160.182,0.3348
s,9.068776745,155.602,0.3344
s,9.067708444,157.867,0.3341
s,9.066755392,159.822,0.3338
s,9.065802456,159.166,0.3335
s,9.067507516,159.728,0.3313
s,9.066501284,159.012,0.3295
s,9.067321353,159.478,0.3292
s,9.066444577,160.526,0.324
s,9.065557343,160.058,0.3222
s,9.069174119,158.253,0.3194
s,9.071743303,158.168,0.3165
s,9.070891732,156.336,0.316
s,9.075800372,160.558,0.3069
s,9.075284893,159.266,0.3064
s,9.077501272,159.463,0.304
s,9.076988313,161.091,0.3035
s,9.076345953,160.018,0.3024
s,9.046299187,161.936,0.2621
s,9.0504152,161.5,0.2605
s,9.057785695,159.413,0.2588
s,9.060994652,161.953,0.2573
s,9.070256598,161.495,0.2496
s,9.07023173,159.481,0.2486
s,9.071073943,158.664,0.2477
s,9.071655484,157.296,0.2468
s,9.074273227,160.119,0.241
s,9.074613812,160.177,0.2404
s,9.074713534,160.63,0.2398
s,9.074815676,161.268,0.2393
s,9.074917847,162.082,0.2388
s,9.075302558,160.539,0.2354
s,9.075411152,156.016,0.2348
s,9.075287439,157.983,0.2342
s,9.075394168,159.389,0.2337
s,9.075382272,159.19,0.233
s,9.075755796,159.957,0.2292
s,9.07574448,159.902,0.2287
s,9.075959022,160.298,0.2281
s,9.076162391,162.384,0.227
s,9.065985182,158.115,0.3287
s,9.070072675,156.642,0.3258
s,9.069341478,154.815,0.3255
s,9.068377211,157.816,0.3251
s,9.067403319,158.437,0.3244
s,9.073211227,159.067,0.3128
s,9.072528003,160.421,0.3103
s,9.074085981,161.03,0.3098
s,9.074070222,161.533,0.3093
s,9.075558913,160.715,0.3002
s,9.078145511,160.862,0.2984
s,9.07990804,157.956,0.2963
s,9.079848179,159.371,0.2943
s,9.056119331,160.006,0.2641
s,9.062882846,161.958,0.2561
s,9.064757174,157.382,0.2549
s,9.066168656,160.819,0.2539
s,9.067546636,161.073,0.2517
s,9.069441933,160.076,0.2506
s,9.071886618,159.416,0.2459
s,9.072213223,159.528,0.2444
s,9.073034525,161.734,0.2436
s,9.073495047,159.32,0.2429
s,9.073833082,161.901,0.2422
s,9.074887559,158.096,0.2377
s,9.07475937,159.282,0.2371
s,9.075209992,161.524,0.2365
s,9.075316584,157.684,0.236
s,9.075247214,160.857,0.2319
s,9.075468105,158.523,0.2314
s,9.075454382,160.87,0.2308
s,9.075554729,161.266,0.2302
s,9.075543357,161.002,0.2297
s,9.076377065,159.698,0.2264
s,9.076594018,161.004,0.2259
s,9.076701195,159.253,0.2254
m,9.076801931,159.458,0.2248
m,9.076906957,161.018,0.2242
m,9.077009978,160.258,0.2237
m,9.076998966,159.551,0.2232
m,9.077086712,158.087,0.222
m,9.077310233,158.14,0.2214
m,9.075446734,155.276,0.2208
m,9.060483188,161.363,0.2167
m,9.057209046,162.453,0.2157
m,9.053700438,161.47,0.2148
m,9.053679371,154.95,0.2138
m,9.046096565,157.465,0.2126
m,9.018469436,162.142,0.2044
m,9.013560918,156.016,0.2029
m,9.008879152,158.812,0.2011
m,9.003925989,156.824,0.1975
m,8.967406236,154.929,0.1879
m,8.962268927,158.808,0.1861
m,8.957657751,159.405,0.1819
m,8.952976795,158.223,0.1804
m,8.915649214,157.927,0.1682
m,8.910588348,156.855,0.1644
m,8.905553416,157.952,0.1625
m,8.895044295,157.598,0.1606
m,8.862441189,155.179,0.148
m,8.851508776,161.676,0.1461
m,8.846142073,153.601,0.1441
m,8.840893289,159.459,0.1428
m,8.835752792,152.581,0.1411
m,8.810401371,159.74,0.1308
m,8.799428256,153.407,0.1287
m,8.794049859,155.753,0.1272
m,8.788668243,159.188,0.1254
m,8.783054891,153.616,0.1236
m,8.756231443,160.953,0.1122
m,8.745282735,159.863,0.1104
m,8.740129937,160.117,0.1085
m,8.735215302,153.966,0.1066
m,8.730755382,156.636,0.103
m,9.073693105,159.937,0.2202
m,9.071350028,153.535,0.2195
m,9.069009163,160.001,0.2189
m,9.065964892,160.899,0.2176
m,9.042237912,160.156,0.2115
m,9.03837291,161.554,0.2103
m,9.03436716,154.441,0.208
m,9.026537619,153.958,0.2067
m,9.022675298,156.188,0.2056
m,8.993915966,158.885,0.1959
m,8.988543938,161.093,0.1941
m,8.988508111,161.312,0.1922
m,8.977910517,159.3,0.1905
m,8.972548205,155.505,0.1894
m,8.943758224,149.903,0.1785
m,8.934374279,160.689,0.1744
m,8.929586097,151.966,0.1729
m,8.924906796,154.695,0.1714
m,8.920222857,159.654,0.1696
m,8.889558559,158.66,0.1592
m,8.889529822,155.265,0.1573
m,8.878803794,152.778,0.1553
m,8.873429025,159.202,0.1533
m,8.867835074,152.391,0.1518
m,8.830380535,155.889,0.1394
m,8.825243683,153.316,0.1375
m,8.820002917,152.851,0.1363
m,8.810427099,155.632,0.1329
m,8.777559645,157.283,0.1217
m,8.771928896,151.569,0.1177
m,8.7616337,152.943,0.1157
m,8.756245659,149.728,0.1136
m,8.720948986,156.8,0.1015
m,8.715911235,153.112,0.0996
m,8.710535177,157.493,0.0978
m,8.705277559,154.937,0.0959
m,8.700013023,161.779,0.0938
m,8.694754717,156.813,0.0917
m,8.689947836,150.474,0.0886
m,8.680368009,161.331,0.0868
m,8.680353091,150.257,0.0847
m,8.645507395,156.813,0.0718
m,8.635394798,153.529,0.0699
m,8.625160156,150.803,0.066
m,8.620046483,162.082,0.064
m,8.590081795,158.033,0.0526
m,8.585312733,150.834,0.0491
m,8.58054962,154.151,0.0473
m,8.570922251,161.51,0.0453
m,8.566160119,156.041,0.0434
m,8.541970394,153.098,0.03
m,8.5323096,161.573,0.0274
m,8.532309042,160.352,0.0247
m,8.522067034,150.47,0.022
m,8.517530259,152.04,0.019
m,8.483030184,158.332,0.0046
m,8.483035334,155.106,0.0025
m,8.473381446,160.365,0.0008
m,8.468729848,152.362,0.0013
m,8.435561801,157.21,0.0166
m,8.430334562,162.027,0.0182
m,8.42533155,157.251,0.0224
m,8.420105557,159.937,0.0246
m,8.409654515,152.914,0.0261
m,8.384814318,160.658,0.0361
m,8.379713313,152.207,0.039
m,8.370306175,160.57,0.0408
m,8.365667881,154.232,0.0425
m,8.36114203,157.988,0.0441
m,8.332370254,155.001,0.0529
m,8.32818967,155.691,0.0542
m,8.323896461,157.802,0.0553
m,8.31960384,156.673,0.0565
m,8.67066461,151.89,0.0826
m,8.665650096,154.264,0.081
m,8.660526665,155.04,0.0791
m,8.655410195,161.422,0.0773
m,8.650513522,151.041,0.0733
m,8.614820042,149.309,0.0619
m,8.609475686,150.9,0.0599
m,8.60471083,153.5,0.0584
m,8.599951016,154.877,0.0565
m,8.594959834,154.237,0.0546
m,8.561391905,158.514,0.0414
m,8.556506137,153.817,0.04
m,8.551505548,156.413,0.0371
m,8.546735745,156.175,0.0321
m,8.512536857,155.277,0.0166
m,8.507192991,155.001,0.0143
m,8.502084166,161.584,0.0104
m,8.497092326,160.816,0.0086
m,8.487218515,155.01,0.0069
m,8.464292783,149.48,0.0062
m,8.459751468,158.141,0.008
m,8.450208319,155.963,0.0104
m,8.445436161,158.905,0.0122
m,8.440551576,159.892,0.0143
m,8.409655189,152.032,0.0282
m,8.399556755,150.985,0.0303
m,8.394684501,156.454,0.0325
m,8.389573355,158.967,0.0341
m,8.361143942,154.732,0.0449
m,8.353127843,154.457,0.0463
m,8.349066308,153.264,0.0479
m,8.344896615,157.822,0.0507
m,8.340953582,158.57,0.0517
m,8.314965711,157.454,0.0572
m,8.310553928,155.682,0.0584
m,8.305791552,151.352,0.0597
m,8.300816822,158.762,0.0619
m,8.295838129,158.905,0.0631
m,8.285401211,160.911,0.0635
m,8.280175298,158.463,0.0645
m,8.274845266,154.096,0.0655
m,8.269506785,160.113,0.0663
m,8.263968343,154.498,0.0672
m,8.230600341,151.569,0.0705
m,8.224917235,156.889,0.0708
m,8.219817119,158.316,0.0711
m,8.214375591,152.529,0.0717
m,8.203838744,149.902,0.0719
m,8.176196104,153.627,0.0731
m,8.171688768,155.063,0.0734
m,8.167060516,154.837,0.0735
m,8.157581566,155.081,0.0737
m,8.129398586,152.91,0.0743
m,8.119698798,149.927,0.0742
m,8.119698798,152.275,0.0742
m,8.109399543,152.649,0.0741
m,8.104317664,153.824,0.0738
m,8.072547552,151.242,0.0721
m,8.067690324,150.932,0.0719
m,8.062703204,146.468,0.0716
m,8.057731341,145.058,0.0707
m,8.048600903,148.713,0.0703
m,8.022399249,149.215,0.0683
m,8.018060034,154.829,0.0671
m,8.009694325,154.013,0.0665
m,8.005852555,151.543,0.0657
m,7.987584685,146.42,0.0613
m,7.982522542,151.603,0.0607
m,7.980158116,146.224,0.0599
m,7.977796276,156.751,0.0591
m,7.975666465,141.389,0.058
m,7.970253421,148.053,0.0513
s,7.969944314,146.835,0.0499
s,7.969610445,147.983,0.048
s,7.969625217,148.448,0.049
s,7.969639186,150.35,0.0497
m,8.258407026,152.169,0.0681
m,8.252731155,151.267,0.0699
m,8.241491953,158.102,0.0706
m,8.241491953,159.054,0.0706
m,8.199210424,158.943,0.0722
m,8.194590474,159.642,0.0725
m,8.189849744,153.737,0.0726
m,8.189850329,155.035,0.0727
m,8.180472768,152.867,0.0729
m,8.152491633,155.93,0.0739
m,8.147863502,151.276,0.0739
m,8.143364723,149.056,0.074
m,8.138865613,151.825,0.074
m,8.134135405,153.099,0.074
m,8.099005382,148.78,0.0736
m,8.093691618,154.02,0.0731
m,8.088249555,150.338,0.0727
m,8.077627075,152.917,0.0723
m,8.044207012,150.38,0.0701
m,8.044205333,161.263,0.0698
m,8.035455969,150.865,0.0694
m,8.031331474,158.535,0.0691
m,8.026865045,151.383,0.0687
m,8.002374346,157.32,0.065
m,7.999369392,155.856,0.0642
m,7.996598486,149.323,0.0637
m,7.993618683,148.774,0.0631
m,7.990539086,151.135,0.062
m,7.97375755,157.389,0.0567
m,7.97229042,148.788,0.0558
m,7.971113585,149.473,0.0537
m,7.970258162,150.454,0.0527
s,7.969529813,150.097,0.0497
s,7.969322928,150.441,0.0497
s,7.969431982,150.524,0.0496
s,7.969322004,148.483,0.0494
s,7.969212035,148.705,0.0492
s,7.969321699,148.641,0.0493
s,7.969309543,149.446,0.0492
s,7.969297698,151.888,0.0492
s,7.969298002,148.671,0.0493
s,7.969784375,154.838,0.0488
s,7.969650812,154.539,0.0486
s,7.969638747,151.302,0.0485
s,7.96962669,151.61,0.0484
s,7.96961406,153.745,0.0481
s,7.969445076,151.71,0.0478
s,7.969445076,151.781,0.0478
s,7.969433072,153.63,0.0477
s,7.969433072,152.619,0.0477
s,7.969202174,154.462,0.0476
s,7.968520657,154.399,0.0471
s,7.968422677,152.936,0.047
s,7.968313244,151.34,0.047
s,7.96820354,152.581,0.0469
s,7.966757061,150.056,0.0467
s,7.966757061,150.056,0.0467
s,7.966526467,151.379,0.0467
s,7.966417069,152.371,0.0467
s,7.966295602,155.319,0.0466
s,7.966247933,154.61,0.0464
s,7.966224143,158.617,0.0463
s,7.966212126,153.654,0.0462
s,7.966309554,153.18,0.0461
s,7.966286097,155.665,0.0461
s,7.966543804,152.042,0.0459
s,7.966543804,149.76,0.0459
s,7.966544067,152.232,0.046
s,7.966641892,152.946,0.046
s,7.966667088,151.312,0.0467
s,7.966667361,150.821,0.0468
s,7.966667635,151.837,0.0469
s,7.966679581,151.821,0.047
s,7.966801007,151.766,0.0471
s,7.969285556,149.941,0.0491
s,7.96949249,149.468,0.0491
s,7.969480374,152.235,0.049
s,7.969480074,150.227,0.0489
s,7.96968676,152.53,0.0488
s,7.969492593,151.855,0.048
s,7.969711454,152.639,0.048
s,7.969711166,153.438,0.0479
s,7.969457088,150.479,0.0479
s,7.969201891,153.847,0.0475
s,7.969080165,151.758,0.0473
s,7.968970716,151.825,0.0473
s,7.968739823,150.588,0.0472
s,7.9686301,153.404,0.0471
s,7.967753811,152.259,0.0468
s,7.967644391,150.035,0.0468
s,7.967304373,151.841,0.0468
s,7.96708555,152.689,0.0468
s,7.967085277,149.535,0.0467
s,7.966162617,152.693,0.0466
s,7.966271752,152.121,0.0465
s,7.966150563,152.997,0.0465
s,7.966150563,153.467,0.0465
s,7.96626267,151.764,0.0461
s,7.966250702,152.249,0.046
s,7.966360163,151.794,0.046
s,7.966457677,151.566,0.0459
s,7.966445997,151.432,0.0459
s,7.966642156,151.792,0.0461
s,7.966654078,149.724,0.0462
s,7.966654345,150.83,0.0463
s,7.966642956,151.239,0.0464
s,7.966776297,150.942,0.0466
s,7.966691813,152.645,0.0472
s,7.966582623,155.612,0.0473
s,7.966582903,151.72,0.0474
s,7.966462032,153.498,0.0475
s,7.966450351,152.844,0.0475
s,7.966559827,149.663,0.0475
s,7.966559827,150.59,0.0475
s,7.966536497,148.893,0.0475
s,7.966524843,148.699,0.0475
s,7.966541393,150.374,0.0475
s,7.966541393,148.494,0.0475
s,7.966760455,150.625,0.0475
s,7.966748879,150.73,0.0475
s,7.966773466,149.272,0.048
s,7.966675822,150.163,0.0481
s,7.966566591,149.698,0.0482
s,7.966457365,152.105,0.0483
s,7.966457658,151.676,0.0484
s,7.966994879,151.537,0.0488
s,7.967105016,150.416,0.049
s,7.967543493,152.316,0.0491
s,7.967751053,150.644,0.0491
s,7.967751356,151.14,0.0492
s,7.969090792,150.246,0.0497
s,7.969102607,149.695,0.0498
s,7.968993029,149.408,0.0498
s,7.96899334,152.25,0.0499
s,7.969235209,148.431,0.0498
s,7.969345096,147.854,0.0499
s,7.969333586,150.655,0.0499
s,7.969333586,148.569,0.0499
s,7.969651166,148.217,0.05
s,7.96970439,151.248,0.0503
s,7.96981401,151.875,0.0503
s,7.969814328,150.964,0.0504
s,7.969705027,150.211,0.0505
s,7.969595731,151.684,0.0506
s,7.969256079,149.366,0.0508
s,7.969244626,151.301,0.0508
s,7.969354245,150.505,0.0508
s,7.969452428,150.459,0.0508
s,7.966622692,150.211,0.0475
s,7.966489922,150.235,0.0475
s,7.966478298,149.219,0.0475
s,7.966587807,149.425,0.0475
s,7.966674106,149.709,0.0475
s,7.966858419,149.358,0.0475
s,7.966968245,151.683,0.0476
s,7.966968529,151.564,0.0477
s,7.966980097,149.885,0.0477
s,7.966870844,150.67,0.0478
s,7.96656747,151.539,0.0485
s,7.966556165,151.709,0.0486
s,7.966665989,152.132,0.0487
s,7.966775814,153.055,0.0488
s,7.968080047,150.557,0.0492
s,7.968409068,152.075,0.0493
s,7.968640039,150.489,0.0494
s,7.968749925,150.15,0.0495
s,7.969090482,149.414,0.0496
s,7.968895285,151.049,0.0499
s,7.968895285,149.451,0.0499
s,7.969016068,151.246,0.0498
s,7.969016068,148.784,0.0498
s,7.969016068,149.591,0.0498
s,7.969749282,148.837,0.05
s,7.969737813,149.254,0.05
s,7.969726663,148.628,0.0501
s,7.969715522,150.059,0.0502
s,7.969486437,149.862,0.0507
s,7.969377149,149.716,0.0508
s,7.969267539,151.287,0.0508
s,7.96903686,150.861,0.0508
s,7.969146468,147.983,0.0508
s,7.969781321,153.618,0.0508
s,7.969890958,152.677,0.0508
s,7.969890958,152,0.0508
s,7.970110562,151.012,0.0509
s,7.970341581,151.535,0.051
s,7.970451554,150.686,0.0511
s,7.970451882,152.04,0.0512
s,7.97034356,151.528,0.0516
s,7.970355637,151.649,0.0518
m,7.97037915,151.875,0.052
m,7.970000357,152.32,0.0527
m,7.969135881,141.475,0.0529
m,7.966093011,146.968,0.0531
m,7.964232556,151.562,0.0532
m,7.962275701,149.019,0.0534
m,7.950879221,150.525,0.0551
m,7.947315688,149.091,0.0553
m,7.945774239,138.282,0.0556
m,7.944125661,147.5,0.0558
m,7.934233209,149.713,0.0557
m,7.930995114,148.846,0.0557
m,7.929379583,137.395,0.0557
m,7.927641632,151.582,0.055
m,7.926137781,143.799,0.0548
m,7.917375392,141.218,0.0536
m,7.914309233,148.11,0.0534
m,7.912947398,149.633,0.0531
m,7.911358632,140.942,0.0529
m,7.909665681,145.113,0.0528
m,7.899120126,136.603,0.0515
m,7.897675686,138.395,0.0512
m,7.896021121,138.373,0.0508
m,7.894476091,151.248,0.0506
m,7.882808787,143.604,0.0495
m,7.881360347,146.126,0.0494
m,7.88002003,144.475,0.049
m,7.877371052,143.906,0.0488
m,7.876166347,143.433,0.0486
m,7.87078467,146.912,0.0455
m,7.870061504,147.563,0.0453
m,7.868750334,146.668,0.0449
m,7.868245516,148.558,0.0446
m,7.867868335,150.103,0.0443
m,7.970500887,151.172,0.0522
m,7.970501229,146.891,0.0523
m,7.970622975,146.445,0.0525
m,7.970415169,155.661,0.0525
m,7.960453089,144.633,0.0536
m,7.958510178,157.972,0.0537
m,7.956702686,145.425,0.054
m,7.954787616,141.802,0.0543
m,7.952886204,138.902,0.0545
m,7.942709048,153.623,0.0559
m,7.941185931,140.115,0.056
m,7.939556156,159.407,0.056
m,7.93781958,141.038,0.0558
m,7.934233209,140.149,0.0557
m,7.923460299,139.413,0.0546
m,7.921948079,141.002,0.0544
m,7.920574585,140.716,0.0541
m,7.918973989,137.459,0.0539
m,7.908081385,137.519,0.0525
m,7.904830785,140.744,0.0523
m,7.903377347,145.206,0.0522
m,7.903376324,137.373,0.0519
m,7.900337376,149.635,0.0517
m,7.891059331,139.945,0.0503
m,7.889416606,145.29,0.0501
m,7.887794369,142.602,0.0499
m,7.887793743,148.6,0.0497
m,7.884260797,141.234,0.0495
m,7.87505105,139.039,0.0484
m,7.873056524,145.854,0.0472
m,7.872178961,139.891,0.0468
m,7.871408689,140.148,0.0463
m,7.867722599,142.157,0.044
m,7.867580107,139.952,0.0437
m,7.86733695,138.656,0.0432
m,7.866944609,144.748,0.043
m,7.866836943,141.561,0.0428
m,7.866836497,144.085,0.0426
m,7.866632477,145.948,0.0425
m,7.866660365,139.979,0.0423
m,7.866669253,144.943,0.0419
m,7.868665589,144.382,0.0407
m,7.868927401,146.83,0.0406
m,7.869318074,145.54,0.0406
m,7.86978079,144.142,0.0407
m,7.869780397,150.921,0.0405
m,7.872741924,143.155,0.0397
m,7.873635823,145.243,0.0398
m,7.874036695,141.263,0.0398
m,7.874214045,143.357,0.0399
m,7.874214234,152.963,0.04
m,7.878422075,140.818,0.0395
m,7.878878456,151.913,0.0396
m,7.8792382,144.525,0.0396
m,7.879501801,148.29,0.0396
m,7.8826428,133.746,0.0384
m,7.883046009,143.658,0.0382
m,7.883451535,139.14,0.0379
m,7.883633732,140.508,0.0376
m,7.884133584,138.101,0.0374
m,7.886208108,144.761,0.0364
m,7.886508344,142.565,0.0359
m,7.886811393,138.295,0.0357
m,7.887573252,142.728,0.0353
m,7.888003767,147.135,0.0352
m,7.891413742,138.496,0.0322
m,7.891875715,142.561,0.0319
m,7.89224459,153.602,0.0316
m,7.892616917,148.483,0.0309
m,7.89606656,139.945,0.0289
m,7.897165321,146.874,0.0287
m,7.897642007,140.637,0.0288
m,7.898832373,138.452,0.0284
m,7.899546111,149.727,0.0283
m,7.866887192,149.481,0.0417
m,7.867389494,148.141,0.0415
m,7.867820445,139.829,0.0412
m,7.86804963,141.329,0.041
m,7.868407224,149.947,0.0409
m,7.870536808,159.115,0.0403
m,7.870919398,144.963,0.0401
m,7.871507628,151.53,0.0399
m,7.872123112,144.14,0.0397
m,7.875106224,142.591,0.04
m,7.875493338,138.879,0.04
m,7.875982999,142.235,0.0397
m,7.876802418,145.649,0.0396
m,7.877895561,143.404,0.0396
m,7.879841339,152.686,0.0394
m,7.880828667,140.554,0.0392
m,7.881448065,138.945,0.039
m,7.881447716,150.864,0.0388
m,7.882341039,148.063,0.0385
m,7.884450857,144.358,0.0372
m,7.884869359,144.263,0.0371
m,7.885388522,142.018,0.0369
m,7.8859097,145.936,0.0365
m,7.888309929,151.799,0.0349
m,7.888777439,145.72,0.0346
m,7.889315247,146.234,0.0338
m,7.889759601,137.113,0.0334
m,7.89053146,146.259,0.033
m,7.893025052,143.214,0.0305
m,7.894078126,146.461,0.03
m,7.894786149,143.968,0.0296
m,7.89514476,140.956,0.0292
m,7.89563534,138.173,0.0289
m,7.900857556,145.504,0.0283
m,7.901326066,137.13,0.0283
m,7.901326107,144.391,0.0284
m,7.902275365,145.961,0.0285
m,7.902756156,149.18,0.0287
m,7.903170971,140.734,0.0287
m,7.903683429,139.534,0.0288
m,7.904705691,149.667,0.0289
m,7.905214485,141.996,0.0289
m,7.90878107,149.849,0.0298
m,7.908781192,144.63,0.03
m,7.909986304,142.303,0.0302
m,7.910519611,157.912,0.0304
s,7.910351247,151.912,0.0314
s,7.910314585,151.416,0.0315
s,7.910407755,146.642,0.0316
s,7.910204567,145.703,0.0317
s,7.910297669,145.816,0.0317
s,7.910334641,151.784,0.032
s,7.910520761,154.896,0.0319
s,7.910743683,150.747,0.0319
s,7.910836707,152.559,0.0318
s,7.910706809,153.581,0.0317
s,7.910743268,146.402,0.0314
s,7.910836299,145.98,0.0313
s,7.910836221,144.273,0.0312
s,7.910929181,149.712,0.031
s,7.910872486,157.781,0.0306
s,7.910965525,150.099,0.0305
s,7.911058502,149.803,0.0303
s,7.911151616,151.54,0.0303
s,7.911281362,146.428,0.0302
s,7.911188123,151.947,0.03
s,7.911188061,149.031,0.0299
s,7.911188001,146.567,0.0298
s,7.911188001,148.744,0.0298
s,7.911187942,151.219,0.0297
s,7.910612111,148.336,0.0294
s,7.910612111,145.252,0.0294
s,7.910612057,148.201,0.0293
s,7.910518949,151.351,0.0293
m,7.905819406,148.267,0.0291
m,7.906426209,156.097,0.029
m,7.906977357,146.806,0.0291
m,7.907494993,140.445,0.0293
m,7.907921448,145.68,0.0297
m,7.910610375,147.635,0.0307
m,7.9106472,145.62,0.0308
s,7.910610593,149.889,0.031
s,7.91048084,158.536,0.0311
s,7.910480995,151.326,0.0313
s,7.910297669,149.16,0.0317
s,7.910297753,153.69,0.0318
s,7.910297839,158.31,0.0319
s,7.910427743,149.005,0.032
s,7.910799841,156.196,0.0316
s,7.910799841,150.384,0.0316
s,7.910706726,148.992,0.0316
s,7.91074343,146.997,0.0316
s,7.910743349,155.336,0.0315
s,7.910929107,150.058,0.0309
s,7.910929107,155.728,0.0309
s,7.910835922,154.1,0.0308
s,7.910835922,156.455,0.0308
s,7.910835851,152.121,0.0307
s,7.911281362,151.144,0.0302
s,7.911281362,153.962,0.0302
s,7.911188185,151.984,0.0301
s,7.911188123,159.506,0.03
s,7.911187942,147.452,0.0297
s,7.911001726,153.58,0.0297
s,7.910908566,154.211,0.0296
s,7.910778691,146.52,0.0295
s,7.910648819,154.515,0.0294
s,7.910425845,148.631,0.0293
s,7.910425899,145.371,0.0294
s,7.910425899,145.884,0.0294
s,7.910555716,148.131,0.0294
s,7.910648819,150.57,0.0294
s,7.910519003,147.196,0.0294
s,7.910519003,148.79,0.0294
s,7.910519058,160.557,0.0295
s,7.910332852,149.981,0.0295
s,7.910239754,152.152,0.0295
s,7.909850188,147.111,0.0293
s,7.909850188,146.894,0.0293
s,7.909757088,143.464,0.0293
s,7.909534171,151.537,0.0293
s,7.909534067,153.556,0.0291
s,7.909497296,150.666,0.029
s,7.909534017,147.373,0.029
s,7.909404148,146.936,0.0289
s,7.9094041,148.464,0.0288
s,7.909311005,147.898,0.0288
s,7.909311005,145.676,0.0288
s,7.9094041,144.515,0.0288
s,7.909274328,146.67,0.0289
s,7.909367429,152.297,0.0289
s,7.909850297,144.023,0.0295
s,7.910036504,145.811,0.0295
s,7.91012967,147.037,0.0296
s,7.910222959,150.581,0.0299
s,7.91022302,155.508,0.03
s,7.910689096,146.855,0.0307
s,7.91068924,150.591,0.0309
s,7.91068924,150.347,0.0309
s,7.910689314,150.362,0.031
s,7.910410248,144.99,0.0314
s,7.91031721,144.245,0.0315
s,7.910187481,147.678,0.0316
s,7.910187481,148.366,0.0316
s,7.910187481,144.852,0.0316
s,7.909778578,143.944,0.0319
s,7.909741965,153.013,0.032
s,7.909741965,142.625,0.032
s,7.909612242,142.561,0.0321
s,7.909612154,147.068,0.032
s,7.910239754,144.534,0.0295
s,7.910016838,146.585,0.0295
s,7.90998006,153.532,0.0294
s,7.90998006,147.266,0.0294
s,7.909497296,148.874,0.029
s,7.909497247,150.596,0.0289
s,7.90959035,153.836,0.0289
s,7.909590302,147.916,0.0288
s,7.90959035,148.45,0.0289
s,7.909497199,149.562,0.0288
s,7.909367335,149.553,0.0287
s,7.909367335,144.81,0.0287
s,7.909404054,146.867,0.0287
s,7.909311005,148.953,0.0288
s,7.909404247,147.364,0.0291
s,7.909534118,143.987,0.0292
s,7.909627268,148.662,0.0293
s,7.909850242,150.072,0.0294
s,7.910223147,150.645,0.0302
s,7.910353092,146.034,0.0304
s,7.910539391,150.05,0.0305
s,7.910502772,148.486,0.0306
s,7.910595897,151.734,0.0306
s,7.910689314,153.152,0.031
s,7.91068939,148.385,0.0311
s,7.910782521,147.579,0.0311
s,7.910652795,147.948,0.0312
s,7.91055974,146.591,0.0313
s,7.910187564,145.08,0.0317
s,7.909964636,145.25,0.0317
s,7.909871605,146.039,0.0318
s,7.909778578,149.545,0.0319
s,7.909519126,151.961,0.0321
s,7.909296201,146.248,0.0321
s,7.909166388,148.373,0.0321
s,7.909259503,145.312,0.0321
s,7.909259415,146.799,0.032
s,7.909129605,147.514,0.032
s,7.9091663,142.41,0.032
s,7.909073276,145.176,0.0321
s,7.909073276,143.701,0.0321
s,7.909259592,145.992,0.0322
s,7.909259592,147.511,0.0322
s,7.909316025,148.569,0.0322
s,7.90940915,151.997,0.0322
s,7.909316025,144.564,0.0322
s,7.909000062,147.503,0.0323
s,7.909093184,149.912,0.0323
s,7.908963376,145.795,0.0323
s,7.908870253,142.676,0.0323
s,7.908777133,145.663,0.0323
s,7.908407667,147.534,0.0325
m,7.90827796,149.725,0.0326
m,7.908371098,152.332,0.0326
m,7.908241204,144.122,0.0325
m,7.909490474,140.292,0.0327
m,7.909878411,158.161,0.0327
m,7.910174941,140.671,0.0328
m,7.910602902,142.726,0.0329
m,7.910939702,138.402,0.033
m,7.914206636,143.002,0.0324
m,7.914710842,134.246,0.0324
m,7.915440055,149.42,0.0325
m,7.916041386,140.231,0.0326
m,7.916514427,152.4,0.0324
m,7.919988673,129.172,0.0329
m,7.920339622,131.462,0.0329
m,7.92140309,135.971,0.0329
m,7.921853733,149.647,0.0329
m,7.925633749,133.962,0.0337
m,7.926415364,133.943,0.0339
m,7.927536573,144.177,0.034
m,7.928146696,134.217,0.0342
m,7.928801362,134.584,0.0343
s,7.909166388,152.379,0.0321
s,7.909166388,145.575,0.0321
s,7.909352621,145.006,0.0321
s,7.909352621,147.407,0.0321
s,7.909259592,145.477,0.0322
s,7.909186308,143.82,0.0323
s,7.909129964,144.631,0.0324
s,7.909129964,146.745,0.0324
s,7.909000154,156.507,0.0324
s,7.908647323,145.674,0.0323
s,7.908517606,144.486,0.0324
s,7.908444244,145.885,0.0324
s,7.908407574,145.322,0.0324
s,7.908407574,143.473,0.0324
m,7.908334348,145.803,0.0325
m,7.908371004,149.516,0.0325
m,7.908571502,145.806,0.0326
m,7.90895865,143.089,0.0327
m,7.90895865,142.261,0.0327
m,7.911970766,147.44,0.033
m,7.91247983,147.175,0.0326
m,7.913189632,141.45,0.0324
m,7.913743095,139.028,0.0324
m,7.917546073,145.976,0.0326
m,7.917974265,146.196,0.0326
m,7.917974361,144.372,0.0327
m,7.919021824,143.368,0.0328
m,7.91945825,134.573,0.0328
m,7.922528855,132.336,0.033
m,7.92311607,134.566,0.033
m,7.923706177,128.533,0.033
m,7.924299175,131.863,0.033
m,7.924985795,134.957,0.0335
m,7.929417528,136.607,0.0346
m,7.93003659,132.712,0.0349
m,7.930836617,143.004,0.0347
m,7.932177315,142.058,0.0348
m,7.932807498,134.823,0.035
m,7.932807624,133.053,0.0351
m,7.934560257,138.651,0.0351
m,7.935374084,131.335,0.0354
m,7.936279573,131.167,0.0355
m,7.941559264,147.756,0.0362
m,7.942180924,140.072,0.0363
m,7.942849683,139.368,0.0364
m,7.94352117,139.825,0.0364
m,7.949641658,132.996,0.0368
m,7.950648802,136.587,0.0368
m,7.952275005,134.101,0.0369
m,7.953780858,140.098,0.0368
m,7.953780858,137.251,0.0368
m,7.958451012,141.399,0.0366
m,7.959407546,135.073,0.0365
m,7.960234439,132.817,0.0364
m,7.961064916,136.871,0.0364
m,7.962832351,135.505,0.0364
m,7.969108198,151.558,0.0361
m,7.969924114,136.81,0.036
m,7.969923977,136.023,0.0359
m,7.971481325,131.983,0.0359
m,7.977361697,133.316,0.036
m,7.978075784,126.249,0.036
m,7.978792908,130.143,0.036
m,7.979595889,129.131,0.0358
m,7.980235986,126.543,0.0358
m,7.984547693,126.836,0.0355
m,7.984993544,125.726,0.0353
m,7.985948325,126.424,0.0352
m,7.986351926,126.467,0.0352
m,7.986542066,149.151,0.0352
m,7.986076952,136.994,0.0354
m,7.985153587,134.046,0.0354
m,7.984589073,142.324,0.0354
m,7.984108828,140.527,0.0354
m,7.937231719,137.22,0.0358
m,7.937966708,137.275,0.036
m,7.939623287,139.36,0.0362
m,7.940324247,140.76,0.0362
m,7.941116403,138.147,0.0362
m,7.94446033,139.959,0.0365
m,7.945908123,130.085,0.0366
m,7.946901758,133.498,0.0367
m,7.947811459,135.988,0.0367
m,7.948724858,133.116,0.0368
m,7.955385631,132.538,0.0368
m,7.956235478,133.794,0.0367
m,7.956955413,137.284,0.0367
m,7.957678061,143.975,0.0366
m,7.96394032,130.285,0.0365
m,7.964784804,138.626,0.0364
m,7.965766179,135.981,0.0363
m,7.966484081,134.061,0.0362
m,7.968246389,139.855,0.0362
m,7.972356772,135.181,0.036
m,7.973101653,128.233,0.036
m,7.973983768,150.675,0.036
m,7.975758265,133.608,0.036
m,7.976600122,137.068,0.036
m,7.981711777,124.089,0.0358
m,7.981711643,126.187,0.0357
m,7.983149179,134.706,0.0356
m,7.983805708,129.607,0.0356
m,7.986817113,132.097,0.0352
m,7.986825562,129.232,0.0352
m,7.986755579,134.057,0.0354
m,7.986354355,132.562,0.0354
m,7.986077083,130.935,0.0355
m,7.983631867,140.512,0.0354
m,7.9824173,136.138,0.0354
m,7.98165426,137.683,0.0355
m,7.980704424,132.177,0.0356
m,7.979837972,131.988,0.0357
m,7.978814513,132.621,0.0358
m,7.977522557,135.231,0.0351
m,7.975939463,142.103,0.0349
m,7.972457459,135.369,0.0348
m,7.972457097,138.13,0.0345
m,7.956476705,130.96,0.0333
m,7.954073138,133.388,0.0331
m,7.951731454,132.132,0.033
m,7.949472865,130.354,0.033
m,7.947354648,130.894,0.0329
m,7.93325058,136.805,0.0334
m,7.931339388,145.829,0.0335
m,7.929450104,137.698,0.0341
m,7.926148705,139.112,0.0344
m,7.914738888,141.445,0.0377
m,7.912879552,144.633,0.0383
m,7.912880928,139.624,0.0391
m,7.909444381,141.106,0.0398
m,7.907717275,145.033,0.0408
m,7.897887117,139.516,0.0467
m,7.896134642,157.1,0.0477
m,7.894459813,140.642,0.0486
m,7.892713064,136.82,0.0496
m,7.890973204,141.666,0.0518
m,7.879431419,145.94,0.0587
m,7.878069921,139.753,0.0596
m,7.875496879,145.772,0.0603
m,7.874141371,138.482,0.061
m,7.866376485,136.492,0.0606
m,7.863629644,140.82,0.0607
m,7.861942399,135.38,0.0606
m,7.86038747,140.837,0.0604
m,7.858754003,137.235,0.0599
m,7.848292872,140.29,0.0562
m,7.84675304,138.219,0.0535
m,7.845149544,143.93,0.0521
m,7.842511924,130.231,0.051
m,7.842507438,142.855,0.0496
m,7.968287166,129.41,0.0342
m,7.965941399,131.601,0.034
m,7.963656295,140.506,0.0338
m,7.96129656,144.154,0.0336
m,7.94293746,133.332,0.0329
m,7.940910431,129.474,0.0329
m,7.938829114,128.165,0.0329
m,7.938829417,129.031,0.0332
m,7.935028867,140.859,0.0333
m,7.924695213,134.675,0.0347
m,7.923244439,143.512,0.035
m,7.921719703,141.845,0.0353
m,7.919908987,141.752,0.0363
m,7.918314417,137.372,0.037
m,7.906007885,140.191,0.0416
m,7.904302079,135.785,0.0426
m,7.90273921,134.068,0.0447
m,7.899430015,137.41,0.0457
m,7.887428972,139.382,0.053
m,7.88743257,136.096,0.054
m,7.88418531,137.538,0.0551
m,7.882667607,148.005,0.0561
m,7.880941728,142.125,0.0573
m,7.87299736,150.689,0.0612
m,7.871644622,139.585,0.0615
m,7.870222604,138.346,0.0602
m,7.868872974,141.069,0.0602
m,7.866376035,135.884,0.0605
m,7.855158257,139.318,0.0594
m,7.853403921,134.986,0.0589
m,7.851718193,137.403,0.0583
m,7.84989634,139.517,0.0574
m,7.839598248,136.379,0.0487
m,7.838078762,124.594,0.0485
m,7.836562388,126.239,0.048
m,7.834700272,122.683,0.047
m,7.831343435,129.743,0.0464
m,7.829776938,134.948,0.0457
m,7.827933681,138.066,0.045
m,7.826303571,138.9,0.0444
m,7.824745902,131.199,0.044
m,7.81339006,134.025,0.0416
m,7.811652069,130.705,0.0413
m,7.809708484,128.104,0.0408
m,7.80762954,126.442,0.0405
m,7.803341809,130.368,0.0402
m,7.792604738,131.094,0.0387
m,7.788702127,129.381,0.0386
m,7.788701786,124.813,0.0384
m,7.784952602,134.486,0.0382
m,7.78318378,133.756,0.0378
m,7.773247866,137.621,0.0359
m,7.77019517,133.542,0.0347
m,7.767189799,137.761,0.0338
m,7.764854221,131.547,0.0333
m,7.954098571,160.732,0.0682
m,7.954918186,149.436,0.0681
m,7.955651799,148.766,0.068
m,7.95593693,153.258,0.068
m,7.955751511,157.786,0.0679
m,7.943653744,156.489,0.0676
m,7.935818403,160.042,0.0676
m,7.931407353,149.057,0.0676
m,7.931407353,151.193,0.0676
m,7.922049152,149.36,0.0675
m,7.887830988,155.006,0.0675
m,7.883030071,148.303,0.0673
m,7.883029003,149.836,0.0671
m,7.872494136,145.368,0.0669
m,7.833456743,147.492,0.0655
m,7.827490484,152.185,0.0653
m,7.821412998,147.745,0.0651
m,7.815334508,161.04,0.0647
m,7.803513858,144.656,0.0644
m,7.823191704,134.765,0.0435
m,7.820096355,136.222,0.0429
m,7.81841472,137.24,0.0424
m,7.818414282,143.191,0.0422
m,7.815061212,134.02,0.0418
m,7.801202338,127.174,0.0399
m,7.798926596,126.26,0.0396
m,7.796585239,127.926,0.0393
m,7.794594853,126.189,0.0391
m,7.781556949,147.586,0.0372
m,7.78028047,135.03,0.0369
m,7.777875646,140.561,0.0367
m,7.776809196,124.104,0.0363
m,7.775382944,122.563,0.0362
m,7.946127403,152.184,0.0687
m,7.947789662,155.743,0.0686
m,7.949260833,154.105,0.0685
m,7.95166662,148.17,0.0683
m,7.951666077,160.417,0.0682
m,7.955087279,150.271,0.068
m,7.952008173,150.566,0.068
m,7.946970068,158.405,0.0679
m,7.946968992,147.558,0.0677
m,7.917222138,149.708,0.0675
m,7.912191422,153.164,0.0676
m,7.907270271,145.181,0.0674
m,7.897652563,150.632,0.0674
m,7.892621387,148.718,0.0674
m,7.867128313,148.765,0.0667
m,7.861642391,148.384,0.0665
m,7.856035325,154.485,0.0661
m,7.845037894,147.789,0.0659
m,7.839312311,151.808,0.0658
m,7.797769719,146.362,0.0641
m,7.797767735,152.264,0.0637
m,7.786298663,149.027,0.0634
m,7.780554666,148.071,0.0631
m,7.774922035,149.693,0.0628
m,7.769295824,142.655,0.062
m,7.76378433,150.036,0.0619
m,7.758280636,148.916,0.0616
m,7.747472011,154.521,0.0614
m,7.714597991,150.392,0.0597
m,7.703782228,156.645,0.0594
m,7.69837391,151.646,0.0591
m,7.693076868,150.94,0.0587
m,7.659911629,145.709,0.0567
m,7.648963215,141.866,0.0564
m,7.643548648,151.139,0.0561
m,7.638245316,152.944,0.0556
m,7.632600089,143.607,0.0554
m,7.600310073,147.368,0.0546
m,7.589936406,144.862,0.0546
m,7.585101694,146.798,0.0547
m,7.580259506,146.213,0.0547
m,7.5756568,154.111,0.0547
m,7.546392828,157.005,0.0553
m,7.542845849,152.467,0.0552
m,7.539180613,152.048,0.0553
m,7.535283538,153.711,0.0553
m,7.50243789,154.76,0.0554
m,7.49747826,150.121,0.0554
m,7.492287321,154.089,0.0554
m,7.487209448,153.414,0.0553
m,7.482133054,150.892,0.0554
m,7.452842607,151.999,0.0557
m,7.447884036,145.263,0.0557
m,7.442801493,143.602,0.0556
m,7.43264027,150.412,0.0556
m,7.427447337,143.771,0.0555
m,7.392493278,150.255,0.0548
m,7.392492886,145.408,0.0547
m,7.382462063,153.232,0.0547
m,7.37762086,146.4,0.0545
m,7.741959852,155.945,0.0611
m,7.74195847,148.375,0.0608
m,7.731048069,144.964,0.0607
m,7.72540807,150.121,0.0605
m,7.719999618,148.939,0.0603
m,7.687557743,142.498,0.0585
m,7.682141621,143.07,0.0582
m,7.676492569,142.658,0.0575
m,7.66555106,149.731,0.0572
m,7.659912449,146.408,0.0569
m,7.621758146,144.1,0.0551
m,7.616226325,152.494,0.0551
m,7.610806307,145.22,0.055
m,7.605506251,151.929,0.0549
m,7.571174726,140.88,0.0549
m,7.566692587,149.57,0.055
m,7.562442481,154.753,0.0551
m,7.55819272,159.087,0.0552
m,7.550059143,147.623,0.0553
m,7.531035269,154.76,0.0552
m,7.526542372,151.257,0.0552
m,7.517087881,151.064,0.0552
m,7.517088276,142.752,0.0553
m,7.507404642,145.73,0.0554
m,7.472213532,148.648,0.0554
m,7.467371237,150.908,0.0555
m,7.467371637,144.293,0.0556
m,7.45768265,141.658,0.0556
m,7.422368829,141.797,0.0554
m,7.417404911,139.363,0.0553
m,7.412441341,142.03,0.055
m,7.402411099,147.785,0.055
m,7.397570124,149.179,0.0549
m,7.372781328,147.726,0.0544
m,7.367943468,150.483,0.0544
m,7.36310496,148.322,0.0539
m,7.353553448,141.936,0.0538
m,7.348719935,148.934,0.0536
m,7.343888475,147.509,0.0536
m,7.343888097,148.914,0.0535
m,7.334339825,145.752,0.0534
m,7.32962631,157.173,0.0532
m,7.325032157,146.495,0.053
m,7.29702796,158.528,0.0526
m,7.292441005,150.513,0.0524
m,7.287974895,154.024,0.052
m,7.279048732,158.251,0.0518
m,7.274705077,153.058,0.0517
m,7.245852412,143.348,0.0507
m,7.241632952,146.281,0.0506
m,7.237532885,146.452,0.0507
m,7.233318655,157.879,0.0509
m,7.203035217,159.382,0.0502
m,7.198714035,154.101,0.0501
m,7.194160639,155.204,0.05
m,7.189724948,143.671,0.0498
m,7.180976333,143.464,0.0498
m,7.155811941,148.15,0.0495
m,7.151272865,156.315,0.0494
m,7.146852171,146.336,0.0495
m,7.142432522,145.539,0.0495
m,7.137899246,147.878,0.0495
m,7.104935974,149.729,0.0491
m,7.10006432,144.274,0.0489
m,7.095432511,151.965,0.0487
m,7.085821191,147.916,0.0485
m,7.056335872,148.872,0.0467
m,7.051023012,149.687,0.0463
m,7.04074759,150.676,0.0461
m,7.035664416,144.886,0.0459
m,7.03058278,143.9,0.0457
m,7.003791553,145.06,0.0443
m,7.003791295,155.182,0.0442
m,6.998030334,148.325,0.0442
m,6.996192916,149.568,0.0441
m,6.994576388,153.549,0.0441
m,7.320207078,157.209,0.0529
m,7.310902622,155.616,0.0527
m,7.306199894,148.837,0.0527
m,7.30161343,149.367,0.0527
m,7.274704369,143.127,0.0515
m,7.2660185,153.673,0.0512
m,7.262030375,151.117,0.051
m,7.257925929,152.416,0.0508
m,7.253937579,155.736,0.0504
m,7.228873643,153.01,0.0508
m,7.224661452,154.271,0.0506
m,7.220449964,148.784,0.0505
m,7.211682571,155.871,0.0504
m,7.211682233,144.002,0.0503
m,7.176545483,154.191,0.0497
m,7.172465887,151.772,0.0497
m,7.168387524,149.623,0.0496
m,7.16431048,151.656,0.0495
m,7.133251191,148.044,0.0494
m,7.128605246,143.094,0.0494
m,7.123843494,142.432,0.0494
m,7.114444132,147.846,0.0493
m,7.109572881,137.544,0.0491
m,7.081074782,141.162,0.0484
m,7.076214494,144.454,0.0483
m,7.071239232,143.852,0.0478
m,7.066266184,147.934,0.0474
m,7.061299063,142.663,0.0473
m,7.025498428,153.81,0.0454
m,7.02040754,145.212,0.0452
m,7.015670099,154.875,0.0447
m,7.011513598,143.387,0.0445
m,6.993763516,151.121,0.0441
m,6.993529022,151.207,0.044
m,6.993648464,151.8,0.044
s,6.993882703,153.316,0.044
s,6.99400215,151.716,0.044
s,6.99400215,153.005,0.044
s,6.994236392,149.493,0.044
s,6.994470633,149.188,0.044
s,6.994590083,149.563,0.044
s,6.995881013,151.784,0.0441
s,6.996354185,151.753,0.0441
s,6.996588689,152.298,0.0442
s,6.996822936,153.022,0.0442
s,6.996942406,151.264,0.0442
s,6.997540578,151.308,0.0445
s,6.997545563,150.942,0.0446
s,6.997665055,151.183,0.0446
s,6.997669789,151.427,0.0446
s,6.997789554,153.098,0.0447
s,6.998496553,153.674,0.0445
s,6.998377045,153.446,0.0445
s,6.998496553,152.005,0.0445
s,6.998381802,149.952,0.0445
s,6.998147804,149.32,0.0446
s,6.998152567,150.145,0.0446
s,6.998157602,148.256,0.0447
s,6.998157602,145.585,0.0447
s,6.998162646,147.878,0.0448
s,6.998282708,150.672,0.045
s,6.998402236,149.757,0.045
s,6.998402506,149.778,0.0451
s,6.998402506,152.461,0.0451
s,6.998522037,150.742,0.0451
s,6.998877211,151.002,0.0456
s,6.998991945,151.875,0.0456
s,6.998992224,150.876,0.0457
s,6.999112321,149.15,0.0459
s,6.99900412,149.314,0.0465
s,6.999123665,148.938,0.0465
s,6.998889685,149.691,0.0466
s,6.99877014,152.091,0.0466
s,6.998770433,152.096,0.0467
s,6.994824325,152.418,0.044
s,6.994939115,148.355,0.044
s,6.995178024,150.223,0.044
s,6.99565119,154.528,0.044
s,6.995881013,149.479,0.0441
s,6.997062137,152.454,0.0443
s,6.997181612,151.167,0.0443
s,6.99730135,151.811,0.0444
s,6.997540578,151.185,0.0445
s,6.997908791,154.595,0.0446
s,6.99814305,153.353,0.0446
s,6.998262556,151.207,0.0446
s,6.998262556,150.997,0.0446
s,6.998377045,152.122,0.0445
s,6.998147541,152.898,0.0445
s,6.998147541,154.193,0.0445
s,6.998147541,151.293,0.0445
s,6.998147541,153.026,0.0445
s,6.998147541,150.938,0.0445
s,6.998162914,149.618,0.0449
s,6.998162914,150.039,0.0449
s,6.99828244,149.807,0.0449
s,6.998282708,151.346,0.045
s,6.998522308,150.89,0.0452
s,6.998637317,149.736,0.0453
s,6.998642391,150.804,0.0454
s,6.9987574,151.839,0.0455
s,6.998876934,150.815,0.0455
s,6.999232142,148.519,0.046
s,6.999232426,149.367,0.0461
s,6.999232712,150.437,0.0462
s,6.999118269,152.603,0.0463
s,6.99900383,152.413,0.0464
s,6.998650892,150.993,0.0467
s,6.998650892,150.563,0.0467
s,6.998531353,149.075,0.0467
s,6.998531647,149.486,0.0468
s,6.998412111,150.812,0.0468
s,6.998292578,151.873,0.0468
s,6.998177843,151.813,0.0468
s,6.998177549,150.532,0.0467
s,6.998062522,150.338,0.0466
s,6.997712651,150.818,0.0463
s,6.997482902,150.922,0.0462
s,6.997363363,148.729,0.0462
s,6.997248346,150.328,0.0461
s,6.996778958,148.457,0.0458
s,6.996429957,152.487,0.0458
s,6.996429957,151.454,0.0458
s,6.99619597,153.321,0.0459
s,6.996081239,151.34,0.0459
s,6.996092304,148.747,0.0464
s,6.996212145,147.24,0.0465
s,6.996212436,149.76,0.0466
s,6.99632745,152.424,0.0467
s,6.996332872,151.313,0.0469
s,6.997157062,153.169,0.0475
s,6.997276931,150.501,0.0476
s,6.997391952,148.699,0.0477
s,6.997511823,149.36,0.0478
s,6.997966474,155.069,0.048
s,6.998081196,151.478,0.048
s,6.99819592,151.259,0.048
s,6.998310644,152.945,0.048
s,6.998191101,149.373,0.048
s,6.998416067,151.083,0.0481
s,6.998416067,150.969,0.0481
s,6.998416067,152.276,0.0481
s,6.99841127,154.539,0.0481
s,6.998411584,157.721,0.0482
s,6.998301334,153.792,0.0481
s,6.998301021,153.243,0.048
s,6.99818629,151.085,0.048
s,6.998185978,151.423,0.0479
s,6.998062522,151.242,0.0466
s,6.998062231,150.329,0.0465
s,6.997947498,151.873,0.0465
s,6.997947208,149.398,0.0464
s,6.997712651,151.46,0.0463
s,6.997248062,151.048,0.046
s,6.997248062,149.486,0.046
s,6.997128241,148.928,0.0459
s,6.997013228,149.784,0.0458
s,6.996778958,151.791,0.0458
s,6.996086336,149.672,0.046
s,6.996086336,151.557,0.046
s,6.996091442,150.073,0.0461
s,6.996091728,151.839,0.0462
s,6.996453025,150.402,0.0471
s,6.996453325,150.34,0.0472
s,6.996568345,150.368,0.0473
s,6.996922482,149.954,0.0474
s,6.997037503,150.297,0.0475
s,6.997631699,155.182,0.0479
s,6.997741562,151.444,0.0479
s,6.997856279,154.214,0.0479
s,6.99785659,151.6,0.048
s,6.997970997,150.617,0.0479
s,6.998186602,154.694,0.0481
s,6.998186602,154.386,0.0481
s,6.998186602,148.737,0.0481
s,6.998301334,149.621,0.0481
s,6.998411584,155.039,0.0482
s,6.998416381,157.664,0.0482
s,6.998301648,154.606,0.0482
s,6.998420871,153.772,0.0481
s,6.998186602,156.185,0.0481
s,6.998071248,159.457,0.0479
s,6.998071248,154.602,0.0479
s,6.998190479,158.325,0.0478
s,6.998075753,156.699,0.0478
s,6.997961027,150.438,0.0478
s,6.997841172,152.109,0.0477
s,6.997841172,151.393,0.0477
s,6.997726139,151.736,0.0476
s,6.997615936,151.632,0.0475
s,6.997615632,152.614,0.0474
s,6.997042043,154.864,0.0474
s,6.99692733,155.582,0.0474
s,6.99692733,150.207,0.0474
s,6.996812617,149.711,0.0474
s,6.996573489,150.082,0.0474
m,6.995750801,149.049,0.0473
m,6.995521064,142.651,0.0472
m,6.994946898,147.104,0.047
m,6.992298771,142.947,0.0469
m,6.974774997,139.498,0.0457
m,6.971454738,145.838,0.0453
m,6.968136181,138.587,0.0451
m,6.961154533,145.054,0.045
m,6.961153729,146.093,0.0447
m,6.939747725,141.804,0.0441
m,6.936091171,148.336,0.0441
m,6.928781411,150.332,0.044
m,6.925127955,149.205,0.0438
m,6.92124106,143.819,0.0436
m,6.892721161,153.638,0.0435
m,6.888739093,149.468,0.0435
m,6.884636681,142.895,0.0433
m,6.876898349,149.522,0.0432
m,6.854863865,142.339,0.0431
m,6.851017525,142.367,0.0431
m,6.847163943,144.686,0.0431
m,6.843311782,140.828,0.0431
m,6.83560253,146.962,0.0431
m,6.811623577,137.223,0.0425
m,6.807323607,139.087,0.0423
m,6.803138023,150.315,0.0422
m,6.799076895,152.94,0.0422
m,6.791286113,142.484,0.0421
s,6.997500912,152.422,0.0474
s,6.997271475,156.496,0.0474
s,6.997271475,154.539,0.0474
s,6.997156758,158.774,0.0474
s,6.996573489,149.674,0.0474
s,6.996339518,151.447,0.0475
m,6.996219654,156.371,0.0474
m,6.996104937,159.443,0.0474
m,6.995985076,149.275,0.0473
m,6.992298181,141.615,0.0467
m,6.987143167,138.82,0.0465
m,6.984168324,154.008,0.0464
m,6.981308831,147.363,0.0462
m,6.978101481,142.961,0.046
m,6.954062514,149.362,0.0446
m,6.950509408,150.562,0.0445
m,6.946843072,149.258,0.0444
m,6.943412029,148.571,0.0442
m,6.917242,152.819,0.0436
m,6.913016348,147.896,0.0435
m,6.904577156,149.14,0.0435
m,6.904577156,141.368,0.0435
m,6.896704961,140.545,0.0436
m,6.873140535,142.061,0.0432
m,6.869505406,146.454,0.0432
m,6.865871267,142.413,0.0431
m,6.862116925,142.793,0.0431
m,6.85848496,142.134,0.0429
m,6.831989856,143.819,0.0432
m,6.824072382,147.065,0.0431
m,6.819879959,140.056,0.0427
m,6.81568976,147.583,0.0426
m,6.787341786,145.402,0.042
m,6.787341786,138.085,0.042
m,6.779335208,139.695,0.042
m,6.7752726,147.983,0.042
m,6.77122265,143.287,0.0421
m,6.76718525,144.841,0.0421
m,6.758757372,142.959,0.0421
m,6.75447892,137.698,0.0422
m,6.750213482,144.733,0.0422
m,6.723964769,143.351,0.0416
m,6.715226587,134.338,0.0415
m,6.710853843,144.802,0.0414
m,6.70659426,134.716,0.0413
m,6.702349342,137.235,0.0412
m,6.680779364,140.398,0.0406
m,6.671537517,140.46,0.0404
m,6.667072627,148.691,0.0404
m,6.662748821,149.009,0.0404
m,6.658066193,145.942,0.0403
m,6.627918327,141.825,0.04
m,6.623819175,152.874,0.04
m,6.61950132,135.617,0.04
m,6.615059551,145.329,0.0399
m,6.584596586,145.659,0.0406
m,6.575875389,144.248,0.0407
m,6.571691166,140.19,0.0409
m,6.571691166,152.237,0.0409
m,6.563420747,141.391,0.0411
m,6.539928097,142.281,0.042
m,6.536088993,147.387,0.0422
m,6.53212433,147.164,0.0424
m,6.528288645,141.22,0.0426
m,6.524782224,142.478,0.043
m,6.500971081,157.995,0.0442
m,6.497674561,152.345,0.0445
m,6.491813243,139.636,0.0448
m,6.489101765,134.194,0.0451
m,6.481543594,139.958,0.0486
m,6.481545302,133.706,0.0491
m,6.481565238,141.255,0.0491
m,6.481457237,145.386,0.0492
m,6.481349939,143.86,0.0495
m,6.745949691,141.563,0.0421
m,6.741452528,136.389,0.0421
m,6.737080734,155.178,0.042
m,6.73271094,154.847,0.0419
m,6.723964995,142.63,0.0417
m,6.697981941,154.873,0.0411
m,6.693616107,140.127,0.0409
m,6.685237318,140.506,0.0408
m,6.680779575,150.621,0.0407
m,6.653607364,140.376,0.0403
m,6.644820587,142.024,0.0402
m,6.64036762,153.25,0.0402
m,6.636263051,141.437,0.0402
m,6.632034621,143.731,0.0401
m,6.605993964,144.366,0.04
m,6.601481022,151.026,0.0402
m,6.597080516,138.864,0.0403
m,6.592775958,136.931,0.0403
m,6.588567399,136.765,0.0405
m,6.559588248,141.062,0.0413
m,6.555630841,142.629,0.0415
m,6.55167527,141.183,0.0417
m,6.543532579,137.728,0.0418
m,6.521403752,145.984,0.043
m,6.514453107,142.951,0.0432
m,6.514453617,144.059,0.0434
m,6.507599904,136.355,0.0436
m,6.504357948,144.441,0.0438
m,6.486933802,140.348,0.0455
m,6.485200461,146.593,0.046
m,6.483901141,146.727,0.0465
m,6.482820754,138.611,0.0476
m,6.481758631,139.488,0.0481
m,6.481350646,145.341,0.0497
m,6.481568051,146.905,0.0499
m,6.481677119,139.312,0.0501
m,6.481805767,145.839,0.0502
m,6.481373854,148.669,0.0506
m,6.480440714,140.026,0.0511
m,6.476454615,150.107,0.0512
m,6.473661631,144.167,0.0514
m,6.470653297,138.394,0.0515
m,6.447898036,140.916,0.0532
m,6.444580169,137.625,0.0536
m,6.441263782,139.322,0.0539
m,6.437842093,142.997,0.0543
m,6.413761998,137.914,0.0585
m,6.410251298,147.078,0.0592
m,6.406742304,139.671,0.0598
m,6.403236043,132.507,0.0605
m,6.396205904,135.572,0.0617
m,6.3774849,135.099,0.0651
m,6.369948045,140.526,0.0655
m,6.366249764,141.663,0.0659
m,6.366252232,134.892,0.0663
m,6.358859365,144.501,0.0665
m,6.332668636,139.253,0.0626
m,6.328833891,137.593,0.0625
m,6.32497473,135.924,0.0623
m,6.321249592,138.256,0.0622
m,6.296724471,138.408,0.0608
m,6.293353625,142.885,0.0601
m,6.289853984,148.544,0.0597
m,6.282336918,136.943,0.0593
m,6.278659435,130.728,0.0587
m,6.260030217,133.574,0.0552
m,6.256337059,126.328,0.0545
m,6.249168441,131.66,0.0537
m,6.245481316,127.667,0.053
m,6.241557874,132.857,0.0521
m,6.219082343,129.281,0.0453
m,6.212130508,139.1,0.0443
m,6.20864106,150.214,0.0434
m,6.205049279,128.424,0.0424
m,6.46741057,142.173,0.0518
m,6.464256426,144.102,0.052
m,6.461124195,146.765,0.0522
m,6.457778262,134.922,0.0526
m,6.454562422,141.461,0.0529
m,6.434551714,145.299,0.0547
m,6.431137273,144.861,0.0558
m,6.424200016,131.633,0.0564
m,6.420682257,139.274,0.057
m,6.420684631,140.427,0.0575
m,6.392597679,141.26,0.0621
m,6.388756396,133.82,0.0628
m,6.385023025,149.37,0.0633
m,6.38118634,138.361,0.064
m,6.355267854,135.979,0.0658
m,6.351442138,140.118,0.0652
m,6.347853041,150.491,0.0641
m,6.340111009,143.694,0.0635
m,6.336400679,134.042,0.0629
m,6.317551996,131.526,0.062
m,6.31024357,132.446,0.0618
m,6.310242466,138.597,0.0616
m,6.303204777,131.479,0.0614
m,6.300016543,142.792,0.0611
m,6.274957051,132.901,0.0582
m,6.274954577,138.453,0.0577
m,6.267453077,130.709,0.0571
m,6.263728244,136.362,0.0565
m,6.237769854,135.07,0.0512
m,6.233984098,138.815,0.0503
m,6.230200609,135.066,0.0494
m,6.226385919,135.929,0.0473
m,6.219085372,136.476,0.0463
m,6.201355612,124.674,0.0414
m,6.19755897,130.839,0.0398
m,6.190318294,136.069,0.0391
m,6.186870368,132.396,0.0382
m,6.183807638,129.012,0.0376
m,6.180477192,129.615,0.0369
m,6.177343438,137.15,0.0355
m,6.171249703,139.242,0.0349
m,6.168153429,134.125,0.0343
m,6.168152642,130.124,0.0336
m,6.146054421,134.975,0.0306
m,6.142837367,132.58,0.0301
m,6.139724748,143.148,0.0299
m,6.136613609,133.185,0.0296
m,6.13350404,132.444,0.0294
m,6.113753318,139.682,0.028
m,6.11126824,135.565,0.0281
m,6.108886187,127.763,0.0282
m,6.10681119,132.673,0.0286
m,6.097262739,135.13,0.0302
m,6.096040811,147.561,0.0305
m,6.094955648,132.952,0.0312
m,6.093972458,133.074,0.0316
m,6.092582508,141.124,0.0319
m,6.092179619,133.252,0.0341
m,6.092013235,139.42,0.0344
m,6.092013479,132.948,0.0346
m,6.089271309,137.656,0.0349
m,6.087004338,138.105,0.0351
m,6.063922836,144.401,0.0386
m,6.060828271,134.461,0.0394
m,6.057598863,140.556,0.0402
m,6.054234391,143.661,0.041
m,6.034819942,127.914,0.0469
m,6.034120337,127.201,0.048
m,6.034202092,128.084,0.05
s,6.034348976,127.757,0.0494
s,6.034347877,127.833,0.0491
s,6.034647308,127.441,0.0493
s,6.034684686,127.406,0.0493
s,6.034785456,127.519,0.0494
s,6.034822839,127.499,0.0494
s,6.034960625,127.464,0.0494
m,6.162037573,138.952,0.0331
m,6.159049404,135.438,0.0324
m,6.155959794,132.904,0.0314
m,6.152634597,134.759,0.031
m,6.130633875,143.437,0.0291
m,6.127662793,136.325,0.0286
m,6.121897127,138.234,0.0284
m,6.121897106,133.571,0.0283
m,6.116205841,139.814,0.0281
m,6.103104882,131.157,0.0287
m,6.101677459,129.891,0.0289
m,6.100318281,134.748,0.0293
m,6.100318398,140.466,0.0296
m,6.098383094,137.451,0.0299
m,6.092175954,138.466,0.0324
m,6.092210864,137.908,0.0328
m,6.09210952,138.221,0.0332
m,6.092280683,137.753,0.0335
m,6.084399433,150.323,0.0354
m,6.081932728,153.205,0.0357
m,6.079128894,135.316,0.0364
m,6.076190076,143.589,0.037
m,6.069982752,137.899,0.0374
m,6.050496034,141.627,0.0416
m,6.047137642,142.235,0.0432
m,6.040897422,138.595,0.0441
m,6.038321493,132.221,0.045
m,6.036287035,132.119,0.0459
s,6.034221277,127.603,0.049
s,6.03439637,127.627,0.049
s,6.034433717,127.786,0.049
s,6.034471799,127.227,0.0492
s,6.035098415,127.402,0.0494
s,6.035236577,127.468,0.0495
s,6.035512168,127.566,0.0495
s,6.035511799,127.782,0.0494
s,6.0357874,127.123,0.0494
s,6.035925205,127.667,0.0494
s,6.035962268,128.206,0.0493
s,6.036100081,128.069,0.0493
s,6.036137895,128.393,0.0494
s,6.036113942,127.962,0.0498
s,6.036151796,127.708,0.0499
s,6.036051444,127.814,0.0499
s,6.035951094,127.471,0.0499
s,6.035850746,127.087,0.0499
s,6.035474717,127.404,0.0499
s,6.035474717,127.736,0.0499
s,6.035474717,127.187,0.0499
s,6.035474717,127.389,0.0499
s,6.035474717,127.607,0.0499
s,6.035534624,127.56,0.0491
s,6.035534261,127.874,0.049
s,6.03553354,128.092,0.0488
s,6.035433184,127.652,0.0488
s,6.035392891,128.054,0.048
s,6.035254374,127.806,0.0478
s,6.035354393,127.653,0.0477
s,6.035215893,127.84,0.0475
s,6.035353379,128.044,0.0474
s,6.035012198,126.758,0.0466
s,6.035011877,127.313,0.0465
s,6.034911197,127.715,0.0464
s,6.034773051,127.607,0.0463
s,6.034810204,127.884,0.0462
s,6.033955337,127.921,0.0454
s,6.033817208,128.187,0.0453
s,6.033716548,128.14,0.0452
s,6.03361589,128.021,0.0451
s,6.032962757,127.517,0.0446
s,6.032962468,127.401,0.0445
s,6.032962181,127.627,0.0444
s,6.032861817,127.635,0.0444
s,6.032723994,127.136,0.0444
s,6.036138636,128.103,0.0496
s,6.03617609,128.185,0.0496
s,6.036213927,128.172,0.0497
s,6.036214302,127.652,0.0498
s,6.036113942,127.757,0.0498
s,6.035750401,127.201,0.0499
s,6.035750401,127.08,0.0499
s,6.035612558,127.26,0.0499
s,6.035612558,127.389,0.0499
s,6.035574317,128.132,0.0497
s,6.035536464,127.991,0.0496
s,6.035673555,127.628,0.0494
s,6.035535355,128.008,0.0493
s,6.035672821,127.895,0.0492
s,6.035432115,127.779,0.0485
s,6.0354696,127.151,0.0485
s,6.035431761,127.293,0.0484
s,6.03543141,127.557,0.0483
s,6.035293228,127.821,0.0482
s,6.035353044,127.578,0.0473
s,6.035214557,127.26,0.0471
s,6.035214227,127.025,0.047
s,6.035113535,127.446,0.0469
s,6.034571701,127.893,0.0461
s,6.034571388,127.687,0.046
s,6.034432628,128.408,0.0457
s,6.034294494,128.299,0.0456
s,6.034193828,127.98,0.0455
s,6.033477764,127.848,0.045
s,6.033339644,127.601,0.0449
s,6.033101162,127.727,0.0448
s,6.033100871,127.626,0.0447
s,6.03310058,127.522,0.0446
s,6.032723709,127.518,0.0443
s,6.032585888,127.342,0.0443
s,6.032585888,127.253,0.0443
s,6.032585604,127.419,0.0442
s,6.032484955,127.654,0.0441
s,6.032447504,127.814,0.0441
s,6.032447224,127.829,0.044
s,6.032447224,128.083,0.044
s,6.032409503,127.985,0.0439
s,6.032572005,127.324,0.0436
s,6.032709537,127.038,0.0435
s,6.032709266,126.852,0.0434
s,6.032809647,127.203,0.0434
s,6.03293481,126.65,0.0431
s,6.0330726,127.26,0.0431
s,6.03293481,127.357,0.0431
s,6.033035207,127.158,0.0431
s,6.033035207,127.491,0.0431
s,6.03351131,127.385,0.043
s,6.033749494,127.35,0.043
s,6.033887021,127.208,0.0429
s,6.033987416,127.341,0.0429
s,6.034125205,127.225,0.0429
s,6.034639237,127.987,0.043
s,6.034915096,128.013,0.0431
s,6.034814712,127.695,0.0431
s,6.034814978,128.093,0.0432
s,6.03546821,127.562,0.0438
s,6.035606578,127.665,0.044
s,6.035544499,127.409,0.0443
s,6.035682321,127.575,0.0443
s,6.035583108,127.603,0.0447
s,6.035158386,127.298,0.0454
s,6.035058043,127.268,0.0454
s,6.035095858,127.343,0.0455
s,6.034995522,127.407,0.0455
s,6.034895188,127.441,0.0455
s,6.0345927,127.324,0.045
s,6.034492078,127.482,0.0449
s,6.034491785,127.257,0.0448
s,6.034491493,127.354,0.0447
s,6.032409503,127.268,0.0439
s,6.032509601,127.559,0.0438
s,6.032509601,127.554,0.0438
s,6.032509325,127.369,0.0437
s,6.032609429,127.304,0.0436
s,6.032909762,126.834,0.0433
s,6.032972474,126.895,0.0432
s,6.032972474,127.02,0.0432
s,6.032972209,127.361,0.0431
s,6.0330726,126.934,0.0431
s,6.033135341,127.371,0.043
s,6.033135605,127.647,0.0431
s,6.033135605,127.48,0.0431
s,6.033273127,127.763,0.043
s,6.034262736,127.26,0.0428
s,6.034501181,127.814,0.0429
s,6.034501181,127.578,0.0429
s,6.034501181,127.498,0.0429
s,6.034501181,127.328,0.0429
s,6.035090855,127.873,0.0433
s,6.035053699,127.652,0.0434
s,6.035091124,127.34,0.0434
s,6.035191774,127.405,0.0435
s,6.035330126,128.224,0.0437
s,6.035520804,127.441,0.0449
s,6.03542104,127.232,0.0451
s,6.035458824,127.091,0.0452
s,6.035258428,127.213,0.0453
s,6.034794554,127.65,0.0454
s,6.034794554,127.822,0.0454
s,6.034556061,127.21,0.0453
s,6.034593295,127.905,0.0452
s,6.034592997,127.451,0.0451
s,6.034491203,127.385,0.0446
s,6.034390305,127.32,0.0444
m,6.034252151,127.646,0.0443
m,6.034151262,127.472,0.0441
m,6.034013113,127.229,0.044
m,6.034012835,128.075,0.0439
m,6.033774644,133.903,0.0439
m,6.0334734,141.218,0.0438
m,6.032570611,142.526,0.0438
m,6.031366879,129.502,0.0437
m,6.019863347,139.77,0.0437
m,6.017501712,141.385,0.0437
m,6.015241687,133.492,0.0438
m,6.012944468,140.132,0.0439
m,6.010887166,140.941,0.0442
m,5.995584486,140.282,0.0467
m,5.989959345,137.911,0.0471
m,5.986882168,140.338,0.0475
m,5.986883193,145.804,0.0478
m,5.962553417,142.507,0.0488
m,5.959633716,143.031,0.0489
m,5.95637965,140.189,0.0491
m,5.950215385,136.976,0.0495
m,5.947066321,145.623,0.0496
m,5.931068022,135.484,0.0486
m,5.927790633,140.22,0.0484
m,5.92441708,137.454,0.0481
m,5.917537106,136.753,0.0478
m,5.914365266,134.506,0.0474
m,5.895827011,132.498,0.0444
m,5.895825863,129.789,0.044
m,5.890050568,145.213,0.0434
m,5.886895242,139.395,0.0429
m,5.862937088,135.956,0.0388
m,5.862935573,130.68,0.038
m,5.856225111,144.808,0.0371
m,5.852188561,135.368,0.0364
m,5.84857972,144.005,0.0355
m,5.829071273,136.325,0.033
m,5.82562003,147.967,0.0321
m,5.822363257,140.405,0.0319
m,5.81595141,144.091,0.0318
m,5.812651999,134.053,0.0316
m,6.029562252,136.238,0.0437
m,6.026293385,141.291,0.0437
m,6.024428578,146.381,0.0437
m,6.022164399,142.341,0.0437
m,6.006836002,144.684,0.0445
m,6.004843018,144.74,0.0449
m,6.003128137,137.72,0.0453
m,6.000876973,138.734,0.0456
m,5.998328554,143.151,0.0459
m,5.981070753,134.504,0.0481
m,5.977900266,144.007,0.0484
m,5.974830268,134.047,0.0485
m,5.971721891,138.625,0.0486
m,5.965475324,139.989,0.0487
m,5.943876988,138.762,0.0495
m,5.940828973,131.748,0.0492
m,5.937587052,135.859,0.049
m,5.934347866,134.155,0.0489
m,5.91124993,138.598,0.047
m,5.908428972,129.497,0.0466
m,5.905748908,128.799,0.0458
m,5.903266199,134.758,0.0453
m,5.898305857,139.087,0.0448
m,5.88364487,142.718,0.0424
m,5.880395213,139.366,0.0413
m,5.873377304,140.939,0.0407
m,5.869800195,130.046,0.04
m,5.866412404,142.253,0.0394
m,5.845166032,134.23,0.0349
m,5.839152502,131.528,0.0343
m,5.835933263,138.837,0.0338
m,5.832524302,139.049,0.0334
m,5.812652073,139.09,0.0317
m,5.806346955,130.019,0.0316
m,5.80357989,135.448,0.0324
m,5.800862221,135.377,0.0327
m,5.797812948,137.07,0.0329
m,5.791626349,136.043,0.0332
m,5.788489386,135.693,0.0335
m,5.785259915,134.903,0.0337
m,5.782033382,130.819,0.0341
m,5.760330966,133.258,0.0381
m,5.757459561,136.911,0.0389
m,5.754835526,132.449,0.0397
m,5.752346008,143.256,0.0404
m,5.749672504,136.455,0.0419
m,5.728018998,140.802,0.0462
m,5.725085016,141.535,0.0469
m,5.721873108,130.475,0.0473
m,5.716348599,123.341,0.0479
m,5.713518437,130.756,0.0484
m,5.689538348,121.768,0.0512
m,5.689539187,124.525,0.0514
m,5.686309001,121.998,0.0516
m,5.680041063,131.535,0.0518
m,5.662142527,131.182,0.0508
m,5.655498151,118.236,0.0509
m,5.652299571,129.578,0.0509
m,5.649049011,126.034,0.0511
m,5.645618855,123.337,0.0513
m,5.62883678,123.275,0.0531
m,5.621894075,131.824,0.0534
m,5.618639683,125.453,0.054
m,5.615480466,121.727,0.0549
m,5.612624265,124.197,0.0551
m,5.593196917,115.758,0.056
m,5.590416904,124.163,0.0562
m,5.584534012,122.883,0.0561
m,5.584534012,121.38,0.0561
m,5.558597157,123.643,0.0537
m,5.555126684,117.768,0.053
m,5.551359363,133.439,0.0522
m,5.547800872,125.033,0.0504
m,5.540968793,133.611,0.0494
m,5.778714917,135.025,0.0346
m,5.775399776,136.659,0.0354
m,5.772181949,134.508,0.036
m,5.766037067,135.34,0.0366
m,5.766038228,132.535,0.0373
m,5.742614713,148.031,0.0427
m,5.739912469,136.6,0.0436
m,5.734082737,136.598,0.0448
m,5.730903738,136.528,0.0453
m,5.710691337,124.144,0.049
m,5.707720548,130.262,0.0494
m,5.704607768,139.974,0.0501
m,5.701641577,130.322,0.0504
m,5.695808476,125.013,0.0508
m,5.676911384,127.081,0.0519
m,5.676910101,131.235,0.0516
m,5.671226781,128.234,0.0515
m,5.668433294,126.013,0.051
m,5.665259027,127.579,0.0509
m,5.642192659,123.636,0.0517
m,5.638825997,140.049,0.0521
m,5.635496703,126.699,0.0524
m,5.628835425,136.566,0.0528
m,5.607187766,126.112,0.0553
m,5.604459765,124.192,0.0555
m,5.601611757,132.341,0.0557
m,5.598913835,124.37,0.0558
m,5.596128409,121.58,0.0559
m,5.578423204,121.611,0.056
m,5.575177816,137.496,0.0559
m,5.571905192,132.539,0.0557
m,5.568572071,128.491,0.0548
m,5.561920019,129.276,0.0542
m,5.537598494,130.407,0.0483
m,5.534142236,128.113,0.0471
m,5.530838827,124.251,0.0459
m,5.527146367,130.005,0.0434
m,5.520320302,124.668,0.0423
m,5.513290045,125.929,0.0401
m,5.509878813,124.479,0.0388
m,5.506470066,132.801,0.0375
m,5.503212114,127.958,0.0346
m,5.482106142,123.31,0.0246
m,5.476136316,122.684,0.0232
m,5.476137631,120.388,0.0218
m,5.453949551,137.995,0.001
m,5.431882922,127.22,0.0044
m,5.428776813,127.235,0.0022
m,5.422572984,126.848,0.0017
m,5.422570141,127.97,0.0023
m,5.416567361,137.232,0.0035
m,5.399119558,128.393,0.01
m,5.396418201,124.617,0.0107
m,5.393566088,126.447,0.0115
m,5.390801048,129.497,0.0123
m,5.388106474,128.318,0.0132
m,5.371095886,139.882,0.0177
m,5.368407326,134.751,0.0183
m,5.365874097,143.46,0.0198
m,5.360597035,127.192,0.0203
m,5.343435064,126.241,0.0254
m,5.339401128,126.957,0.0259
m,5.337311069,132.32,0.0262
m,5.335295831,124.166,0.0271
m,5.332809197,124.262,0.0276
m,5.316999716,132.094,0.0303
m,5.311682765,126.992,0.0309
m,5.309307199,131.967,0.0315
m,5.304402891,141,0.0331
m,5.301793242,128.607,0.034
m,5.28742657,126.601,0.0398
m,5.284610698,137.07,0.0388
m,5.282117315,142.442,0.0389
m,5.279622087,132.285,0.0391
m,5.277049428,126.252,0.0393
m,5.499808596,129.168,0.0331
m,5.493724429,130.258,0.0316
m,5.49065356,124.324,0.0301
m,5.487759463,125.622,0.0288
m,5.485018382,130.962,0.0275
m,5.45047658,127.965,0.0109
m,5.444181153,124.111,0.0097
m,5.441168234,128.494,0.0083
m,5.438005072,126.421,0.007
m,5.4350618,124.841,0.0057
m,5.413594658,140.57,0.004
m,5.410471959,130.454,0.0046
m,5.407646359,139.621,0.008
m,5.404765785,125.913,0.0091
m,5.385413231,137.896,0.0146
m,5.380683542,130.991,0.0153
m,5.38068241,131.708,0.0158
m,5.375892832,140.059,0.0164
m,5.373465931,135.036,0.017
m,5.357990972,130.524,0.0209
m,5.355638474,129.759,0.0217
m,5.353134857,133.445,0.0224
m,5.350466794,120.514,0.0238
m,5.343435255,123.163,0.025
m,5.327680948,129.313,0.0281
m,5.324966862,142.39,0.0285
m,5.322173913,130.5,0.0288
m,5.319548462,130.658,0.0293
m,5.299189127,135.072,0.0361
m,5.29666872,126.527,0.0372
m,5.294389208,131.164,0.0384
m,5.289611214,127.864,0.0391
m,5.272302721,121.841,0.0394
m,5.269816262,117.655,0.0395
m,5.267259254,143.036,0.0395
m,5.264861994,128.428,0.0396
m,5.262387948,121.269,0.0398
m,5.259520092,119.648,0.0397
m,5.256419375,125.072,0.0398
m,5.25046474,130.164,0.0399
m,5.247610783,133.422,0.0399
m,5.230954023,126.995,0.0404
m,5.228752103,129.386,0.0403
m,5.226474697,127.776,0.0402
m,5.221064025,121.411,0.0402
m,5.215510108,130.038,0.0403
m,5.202425342,121.876,0.0407
m,5.200018267,132.294,0.0407
m,5.195211006,121.676,0.0404
m,5.192657132,131.153,0.0404
m,5.192656891,120.217,0.0403
m,5.172457613,139.971,0.0401
m,5.170234231,116.242,0.04
m,5.167853493,119.491,0.0399
m,5.165558293,120.867,0.0398
m,5.148173143,116.266,0.0395
m,5.143183395,115.526,0.0395
m,5.14318317,122.218,0.0394
m,5.137960648,114.147,0.0393
m,5.135461255,112.065,0.0392
m,5.120107802,113.771,0.0393
m,5.117478538,113.388,0.0392
m,5.117478538,115.381,0.0392
m,5.112625355,116.132,0.0391
m,5.110239915,110.114,0.0389
m,5.092421239,117.622,0.0388
m,5.08762911,118.295,0.0388
m,5.085347131,119.034,0.0388
m,5.082994691,118.65,0.0387
m,5.068816346,120.065,0.0382
m,5.064370895,131.881,0.0382
m,5.062278628,122.478,0.0382
m,5.059935836,121.255,0.0381
m,5.057686432,122.639,0.0381
m,5.244919032,134.046,0.0401
m,5.242466908,127.715,0.0403
m,5.240017892,119.995,0.0404
m,5.235520972,126.092,0.0404
m,5.233236422,124.469,0.0404
m,5.212857714,130.012,0.0404
m,5.210128151,119.095,0.0404
m,5.207402119,123.267,0.0405
m,5.204834707,128.582,0.0406
m,5.187322073,123.407,0.0404
m,5.184617627,135.456,0.0403
m,5.182152489,125.855,0.0404
m,5.179530345,134.636,0.0403
m,5.174759783,126.055,0.0402
m,5.163189606,131.077,0.0398
m,5.15830016,118.884,0.0398
m,5.155779279,115.183,0.0398
m,5.155779279,113.557,0.0398
m,5.150913454,115.423,0.0397
m,5.133050158,112.337,0.0392
m,5.130641886,117.203,0.0392
m,5.128000984,113.574,0.0392
m,5.122653498,111.984,0.0393
m,5.105035039,113.737,0.0388
m,5.105035039,116.872,0.0388
m,5.099903829,116.402,0.0388
m,5.097298901,124.499,0.0388
m,5.094785067,138.796,0.0388
m,5.080645159,118.164,0.0386
m,5.078209225,136.276,0.0385
m,5.075938032,117.55,0.0384
m,5.073507353,115.491,0.0383
m,5.071241755,117.46,0.0383
m,5.055348277,136.465,0.0378
m,5.05004866,129.584,0.0378
m,5.047463774,134.223,0.0376
m,5.045401452,129.443,0.0375
m,5.043911919,128.235,0.0374
m,5.043157171,128.029,0.0373
m,5.042851153,128.934,0.0372
s,5.042759766,129.945,0.0373
s,5.042759766,129.59,0.0373
s,5.042882147,128.567,0.0371
s,5.042790612,127.598,0.0371
s,5.04286206,128.322,0.0371
s,5.042862242,128.815,0.0372
s,5.043147708,128.391,0.037
s,5.043147708,129.248,0.037
s,5.043219354,128.616,0.0371
s,5.043219354,128.535,0.0371
s,5.043219354,127.401,0.0371
s,5.043310853,127.647,0.0371
s,5.043310853,128.027,0.0371
s,5.043310853,127.405,0.0371
s,5.043239575,127.308,0.0372
s,5.04333109,127.494,0.0372
s,5.043300398,128.672,0.0375
s,5.043228969,128.199,0.0375
s,5.043228969,129.125,0.0375
s,5.042994554,128.801,0.0375
s,5.042708877,128.024,0.0375
s,5.04254588,128.092,0.0375
s,5.042474279,128.379,0.0374
s,5.042474279,128.837,0.0374
s,5.042382695,127.935,0.0374
s,5.04221915,128.027,0.0371
s,5.042127399,128.507,0.037
s,5.042198826,128.274,0.037
s,5.042107094,128.441,0.0369
s,5.042341337,128.711,0.0368
s,5.042320721,127.893,0.0365
s,5.042157743,128.596,0.0365
s,5.042157575,128.781,0.0364
s,5.04215741,128.058,0.0363
s,5.042668205,128.916,0.0373
s,5.042739637,128.78,0.0373
s,5.042739453,130.155,0.0372
s,5.042647907,130.24,0.0372
s,5.042647726,128.832,0.0371
s,5.042933693,129.099,0.0372
s,5.043004967,129.29,0.0371
s,5.043004967,128.398,0.0371
s,5.04291346,128.393,0.0371
s,5.043147708,128.14,0.037
s,5.043219535,127.786,0.0372
s,5.043219354,127.804,0.0371
s,5.043219354,128.363,0.0371
s,5.043310853,127.461,0.0371
s,5.043259823,128.147,0.0373
s,5.043260008,127.707,0.0374
s,5.043422983,128.117,0.0374
s,5.043351537,128.616,0.0374
s,5.04337183,128.457,0.0375
s,5.042994554,128.888,0.0375
s,5.042923318,127.744,0.0376
s,5.042688905,128.635,0.0376
s,5.042851898,127.228,0.0376
s,5.042617296,129.166,0.0375
s,5.04231128,128.389,0.0374
s,5.042311094,128.553,0.0373
s,5.042382327,128.071,0.0372
s,5.042219331,129.611,0.0372
s,5.042178354,128.906,0.0368
s,5.042249619,129.358,0.0367
s,5.042249619,128.786,0.0367
s,5.042249448,128.58,0.0366
s,5.042249448,128.086,0.0366
s,5.042228694,129.262,0.0362
s,5.042228533,129.125,0.0361
s,5.042228533,129.399,0.0361
s,5.042228373,129.374,0.036
s,5.042299668,128.951,0.0359
s,5.042299359,128.302,0.0357
s,5.042299359,128.417,0.0357
s,5.042299207,128.347,0.0356
s,5.042299058,129.463,0.0355
s,5.042461883,128.36,0.0354
s,5.042461452,130.111,0.0351
s,5.042390003,130.024,0.0351
s,5.042389863,129.985,0.035
s,5.042389863,128.846,0.035
s,5.042389863,129.328,0.035
s,5.042103962,128.365,0.0349
s,5.042103962,128.532,0.0349
s,5.041961239,128.816,0.035
s,5.042124228,129.402,0.035
s,5.041655259,128.661,0.0349
s,5.041492267,129.786,0.0349
s,5.041492405,129.449,0.035
s,5.041492405,129.145,0.035
s,5.041257991,128.957,0.035
s,5.04093215,128.685,0.0351
s,5.040860725,128.243,0.0351
s,5.040860867,127.894,0.0352
s,5.040860867,128.422,0.0352
s,5.040789586,128.41,0.0353
s,5.040810498,128.393,0.0358
s,5.040739243,127.623,0.0359
s,5.040902402,128.319,0.036
s,5.041065406,128.531,0.036
s,5.041442792,129.137,0.0361
s,5.041677204,128.532,0.0361
s,5.041911617,129.671,0.0361
s,5.041911617,129.137,0.0361
s,5.042146028,129.149,0.0361
s,5.042472025,129.241,0.0361
s,5.042543278,128.602,0.036
s,5.042543278,129.172,0.036
s,5.042543278,128.089,0.036
s,5.042706276,128.197,0.036
s,5.042461737,127.647,0.0353
s,5.042390288,127.935,0.0353
s,5.042390003,127.714,0.0351
s,5.042390003,128.809,0.0351
s,5.042318416,128.221,0.035
s,5.042318279,127.851,0.0349
s,5.042318279,128.363,0.0349
s,5.042409817,127.585,0.0349
s,5.042175397,128.494,0.0349
s,5.041961101,129.308,0.0349
s,5.041889675,129.035,0.0349
s,5.041889675,129.688,0.0349
s,5.041726684,129.639,0.0349
s,5.041726684,129.271,0.0349
s,5.041257991,128.71,0.035
s,5.041095001,129.284,0.035
s,5.04093201,129.578,0.035
s,5.04093201,128.449,0.035
s,5.040789731,129.391,0.0354
s,5.040718461,129.597,0.0355
s,5.040647193,128.724,0.0356
s,5.040647193,128.57,0.0356
s,5.040647344,128.754,0.0357
s,5.041136813,128.927,0.036
s,5.041136972,128.441,0.0361
s,5.041299974,128.528,0.0361
s,5.041371382,128.199,0.0361
s,5.041534385,127.987,0.0361
s,5.042146028,128.269,0.0361
s,5.042309025,129.403,0.0361
s,5.042309025,129.293,0.0361
s,5.042309025,129.475,0.0361
s,5.042706276,128.934,0.036
s,5.042706118,128.1,0.0359
s,5.042869118,128.003,0.0359
s,5.042869118,127.531,0.0359
s,5.042869118,127.647,0.0359
s,5.04303212,127.775,0.0359
s,5.04303212,127.362,0.0359
s,5.04310353,127.598,0.0359
s,5.043174943,128.5,0.0359
s,5.043409512,128.359,0.036
s,5.043409672,128.517,0.0361
s,5.043409833,128.993,0.0362
s,5.043409833,128.121,0.0362
s,5.04333842,126.939,0.0362
m,5.043195931,128.689,0.0364
m,5.042961523,128.472,0.0364
m,5.042961523,142.592,0.0364
m,5.042890121,127.436,0.0364
m,5.04281889,126.9,0.0365
m,5.033091846,124.857,0.0367
m,5.031249467,125.505,0.0368
m,5.029246353,120.088,0.0371
m,5.027479277,123.835,0.0372
m,5.012067469,122.95,0.0386
m,5.010017305,128.398,0.0388
m,5.007969377,132.213,0.0389
m,5.007969595,137.297,0.039
m,5.003716224,130.159,0.0389
m,4.990009241,120.392,0.038
m,4.987749322,120.054,0.0378
m,4.985327449,127.053,0.0377
m,4.982976715,121.152,0.0376
m,4.977911559,123.103,0.0374
m,4.959949824,125.047,0.0364
m,4.957389016,124.117,0.0361
m,4.952011969,125.333,0.036
m,4.949458204,126.136,0.0358
m,4.932993223,125.427,0.035
m,4.927323519,122.95,0.0349
m,4.924690945,119.493,0.0347
m,4.921894426,121.771,0.0345
m,4.919099918,127.256,0.0343
s,5.043337941,128.112,0.0359
s,5.043337941,128.647,0.0359
s,5.043409354,129.414,0.0359
s,5.043409354,129.408,0.0359
s,5.043409512,128.714,0.036
s,5.043501583,126.599,0.0363
s,5.04343034,127.234,0.0364
s,5.04343034,127.94,0.0364
s,5.043195931,128.479,0.0364
m,5.04239057,136.451,0.0365
m,5.040363238,124.523,0.0365
m,5.038725234,128.201,0.0365
m,5.036875955,140.569,0.0366
m,5.036875955,126.103,0.0366
m,5.023810741,123.884,0.0374
m,5.021816526,130.232,0.0376
m,5.019824764,125.926,0.0379
m,5.017998871,124.306,0.0381
m,5.016011913,123.914,0.0385
m,5.001276932,118.576,0.0387
m,4.999073553,128.996,0.0384
m,4.996734399,122.055,0.0383
m,4.992271712,126.373,0.0382
m,4.975334443,121.809,0.0373
m,4.970283833,128.991,0.037
m,4.967645545,122.845,0.0368
m,4.965078016,127.225,0.0367
m,4.962512831,127.6,0.0366
m,4.946741393,122.394,0.0357
m,4.944026838,121.258,0.0356
m,4.941314396,122.612,0.0354
m,4.935797873,125.808,0.0352
m,4.932993365,120.535,0.0351
m,4.913483968,125.193,0.0343
m,4.910595427,125.827,0.0342
m,4.907774855,121.209,0.0341
m,4.904823719,126.183,0.0341
m,4.902106718,130.731,0.0339
m,4.896446375,123.152,0.0339
m,4.893502865,127.718,0.0339
m,4.890627127,132.418,0.034
m,4.887586384,125.438,0.034
m,4.866516873,126.965,0.0352
m,4.863489972,134.566,0.0354
m,4.860566942,135.006,0.0356
m,4.854456881,136.568,0.0358
m,4.830123069,124.496,0.0362
m,4.826356796,122.932,0.0361
m,4.822425007,132.09,0.036
m,4.818894674,132.048,0.036
m,4.815198656,129.223,0.036
m,4.794557103,121.428,0.0363
m,4.79114786,130.954,0.0363
m,4.783831929,125.325,0.0363
m,4.78032451,124.115,0.0364
m,4.776819206,126.587,0.0365
m,4.746246181,127.397,0.0377
m,4.742407356,122.499,0.0378
m,4.738509585,125.824,0.038
m,4.734614885,118.992,0.0383
m,4.707019989,123.025,0.0375
m,4.700039679,124.503,0.0374
m,4.696413771,134.781,0.0373
m,4.696413579,125.522,0.0372
m,4.689458955,134.59,0.0371
m,4.666015213,120.123,0.0367
m,4.662120029,120.976,0.0364
m,4.658287193,123.689,0.0362
m,4.654856544,122.948,0.0361
m,4.651258059,118.525,0.036
m,4.630454549,120.393,0.0358
m,4.62687143,118.705,0.0356
m,4.6233496,118.967,0.0356
m,4.616712031,120.439,0.0357
m,4.613366848,114.415,0.0356
m,4.884547562,136.991,0.0342
m,4.8815103,129.898,0.0343
m,4.875440966,125.55,0.0346
m,4.875441373,134.813,0.0349
m,4.869545483,133.239,0.035
m,4.851307698,135.979,0.036
m,4.847928885,131.968,0.0363
m,4.844384707,131.634,0.0365
m,4.841074182,123.897,0.0366
m,4.833827237,125.299,0.0363
m,4.808107595,119.686,0.036
m,4.808107595,123.076,0.036
m,4.801359819,120.527,0.036
m,4.797905035,123.659,0.0361
m,4.773022412,129.421,0.0367
m,4.769228016,134.333,0.0369
m,4.761564966,127.915,0.0371
m,4.757884529,145.238,0.0373
m,4.750256149,127.77,0.0375
m,4.726494702,120.476,0.0383
m,4.722438741,123.631,0.0383
m,4.718508515,131.452,0.0385
m,4.714517989,125.272,0.038
m,4.710821907,124.137,0.0377
m,4.685948689,126.603,0.0371
m,4.681920331,121.542,0.037
m,4.677894813,136.255,0.0369
m,4.673872136,126.159,0.0368
m,4.647772355,121.19,0.0358
m,4.641046122,117.251,0.0359
m,4.641046122,123.049,0.0359
m,4.634039729,117.982,0.0359
m,4.610082356,114.673,0.0356
m,4.606628915,114.26,0.0355
m,4.603119309,118.494,0.0355
m,4.599724364,128.677,0.0354
m,4.59345769,121.444,0.0355
m,4.590185292,124.198,0.0354
m,4.590185292,131.294,0.0354
m,4.5838179,119.608,0.0354
m,4.580665315,120.551,0.0354
m,4.558143669,123.171,0.0347
m,4.554780066,125.094,0.0347
m,4.551418492,131.975,0.0344
m,4.544703344,124.624,0.0343
m,4.541349377,132.506,0.0342
m,4.524156918,123.628,0.0341
m,4.517420125,121.329,0.0341
m,4.514196746,121.865,0.0341
m,4.511147516,123.998,0.034
m,4.50815601,119.741,0.034
m,4.481360707,119.893,0.0343
m,4.478052615,117.718,0.0343
m,4.474628367,119.214,0.034
m,4.471606574,116.77,0.034
m,4.445194245,118.97,0.0341
m,4.441806937,117.619,0.0341
m,4.434627831,119.411,0.0341
m,4.431408529,122.977,0.0342
m,4.428018115,118.269,0.0342
m,4.405064919,117.967,0.0355
m,4.401868165,128.61,0.0358
m,4.398622115,119.582,0.0362
m,4.39173728,120.855,0.0363
m,4.391737459,124.425,0.0364
m,4.364752027,118.461,0.0375
m,4.361435112,118.351,0.0377
m,4.357845615,117.97,0.0378
m,4.35431019,127.006,0.0379
m,4.332000799,114.323,0.0393
m,4.328863269,113.076,0.0392
m,4.326003663,117.058,0.0397
m,4.320141646,113.281,0.0399
m,4.317239625,120.912,0.0402
m,4.577400816,122.133,0.0351
m,4.574367239,131.678,0.035
m,4.567848995,135.935,0.0349
m,4.564650065,127.197,0.0349
m,4.561452841,123.901,0.0348
m,4.54134925,130.415,0.0341
m,4.534249091,119.582,0.0341
m,4.530786835,128.865,0.0341
m,4.527442823,124.153,0.0342
m,4.505166646,127.267,0.0341
m,4.50200686,122.39,0.0341
m,4.495700659,120.384,0.0343
m,4.488384372,121.262,0.0343
m,4.484844049,123.176,0.0344
m,4.465169958,116.8,0.034
m,4.461928055,120.479,0.034
m,4.455505173,122.746,0.034
m,4.452043579,125.937,0.034
m,4.448757586,120.68,0.034
m,4.424577352,118.284,0.0343
m,4.421365625,120.434,0.0346
m,4.417930204,123.371,0.0349
m,4.411518726,116.458,0.0352
m,4.384708963,121.159,0.0365
m,4.381199604,119.02,0.0367
m,4.377795694,128.171,0.0368
m,4.374569212,116.84,0.0372
m,4.371345093,118.029,0.0374
m,4.350828475,118.147,0.038
m,4.347350583,115.163,0.0384
m,4.340952293,115.869,0.0386
m,4.340952999,114.6,0.0389
m,4.335015104,113.795,0.0391
m,4.314389117,117.635,0.0405
m,4.311540081,127.063,0.0405
m,4.308868311,121.224,0.0404
m,4.306073152,125.698,0.0406
m,4.303407145,124.796,0.0409
m,4.298352784,116.964,0.0409
m,4.298352784,125.814,0.0409
m,4.292716177,118.223,0.0411
m,4.290013722,119.066,0.0412
m,4.270745154,118.694,0.0417
m,4.268240945,115.509,0.0418
m,4.262876779,115.753,0.0418
m,4.259935371,137.691,0.0418
m,4.244432183,117.991,0.0425
m,4.239439298,119.305,0.0425
m,4.237016056,124.675,0.0426
m,4.234504056,123.303,0.0426
m,4.23217176,121.947,0.0426
m,4.216693824,122.926,0.0425
m,4.213940873,124.478,0.0423
m,4.211102125,130.82,0.0419
m,4.205526993,123.856,0.0417
m,4.205526375,128.368,0.0415
m,4.18285801,116.889,0.0405
m,4.180022604,136.973,0.0404
m,4.17701401,120.806,0.0403
m,4.173966483,124.728,0.0399
m,4.153398931,124.694,0.0383
m,4.1504316,135.265,0.0381
m,4.147646311,117.796,0.0376
m,4.141816214,116.187,0.0374
m,4.139044972,119.092,0.0372
m,4.12170104,124.605,0.0361
m,4.116087788,129.401,0.0357
m,4.11335766,124.114,0.0355
m,4.110274616,126.865,0.0354
m,4.107514807,125.086,0.0352
m,4.088509738,124.355,0.0339
m,4.08611869,120.921,0.0338
m,4.083552243,137.386,0.0337
m,4.078790229,118.866,0.0337
m,4.287313911,118.014,0.0413
m,4.28456864,111.916,0.0413
m,4.27903947,118.378,0.0414
m,4.276255823,128.673,0.0415
m,4.273475314,113.359,0.0416
m,4.25717381,117.18,0.042
m,4.254684272,117.467,0.0421
m,4.252150851,116.45,0.0421
m,4.249751166,126.705,0.0423
m,4.247001879,117.909,0.0424
m,4.229888249,135.231,0.0427
m,4.224795769,132.624,0.0427
m,4.222209669,143.611,0.0427
m,4.219449982,119.341,0.0426
m,4.199745846,127.19,0.0414
m,4.19679451,135.524,0.0413
m,4.194024268,135.638,0.0412
m,4.191214207,123.233,0.041
m,4.188541937,119.735,0.0406
m,4.170924474,127.268,0.0398
m,4.168064475,122.665,0.0395
m,4.162097571,136.103,0.039
m,4.162096835,118.911,0.0387
m,4.156234213,115.871,0.0385
m,4.136140423,130.245,0.037
m,4.133337673,127.282,0.0367
m,4.130401733,127.258,0.0365
m,4.127470147,136.44,0.0362
m,4.104697688,121.39,0.0351
m,4.101985953,124.771,0.0348
m,4.099317358,124.012,0.0344
m,4.093776933,128.144,0.0342
m,4.091122205,133.179,0.0341
m,4.078790107,126.075,0.0336
m,4.073647902,118.985,0.0336
m,4.071064436,122.864,0.0336
m,4.068342196,123.689,0.0335
m,4.06576699,123.809,0.0335
m,4.060522306,129.297,0.0336
m,4.058211723,119.833,0.0336
m,4.055797178,125.172,0.0336
m,4.053709764,126.7,0.0338
m,4.051983786,119.973,0.0339
s,4.050548201,118.347,0.0345
s,4.050584129,118.589,0.0346
s,4.050584276,118.266,0.0347
s,4.050764234,118.453,0.0347
s,4.050764234,118.311,0.0347
s,4.051449046,118.265,0.0358
s,4.051449222,118.31,0.0359
s,4.0514494,118.722,0.036
s,4.051629534,118.735,0.0361
s,4.051665336,119.184,0.0361
s,4.051665336,118.875,0.0361
s,4.051665336,118.779,0.0361
s,4.051881095,118.841,0.0361
s,4.051881095,119,0.0361
s,4.051844928,118.981,0.0359
s,4.051844752,118.653,0.0358
s,4.051664627,118.345,0.0357
s,4.051664455,118.507,0.0356
s,4.051664287,118.19,0.0355
s,4.051303737,117.828,0.0351
s,4.051159599,118.43,0.0351
s,4.051159599,118.363,0.0351
s,4.051159443,118.329,0.035
s,4.051303737,118.592,0.0351
s,4.051483845,118.213,0.0352
s,4.05144804,118.304,0.0352
s,4.051448365,118.35,0.0354
s,4.051448365,118.005,0.0354
s,4.05137728,118.247,0.0357
s,4.05134149,118.363,0.0357
s,4.051161362,118.427,0.0356
s,4.051161362,118.365,0.0356
s,4.05094545,118.428,0.0355
m,4.050834073,119.197,0.0341
m,4.050259587,119.365,0.0343
s,4.050368103,118.75,0.0344
s,4.050368245,118.501,0.0345
s,4.050835964,118.754,0.0348
s,4.051016223,118.224,0.035
s,4.051052176,118.556,0.0351
s,4.05123245,118.519,0.0353
s,4.051412567,118.478,0.0354
s,4.051593919,118.827,0.0362
s,4.051773873,118.885,0.0362
s,4.051774059,118.838,0.0363
s,4.051809856,118.508,0.0363
s,4.051809486,118.663,0.0361
s,4.051880914,118.757,0.036
s,4.051880914,118.592,0.036
s,4.051665155,118.686,0.036
s,4.051845107,118.858,0.036
s,4.051664287,118.311,0.0355
s,4.05148417,118.45,0.0354
s,4.051484006,118.236,0.0353
s,4.051483845,118.773,0.0352
s,4.051303896,118.537,0.0352
s,4.051195261,118.171,0.035
s,4.051195261,118.129,0.035
s,4.051195261,117.72,0.035
s,4.051375208,117.912,0.035
s,4.051339547,118.028,0.0351
s,4.051448532,118.576,0.0355
s,4.051448532,118.197,0.0355
s,4.051412902,117.918,0.0356
s,4.051413074,117.984,0.0357
s,4.050729711,118.149,0.0355
s,4.050693767,118.283,0.0354
s,4.050657996,118.231,0.0354
s,4.050477869,118.757,0.0353
s,4.050441939,118.448,0.0352
s,4.050406017,118.505,0.0351
s,4.050370102,118.648,0.035
s,4.050370102,118.476,0.035
s,4.050189984,118.631,0.0349
s,4.050333747,118.693,0.0346
s,4.050333747,118.159,0.0346
s,4.050333603,118.565,0.0345
s,4.050333603,118.328,0.0345
s,4.050333461,118.223,0.0344
s,4.050548905,118.817,0.0342
s,4.050548771,118.417,0.0341
s,4.050404564,118.421,0.0341
s,4.050404564,118.294,0.0341
s,4.050440194,118.379,0.034
s,4.050475834,118.543,0.0339
s,4.050475834,118.096,0.0339
s,4.050475834,118.305,0.0339
s,4.050511609,117.923,0.0339
s,4.050906931,118.412,0.0336
s,4.050726973,118.44,0.0336
s,4.050726973,118.29,0.0336
s,4.050726854,118.622,0.0335
s,4.050690959,118.538,0.0334
s,4.050654961,118.849,0.0332
s,4.050654851,118.554,0.0331
s,4.050618977,119.01,0.033
s,4.050618977,118.611,0.033
s,4.050798938,118.673,0.033
s,4.050763074,118.212,0.0329
s,4.050762972,118.295,0.0328
s,4.050583007,118.427,0.0328
s,4.050762972,118.254,0.0328
s,4.050691568,118.024,0.0329
s,4.050691568,117.888,0.0329
s,4.050691568,118.078,0.0329
s,4.050727319,117.932,0.0329
s,4.050727217,118.13,0.0328
s,4.050154228,118.739,0.0349
s,4.050154076,118.796,0.0348
s,4.050153927,118.589,0.0347
s,4.050153927,118.547,0.0347
s,4.050333747,118.488,0.0346
s,4.050333461,118.364,0.0344
s,4.050333322,118.565,0.0343
s,4.050369076,118.577,0.0343
s,4.050548905,118.625,0.0342
s,4.050440194,118.262,0.034
s,4.050440194,118.101,0.034
s,4.050440194,118.481,0.034
s,4.050440065,117.991,0.0339
s,4.050475834,118.312,0.0339
s,4.050691568,117.899,0.0339
s,4.050727219,118.303,0.0338
s,4.050727219,118.292,0.0338
s,4.050727095,118.413,0.0337
s,4.050727095,119.581,0.0337
s,4.050690959,118.888,0.0334
s,4.050690844,118.807,0.0333
s,4.050655073,118.714,0.0333
s,4.050654961,118.59,0.0332
s,4.050798833,118.606,0.0329
s,4.050798833,118.7,0.0329
s,4.050763074,118.509,0.0329
s,4.050763074,118.767,0.0329
s,4.050763074,118.875,0.0329
s,4.050583007,118.208,0.0328
s,4.05054725,118.067,0.0328
s,4.050547352,118.299,0.0329
s,4.050511602,117.888,0.0329
s,4.050691466,117.807,0.0328
s,4.050907286,118.247,0.0329
s,4.051087252,117.567,0.0329
s,4.051087252,117.663,0.0329
s,4.051267221,117.787,0.0329
s,4.051267221,117.992,0.0329
s,4.051303075,117.635,0.033
s,4.051483042,117.712,0.033
s,4.051483042,118.236,0.033
s,4.051483042,118.024,0.033
s,4.052094245,118.243,0.0328
s,4.052130004,117.8,0.0328
s,4.052309868,118.323,0.0327
s,4.052309868,118.054,0.0327
s,4.052525221,118.135,0.0323
s,4.052525221,118.26,0.0323
s,4.052705011,118.784,0.0321
s,4.052740694,118.907,0.032
s,4.052704929,118.608,0.032
m,4.052524734,118.24,0.0317
m,4.052524661,118.707,0.0316
m,4.052524661,140.612,0.0316
m,4.052453141,122.389,0.0316
m,4.052202993,119.725,0.0316
m,4.040487161,132.855,0.0317
m,4.040487161,126.045,0.0317
m,4.036400569,120.278,0.0318
m,4.034167442,122.161,0.0318
m,4.016840307,140.005,0.0329
m,4.014487051,148.914,0.0331
m,4.012171259,119.576,0.0339
m,4.007908617,144.279,0.0342
m,4.005716142,125.865,0.0346
m,3.995134829,135.701,0.0375
m,3.991136286,128.097,0.038
m,3.989035904,133.202,0.0386
m,3.98697066,131.087,0.0392
m,3.984908117,123.731,0.0397
m,3.962657514,131.207,0.045
m,3.962660444,124.228,0.0457
m,3.958577814,141.031,0.0462
m,3.956286656,124.573,0.0468
s,4.051518798,118.447,0.033
s,4.051698761,118.42,0.033
s,4.051698656,118.176,0.0329
s,4.051698656,118.017,0.0329
s,4.051914279,118.19,0.0328
s,4.052345631,117.9,0.0327
s,4.052345534,117.822,0.0326
s,4.052525403,117.844,0.0325
s,4.052525403,118.087,0.0325
s,4.052561076,118.288,0.0324
s,4.052704849,118.772,0.0319
s,4.052524886,118.71,0.0319
s,4.052524809,118.864,0.0318
s,4.052560575,118.569,0.0318
m,4.051379044,124.26,0.0315
m,4.050053619,138.295,0.0315
m,4.048552211,120.063,0.0316
m,4.046622132,121.831,0.0316
m,4.044514595,125.195,0.0317
m,4.031577342,119.238,0.032
m,4.02917088,122.805,0.032
m,4.024144034,121.982,0.0322
m,4.021522628,129.735,0.0325
m,4.019162974,132.682,0.0327
m,4.005716905,125.573,0.0351
m,4.001227156,127.754,0.0355
m,3.999143606,138.93,0.036
m,3.997063977,132.249,0.037
m,3.982999164,140.515,0.0406
m,3.978975009,127.906,0.0412
m,3.977075502,126.641,0.0419
m,3.970384171,125.513,0.004
m,3.967662912,130.594,0.0445
m,3.953939147,126.012,0.0473
m,3.951355494,127.453,0.0479
m,3.948989996,130.81,0.0489
m,3.944323903,123.526,0.0494
m,3.942209534,132.986,0.0499
m,3.940070434,129.827,0.0504
m,3.937782686,127.65,0.0509
m,3.935471029,125.336,0.0515
m,3.933345761,126.959,0.0521
m,3.931256376,128.327,0.0532
m,3.918320376,123.27,0.0559
m,3.915811608,126.295,0.0566
m,3.910619817,122.021,0.057
m,3.908333815,122.879,0.0575
m,3.905740311,118.426,0.0579
m,3.886163197,135.076,0.0608
m,3.883603384,123.824,0.0613
m,3.880839841,122.395,0.0618
m,3.87844522,126.086,0.0622
m,3.86374923,126.101,0.063
m,3.861223616,132.127,0.0627
m,3.856213669,136.547,0.0627
m,3.856212792,127.86,0.0626
m,3.851447578,129.953,0.0625
m,3.836848433,125.79,0.0616
m,3.834550457,133.919,0.0613
m,3.832233912,132.69,0.0609
m,3.830149945,137.935,0.0606
m,3.828063563,125.125,0.0595
m,3.812525244,133.144,0.0555
m,3.80984334,132.571,0.0549
m,3.804866813,138.068,0.0543
m,3.802220957,127.965,0.0537
m,3.78403285,128.778,0.048
m,3.784027928,147.649,0.047
m,3.778920915,136.983,0.0463
m,3.776380035,126.498,0.0453
m,3.773858802,128.699,0.0436
m,3.758181763,123.971,0.0387
m,3.755454943,125.958,0.0366
m,3.750240759,133.062,0.0355
m,3.747580895,122.626,0.0346
m,3.744892056,118.927,0.0335
m,3.928985575,133.632,0.0537
m,3.924817285,127.11,0.0542
m,3.92297984,126.851,0.0549
m,3.920962655,117.132,0.0554
m,3.903150104,138.227,0.0582
m,3.90051139,121.579,0.0585
m,3.89790734,116.016,0.0593
m,3.891999535,115.427,0.0598
m,3.892003548,122.994,0.0603
m,3.876472099,134.342,0.0628
m,3.87431676,126.834,0.063
m,3.870246974,136.23,0.0631
m,3.868309461,124.713,0.0632
m,3.866166841,130.414,0.0631
m,3.849013293,132.99,0.0624
m,3.846582325,126.571,0.0623
m,3.844291281,127.498,0.0621
m,3.839150717,134.915,0.0619
m,3.823818545,132.982,0.0589
m,3.821607225,132.469,0.0583
m,3.821603405,125.416,0.0578
m,3.817132854,128.522,0.0572
m,3.814849103,129.373,0.0566
m,3.799926423,120.175,0.0529
m,3.797251678,139.767,0.0523
m,3.794557965,125.283,0.0508
m,3.791893421,133.168,0.0499
m,3.786624011,129.393,0.0489
m,3.771344591,125.792,0.0426
m,3.766147562,131.451,0.0416
m,3.76344401,125.607,0.0407
m,3.760911163,127.801,0.0397
m,3.742208093,120.52,0.0325
m,3.739512681,127.695,0.0313
m,3.736806409,141.358,0.0287
m,3.731073712,134.621,0.0272
m,3.731074788,128.507,0.0256
m,3.725362528,122.891,0.0241
m,3.72271443,121.302,0.0226
m,3.720056416,123.403,0.0212
m,3.717418745,117.437,0.0197
m,3.698419268,125.971,0.0113
m,3.695851411,133.372,0.0092
m,3.691409474,127.203,0.0083
m,3.691414032,137.861,0.0075
m,3.686905237,126.819,0.0066
m,3.674805209,141.496,0.0023
m,3.672665124,145.485,0.0018
m,3.670702475,127.34,0.0012
m,3.668569757,126.647,0.0007
m,3.666624623,139.685,0.0003
m,3.653690184,131.702,0.0007
m,3.65172923,126.493,0.0007
m,3.647046352,136.351,0.0003
m,3.644777552,128.592,0.0005
m,3.632318257,132.137,0.0078
m,3.630947535,130.061,0.0107
m,3.628286536,134.087,0.012
m,3.626953607,133.065,0.0138
m,3.62580367,135.467,0.0155
m,3.620546158,137.921,0.0263
m,3.618900131,137.615,0.0287
m,3.617972541,132.404,0.0308
m,3.616866185,127.893,0.0329
m,3.616128341,127.761,0.037
m,3.610529414,129.44,0.0505
m,3.610293243,132.683,0.0551
m,3.609637157,134.198,0.0541
m,3.609626376,134.415,0.0525
m,3.609361251,134.043,0.0514
m,3.609351012,134.963,0.0512
m,3.609344686,135.467,0.0509
m,3.609524202,134.656,0.0507
m,3.60951675,134.507,0.0502
m,3.714776352,123.213,0.0167
m,3.708969192,124.706,0.0152
m,3.706167875,117.317,0.0137
m,3.703201088,119.74,0.0122
m,3.703200638,118.735,0.0123
m,3.684903848,126.001,0.0057
m,3.683090796,126.439,0.0049
m,3.680916863,129.566,0.0035
m,3.67696097,131.526,0.0028
m,3.664703927,130.124,0.0001
m,3.661029002,129.899,0.0004
m,3.661027448,130.034,0.0006
m,3.657181722,125.718,0.0008
m,3.65544942,125.618,0.0008
m,3.642674888,128.332,0.0011
m,3.640945942,137.888,0.003
m,3.637148165,127.707,0.0043
m,3.635594607,137.569,0.0055
m,3.634046107,135.525,0.0067
m,3.624674346,132.592,0.0172
m,3.623530599,130.782,0.0207
m,3.622589908,127.625,0.0225
m,3.620548186,136.788,0.0243
m,3.615215859,132.2,0.0392
m,3.613425129,140.321,0.0414
m,3.612727777,149.762,0.0438
m,3.611860994,132.576,0.046
m,3.610999714,130.471,0.0482
m,3.609424188,134.716,0.0534
m,3.609225173,135.414,0.0527
m,3.609213452,135.064,0.0523
m,3.609200533,136.269,0.0517
m,3.609370901,136.124,0.0515
m,3.609510525,134.217,0.0499
m,3.609495417,133.248,0.0496
m,3.609493715,133.281,0.0493
m,3.609297936,134.038,0.049
m,3.609291848,134.634,0.0487
m,3.609285254,134.534,0.0483
m,3.609094024,134.755,0.048
m,3.608898932,134.778,0.0478
m,3.608893489,134.989,0.0476
m,3.603489953,133.802,0.0204
m,3.606946375,134.034,0.0268
m,3.608438827,134.31,0.038
m,3.605006335,134.277,0.0243
m,3.602259831,136.333,0.0207
m,3.603582572,133.861,0.0225
m,3.600799731,135.744,0.0162
m,3.601553704,134.204,0.0188
m,3.601949406,135.773,0.0151
m,3.598992998,135.177,0.0144
m,3.599364987,134.27,0.0151
m,3.599368171,134.68,0.0154
m,3.597704676,134.912,0.0125
m,3.598077178,135.031,0.013
m,3.596567688,137.382,0.0107
m,3.595279895,134.909,0.0083
m,3.595270226,133.368,0.0085
m,3.595450057,136.851,0.0087
m,3.595871782,137.196,0.0082
m,3.598356259,138.243,0.0123
m,3.600129411,136.972,0.0156
m,3.601549129,137.66,0.0199
m,3.602809776,136.901,0.0183
m,3.5966133,136.015,0.0045
m,3.595321459,135.107,0.0015
m,3.593416031,134.553,0.0052
m,3.590761571,124.608,0.0082
m,3.589245948,137.769,0.0115
m,3.577485843,130.573,0.015
m,3.575570194,133.982,0.0158
m,3.56999132,124.838,0.0172
m,3.566611648,129.164,0.0184
m,3.608887555,135.497,0.0473
m,3.608877266,135.575,0.047
m,3.608689588,134.716,0.0465
m,3.608313809,134.459,0.0463
m,3.590481597,133.813,0.0016
m,3.607458071,133.363,0.0303
m,3.602978574,133.69,0.0194
m,3.60314892,133.315,0.0203
m,3.605029799,135.619,0.0261
m,3.602265853,135.324,0.0184
m,3.599708747,135.194,0.0165
m,3.600456524,135.54,0.017
m,3.600648421,134.831,0.0176
m,3.598803776,135.477,0.0133
m,3.596978265,133.857,0.0096
m,3.597344994,144.952,0.0103
m,3.59771519,131.796,0.0112
m,3.597906525,131.328,0.0092
m,3.596572376,135.428,0.0098
m,3.59544101,137.028,0.0088
m,3.595613888,135.347,0.0103
m,3.596516059,134.589,0.0071
m,3.594828845,135.69,0.0077
m,3.595703937,136.117,0.008
m,3.601459286,134.956,0.0161
m,3.600334334,136.001,0.0133
m,3.600345588,136.659,0.0109
m,3.597911813,136.2,0.0074
m,3.586975701,129.39,0.0159
m,3.587155906,128.185,0.014
m,3.586368486,130.121,0.0134
m,3.584629183,127.698,0.0131
m,3.580964046,125.052,0.0137
m,3.565079253,135.121,0.0199
m,3.561834848,126.152,0.02
m,3.560686104,137.234,0.02
m,3.559174318,126.737,0.0199
m,3.557855129,130.439,0.0198
m,3.556357882,131.446,0.0196
m,3.554682013,140.73,0.0197
m,3.553572496,134.294,0.0192
m,3.551009273,133.058,0.0181
m,3.545024623,124.663,0.0135
m,3.543808413,121.327,0.0128
m,3.541391194,124.409,0.0118
m,3.540008428,128.524,0.0111
m,3.540010475,121.525,0.0107
m,3.528159027,121.875,0.0065
m,3.526467457,124.94,0.0059
m,3.524775941,132.563,0.0057
m,3.523096709,135.153,0.0055
m,3.521420369,130.477,0.0052
m,3.50908289,133.759,0.0036
m,3.507493437,119.471,0.0028
m,3.505516495,132.402,0.0025
m,3.502141251,135.839,0.0017
m,3.491422752,119.6,0.0032
m,3.488575777,120.131,0.0045
m,3.48745052,139.827,0.0054
m,3.486140906,121.458,0.006
m,3.484858875,127.632,0.0069
m,3.476247754,121.661,0.0134
m,3.475084681,132.141,0.0144
m,3.474078402,125.489,0.0154
m,3.473055618,144.261,0.0163
m,3.472211816,120.142,0.0174
m,3.469832087,126.376,0.0255
m,3.469438872,131.162,0.0279
m,3.469101756,124.508,0.029
m,3.469127412,136.894,0.0302
m,3.468207112,140.106,0.0366
m,3.468292096,133.692,0.039
m,3.468362831,131.374,0.0394
m,3.468259624,124.604,0.0404
m,3.468535669,123.477,0.0415
m,3.551011167,126.739,0.0175
m,3.548851052,128.748,0.0169
m,3.547787141,135.441,0.0162
m,3.54673334,131.364,0.0153
m,3.545872465,131.272,0.0144
m,3.536714491,127.432,0.0101
m,3.534987435,118.795,0.0095
m,3.533092258,122.533,0.008
m,3.531565326,118.982,0.007
m,3.519749838,118.103,0.0051
m,3.51610424,121.627,0.0046
m,3.514285566,123.83,0.0043
m,3.514286979,127.766,0.0041
m,3.510684645,126.216,0.0039
m,3.500349488,126.773,0.0011
m,3.49894299,117.844,0.0004
m,3.497370428,128.903,0.0013
m,3.495993893,129.324,0.0018
m,3.492942397,125.832,0.0025
m,3.483586867,123.946,0.0077
m,3.482335907,123.639,0.0084
m,3.48092657,122.27,0.0102
m,3.478744683,125.036,0.0113
m,3.471954111,133.643,0.0195
m,3.471062589,124.112,0.0208
m,3.470620165,127.638,0.0222
m,3.470230132,123.348,0.0233
m,3.470033934,129.084,0.0244
m,3.468653122,127.403,0.0312
m,3.468505926,127.826,0.0324
m,3.468384164,127.455,0.0334
m,3.468456007,124.585,0.0345
m,3.468335916,126.893,0.0356
m,3.468552242,133.88,0.0424
m,3.468726019,127.117,0.0435
m,3.468934532,129.622,0.0458
m,3.46963545,126.29,0.0471
m,3.47019574,122.171,0.0483
m,3.470540505,131.629,0.0494
m,3.471099506,125.905,0.0508
m,3.471686816,140.691,0.052
m,3.47227164,127.234,0.0545
m,3.476964413,123.168,0.0634
m,3.477588928,127.359,0.0647
m,3.478983292,128.608,0.0658
m,3.479811446,124.302,0.0668
m,3.485218592,128.682,0.0711
m,3.486134301,136.836,0.0719
m,3.487057075,125.447,0.0726
m,3.487804311,119.862,0.0732
m,3.488724157,127.629,0.0744
m,3.493728806,121.181,0.0764
m,3.494395866,128.869,0.0766
m,3.49525114,123.844,0.0768
m,3.496141576,132.886,0.0771
m,3.497037029,130.042,0.0773
m,3.504484179,124.608,0.0786
m,3.506375736,127.513,0.0786
m,3.507120912,132.681,0.0787
m,3.507900838,123.227,0.0787
m,3.510912955,125.832,0.0784
m,3.510871825,123.049,0.0784
m,3.510612469,123.76,0.0775
m,3.51021162,125.818,0.0766
m,3.508543611,123.377,0.0759
m,3.503086409,141.148,0.0711
m,3.500286661,125.188,0.0704
m,3.498603983,124.953,0.0693
m,3.498591498,126.21,0.0682
m,3.495074825,130.42,0.0671
m,3.482363052,125.015,0.061
m,3.479828603,126.136,0.06
m,3.477335387,133.612,0.0589
m,3.474988165,127.077,0.0573
m,3.472832553,126.444,0.0564
m,3.473061776,124.102,0.0558
m,3.474334737,125.979,0.057
m,3.474346281,123.828,0.0584
m,3.475754405,124.768,0.0599
m,3.476362155,129.703,0.0612
m,3.480647623,121.833,0.0678
m,3.481354445,122.797,0.0686
m,3.482758753,127.858,0.0692
m,3.483624208,122.827,0.0699
m,3.484339603,125.235,0.0706
m,3.489667676,121.668,0.0748
m,3.49128638,126.316,0.0753
m,3.492199822,125.673,0.0757
m,3.492882887,130.626,0.076
m,3.497940248,131.353,0.0776
m,3.500096827,127.849,0.0779
m,3.500987292,120.251,0.078
m,3.502308064,123.97,0.0783
m,3.503393898,121.666,0.0785
m,3.50847538,140.743,0.0787
m,3.509086575,129.897,0.0787
m,3.510147177,122.133,0.0787
m,3.510626417,118.028,0.0786
m,3.510625006,120.375,0.0785
m,3.507656704,130.495,0.075
m,3.506564589,125.627,0.0741
m,3.505516628,125.428,0.0734
m,3.50440651,131.523,0.0724
m,3.493124976,131.114,0.0661
m,3.491179663,127.456,0.0651
m,3.489193829,126.329,0.0631
m,3.484724444,140.219,0.0621
m,3.468546284,132.489,0.0556
m,3.466625924,125.63,0.0549
m,3.466622232,131.845,0.0544
m,3.463419912,132.242,0.054
m,3.46213456,130.04,0.0538
m,3.461326052,131.219,0.0534
m,3.460704126,129.337,0.053
m,3.459778177,129.058,0.0525
m,3.459791425,135.411,0.0519
m,3.465172274,129.776,0.047
m,3.465169219,135.361,0.0464
m,3.469223758,128.381,0.0456
m,3.471405963,133.622,0.0446
m,3.473951087,138.32,0.0437
m,3.494191515,134.742,0.0397
m,3.494189737,130.009,0.0391
m,3.502504899,141.942,0.0386
m,3.506847187,126.213,0.0378
m,3.511150104,135.317,0.0374
m,3.545884632,141.275,0.0361
m,3.551184958,139.502,0.036
m,3.561744373,145.069,0.0361
m,3.566825721,141.745,0.0363
m,3.605549623,140.456,0.0381
m,3.610767804,137.437,0.0385
m,3.616384175,137.042,0.0389
m,3.621908118,148.082,0.039
m,3.627388842,140.658,0.0389
m,3.656479292,125.873,0.0384
m,3.662973518,132.862,0.0384
m,3.669866884,132.637,0.0385
m,3.675973867,129.658,0.0388
m,3.682167462,131.39,0.0391
m,3.72039124,144.195,0.0416
m,3.723491901,148.903,0.0422
m,3.726331833,143.574,0.0437
m,3.732353614,141.464,0.0442
m,3.759414477,123.337,0.0486
m,3.763576971,126.55,0.0492
m,3.767873953,147.457,0.0499
m,3.772656896,133.98,0.0507
m,3.777483601,140.145,0.0515
m,3.459811073,137.87,0.0511
m,3.460018634,132.937,0.0505
m,3.460592036,131.602,0.05
m,3.461305658,134.676,0.0484
m,3.46238825,138.675,0.0476
m,3.476858672,144.629,0.0429
m,3.479865342,134.264,0.0415
m,3.486351421,138.318,0.0409
m,3.490222039,144.598,0.0402
m,3.515590396,132.345,0.0371
m,3.525279771,145.724,0.0369
m,3.530349624,140.794,0.0366
m,3.535555726,135.094,0.0364
m,3.540719892,137.128,0.0362
m,3.566825927,142.307,0.0364
m,3.577436912,134.924,0.0368
m,3.58300906,145.191,0.037
m,3.588887523,142.995,0.0374
m,3.594368016,133.562,0.0377
m,3.632116638,137.648,0.0388
m,3.637113437,128.25,0.0386
m,3.645386403,132.631,0.0384
m,3.64538589,124.858,0.0382
m,3.688802936,137.861,0.0395
m,3.701411044,142.769,0.0399
m,3.707380657,147.447,0.0402
m,3.707381895,145.323,0.0406
m,3.716805886,159.906,0.0411
m,3.735809836,139.046,0.0449
m,3.739530021,138.191,0.0455
m,3.743163379,143.115,0.0461
m,3.74710796,147.342,0.0474
m,3.751356653,130.186,0.0479
m,3.782449978,133.795,0.0532
m,3.787410393,137.055,0.0539
m,3.797768719,139.534,0.0546
m,3.802951823,144.428,0.0555
m,3.807957173,139.187,0.0563
m,3.812917596,139.446,0.0569
m,3.818188759,136.686,0.0578
m,3.823504778,131.267,0.0588
m,3.834799611,135.769,0.0606
m,3.878897408,135.73,0.0684
m,3.883817435,142.684,0.0692
m,3.88869502,137.524,0.0701
m,3.893217063,145.057,0.0708
m,3.922636231,137.7,0.0771
m,3.927294016,131.933,0.0779
m,3.932259143,132.725,0.0785
m,3.938172447,131.129,0.0805
m,3.943804884,138.345,0.0813
m,3.978165595,140.191,0.0852
m,3.983972003,138.81,0.0857
m,3.990103701,151.262,0.0872
m,3.996664288,145.23,0.0877
m,4.009115827,142.331,0.0883
m,4.04356923,142.731,0.0917
m,4.04982373,136.531,0.0924
m,4.055021349,143.672,0.0935
m,4.065702882,150.911,0.0941
m,4.104711854,148.724,0.0988
m,4.110344821,152.773,0.0993
m,4.110351713,144.619,0.0997
m,4.121652794,146.396,0.1001
m,4.127594833,145.69,0.1004
m,4.161739422,146.114,0.1025
m,4.166883767,140.732,0.1027
m,4.172246729,141.739,0.1027
m,4.177304237,137.99,0.1031
m,4.182043681,135.824,0.1032
m,4.213749925,143.884,0.1038
m,4.217826961,144.803,0.1041
m,4.225217062,158.085,0.1043
m,4.229153977,137.996,0.1041
m,3.840559963,152.382,0.0617
m,3.840566891,150.719,0.0625
m,3.851725942,131.156,0.0635
m,3.85748687,138.301,0.0645
m,3.86831366,134.944,0.0676
m,3.897918631,134.986,0.0717
m,3.902223285,146.389,0.0727
m,3.906670308,146.355,0.0745
m,3.915268147,142.804,0.0754
m,3.915277751,148.662,0.0762
m,3.955237904,127.237,0.0822
m,3.961049228,140.015,0.0831
m,3.966544812,133.737,0.0836
m,3.972044644,140.516,0.0844
m,4.015373815,138.378,0.0893
m,4.021446143,132.439,0.0897
m,4.027253792,128.321,0.0902
m,4.033106343,135.619,0.0907
m,4.038692607,134.115,0.0912
m,4.071644595,144.277,0.0945
m,4.077366458,143.17,0.095
m,4.082646707,145.097,0.0956
m,4.088123891,146.669,0.0974
m,4.09907224,152.024,0.0979
m,4.133491905,144.364,0.1007
m,4.139352694,139.298,0.1015
m,4.150831691,151.677,0.1019
m,4.156505661,146.438,0.1021
m,4.191653782,150.034,0.1034
m,4.191657354,149.102,0.1036
m,4.201398395,149.625,0.1035
m,4.205915886,135.354,0.1036
m,4.209991126,143.137,0.1038
m,4.232555823,139.162,0.1036
m,4.235697386,135.853,0.1035
m,4.237950928,135.798,0.1034
m,4.239631066,136.728,0.1034
m,4.240199212,136.599,0.103
m,4.240195707,137.263,0.1028
m,4.240104701,137.374,0.1025
m,4.240368651,141.017,0.1023
m,4.240852908,140.245,0.102
m,4.242354723,139.296,0.1016
m,4.263908829,143.826,0.0995
m,4.267607521,135.387,0.0989
m,4.271118826,139.878,0.0979
m,4.277137379,139.272,0.0974
m,4.277124579,144.693,0.0966
m,4.287991744,138.157,0.0917
m,4.288114058,138.349,0.091
m,4.288289716,146.005,0.0909
s,4.288376861,147.5,0.0908
s,4.288577949,143.597,0.0894
s,4.288619366,145.352,0.0892
s,4.288662209,144.274,0.0891
s,4.28870365,143.614,0.0889
s,4.288746509,144.409,0.0888
s,4.288999654,144.738,0.0879
s,4.289042569,144.977,0.0878
s,4.289085493,144.179,0.0877
s,4.289128425,144.29,0.0876
s,4.289125676,144.079,0.0874
s,4.289033178,143.919,0.0871
s,4.289033178,143.944,0.0871
s,4.288946181,145.141,0.0872
s,4.288946181,144.623,0.0872
s,4.289390644,143.28,0.0873
s,4.289390644,144.952,0.0873
s,4.289656379,144.223,0.0873
s,4.28970075,144.822,0.0873
s,4.289745127,144.03,0.0873
s,4.290188473,144.916,0.0873
s,4.290188473,142.391,0.0873
s,4.290452913,142.817,0.0872
s,4.290275924,142.868,0.0872
s,4.290364764,143.136,0.0872
m,4.248506954,139.493,0.1014
m,4.252391868,140.578,0.1008
m,4.256411365,139.142,0.1004
m,4.260250813,143.187,0.1001
m,4.281634175,143.846,0.0957
m,4.283467385,144.201,0.0951
m,4.28490452,140.356,0.0944
m,4.286436171,147.797,0.0938
m,4.287483151,140.96,0.0931
s,4.288418187,147.8,0.0906
s,4.288459531,146.239,0.0904
s,4.288500885,149.542,0.0902
s,4.288496584,148.023,0.0899
s,4.288580791,146.289,0.0896
s,4.288610934,144.764,0.0886
s,4.288828059,145.531,0.0883
s,4.288870948,144.019,0.0882
s,4.28877971,144.866,0.088
s,4.288991593,143.997,0.0873
s,4.288991593,145.272,0.0873
s,4.288990225,144.263,0.0872
s,4.288990225,143.689,0.0872
s,4.288990225,147.023,0.0872
s,4.288990515,145.098,0.0872
s,4.289034857,145.701,0.0872
s,4.289079203,144.44,0.0872
s,4.289300564,144.247,0.0872
s,4.289346286,144.183,0.0873
s,4.289745127,144.653,0.0873
s,4.289833892,143.687,0.0873
s,4.290099674,142.368,0.0873
s,4.290188473,144.982,0.0873
s,4.290364764,143.682,0.0872
s,4.290364764,143.521,0.0872
s,4.290453621,143.379,0.0872
s,4.290498057,143.463,0.0872
s,4.290541131,143.925,0.0871
s,4.290539768,143.778,0.087
s,4.290582853,144.969,0.0869
s,4.290538407,143.879,0.0869
s,4.290580138,143.317,0.0867
s,4.290265241,144.57,0.0863
s,4.290485324,144.582,0.0862
s,4.290528445,145.42,0.0861
s,4.290794349,144.796,0.0861
s,4.290793009,145.533,0.086
s,4.291058927,143.773,0.086
s,4.290927789,143.459,0.0861
s,4.290927789,144.586,0.0861
s,4.291149235,144.517,0.0861
s,4.291150578,143.728,0.0862
s,4.29137443,145.362,0.0863
s,4.291463465,144.809,0.0863
s,4.291640414,145.291,0.0863
s,4.291729466,144.964,0.0863
s,4.292577493,145.094,0.0867
s,4.292622054,144.631,0.0867
s,4.292667977,143.606,0.0868
s,4.292667977,144.005,0.0868
s,4.292889474,145.606,0.0868
s,4.293108266,144.806,0.0866
s,4.293108266,143,0.0866
s,4.293105567,144.518,0.0864
s,4.293325725,143.359,0.0863
s,4.293590467,142.965,0.0862
s,4.294119997,143.433,0.086
s,4.294341518,144.886,0.086
s,4.294341518,143.697,0.086
s,4.294341518,143.562,0.086
s,4.294340182,145.639,0.0859
s,4.294386124,144.974,0.086
s,4.294206538,142.537,0.0858
s,4.294026962,143.002,0.0856
s,4.294070248,142.072,0.0855
s,4.290580138,143.201,0.0867
s,4.290401808,144.052,0.0866
s,4.290223482,144.789,0.0865
s,4.290223482,144.382,0.0865
s,4.290222132,144.615,0.0864
s,4.29101445,144.509,0.086
s,4.29101445,144.493,0.086
s,4.290837484,144.846,0.086
s,4.290838824,144.737,0.0861
s,4.29119507,144.591,0.0862
s,4.291239567,144.154,0.0862
s,4.291063955,144.546,0.0863
s,4.291108458,143.968,0.0863
s,4.291108458,145.306,0.0863
s,4.291775346,146.959,0.0864
s,4.291996825,146.179,0.0864
s,4.292264197,144.755,0.0865
s,4.292264197,144.934,0.0865
s,4.29257614,145.041,0.0866
s,4.292889474,144.504,0.0868
s,4.293109619,144.5,0.0867
s,4.293109619,144.568,0.0867
s,4.293108266,143.02,0.0866
s,4.293635054,143.29,0.0862
s,4.293633713,143.485,0.0861
s,4.293853885,142.937,0.086
s,4.294030807,142.01,0.086
s,4.294075399,142.954,0.086
s,4.294340182,142.084,0.0859
s,4.294340182,144.73,0.0859
s,4.294384787,146.694,0.0859
s,4.294384787,148.465,0.0859
s,4.294384787,145.396,0.0859
s,4.293890689,144.422,0.0853
s,4.293712459,143.908,0.0852
s,4.293623485,143.498,0.0851
s,4.293442637,142.756,0.0848
s,4.293441328,144.56,0.0847
s,4.293260512,143.544,0.0844
s,4.293126947,143.737,0.0843
s,4.293124354,145.882,0.0841
s,4.292901518,145.085,0.084
s,4.292489003,143.884,0.0829
s,4.292487739,143.628,0.0828
s,4.292485216,143.804,0.0826
s,4.292351696,143.397,0.0825
s,4.292028859,142.762,0.0814
s,4.291848276,142.152,0.0811
s,4.291847053,143.245,0.081
s,4.291667714,144.132,0.0808
s,4.291667714,143.7,0.0808
s,4.292112047,144.165,0.0809
s,4.292112047,145.391,0.0809
s,4.292333609,145.744,0.0809
s,4.292333609,144.657,0.0809
s,4.292333609,144.411,0.0809
m,4.2926874,143.113,0.0809
m,4.292506857,143.384,0.0806
m,4.292504437,145.418,0.0804
m,4.292149439,140.154,0.0803
m,4.293093261,145.602,0.079
m,4.293858193,147.71,0.0786
m,4.294180046,146.483,0.0782
m,4.294948672,143.016,0.0778
m,4.295716332,136.199,0.0769
m,4.300970402,148.683,0.0743
m,4.302036843,140.78,0.0738
m,4.303020976,155.141,0.0731
m,4.304064717,141.66,0.0727
m,4.305104253,153.357,0.0713
m,4.314385977,140.626,0.0671
m,4.315341556,141.781,0.0663
m,4.316297508,148.638,0.0649
m,4.318540691,145.073,0.064
s,4.292900227,144.607,0.0839
s,4.292897654,144.196,0.0837
s,4.292718186,144.287,0.0835
s,4.292761551,144.831,0.0834
s,4.292713084,143.761,0.0831
s,4.292349187,142.857,0.0823
s,4.292171034,142.11,0.0822
s,4.291753851,142.497,0
s,4.291987912,143.743,0.0817
s,4.292031326,141.972,0.0816
s,4.291890489,142.531,0.0809
s,4.291890489,142.703,0.0809
s,4.292112047,142.973,0.0809
s,4.292112047,144.817,0.0809
s,4.292555172,144.792,0.0809
s,4.292555172,144.817,0.0809
s,4.292555172,144.367,0.0809
s,4.292555172,144.411,0.0809
s,4.292553953,143.282,0.0808
m,4.292013049,132.475,0.0801
m,4.292007409,134.109,0.0799
m,4.292130859,145.37,0.0795
m,4.292389374,139.31,0.0793
m,4.292650468,138.241,0.0792
m,4.296713935,132.3,0.0764
m,4.298195532,136.023,0.0759
m,4.299209747,141.626,0.0757
m,4.299867683,156.157,0.075
m,4.306514773,147.795,0.0708
m,4.309274244,141.023,0.0701
m,4.310742636,144.989,0.0694
m,4.311997558,157.344,0.0687
m,4.313299355,140.967,0.068
m,4.318533394,135.763,0.0631
m,4.320898042,148.311,0.0625
m,4.321964307,148.07,0.0616
m,4.323036182,143.845,0.0608
m,4.324073587,152.656,0.06
m,4.324976373,145.032,0.0592
m,4.325923566,149.684,0.0585
m,4.326832273,152.769,0.0572
m,4.327928803,143.029,0.0565
m,4.328851653,138.502,0.0559
m,4.335809247,145.907,0.0525
m,4.337982797,143.692,0.0518
m,4.339195776,154.934,0.0513
m,4.340556537,142.255,0.0507
m,4.341923991,140.389,0.0502
m,4.351813459,135.337,0.0473
m,4.353589803,132.231,0.0469
m,4.355482388,130.287,0.0466
m,4.357201507,132.735,0.0462
m,4.369054188,136.949,0.0452
m,4.370910946,133.16,0.0451
m,4.372989907,131.172,0.045
m,4.376777261,138.37,0.0449
m,4.388661635,142.208,0.0456
m,4.390542188,137.613,0.0458
m,4.392580854,140.632,0.0465
m,4.396655066,137.791,0.0468
m,4.398259984,130.409,0.0471
m,4.409611339,131.186,0.0496
m,4.411556035,141.86,0.0501
m,4.411558515,138.137,0.0506
m,4.415281194,130.649,0.0512
m,4.417122543,131.293,0.0518
m,4.430522433,129.814,0.0561
m,4.432231031,140.53,0.0575
m,4.434122792,135.018,0.0582
m,4.438155809,132.184,0.0589
m,4.452822618,143.197,0.0646
m,4.456973041,160.689,0.0653
m,4.459317491,148.215,0.0659
m,4.463963288,148.133,0.067
m,4.465769327,142.86,0.0675
m,4.331253097,131.619,0.0554
m,4.332548362,149.843,0.0548
m,4.333593287,157.128,0.0542
m,4.334680759,144.881,0.0535
m,4.343334759,155.485,0.0498
m,4.344568276,145.007,0.0487
m,4.347024291,137.407,0.0482
m,4.34702339,144.627,0.048
m,4.350042982,135.741,0.0476
m,4.358677196,128.738,0.0457
m,4.362007977,131.987,0.0456
m,4.363575478,136.689,0.0454
m,4.363575092,135.909,0.0453
m,4.367059101,135.166,0.0453
m,4.37858421,138.357,0.0449
m,4.37858421,149.074,0.0449
m,4.38240036,137.798,0.0451
m,4.384409656,147.966,0.0453
m,4.386425122,147.966,0.0453
m,4.400237651,142.689,0.0475
m,4.402034136,134.626,0.0478
m,4.403929126,136.688,0.0488
m,4.405829184,141.136,0.0492
m,4.419449739,143.96,0.0523
m,4.421573858,139.222,0.0534
m,4.425081637,131.583,0.0543
m,4.426739715,141.08,0.0549
m,4.42864322,138.147,0.0556
m,4.440147343,141.206,0.0597
m,4.440152324,136.013,0.0604
m,4.444198248,142.581,0.0612
m,4.446412121,145.714,0.0619
m,4.44881268,135.463,0.0626
m,4.467709454,146.227,0.068
m,4.469079864,144.965,0.0685
m,4.471159825,144.279,0.0691
m,4.473084898,141.224,0.0695
m,4.474756502,144.161,0.07
m,4.476720399,153.463,0.071
m,4.480388655,161.024,0.0716
m,4.480392527,145.698,0.072
m,4.484149119,151.201,0.0725
m,4.49663538,152.832,0.0757
m,4.498201008,146.738,0.0759
m,4.499631756,145.055,0.076
m,4.500858893,144.129,0.0762
m,4.508791728,156.465,0.0774
m,4.510241935,150.244,0.0775
m,4.511923805,150.128,0.0776
m,4.515134726,145.85,0.0777
m,4.516782722,144.779,0.0779
m,4.528021595,155.369,0.0783
m,4.529835051,145.872,0.0784
m,4.531511194,153.792,0.0785
m,4.533655789,144.849,0.0784
m,4.53777713,153.477,0.0783
m,4.55076004,144.308,0.0772
m,4.552742129,153.944,0.0768
m,4.554914127,142.615,0.0765
m,4.55725696,146.111,0.0763
m,4.571294412,152.924,0.0737
m,4.573178641,152.656,0.0732
m,4.576798703,159.815,0.0727
m,4.578713358,155.962,0.0722
m,4.578707652,147.095,0.0716
m,4.588900481,152.705,0.0675
m,4.590525536,155.204,0.067
m,4.592939178,152.22,0.0665
m,4.594636421,157.543,0.0657
m,4.596576896,153.037,0.0649
m,4.60754813,151.073,0.0607
m,4.609130795,145.415,0.0605
m,4.610761295,149.44,0.0602
m,4.612396384,146.923,0.06
m,4.485787885,153.596,0
m,4.487874252,153.101,0.0733
m,4.489704372,148.877,0.0742
m,4.491533735,159.083,0.0747
m,4.494836205,153.466,0.075
m,4.503183347,146.597,0.0767
m,4.504025662,155.026,0.0768
m,4.504027815,143.927,0.077
m,4.506221283,151.302,0.0771
m,4.507664201,144.362,0.0772
m,4.518616538,143.566,0.078
m,4.52029249,151.632,0.0781
m,4.522152934,155.602,0.078
m,4.525822515,156.169,0
m,4.537776031,143.004,0.0782
m,4.542223241,152.911,0.0781
m,4.544553966,147.874,0.0778
m,4.54674713,160.482,0.0776
m,4.548761148,154.308,0.0774
m,4.559401468,157.973,0.076
m,4.5635653,152.524,0.0758
m,4.56537739,146.829,0.0755
m,4.567395988,149.924,0.0751
m,4.569418627,157.804,0.0746
m,4.582133499,157.988,0.071
m,4.583841835,151.59,0.0704
m,4.585656091,158.496,0
m,4.587303216,156.91,0.0689
m,4.598086277,154.099,0.0636
m,4.599990108,150.342,0.0629
m,4.602773985,152.451,0.0622
m,4.602770333,158.141,0.0617
m,4.605941591,158.078,0.0611
m,4.613893222,149.608,0.0597
m,4.615391136,146.276,0.0591
m,4.616752652,156.198,0.0589
m,4.61830036,151.452,0.0586
m,4.62086515,148.591,0.0583
m,4.622064516,148.099,0.058
m,4.623122274,147.021,0.0577
s,4.623840178,149.223,0.0575
s,4.624583074,148.447,0.0568
s,4.624557392,147.232,0.057
s,4.623700155,148.386,0.0573
s,4.623488786,148.215,0.0573
s,4.623290829,148.056,0.0573
s,4.623066097,148.866,0.0573
s,4.622880915,148.116,0.0572
s,4.621719437,147.199,0.0571
s,4.621719437,146.53,0.0571
s,4.621719437,147.528,0.0571
s,4.621521511,148.067,0.0571
s,4.621468088,148.31,0.0571
s,4.621468088,146.939,0.0571
s,4.621454122,146.341,0.057
s,4.621427448,148.054,0.057
s,4.621414119,148.39,0.057
s,4.620950579,147.299,0.0568
s,4.620950579,146.246,0.0568
s,4.620752104,147.996,0.0567
s,4.620752104,147.017,0.0567
s,4.620725534,147.282,0.0567
s,4.620511372,147.715,0.0562
s,4.620511372,147.246,0.0562
s,4.620299667,148.268,0.0561
s,4.620299067,149.058,0.056
s,4.620272553,148.169,0.056
s,4.620272553,147.47,0.056
s,4.620259303,147.366,0.056
s,4.620259303,147.479,0.056
s,4.620259303,147.971,0.056
s,4.620443875,146.2,0.056
s,4.620628445,147.054,0.056
s,4.620443875,146.729,0.056
s,4.62043063,147.38,0.056
s,4.62043063,147.299,0.056
s,4.624346564,148.941,0.0571
s,4.624135756,148.527,0.0572
s,4.624136381,149.019,0.0573
s,4.623713572,149.684,0.0573
s,4.622682974,148.183,0.0572
s,4.622485038,148.358,0.0572
s,4.622287105,147.63,0.0572
s,4.622101923,147.682,0.0571
s,4.621903995,148.831,0.0571
s,4.621336954,149.141,0.0571
s,4.621508148,147.977,0.0571
s,4.621508148,147.566,0.0571
s,4.621508148,147.067,0.0571
s,4.62149479,147.671,0.0571
s,4.621215613,147.876,0.0569
s,4.621202292,148.255,0.0569
s,4.621188358,147.992,0.0568
s,4.620977176,146.152,0.0568
s,4.620724921,146.285,0.0566
s,4.620526465,148.077,0.0565
s,4.620526465,147.575,0.0565
s,4.620525856,145.983,0.0564
s,4.620510169,147.117,0.056
s,4.620299067,147.235,0.056
s,4.620101237,146.85,0.056
s,4.620101237,148.098,0.056
s,4.620101237,148.478,0.056
s,4.620101237,148.7,0.056
s,4.620276486,145.66,0
s,4.620443875,147.076,0.056
s,4.620443875,146.791,0.056
s,4.620443875,148.058,0.056
s,4.62043063,147.876,0.056
s,4.620430032,148.061,0.0559
s,4.620601364,147.164,0.0559
s,4.620600768,147.662,0.0558
s,4.620416197,147.32,0.0558
s,4.620231031,148.94,0.0557
s,4.620401777,147.908,0.0556
m,4.620216615,146.999,0.0555
m,4.620202797,148.895,0.0554
m,4.624124902,149.3,0.055
m,4.62586055,147.698,0.055
m,4.62908051,152.223,0.055
m,4.630812911,154.563,0.055
m,4.632351423,155.581,0.055
m,4.642274433,150.632,0.055
m,4.644354532,141.559,0.0549
m,4.64627765,151.124,0.055
m,4.648238323,150.056,0.0552
m,4.652500058,144.656,0
m,4.669733918,144.96,0.0565
m,4.672078011,150.295,0.0569
m,4.674229585,144.21,0.0571
m,4.678911274,146.227,0.0572
m,4.69320098,137.482,0.0577
m,4.695576703,148.821,0.0577
m,4.697771909,147.355,0.0579
m,4.702475184,149.799,0.058
m,4.702475818,148.823,0.0581
m,4.717279051,146.635,0.0583
m,4.721884378,146.879,0.0583
m,4.724281877,154.057,0.0583
m,4.726690042,150.281,0.0583
m,4.729089345,147.955,0.0584
m,4.745799326,151.657,0.0581
m,4.748242677,153.705,0.0581
m,4.750498521,144.573,0.058
m,4.75275886,148.005,0.058
m,4.768857255,139.537,0.0573
m,4.771144046,135.221,0.0572
m,4.773623502,139.493,0.057
m,4.778225213,150.937,0.0569
m,4.778224614,139.31,0.0568
m,4.620202212,153.394,0.0553
m,4.620003829,158.114,0.0552
m,4.620425572,151.064,0.0552
m,4.620424992,155.092,0.0551
m,4.622564252,154.334,0.0551
m,4.633916916,148.621,0.0549
m,4.635497229,160.188,0.0548
m,4.638469555,159.271,0.0547
m,4.640197309,160.134,0.0549
m,4.654623979,145.832,0.0553
m,4.657098421,154.527,0.0556
m,4.659750783,144.931,0.0558
m,4.664718317,153.005,0.056
m,4.667228999,148.255,0.0562
m,4.678911893,145.903,0.0573
m,4.683756007,141.755,0.0574
m,4.686100988,140.085,0.0575
m,4.688458615,139.88,0.0576
m,4.690827865,147.742,0.0576
m,4.707557869,149.915,0.0581
m,4.710117671,148.721,0.0582
m,4.712680834,150.433,0.0582
m,4.715070313,146.5,0.0582
m,4.73130646,145.823,0.0583
m,4.736482145,143.801,0.0582
m,4.738891274,152.59,0.0581
m,4.738891905,151.252,0.0582
m,4.743550474,154.813,0.0581
m,4.754836625,139.809,0.0578
m,4.756918242,140.568,0.0576
m,4.759379505,137.665,0.0575
m,4.761840324,137.711,0.0575
m,4.766393714,141.914,0.0574
m,4.78284495,145.488,0.0567
m,4.785346612,155.842,0.0565
m,4.785346612,135.463,0.0565
m,4.79035927,143.619,0.0564
m,4.79286992,133.161,0.0564
m,4.795013229,138.102,0.0563
m,4.797165567,143.024,0.0562
m,4.804402022,148.585,0.0564
m,4.806939754,147.625,0.0564
m,4.823655835,148.909,0.0562
m,4.826397866,142.121,0.0561
m,4.828957264,153.831,0.0559
m,4.831335899,146.202,0.0557
m,4.846817869,158.865,0.0548
m,4.848675992,150.235,0.0547
m,4.850721963,153.504,0.0544
m,4.854457065,149.996,0.0542
m,4.854455995,155.053,0.054
m,4.86556675,154.347,0.0538
m,4.869367196,147.999,0.0537
m,4.871271487,152.61,0.0536
m,4.873178159,154.147,0.0536
m,4.873178159,150.176,0.0536
m,4.888033239,152.555,0.0527
m,4.889979318,148.633,0.0526
m,4.891926137,145.724,0.0525
m,4.89192564,150.863,0.0524
m,4.906888014,149.967,0.0518
m,4.909045315,150.94,0.0518
m,4.911021139,151.136,0.0519
m,4.911021624,154.177,0.052
m,4.915177478,151.128,0.0521
m,4.928108158,143.74,0.052
m,4.930304213,149.885,0.0519
m,4.932498791,146.543,0.052
m,4.934702091,143.981,0.052
m,4.936914971,147.745,0.052
m,4.950965063,142.019,0.0522
m,4.953178172,138.066,0.0523
m,4.955393485,146.003,0.0523
m,4.957247711,139.905,0.0521
m,4.809295017,157.846,0
m,4.811466397,143.917,0.0564
m,4.816372579,150.267,0.0564
m,4.818737831,151.189,0.0565
m,4.821289212,147.997,0.0564
m,4.833718196,142.646,0.0556
m,4.838501277,150.689,0.0556
m,4.840712776,151.731,0.0554
m,4.84274375,151.604,0.0552
m,4.84477864,155.609,0.055
m,4.858209473,148.108,0.0539
m,4.860091104,145.71,0.0538
m,4.86197646,147.487,0.0539
m,4.863677746,154.926,0.0538
m,4.87700121,154.308,0.0534
m,4.87892286,160.924,0.0533
m,4.88066587,156.4,0.0532
m,4.882410088,148.119,0.053
m,4.886094171,154.643,0.0528
m,4.895649534,152.905,0.0523
m,4.897418907,155.239,0.0522
m,4.899380426,146.012,0.052
m,4.901346218,153.352,0.0519
m,4.903126924,151.324,0.0519
m,4.917168281,151.757,0.0522
m,4.919167213,159.618,0.0522
m,4.921354574,151.587,0.0521
m,4.925730388,144.336,0.0521
m,4.939131538,149.588,0.052
m,4.941159775,141.633,0.0519
m,4.943192903,148.398,0.0521
m,4.946910371,152.29,0.052
m,4.948939752,143.265,0.0521
m,4.959091422,142.633,0.0522
m,4.962592142,144.611,0.0521
m,4.962592142,138.557,0.0521
m,4.965885938,133.503,0.052
m,4.966937805,132.586,0.0521
m,4.968167341,134.355,0.0521
m,4.9693737,130.761,0.0521
m,4.971394268,128.374,0.0522
m,4.971813674,127.729,0.0523
m,4.972006857,128.216,0.0523
m,4.973288883,133.057,0.0522
m,4.973288398,133.126,0.0521
m,4.97641322,137.2,0.0519
m,4.978088048,136.711,0.0518
m,4.979765626,134.754,0.0518
m,4.992874809,141.581,0.0509
m,4.995174619,150.281,0.0508
m,4.997486527,134.854,0.0505
m,4.999608179,137.344,0.0504
m,5.014614436,139.333,0.0492
m,5.018568094,137.591,0.0491
m,5.020724185,140.682,0.0491
m,5.022871949,140.28,0.049
m,5.022871532,143.642,0.0489
m,5.036536684,143.422,0.0481
m,5.038720295,134.317,0.0478
m,5.041104475,143.394,0.0476
m,5.043307072,151.611,0.0473
m,5.045710691,137.454,0.0471
m,5.058890078,134.195,0.0455
m,5.061121772,135.705,0.0454
m,5.06337042,131.58,0.0453
m,5.065793304,126.769,0.0451
m,5.06822027,129.098,0.0451
m,5.083154557,132.63,0.0439
m,5.087665243,142.144,0.0437
m,5.087664629,133.195,0.0435
m,5.091973451,135.04,0.0433
m,5.109159604,141.464,0.0424
m,5.111615262,137.247,0.0422
m,5.11444279,139.451,0.0422
m,5.116920295,144.616,0.042
m,5.119584805,142.158,0.0417
m,4.972199556,128.066,0.0522
m,4.972015022,127.992,0.0523
m,4.972015022,128.87,0.0523
m,4.972450546,129.694,0.0523
m,4.981630455,145.239,0.0518
m,4.983319989,146.987,0.0515
m,4.986930082,143.817,0.0514
m,4.98884091,146.516,0.0513
m,4.990948652,137.026,0.0511
m,5.001742647,142.49,0.0502
m,5.006023165,135.809,0.05
m,5.007993354,134.228,0.0497
m,5.010152237,143.072,0.0494
m,5.012295048,133.253,0.0494
m,5.026980413,143.193,0.0488
m,5.028952012,133.615,0.0486
m,5.030741522,134.622,0.0483
m,5.032719641,139.836,0.0482
m,5.047746888,145.238,0.0464
m,5.049972972,139.191,0.0461
m,5.054424717,135.485,0.0459
m,5.054423663,135.22,0.0456
m,5.072516245,134.277,0.0449
m,5.074754709,129.088,0.0449
m,5.076796656,131.15,0.0446
m,5.078841906,142.232,0.0444
m,5.081089336,132.859,0.0443
m,5.094423932,139.263,0.0432
m,5.096677614,136.013,0.043
m,5.099118521,134.228,0.0428
m,5.101762111,140.624,0.0426
m,5.104224478,135.836,0.0424
m,5.122068704,153.254,0.0416
m,5.124571668,141.698,0.0413
m,5.129940271,142.161,0.0412
m,5.132788191,135.724,0.0412
m,5.135454241,135.21,0.041
m,5.137955833,132.43,0.0407
m,5.140443258,136.264,0.0404
m,5.145260883,130.632,0.0402
m,5.147958657,147.103,0.04
m,5.161711964,133.012,0.0388
m,5.164391749,124.265,0.0388
m,5.169850674,123.536,0.0386
m,5.172575437,141.597,0.0385
m,5.17515625,130.141,0.0382
m,5.190568041,125.541,0.0366
m,5.196027508,132.593,0.0363
m,5.198964394,125.838,0.036
m,5.201680773,132.876,0.0356
m,5.221074166,133.565,0.0342
m,5.223894629,134.045,0.034
m,5.226880913,137.067,0.0336
m,5.229666081,134.971,0.0334
m,5.232291619,141.577,0.0332
m,5.248022953,133.761,0.0317
m,5.254096689,135.774,0.0315
m,5.256999057,135.727,0.0313
m,5.259905158,140.32,0.0311
m,5.262998234,136.854,0.0309
m,5.285118509,146.044,0.0296
m,5.288264016,140.273,0.0294
m,5.29143682,134.118,0.0293
m,5.294590189,142.572,0.0291
m,5.315467378,139.596,0.0288
m,5.318576203,132.493,0.029
m,5.321480707,139.517,0.029
m,5.324546247,138.897,0.0291
m,5.330942561,152.943,0.029
m,5.346281997,134.725,0.0295
m,5.349526566,141.464,0.0299
m,5.352850518,131.86,0.0305
m,5.359610322,139.705,0.0306
m,5.363203887,132.438,0.0307
m,5.150510513,139.083,0.0397
m,5.15051006,125.213,0.0395
m,5.156141465,122.892,0.0394
m,5.159017542,118.669,0.0392
m,5.177537867,151.222,0.0379
m,5.180252715,131.664,0.0377
m,5.182970271,134.177,0.0375
m,5.185487257,137.392,0.0371
m,5.187842424,135.279,0.0368
m,5.204439254,143.563,0.0351
m,5.207201061,135.31,0.0349
m,5.212896982,133.275,0.0347
m,5.215504147,133.177,0.0346
m,5.218297887,142.787,0.0344
m,5.237509747,138.425,0.033
m,5.239939504,140.549,0.0327
m,5.242717536,143.421,0.0324
m,5.245336435,133.209,0.0322
m,5.266072534,139.806,0.0306
m,5.269150268,134.302,0.0303
m,5.275316135,146.894,0.03
m,5.275316056,136.293,0.0298
m,5.281770725,137.595,0.0297
m,5.297883094,144.778,0.0288
m,5.303723308,135.589,0.0287
m,5.30661236,133.615,0.0287
m,5.30661236,135.469,0.0287
m,5.312337459,136.672,0.0288
m,5.334066274,141.358,0.029
m,5.337193045,137.433,0.029
m,5.337193069,136.134,0.0291
m,5.343379836,131.138,0.0293
m,5.366618646,146.189,0.0309
m,5.370037005,135.222,0.031
m,5.37345901,149.015,0.0311
m,5.376884789,144.634,0.0314
m,5.380705553,139.442,0.0317
m,5.387966455,137.996,0.0317
m,5.38796653,135.933,0.0318
m,5.395242219,140.843,0.0319
m,5.398480324,130.221,0.032
m,5.422656972,131.256,0.0332
m,5.422657074,138.579,0.0333
m,5.429649752,131.457,0.0334
m,5.432835234,132.774,0.0336
m,5.435813162,131.622,0.0339
m,5.455055026,132.107,0.0342
m,5.457840341,138.325,0.0345
m,5.460446397,140.406,0.0349
m,5.46302514,140.957,0.035
m,5.468670802,135.57,0.0353
m,5.490086262,133.231,0.0378
m,5.498437855,130.981,0.0379
m,5.502316079,129,0.0381
m,5.506166552,130.432,0.0382
m,5.531794949,148.844,0.0389
m,5.535583209,150.908,0.0391
m,5.539438079,134.872,0.0392
m,5.543084055,140.573,0.0393
m,5.568960074,129.495,0.0396
m,5.572750472,128.828,0.0397
m,5.576297652,140.611,0.0398
m,5.580094059,136.771,0.0398
m,5.587482597,136.398,0.0398
m,5.604489713,138.194,0.0396
m,5.610624886,136.257,0.0397
m,5.613662896,138.419,0.0396
m,5.616704292,142.821,0.0397
m,5.619679761,137.676,0.0396
m,5.643271886,131.839,0.0394
m,5.646733586,131.608,0.0393
m,5.650378226,138.284,0.0391
m,5.654025394,136.031,0.0387
m,5.401849476,138.629,0.0322
m,5.405039268,135.888,0.0323
m,5.408414428,138.533,0.0327
m,5.415438258,134.813,0.0329
m,5.419059926,132.502,0.033
m,5.438821795,133.754,0.0339
m,5.445450435,131.644,0.034
m,5.448678055,138.768,0.034
m,5.451850794,134.224,0.0341
m,5.468671524,142.262,0.0358
m,5.47429763,148.059,0.0361
m,5.478156964,131.735,0.0365
m,5.482049371,137.33,0.0369
m,5.485975006,131.245,0.0372
m,5.510050589,126.882,0.0383
m,5.513605822,131.167,0.0384
m,5.517314993,130.159,0.0386
m,5.520845768,134.217,0.0387
m,5.524229607,129.257,0.0388
m,5.546882784,124.8,0.0393
m,5.554032315,136.359,0.0393
m,5.557841409,129.047,0.0394
m,5.561505167,130.109,0.0394
m,5.56150538,135.468,0.0395
m,5.591107366,140.955,0.0396
m,5.594555143,152.936,0.0396
m,5.598006003,145.979,0.0395
m,5.601460371,141.857,0.0395
m,5.622907012,133.792,0.0396
m,5.626317289,138.059,0.0395
m,5.629764911,145.107,0.0394
m,5.636495944,146.199,0.0394
m,5.639702165,135.996,0.0393
m,5.657746594,141.258,0.0385
m,5.664912682,141.334,0.0383
m,5.664912117,134.68,0.038
m,5.671983047,137.41,0.0378
m,5.675432266,132.761,0.0375
m,5.678848445,130.831,0.0373
m,5.682267168,128.345,0.0371
m,5.685687622,124.012,0.0364
m,5.692321795,132.888,0.0361
m,5.695641112,142.708,0.0358
m,5.714562857,136.267,0.0337
m,5.721350615,126.735,0.0334
m,5.724800979,132.699,0.0332
m,5.728291203,135.327,0.033
m,5.731925966,136.634,0.0327
m,5.75756376,131.284,0.032
m,5.761218478,145.742,0.0317
m,5.764978273,128.994,0.0317
m,5.76859924,152.794,0.0316
m,5.793547785,138.395,0.0302
m,5.797342878,132.581,0.0299
m,5.801062418,134.578,0.0297
m,5.804644933,136.339,0.0293
m,5.812157026,131.552,0.0291
m,5.829594634,133.798,0.0284
m,5.832938113,129.766,0.0282
m,5.840248403,127.752,0.0282
m,5.840248389,128.2,0.0281
m,5.84808732,127.16,0.0282
m,5.872644388,141.243,0.0279
m,5.875631959,152.64,0.0278
m,5.878840512,141.455,0.0278
m,5.88231146,139.945,0.0278
m,5.906463688,143.441,0.0281
m,5.909949339,141.339,0.0283
m,5.913436891,143.424,0.0284
m,5.917146462,135.638,0.0291
m,5.924435824,141.031,0.0294
m,5.946162445,148.566,0.032
m,5.949362605,139.54,0.0322
m,5.952699185,136.484,0.0326
m,5.959106544,142.205,0.0328
m,5.962447097,136.749,0.0331
m,5.702072633,142.622,0.0351
m,5.705218746,136.342,0.0349
m,5.70815018,139.606,0.0345
m,5.711373933,139.65,0.0342
m,5.735383834,139.385,0.0325
m,5.738919591,134.248,0.0324
m,5.742816799,125.216,0.0322
m,5.746537502,134.99,0.0321
m,5.750223017,143.417,0.032
m,5.772043149,137.239,0.0313
m,5.779000926,144.65,0.0311
m,5.78237377,135.805,0.0309
m,5.785865004,138.592,0.0306
m,5.785864896,142.452,0.0304
m,5.815628452,131.031,0.029
m,5.819280763,133.121,0.0289
m,5.822676914,143.003,0.0287
m,5.82611478,130.983,0.0285
m,5.851840675,127.97,0.0281
m,5.8555965,141.151,0.0282
m,5.85927329,132.134,0.0281
m,5.866235625,136.41,0.028
m,5.869480125,138.278,0.0279
m,5.88574298,133.492,0.0277
m,5.892569844,135.547,0.0277
m,5.892569844,135.965,0.0277
m,5.899623177,139.175,0.0278
m,5.902979954,139.356,0.0278
m,5.932004755,138.503,0.0305
m,5.935639567,143.497,0.0311
m,5.939233339,134.673,0.0314
m,5.94278602,141.588,0.0317
m,5.962447298,142.242,0.0333
m,5.968292659,142.64,0.0337
m,5.971238848,139.134,0.034
m,5.974363481,145.989,0.0341
m,5.977533159,136.376,0.0346
m,5.98356779,154.027,0.0349
m,5.986918364,136.728,0.0352
m,5.989959242,141.932,0.0355
m,5.99322262,146.715,0.0358
m,6.017881714,152.439,0.0378
m,6.020936418,150.624,0.0382
m,6.024169658,146.037,0.0386
m,6.027847208,145.593,0.039
m,6.03161519,140.088,0.0393
m,6.053286209,144.378,0.0411
m,6.056623567,144.626,0.0414
m,6.060316097,150.762,0.0417
m,6.067484222,141.867,0.0424
m,6.067484985,146.777,0.0427
m,6.091940358,135.992,0.0445
m,6.096001641,142.115,0.0448
m,6.099887362,143.561,0.0449
m,6.106374477,139.87,0.045
s,6.112291371,145.017,0.045
s,6.112291371,144.807,0.045
s,6.112291078,144.711,0.0449
s,6.112207141,147.436,0.0449
m,6.112383454,148.7,0.0449
m,6.121718079,144.52,0.0446
m,6.124594383,141.774,0.0445
m,6.127824654,142.333,0.0445
m,6.130926596,145.259,0.0445
m,6.134299121,155.085,0.0444
m,6.160736213,142.926,0.0434
m,6.164169225,147.895,0.043
m,6.167380805,138.151,0.0426
m,6.170945681,152.763,0.0422
m,6.192736434,145.054,0.0405
m,6.195992561,146.166,0.0399
m,6.203197976,151.646,0.0396
m,6.207177285,150.644,0.039
m,5.997106765,137.732,0.036
m,6.000992787,149.03,0.0363
m,6.004659729,142.114,0.0368
m,6.00810699,149.799,0.0372
m,6.011511548,145.907,0.0375
m,6.035163561,142.401,0.0396
m,6.038713541,146.424,0.0398
m,6.042664046,151.189,0.0401
m,6.046440214,143.551,0.0407
m,6.073865985,148.777,0.043
m,6.077213446,145.832,0.0433
m,6.080386312,149.289,0.0437
m,6.083868344,142.408,0.0441
m,6.087880807,145.433,0.0443
m,6.109059939,142.596,0.0451
s,6.111032658,140.977,0.0452
s,6.112061674,143.652,0.0454
s,6.112154318,143.806,0.0455
s,6.112199597,144.269,0.0452
m,6.112698354,148.547,0.0449
m,6.113282005,140.813,0.0449
m,6.116599692,140.075,0.0448
m,6.11911204,142.882,0.0447
m,6.137895835,142.328,0.0442
m,6.141717995,146.57,0.0443
m,6.149507831,152.03,0.0442
m,6.153381855,152.975,0.044
m,6.157081636,151.044,0.0437
m,6.177235323,148.833,0.0418
m,6.177234378,144.849,0.0414
m,6.183786239,145.215,0.0412
m,6.186592812,156.552,0.0409
m,6.18957609,146.623,0.0406
m,6.210807797,151.346,0.0387
m,6.210807238,144.707,0.0384
m,6.217626226,150.393,0.0381
m,6.220716903,150.723,0.0377
m,6.223984189,146.196,0.0373
m,6.227203472,151.404,0.0365
m,6.23374479,149.697,0.0363
m,6.237338273,149.961,0.0359
m,6.241157332,154.235,0.0355
m,6.244880065,155.411,0.035
m,6.26363432,144.781,0.0328
m,6.27067211,143.125,0.0324
m,6.273481911,141.28,0.0321
m,6.276768469,145.44,0.0318
m,6.280105668,149.538,0.0314
m,6.303726394,149.278,0.0296
m,6.30757283,145.554,0.0292
m,6.31154528,146.811,0.0285
m,6.319396593,147.378,0.0282
m,6.319396554,143.98,0.028
m,6.3528396,141.993,0.0265
m,6.356981102,145.726,0.0264
m,6.365915199,152.254,0.0263
m,6.370184729,143.358,0.0261
m,6.399610195,151.304,0.0257
m,6.40383979,140.185,0.0256
m,6.408000196,142.619,0.0256
m,6.412110514,139.742,0.0254
m,6.416170475,150.212,0.0253
m,6.438680954,148.541,0.0259
m,6.442871108,141.802,0.0261
m,6.446784126,141.57,0.0261
m,6.450350822,141.206,0.0263
m,6.454161013,142.824,0.0265
m,6.481020675,149.156,0.0266
m,6.484823116,152.312,0.0268
m,6.491940134,152.703,0.0272
m,6.495066537,140.701,0.0274
m,6.515791176,147.112,0.0293
m,6.523550716,148.121,0.0297
m,6.527258715,142.597,0.03
m,6.530901581,142.527,0.0301
m,6.534611555,141.914,0.0304
m,6.248429085,151.677,0.0346
m,6.251902394,143.984,0.0342
m,6.255678215,147.89,0.0335
m,6.259631009,146.166,0.0332
m,6.284219481,145.415,0.0312
m,6.288133118,144.303,0.0306
m,6.295739102,146.815,0.0303
m,6.299556961,146.496,0.0299
m,6.327952984,156.915,0.0277
m,6.331808842,146.805,0.0275
m,6.335992346,149.929,0.0272
m,6.340076479,142.734,0.0269
m,6.344212897,139.761,0.0267
m,6.374455734,147.349,0.0261
m,6.378451554,147.463,0.026
m,6.382448678,142.447,0.0258
m,6.386621185,147.65,0.0257
m,6.395278909,140.62,0.0257
m,6.420024088,149.675,0.0254
m,6.423704788,141.458,0.0254
m,6.430981903,145.385,0.0255
m,6.434717888,141.018,0.0259
m,6.461626203,141.876,0.0265
m,6.4616262,143.568,0.0266
m,6.469688576,144.723,0.0265
m,6.473766299,146.377,0.0267
m,6.477392877,143.509,0.0267
m,6.498420345,150.089,0.0276
m,6.498420376,146.017,0.0278
m,6.504957806,139.788,0.0281
m,6.508608007,150.584,0.0284
m,6.512259039,150.205,0.0287
m,6.538376267,145.315,0.0309
m,6.541980747,150.12,0.0313
m,6.545586286,148.786,0.0321
m,6.55274464,144.365,0.0324
m,6.552744911,140.518,0.0327
m,6.559679156,149.919,0.0331
m,6.563179905,149.088,0.0335
m,6.566281401,146.168,0.0339
m,6.569048248,143.589,0.0342
m,6.578508849,142.423,0.0367
m,6.578854983,142.223,0.037
m,6.578919216,142.556,0.0368
m,6.578919061,142.46,0.0367
m,6.578031204,142.917,0.0361
m,6.577976947,142.712,0.036
m,6.577749843,144.203,0.0359
m,6.577695456,141.124,0.0357
m,6.577522603,142.865,0.0357
m,6.588129533,147.46,0.0356
m,6.591515082,136.497,0.0355
m,6.595128226,140.202,0.0353
m,6.598569221,140.537,0.035
m,6.605335746,140.795,0.0348
m,6.626522985,141.287,0.0339
m,6.630019184,145.652,0.0339
m,6.633916105,145.254,0.0336
m,6.642154711,151.508,0.0335
m,6.668965823,147.816,0.0325
m,6.668965734,147.25,0.0324
m,6.676270438,140.588,0.0324
m,6.679954948,148.911,0.0323
m,6.683640577,143.015,0.0322
m,6.706237724,151.56,0.0321
m,6.710158991,139.769,0.032
m,6.713737834,143.019,0.032
m,6.717317872,153.704,0.0319
m,6.721127364,152.615,0.0319
m,6.751776879,149.648,0.0318
m,6.75605403,146.733,0.0317
m,6.765126033,141.055,0.0317
m,6.769634499,145.041,0.0315
m,6.571361908,142.266,0.0348
m,6.57475637,142.555,0.0352
m,6.576172898,154.837,0.0356
m,6.577135532,140.175,0.036
m,6.577935747,143.446,0.0364
m,6.578637946,142.654,0.0367
m,6.578583658,142.601,0.0366
m,6.578529374,142.472,0.0365
m,6.578420969,143.316,0.0364
m,6.578366552,142.768,0.0362
m,6.577749563,153.735,0.0357
m,6.578355377,138.75,0.0357
m,6.580214964,141.586,0.0357
m,6.585080054,140.279,0.0357
m,6.608942872,143.395,0.0347
m,6.612432887,144.613,0.0345
m,6.61243265,146.248,0.0343
m,6.619534533,143.721,0.0342
m,6.622973332,144.578,0.034
m,6.64622128,150.872,0.0333
m,6.650061893,139.531,0.0331
m,6.650061698,142.515,0.0329
m,6.657643356,143.199,0.0329
m,6.661321828,140.673,0.0326
m,6.687211191,150.771,0.0322
m,6.691071134,143.733,0.0321
m,6.69845047,140.815,0.0321
m,6.702085763,148.654,0.0321
m,6.725566267,150.25,0.032
m,6.734221966,152.51,0.0319
m,6.738951448,142.646,0.0319
m,6.743282205,147.215,0.0319
m,6.747557351,148.167,0.0318
m,6.769634425,143.997,0.0314
m,6.77802649,150.09,0.0313
m,6.782081261,143.897,0.0312
m,6.786022727,144.979,0.031
m,6.790136712,150.722,0.0309
m,6.798767807,154.821,0.0308
m,6.802998919,138.604,0.0308
m,6.807174501,145.715,0.0307
m,6.811351318,143.102,0.0307
m,6.815529302,143.975,0.0307
m,6.838093582,158.883,0.0302
m,6.841818182,148.369,0.0302
m,6.845543424,146.17,0.0301
m,6.849556294,148.679,0.0301
m,6.853682841,147.051,0.03
m,6.878831772,151.938,0.0297
m,6.882164722,150.12,0.0297
m,6.88538611,145.452,0.0297
m,6.888778943,145.031,0.0296
m,6.904608491,141.313,0.0292
m,6.905413775,140.227,0.0293
m,6.906277781,138.159,0.0293
m,6.906336519,138.226,0.0293
m,6.906107287,138.058,0.0294
m,6.905825151,136.945,0.0298
m,6.905713414,137.107,0.0299
m,6.905654722,137.081,0.03
m,6.905654833,137.494,0.0302
m,6.905713637,137.332,0.0303
m,6.906113965,137.217,0.0311
m,6.906284568,137.38,0.0312
m,6.906284641,137.412,0.0313
m,6.906396504,137.658,0.0314
m,6.906967495,137.977,0.0322
m,6.907196859,138.206,0.0323
m,6.907426224,137.959,0.0324
m,6.90759685,138.061,0.0325
m,6.907826312,138.548,0.0327
m,6.908397044,138.28,0.0331
m,6.908567581,138.347,0.0331
m,6.908567581,138.015,0.0331
m,6.908738117,138.258,0.0331
m,6.908738117,139.58,0.0331
m,6.823544575,141.232,0.0305
m,6.827152942,148.515,0.0305
m,6.830875399,146.412,0.0304
m,6.83087534,138.981,0.0303
m,6.861541678,155.291,0.0299
m,6.865157988,149.303,0.0299
m,6.868604265,144.908,0.0298
m,6.868604265,142.86,0.0298
m,6.875441257,140.634,0.0298
m,6.894762289,144.854,0.0296
m,6.897293808,142.725,0.0295
m,6.900865358,142.951,0.0294
m,6.902134326,142.873,0.0293
m,6.903286108,145.223,0.0293
m,6.905936751,137.292,0.0294
m,6.905995538,137.204,0.0295
m,6.905825051,137.042,0.0296
m,6.9058251,137.263,0.0297
m,6.905713696,138.004,0.0304
m,6.905713757,136.874,0.0305
m,6.905884416,136.684,0.0307
m,6.905884481,137.024,0.0308
m,6.906113895,137.39,0.031
m,6.90639658,138.326,0.0315
m,6.906625934,137.942,0.0316
m,6.906796547,137.441,0.0317
m,6.906796707,138.113,0.0319
m,6.906967326,138.02,0.032
m,6.908055684,137.931,0.0328
m,6.908226411,137.876,0.033
m,6.90822651,137.685,0.0331
m,6.908285254,137.689,0.0331
m,6.908738117,143.895,0.0331
m,6.909143725,143.934,0.0332
m,6.909778553,144.108,0.0332
m,6.910872005,150.709,0.0332
m,6.912712213,150.156,0.0332
m,6.914787844,144.277,0.0332
m,6.918934085,140.507,0.0333
m,6.918934188,146.93,0.0334
m,6.924064138,151.642,0.0334
m,6.94570581,144.558,0.0341
m,6.949282633,140.733,0.0343
m,6.949282989,157.379,0.0346
m,6.956098032,143.695,0.0347
m,6.959277524,148.879,0.0351
m,6.977371063,149.797,0.036
m,6.984437517,154.129,0.0361
m,6.984437805,144.983,0.0363
m,6.992137566,140.856,0.0364
m,6.996243969,145.801,0.0366
m,7.02153689,149.89,0.0383
m,7.025661848,144.062,0.0386
m,7.029727856,140.003,0.039
m,7.033504703,139.406,0.0395
m,7.061467733,138.447,0.0404
m,7.065407863,139.849,0.0404
m,7.071970109,136.573,0.0409
m,7.074239522,144.07,0.0412
m,7.076157017,142.671,0.0415
s,7.077382661,143.008,0.0413
s,7.077274305,142.835,0.0413
s,7.077395844,143.271,0.0411
s,7.077409275,142.293,0.041
s,7.077422533,142.682,0.0408
s,7.077028709,143.3,0.0398
s,7.076872901,141.899,0.0396
s,7.076656073,142.821,0.0394
s,7.076378385,143.142,0.0393
s,7.075328686,142.88,0.0388
s,7.075267588,143.058,0.0388
s,7.075267588,141.444,0.0388
s,7.075267408,141.792,0.0387
s,7.075159416,142.127,0.0388
m,6.926718367,157.798,0.0335
m,6.929432079,140.048,0.0335
m,6.932257832,143.442,0.0336
m,6.935372767,140.134,0.0338
m,6.938665691,146.188,0.0339
m,6.962516963,152.556,0.0353
m,6.965927603,143.266,0.0357
m,6.969568129,153.014,0.0357
m,6.977370922,147.174,0.0359
m,7.003889814,151.956,0.037
m,7.003890126,145.689,0.0372
m,7.010849681,142.863,0.0375
m,7.014390951,149.24,0.0377
m,7.017763568,148.658,0.038
m,7.041338638,141.449,0.0398
m,7.041339029,155.513,0.04
m,7.049261577,155.171,0.0402
m,7.053333777,144.463,0.0404
m,7.057345934,137.305,0.0404
m,7.077031055,143.168,0.0416
m,7.07732278,143.564,0.0418
s,7.077491678,143.509,0.0416
s,7.077552,143.346,0.0413
s,7.077375022,142.486,0.0407
s,7.077266513,141.931,0.0406
s,7.077219032,141.794,0.0405
s,7.07700186,142.758,0.0402
s,7.07700186,143.41,0.0402
s,7.0760536,143.396,0.0392
s,7.076114503,141.525,0.0391
s,7.076006137,142.832,0.039
s,7.075667591,142.985,0.039
s,7.075667409,143.023,0.0389
s,7.075159416,141.746,0.0388
s,7.075159416,142.478,0.0388
s,7.075159416,142.24,0.0388
s,7.075159597,142.377,0.0389
s,7.075051432,142.687,0.0389
s,7.07488253,143.023,0.0391
s,7.07488253,144.053,0.0391
s,7.074882715,143.012,0.0392
s,7.074713636,143.105,0.0393
s,7.074362596,142.113,0.0401
s,7.074301695,142.792,0.0402
s,7.074301695,142.191,0.0402
s,7.074240798,142.487,0.0403
s,7.074627882,142.623,0.041
s,7.074627882,142.425,0.041
s,7.074797371,141.892,0.0411
s,7.074797584,142.188,0.0412
s,7.074797584,142.243,0.0412
s,7.074797371,143.053,0.0411
s,7.074797159,143.614,0.041
s,7.074566796,143.267,0.041
s,7.074566796,142.179,0.041
s,7.074566796,142.574,0.041
s,7.074044992,142.115,0.041
s,7.073814632,143.161,0.041
s,7.073814844,143.081,0.0411
s,7.073753768,142.179,0.0411
s,7.073401911,142.352,0.0414
s,7.073510351,142.778,0.0415
s,7.073449506,141.028,0.0416
s,7.073618798,142.234,0.0416
s,7.073557959,142.059,0.0417
s,7.073789432,142.049,0.0422
s,7.073958954,142.507,0.0423
s,7.073959184,141.868,0.0424
s,7.074020707,142.214,0.0426
s,7.07419,143.291,0.0426
s,7.074699308,142.387,0.0432
s,7.074699551,141.663,0.0433
s,7.074699551,142.411,0.0433
s,7.074869092,142.832,0.0434
s,7.074652717,143.25,0.0394
s,7.07448364,144.56,0.0395
s,7.074422917,142.538,0.0397
s,7.07442311,143.079,0.0398
s,7.074254038,142.956,0.0399
s,7.074410475,143.331,0.0405
s,7.074349586,143.12,0.0406
s,7.074580158,142.517,0.0407
s,7.074519274,142.905,0.0408
s,7.074688759,142.345,0.0409
s,7.074797584,142.475,0.0412
s,7.074797584,142.244,0.0412
s,7.074858457,143.623,0.0411
s,7.074797371,143.338,0.0411
s,7.074566796,142.846,0.041
s,7.074275353,142.641,0.041
s,7.074275353,142.548,0.041
s,7.074106072,141.967,0.041
s,7.074044992,142.901,0.041
s,7.073692695,142.05,0.0411
s,7.07346255,142.455,0.0412
s,7.07346255,142.792,0.0412
s,7.073462765,142.057,0.0413
s,7.073462765,143.056,0.0413
s,7.073558181,142.328,0.0418
s,7.073558629,142.214,0.042
s,7.073728148,141.854,0.0421
s,7.073728375,141.4,0.0422
s,7.074359527,142.664,0.0427
s,7.074359762,141.866,0.0428
s,7.07436,142.514,0.0429
s,7.074529533,142.01,0.043
s,7.074529533,142.338,0.043
s,7.075038633,143.951,0.0435
s,7.07503888,143.558,0.0436
s,7.075039129,142.739,0.0437
s,7.075147878,142.336,0.0439
s,7.075147878,142.76,0.0439
s,7.075317685,142.969,0.0441
s,7.075317685,141.947,0.0441
s,7.07531794,143.434,0.0442
s,7.075196111,142.286,0.0443
s,7.075304636,142.785,0.0444
s,7.075244122,142.429,0.0446
s,7.075244122,142.487,0.0446
s,7.07541369,142.051,0.0447
s,7.07541369,141.76,0.0447
s,7.075474724,141.982,0.0447
s,7.075827142,142.783,0.0447
s,7.075827142,142.953,0.0447
s,7.076057486,142.675,0.0447
s,7.076057486,143.559,0.0447
s,7.076856775,143.92,0.0447
s,7.077026342,142.462,0.0448
s,7.077195645,142.712,0.0448
s,7.077364949,142.596,0.0448
s,7.077872864,143.18,0.0448
s,7.078780699,142.962,0.0449
s,7.078841729,143.146,0.0449
s,7.078950009,142.86,0.0449
s,7.079180081,143.083,0.0448
s,7.079180081,143.964,0.0448
s,7.079931341,142.596,0.0445
s,7.079992117,141.758,0.0444
s,7.079991858,142.435,0.0443
s,7.080052385,142.643,0.0441
s,7.08019973,142.523,0.0431
s,7.080260555,141.873,0.043
s,7.080151861,142.864,0.0428
s,7.080212231,142.596,0.0425
s,7.080103791,142.855,0.0424
m,7.0799469,142.105,0.0417
m,7.07994668,137.937,0.0416
m,7.080299011,143.698,0.0415
m,7.080834676,144.937,0.0414
m,7.082489521,157.099,0.0413
s,7.075304896,142.559,0.0445
s,7.075304896,143.001,0.0445
s,7.07518309,140.947,0.0446
s,7.07518309,141.77,0.0446
s,7.07553576,142.74,0.0447
s,7.07553576,141.927,0.0447
s,7.075596799,142.432,0.0447
s,7.075596799,142.708,0.0447
s,7.075766101,142.452,0.0447
s,7.076287829,143.36,0.0447
s,7.076287829,142.475,0.0447
s,7.076518174,143.562,0.0447
s,7.076687474,143.498,0.0447
s,7.076856775,142.981,0.0447
s,7.077872864,142.641,0.0448
s,7.078042437,143.045,0.0449
s,7.078442083,143.153,0.0449
s,7.078611391,142.8,0.0449
s,7.079349391,143.081,0.0448
s,7.079410418,143.598,0.0448
s,7.079579463,142.295,0.0447
s,7.079809539,142.836,0.0446
s,7.079809278,142.255,0.0445
s,7.080113171,142.912,0.044
s,7.080343263,141.97,0.0439
s,7.080234259,142.482,0.0436
s,7.080247628,142.15,0.0434
s,7.080247384,142.482,0.0433
s,7.080103561,141.847,0.0423
s,7.079933823,142.229,0.0421
m,7.079994678,142.878,0.042
m,7.079994454,142.46,0.0419
m,7.087846077,133.211,0.0413
m,7.09093164,150.42,0.0412
m,7.093956648,142.942,0.0412
m,7.096751631,136.916,0.0412
m,7.099608592,141.866,0.0413
m,7.102588596,145.47,0.0413
m,7.105969056,142.274,0.0414
m,7.109411397,139.096,0.0414
m,7.116421545,137.155,0.0415
m,7.138533543,139.078,0.0415
m,7.142247425,143.271,0.0415
m,7.145714881,145.688,0.0415
m,7.152821613,140.251,0.0415
m,7.179452485,145.108,0.0415
m,7.182973663,145.275,0.0416
m,7.182973882,143.567,0.0417
m,7.190312133,137.805,0.0419
m,7.193960683,146.734,0.0419
m,7.215136279,138.289,0.042
m,7.218917477,135.642,0.042
m,7.222636809,138.296,0.042
m,7.226483553,139.399,0.0421
m,7.230100296,147.069,0.0422
m,7.2555245,150.816,0.0427
m,7.25893736,141.547,0.0432
m,7.262118429,151.903,0.0433
m,7.268650076,136.698,0.0435
m,7.293493574,137.796,0.0433
m,7.300059631,147.495,0.0433
m,7.303207564,140.145,0.0431
m,7.306460243,146.628,0.0431
m,7.309545965,137.778,0.0431
m,7.329230291,139.068,0.0419
m,7.332320264,136.268,0.0417
m,7.335642926,137.315,0.0416
m,7.339030757,135.203,0.0415
m,7.346465995,136.458,0.0412
m,7.372979087,147.476,0.0405
m,7.376904762,134.423,0.0405
m,7.376904563,146.156,0.0404
m,7.384294737,155.93,0.0405
m,7.119866088,139.666,0.0415
m,7.123541952,142.174,0.0415
m,7.127280258,138.772,0.0415
m,7.130805078,147.235,0.0415
m,7.134561731,138.214,0.0415
m,7.156522958,142.345,0.0415
m,7.160500537,153.35,0.0415
m,7.164079242,147.175,0.0414
m,7.168120817,140.504,0.0414
m,7.172225669,141.884,0.0414
m,7.197547976,136.757,0.0421
m,7.20096753,142.587,0.0422
m,7.204325016,148.697,0.0422
m,7.211587603,144.993,0.0421
m,7.237714699,141.267,0.0422
m,7.237715153,137.123,0.0424
m,7.245143597,140.947,0.0424
m,7.248680054,138.881,0.0424
m,7.251881094,145.089,0.0423
m,7.275733267,149.997,0.0435
m,7.279276708,146.231,0.0438
m,7.283155922,144.585,0.0439
m,7.286867544,136.109,0.0438
m,7.290180084,149.043,0.0435
m,7.312759946,138.44,0.0428
m,7.316142061,153.57,0.0424
m,7.322781668,140.516,0.0423
m,7.32278122,138.151,0.0421
m,7.350384719,136.066,0.0411
m,7.354072263,138.656,0.0409
m,7.361515227,141.575,0.0407
m,7.361515025,138.805,0.0406
m,7.369054142,135.442,0.0404
m,7.388157828,139.502,0.0404
m,7.392021748,143.454,0.0403
m,7.395784202,137.177,0.0399
m,7.403349466,145.178,0.0397
m,7.407115305,140.413,0.0396
m,7.411114326,135.945,0.0395
m,7.414947582,136.878,0.0394
m,7.418752159,133.466,0.0393
m,7.4224561,135.92,0.0391
m,7.4259944,140.173,0.039
m,7.445124685,136.172,0.0383
m,7.448172883,143.078,0.0382
m,7.451454043,133.715,0.0381
m,7.458247641,143.216,0.0379
m,7.461562671,140.068,0.0379
m,7.481506614,134.661,0.0378
m,7.487717247,136.586,0.0378
m,7.490839617,135.245,0.0377
m,7.493231926,143.679,0.0379
m,7.513247746,133.659,0.0376
m,7.520434638,132.671,0.0375
m,7.524063487,142.656,0.0374
m,7.528190936,137.807,0.0372
m,7.532153616,138.84,0.0372
m,7.552149495,140.684,0.0369
m,7.555253009,145.766,0.0368
m,7.558823194,143.465,0.0367
m,7.565997635,134.406,0.0368
m,7.565997486,151.933,0.0367
m,7.592620482,148.438,0.0371
m,7.595898612,145.867,0.0371
m,7.599440554,144.319,0.0371
m,7.603254253,136.694,0.0372
m,7.634126759,145.442,0.0382
m,7.637579008,142.202,0.0384
m,7.637579524,140.551,0.0387
m,7.645254286,148.548,0.0391
m,7.648475732,136.443,0.0395
m,7.669660218,138.423,0.0419
m,7.673751116,139.752,0.0423
m,7.677376078,137.189,0.0428
m,7.681234912,131.156,0.0432
m,7.685287439,139.268,0.0439
m,7.432710101,136.091,0.0388
m,7.432709925,144.17,0.0387
m,7.439231941,142.213,0.0387
m,7.442178147,140.449,0.0386
m,7.465211192,141.679,0.0378
m,7.469027007,133.165,0.0378
m,7.47211184,136.514,0.0377
m,7.4752639,142.434,0.0377
m,7.478218068,135.46,0.0377
m,7.49599025,133.909,0.0379
m,7.499413844,147.698,0.0378
m,7.503237098,159.421,0.0378
m,7.510021388,150.921,0.0377
m,7.513247746,144.233,0.0376
m,7.539217382,144.339,0.0373
m,7.542381604,144.367,0.0372
m,7.545779108,133.379,0.0371
m,7.549046794,139.848,0.037
m,7.572506781,133.855,0.0368
m,7.576044488,137.434,0.0369
m,7.579251379,139.139,0.0368
m,7.58262476,141.633,0.0369
m,7.585998611,138.465,0.0369
m,7.606738025,136.222,0.0372
m,7.615166336,138.835,0.037
m,7.622471279,141.875,0.0371
m,7.622471901,138.347,0.0375
m,7.630373538,140.606,0.0378
m,7.651697851,133.606,0.0399
m,7.655018051,147.822,0.0407
m,7.662056058,146.734,0.0411
m,7.665706953,137.133,0.0415
m,7.693391175,150.831,0.0442
m,7.693391916,147.838,0.0445
m,7.700056497,133.919,0.0448
m,7.703164209,132.866,0.0451
m,7.705024652,132.393,0.0454
m,7.711411577,140.493,0.0456
m,7.716455737,144.518,0.0462
m,7.724853995,136.542,0.0465
m,7.72844371,137.31,0.0469
m,7.750191255,136.771,0.0472
m,7.757784261,145.083,0.0474
m,7.761187756,144.761,0.0475
m,7.764730956,134.764,0.0477
m,7.768299979,139.643,0.0478
m,7.791329064,134.185,0.0487
m,7.794948377,139.264,0.049
m,7.799105443,133.728,0.0491
m,7.806580646,136.002,0.0492
m,7.806581263,144.783,0.0494
m,7.830572713,134.639,0.0504
m,7.833896242,137.756,0.0506
m,7.840217553,137.421,0.0509
m,7.840218544,135.239,0.0512
m,7.866697951,135.923,0.0527
m,7.870284758,140.729,0.0528
m,7.873474043,144.659,0.0528
m,7.873474395,137.36,0.0529
m,7.879947656,135.717,0.053
m,7.897224986,136.34,0.0526
m,7.898679301,135.065,0.0524
m,7.899453027,136.762,0.0524
m,7.899757886,136.006,0.0523
m,7.899755843,136.657,0.0517
m,7.91139849,140.023,0.0509
m,7.915041712,138.566,0.0505
m,7.921650023,127.977,0.0503
m,7.924847918,132.794,0.0501
m,7.95298962,139.337,0.0486
m,7.956518028,137.022,0.0483
m,7.959955891,137.723,0.0481
m,7.963628795,132.488,0.0479
m,7.967373094,138.234,0.0474
m,7.732267134,140.984,0.0472
m,7.735968841,146.811,0.0474
m,7.739506164,134.988,0.0474
m,7.743234298,148.616,0.0472
m,7.750190972,130.263,0.0471
m,7.77552863,136.695,0.0481
m,7.779472458,146.01,0.0482
m,7.783625869,144.416,0.0483
m,7.787641197,135.811,0.0485
m,7.81375615,144.335,0.0496
m,7.817847643,136.071,0.0497
m,7.821237794,131.773,0.0497
m,7.824558929,132.443,0.0498
m,7.82741309,133.868,0.05
m,7.845840937,133.595,0.0516
m,7.848700491,133.702,0.052
m,7.851980498,133.828,0.0522
m,7.855799285,146.821,0.0523
m,7.859221229,138.692,0.0525
m,7.883324225,140.884,0.0531
m,7.88623235,140.442,0.0531
m,7.889139703,137.765,0.0528
m,7.895415893,132.143,0.0527
m,7.899428521,146.091,0.0515
m,7.899641025,137.763,0.0514
m,7.901947571,139.872,0.0513
m,7.904815315,135.991,0.0511
m,7.907989381,151.431,0.051
m,7.928117629,143.526,0.0499
m,7.931387933,135.491,0.0497
m,7.935056595,139.317,0.0496
m,7.938796605,151.105,0.0493
m,7.949481278,140.479,0.0488
m,7.97097573,136.408,0.0473
m,7.977603751,143.899,0.0473
m,7.980485473,145.951,0.0473
m,7.980485473,158.723,0.0473
m,7.988164647,137.837,0.0471
m,7.992004997,134.251,0.047
m,7.995917538,132.07,0.0468
m,7.999777585,137.276,0.0467
m,8.007461183,143.714,0.0463
m,8.027884817,136.08,0.0437
m,8.031278256,133.382,0.0433
m,8.034202598,138.256,0.0429
m,8.038499796,154.547,0.0424
s,8.039307404,145.649,0.0395
s,8.039216645,159.017,0.0391
s,8.039053224,151.627,0.0385
s,8.038889214,149.143,0.0375
s,8.038491331,145.962,0.037
s,8.03800106,148.786,0.0347
s,8.037837526,148.379,0.0337
s,8.037439883,150.752,0.0332
s,8.03734946,145.364,0.0328
s,8.037186796,146.091,0.0325
s,8.036752707,152.278,0.0304
s,8.036824948,151.381,0.0302
s,8.036897195,144.679,0.03
s,8.036734648,144.291,0.0297
s,8.037041436,141.593,0.0291
s,8.036969005,146.567,0.029
s,8.036968955,142.508,0.0289
s,8.037131269,146.462,0.0288
s,8.037131269,143.284,0.0288
s,8.037148885,146.898,0.0288
s,8.037076562,145.285,0.0289
s,8.037166615,145.253,0.029
s,8.037166667,146.157,0.0291
s,8.037166719,147.926,0.0292
s,8.037762181,146.233,0.0303
s,8.038087081,146.242,0.0305
s,8.038249606,145.427,0.0307
s,8.038249678,145.225,0.0308
m,8.010996752,134.389,0.046
m,8.014605124,136.872,0.0458
m,8.017979058,149.439,0.0455
m,8.021281286,144.868,0.0452
m,8.024511225,132.4,0.0447
m,8.039330037,144.304,0.042
m,8.039473461,148.387,0.0414
s,8.039544399,145.158,0.0407
s,8.039471475,143.645,0.0404
s,8.039380668,146.186,0.04
s,8.038490452,148.375,0.0364
s,8.038489754,145.929,0.0359
s,8.038001812,146.58,0.0353
s,8.037766448,146.066,0.0348
s,8.037024055,147.117,0.0321
s,8.037023708,152.391,0.0317
s,8.036933215,152.252,0.0311
s,8.036915357,152.813,0.0308
s,8.036752846,150.553,0.0306
s,8.036734589,142.705,0.0296
s,8.036806855,144.507,0.0294
s,8.0368068,143.164,0.0293
s,8.037041489,143.511,0.0292
s,8.037041489,144.166,0.0292
s,8.037221258,144.936,0.0288
s,8.037221258,143.659,0.0288
s,8.037221258,147.94,0.0288
s,8.037148885,148.481,0.0288
s,8.037256781,145.434,0.0293
s,8.037419211,144.568,0.0294
s,8.037509341,145.421,0.0296
s,8.0375094,144.945,0.0297
s,8.037599544,144.653,0.0299
s,8.038339866,144.697,0.031
s,8.038574909,147.384,0.0314
s,8.038665034,148.683,0.0315
s,8.038665116,147.763,0.0316
s,8.038665285,144.3,0.0318
s,8.038827759,145.167,0.0319
s,8.038827847,147.486,0.032
s,8.038827935,147.681,0.0321
s,8.038827935,144.182,0.0321
s,8.038828116,146.526,0.0323
s,8.038990884,147.251,0.0327
s,8.038918546,146.722,0.0327
s,8.038918742,146.435,0.0329
s,8.0390089,146.94,0.033
s,8.039009001,149.417,0.0331
s,8.038955376,146.788,0.034
s,8.038955605,146.526,0.0342
s,8.038883396,146.4,0.0343
s,8.038811192,148.272,0.0344
s,8.038522531,145.916,0.0349
s,8.038522655,145.901,0.035
s,8.038360247,147.126,0.035
s,8.038287934,148.317,0.035
s,8.038125526,153.225,0.035
s,8.037656212,147.248,0.0351
s,8.037656086,143.932,0.035
s,8.037493677,147.323,0.035
s,8.03733127,147.007,0.035
s,8.03733127,146.87,0.035
s,8.037006087,144.462,0.0347
s,8.037005966,156.499,0.0346
s,8.037078285,148.788,0.0346
s,8.037078165,148.912,0.0345
s,8.036987618,148.908,0.0341
s,8.036987505,149.527,0.034
s,8.036987393,152.29,0.0339
s,8.036896988,144.733,0.0336
s,8.036896881,144.087,0.0335
s,8.036553352,144.031,0.0325
s,8.036390867,147.65,0.0324
s,8.036228383,151.553,0.0323
s,8.036138243,149.465,0.0322
s,8.036138153,145.941,0.0321
s,8.038828208,148.328,0.0324
s,8.038828208,147.866,0.0324
s,8.038828302,155.113,0.0325
s,8.038990788,152.083,0.0326
s,8.039009103,148.449,0.0332
s,8.039009206,150.674,0.0333
s,8.039099482,147.49,0.0335
s,8.039099589,146.481,0.0336
s,8.03902759,147.192,0.0339
s,8.03881131,145.705,0.0345
s,8.038901515,145.738,0.0346
s,8.038667036,150.054,0.0348
s,8.038667036,150.512,0.0348
s,8.038594844,150.343,0.0349
s,8.038125526,155.92,0.035
s,8.03805334,146.372,0.0351
s,8.037890931,147.299,0.0351
s,8.037656212,145.229,0.0351
s,8.03733127,143.68,0.035
s,8.037168738,148.955,0.0349
s,8.037168738,148.721,0.0349
s,8.03700621,151.737,0.0348
s,8.03700621,147.384,0.0348
s,8.037078046,153.52,0.0344
s,8.037078046,154.514,0.0344
s,8.036915644,159.25,0.0344
s,8.036987849,146.874,0.0343
s,8.036987733,143.424,0.0342
s,8.036734273,149.731,0.0333
s,8.036644103,149.776,0.0332
s,8.0366439,144.981,0.033
s,8.036481306,144.654,0.0328
s,8.035975765,145.656,0.0321
s,8.035975677,146.004,0.032
s,8.035975677,143.31,0.032
s,8.035813203,147.396,0.0319
s,8.035813291,149.832,0.032
s,8.035650905,144.762,0.032
s,8.035650905,143.829,0.032
s,8.03548852,146.911,0.032
s,8.035416262,144.598,0.0321
s,8.035182088,143.681,0.0327
s,8.035109941,145.341,0.0329
s,8.035110041,145.332,0.033
s,8.035037799,146.028,0.0331
s,8.035037902,145.498,0.0332
s,8.034876376,148.925,0.034
s,8.034876604,149.334,0.0342
s,8.03480438,151.125,0.0343
s,8.034804615,147.78,0.0345
s,8.034804856,158.217,0.0347
s,8.035076717,146.671,0.036
s,8.035076995,146.496,0.0362
s,8.03500495,147.614,0.0364
s,8.03516793,147.039,0.0368
m,8.036812871,137.234,0.038
m,8.04096746,138.814,0.0381
m,8.043424741,137.891,0.0383
m,8.046189432,147.353,0.0385
m,8.049189538,141.043,0.0389
m,8.065838014,135.341,0.0405
m,8.071986971,133.455,0.0408
m,8.075079371,143.383,0.0412
m,8.078172652,135.709,0.0419
m,8.081645612,137.172,0.0422
m,8.109061028,137.701,0.0444
m,8.112522566,138.763,0.0453
m,8.120650271,149.75,0.0457
m,8.12065131,136.051,0.0461
m,8.154103538,143.131,0.048
m,8.158522641,151.022,0.0478
m,8.162942441,152.36,0.0477
m,8.167362652,141.38,0.0476
m,8.171710191,140.885,0.0476
s,8.035488699,143.816,0.0322
s,8.035416443,142.774,0.0323
s,8.035254151,142.121,0.0324
s,8.035254151,141.575,0.0324
s,8.035181992,143.956,0.0326
s,8.035038005,146.675,0.0333
s,8.034875721,147.289,0.0334
s,8.034875934,149.494,0.0336
s,8.034876043,151.052,0.0337
s,8.034967368,149.671,0.0348
s,8.034895278,147.092,0.035
s,8.034895789,151.993,0.0354
s,8.034986111,150.72,0.0356
s,8.034914048,150.688,0.0358
m,8.035258154,152.472,0.0369
m,8.035258454,157.621,0.0371
m,8.035348843,140.816,0.0373
m,8.03558372,138.877,0.0374
m,8.035891395,136.995,0.0378
m,8.052424578,138.204,0.0392
m,8.059381954,140.299,0.0395
m,8.062852951,139.291,0.0399
m,8.065837249,137.301,0.0401
m,8.089604176,148.934,0.0425
m,8.093621034,158.4,0.0429
m,8.097565531,141.28,0.0433
m,8.10134839,137.002,0.0437
m,8.105366359,148.819,0.044
m,8.128603231,148.734,0.0466
m,8.132316657,139.751,0.047
m,8.136031302,141.034,0.0477
m,8.139891531,137.522,0.048
m,8.149287197,135.008,0.0479
m,8.180596998,149.064,0.0476
m,8.184857659,140.422,0.0476
m,8.184857659,143.591,0.0476
m,8.193453575,140.547,0.0475
m,8.197627614,151.455,0.0475
m,8.20203678,142.251,0.0473
m,8.206138588,137.403,0.0474
m,8.214402461,142.685,0.0473
m,8.218505572,148.195,0.0473
m,8.244996664,144.105,0.0474
m,8.24499694,150.286,0.0475
m,8.25339859,153.836,0.0472
m,8.257357917,156.357,0.047
m,8.284204697,141.571,0.0453
m,8.284204448,139.209,0.0452
m,8.291423032,138.981,0.045
m,8.294692075,140.939,0.0448
m,8.298109668,141.415,0.0445
m,8.318870216,143.487,0.0434
m,8.322996103,149.916,0.0432
m,8.327432417,145.981,0.0431
m,8.331398533,147.413,0.0431
m,8.335376565,153.801,0.043
m,8.362868107,146.88,0.0428
m,8.367008507,144.017,0.0427
m,8.370753324,138.601,0.0428
m,8.374807897,145.039,0.0426
m,8.402193324,140.619,0.0422
m,8.409686442,145.986,0.0421
m,8.413432995,142.113,0.0419
m,8.417104997,138.223,0.0418
m,8.417104792,149.495,0.0417
m,8.440468477,147.035,0.0412
m,8.449058286,153.513,0.0412
m,8.453117809,146.47,0.0411
m,8.457252959,147.805,0.0411
m,8.461313215,146.402,0.0411
m,8.495216784,142.663,0.0403
m,8.499279172,155.959,0.0402
m,8.503577666,139.419,0.0402
m,8.507800791,149.332,0.0401
m,8.222285796,146.207,0.0471
m,8.226228532,137.212,0.0471
m,8.230406993,137.089,0.0471
m,8.234350797,145.392,0.0471
m,8.238207711,137.991,0.0471
m,8.26140501,147.999,0.0469
m,8.265538937,153.787,0.0466
m,8.269350472,143.82,0.0462
m,8.273249052,140.314,0.0457
m,8.280714064,143.94,0.0456
m,8.301217177,145.645,0.0439
m,8.307510043,140.837,0.0439
m,8.311015517,152.537,0.0437
m,8.31490561,148.063,0.0436
m,8.33913137,150.243,0.043
m,8.346629653,143.275,0.043
m,8.350373229,140.885,0.043
m,8.354277597,150.26,0.0429
m,8.358492458,146.766,0.0429
m,8.378948911,155.221,0.0425
m,8.386910347,151.654,0.0424
m,8.390730613,146.041,0.0423
m,8.394711996,161.318,0.0423
m,8.398607818,142.629,0.0423
m,8.424845588,146.213,0.0416
m,8.428593099,138.087,0.0415
m,8.43257637,143.703,0.0414
m,8.436249035,150.367,0.0412
m,8.46935847,147.403,0.0407
m,8.473268755,144.406,0.0406
m,8.477405051,142.709,0.0405
m,8.486470822,157.432,0.0405
m,8.490843646,157.749,0.0404
m,8.51226,149.361,0.0401
m,8.516559062,155.327,0.04
m,8.520782875,142.813,0.0399
m,8.525016019,145.934,0.0398
m,8.534020799,157.35,0.0397
m,8.538170005,149.14,0.0397
m,8.541923381,146.838,0.0396
m,8.545988121,151.876,0.0394
m,8.549977468,147,0.0392
m,8.554287511,155.124,0.0392
m,8.580420366,148.042,0.0392
m,8.584638731,142.696,0.0389
m,8.592698181,144.458,0.0389
m,8.597169869,160.033,0.0388
m,8.601473845,153.435,0.0388
m,8.624068158,145.031,0.0379
m,8.62845013,147.629,0.038
m,8.637381951,155.971,0.038
m,8.641612333,155.044,0.038
m,8.665568542,145.09,0.0375
m,8.674747205,142.982,0.0374
m,8.679062809,153.135,0.0374
m,8.683378252,155.401,0.0372
m,8.687999494,151.627,0.0372
m,8.710886769,150.018,0.0367
m,8.72022211,150.478,0.0365
m,8.724609438,151.369,0.0364
m,8.728359319,151.18,0.0363
m,8.734188822,152.315,0.0365
m,8.767408206,150.959,0.0363
m,8.771556774,146.927,0.0369
m,8.775634328,148.432,0.0371
m,8.779629874,151.937,0.0375
m,8.809064722,148.156,0.0388
m,8.813145473,145.423,0.0397
m,8.81698972,149.252,0.0402
m,8.820993169,144.443,0.0406
m,8.8296312,146.19,0.041
m,8.853276105,150.234,0.0425
m,8.862388698,152.078,0.0427
m,8.866711535,154.316,0.0428
m,8.866711749,153.429,0.0429
m,8.875126602,148.401,0.0432
m,8.562739366,151.008,0.0392
m,8.562739192,157.968,0.0391
m,8.571663424,147.538,0.0391
m,8.57604183,144.609,0.0392
m,8.605626065,146.062,0.0387
m,8.608902669,160.153,0.0383
m,8.612339911,146.456,0.0382
m,8.615853391,146.233,0.0381
m,8.619846467,152.98,0.0379
m,8.645371195,148.443,0.038
m,8.649442113,143.48,0.0379
m,8.653277395,144.865,0.0378
m,8.657112905,147.925,0.0377
m,8.661420422,142.266,0.0376
m,8.692856672,160.41,0.037
m,8.697561542,153.448,0.0369
m,8.706417141,145.319,0.0368
m,8.710886769,149.064,0.0367
m,8.743934065,153.23,0.0363
m,8.749042975,158.483,0.0363
m,8.753909837,151.387,0.0363
m,8.758464262,147.356,0.0363
m,8.76285948,148.53,0.0363
m,8.788422957,149.279,0.0377
m,8.792507078,152.571,0.0379
m,8.796591334,142.658,0.0381
m,8.800752549,148.283,0.0383
m,8.800752878,154.412,0.0385
m,8.834343331,149.821,0.0413
m,8.838978881,150.793,0.0417
m,8.843532577,151.898,0.0421
m,8.848245391,152.807,0.0424
m,8.879295479,149.201,0.0433
m,8.883782604,148.892,0.0435
m,8.888351574,143.749,0.0437
m,8.893156488,145.935,0.0438
m,8.902366723,153.435,0.044
m,8.906926531,154.789,0.0441
m,8.911332023,147.275,0.0442
m,8.911332484,158.445,0.0444
m,8.920598082,152.078,0.0444
m,8.949353164,149.118,0.0438
m,8.953047108,149.467,0.0438
m,8.956736843,150.592,0.0436
m,8.96082136,146.099,0.0432
m,8.992106842,142.324,0.0424
m,8.996511021,149.298,0.0423
m,9.000834159,147.587,0.0421
m,9.005157732,153.915,0.042
m,9.009798933,147.086,0.042
m,9.03590852,161.665,0.0418
m,9.04039249,142.22,0.0418
m,9.048729706,149.75,0.0417
m,9.05258316,155.547,0.0417
m,9.056439502,155.86,0.0417
m,9.081616535,147.214,0.0415
m,9.090196414,147.166,0.0415
m,9.094209874,150.445,0.0414
m,9.097516798,150.423,0.0414
s,9.101054859,149.036,0.0409
s,9.10121063,148.968,0.0407
s,9.101130222,152.577,0.0406
s,9.101207929,150.264,0.0404
s,9.101285278,150.167,0.04
s,9.101357562,149.239,0.0391
s,9.101513586,150.203,0.039
s,9.101591516,151.176,0.0389
s,9.101669281,150.583,0.0387
s,9.101588776,150.784,0.0385
s,9.102214903,149.978,0.038
s,9.10229302,147.882,0.038
s,9.102292862,149.175,0.0379
s,9.102292862,149.09,0.0379
m,8.924922139,155.603,0.0444
m,8.928927666,154.23,0.044
m,8.933092923,147.426,0.0439
m,8.941338785,154.604,0.0439
m,8.945345771,148.124,0.0438
m,8.965065502,143.927,0.0431
m,8.973945843,137.953,0.043
m,8.973945415,147.317,0.0428
m,8.982907815,150.677,0.0427
m,8.987466576,147.678,0.0425
m,9.018211065,151.406,0.0419
m,9.018210863,155.201,0.0418
m,9.027336199,146.38,0.0419
m,9.03166104,146.851,0.0418
m,9.060532283,153.449,0.0417
m,9.064780999,151.134,0.0417
m,9.068557221,153.13,0.0417
m,9.07272296,151.04,0.0415
m,9.077052704,152.249,0.0415
m,9.099561489,148.795,0.0413
m,9.100585047,149.728,0.0413
m,9.100899294,149.186,0.0412
s,9.101135474,148.62,0.0411
s,9.101054859,148.169,0.0409
s,9.101204711,149.524,0.0398
s,9.101360533,149.038,0.0396
s,9.101279986,150.332,0.0394
s,9.101357907,150.615,0.0393
s,9.101824994,152.672,0.0384
s,9.101902939,151.299,0.0383
s,9.10213916,148.64,0.0382
s,9.10229522,149.58,0.0381
s,9.10229522,150.07,0.0381
s,9.102529247,148.533,0.0379
s,9.102529247,148.899,0.0379
s,9.102609401,149.994,0.0379
s,9.102687515,148.872,0.0379
s,9.102845945,150.395,0.038
s,9.103004216,149.887,0.038
s,9.102926103,149.381,0.038
s,9.103084536,147.19,0.0381
s,9.103084536,149.067,0.0381
s,9.103401246,149.303,0.0382
s,9.104037261,148.383,0.0387
s,9.104195712,150.451,0.0388
s,9.104276072,149.239,0.0389
s,9.10419815,148.582,0.039
s,9.104356781,148.632,0.0392
s,9.104281869,148.486,0.0398
s,9.104281869,150.024,0.0398
s,9.104123755,150.312,0.0399
s,9.104123936,149.366,0.04
s,9.102937995,149.235,0.0401
s,9.102701616,148.329,0.0401
s,9.102621241,149.292,0.04
s,9.102462956,149.477,0.04
s,9.101988107,150.175,0.04
s,9.100721349,150.403,0.0397
s,9.100641012,149.913,0.0396
s,9.100246004,149.834,0.0394
s,9.100009445,149.896,0.0393
s,9.099851002,149.809,0.0392
s,9.09937705,149.336,0.0385
s,9.099376722,150.208,0.0383
s,9.099220334,151.322,0.0382
s,9.099220013,150.702,0.038
s,9.099220532,150.173,0.037
s,9.099298491,149.038,0.0369
s,9.099220237,150.539,0.0368
s,9.099298055,150.8,0.0366
s,9.099298055,151.029,0.0366
s,9.099930878,151.06,0.0364
s,9.100089301,150.29,0.0365
s,9.100089301,149.505,0.0365
s,9.100247581,150.526,0.0365
s,9.100406007,148.551,0.0366
s,9.103559684,150.557,0.0383
s,9.103559847,149.084,0.0384
s,9.103640185,150.268,0.0385
s,9.10379863,150.726,0.0386
s,9.104356954,148.05,0.0393
s,9.104437331,148.715,0.0394
s,9.104437506,148.81,0.0395
s,9.104281513,148.389,0.0396
s,9.104281691,148.094,0.0397
s,9.103887559,149.518,0.04
s,9.103807533,149.157,0.0401
s,9.103807533,149.267,0.0401
s,9.103490952,149.783,0.0401
s,9.103254573,148.589,0.0401
s,9.101751544,151.243,0.0399
s,9.101751364,149.887,0.0398
s,9.101196352,150.548,0.0398
s,9.101037897,150.916,0.0397
s,9.099614444,150.859,0.0391
s,9.099614104,149.625,0.0389
s,9.099455834,150.323,0.0389
s,9.099455498,151.669,0.0387
s,9.099377215,150.384,0.0386
s,9.099219854,149.339,0.0379
s,9.099141429,151.503,0.0377
s,9.099141274,150.166,0.0376
s,9.099062858,150.869,0.0374
s,9.099062706,149.752,0.0373
s,9.099456187,149.201,0.0365
s,9.099614463,150.214,0.0365
s,9.09969257,148.678,0.0365
s,9.099850847,150.517,0.0365
s,9.100406152,150.019,0.0367
s,9.100486337,148.768,0.0367
s,9.100644915,149.029,0.0369
s,9.100644915,148.775,0.0369
s,9.100647166,149.83,0.037
s,9.100569227,148.92,0.0371
s,9.100413206,147.069,0.0372
s,9.100493418,149.43,0.0372
s,9.100257042,148.958,0.0372
s,9.099947201,149.741,0.0374
s,9.099947201,150.087,0.0374
s,9.099947201,149.595,0.0374
s,9.099949378,148.922,0.0374
s,9.099949378,150.212,0.0374
s,9.099873358,149.499,0.0373
s,9.099951264,149.211,0.0372
s,9.099951264,148.984,0.0372
s,9.099873057,149.011,0.0371
s,9.099872908,149.126,0.037
s,9.099952728,147.552,0.0367
s,9.099874676,148.363,0.0367
s,9.099874531,148.501,0.0366
s,9.09971607,147.143,0.0365
s,9.099793982,148.598,0.0364
s,9.099715928,148.182,0.0364
s,9.099637876,148.001,0.0364
s,9.099637876,148.743,0.0364
s,9.099401367,149.177,0.0363
s,9.098850439,148.656,0.0362
s,9.098850439,148.971,0.0362
s,9.098613932,148.936,0.0361
s,9.098613932,148.431,0.0361
s,9.098377425,148.544,0.036
s,9.097587374,149.939,0.0355
s,9.097428923,150.384,0.0354
s,9.097270474,148.654,0.0353
s,9.096875658,149.43,0.0352
s,9.095924659,148.189,0.0343
s,9.095529858,147.562,0.0342
s,9.095529741,148.833,0.0341
s,9.095371315,148.805,0.034
s,9.095134828,149.04,0.0339
s,9.100257193,148.453,0.0373
s,9.100337412,147.415,0.0373
s,9.100101188,148.814,0.0374
s,9.100181414,149.49,0.0374
s,9.100103341,149.725,0.0374
s,9.099949378,149.1,0.0374
s,9.099871315,149.586,0.0374
s,9.099951567,147.445,0.0374
s,9.099873358,148.026,0.0373
s,9.099794852,148.709,0.037
s,9.099794852,148.573,0.037
s,9.099874968,148.901,0.0369
s,9.099874821,148.036,0.0368
s,9.099874821,148.609,0.0368
s,9.09971607,149.153,0.0365
s,9.09971607,149.513,0.0365
s,9.099793982,148.913,0.0364
s,9.099793982,148.898,0.0364
s,9.099793982,148.021,0.0364
s,9.099323317,148.305,0.0363
s,9.099323317,149.409,0.0363
s,9.099086948,148.929,0.0363
s,9.099086808,148.689,0.0362
s,9.098218968,149.38,0.0359
s,9.097982463,150.709,0.0358
s,9.097982329,149.996,0.0357
s,9.097824009,149.745,0.0357
s,9.097823743,150.046,0.0355
s,9.09687553,149.943,0.0351
s,9.096558769,148.048,0.035
s,9.09648059,150.441,0.0349
s,9.09616371,149.615,0.0347
s,9.096241523,149.228,0.0345
s,9.095134714,150.07,0.0338
s,9.094976405,147.829,0.0338
s,9.094817984,148.939,0.0337
m,9.094659677,148.936,0.0337
m,9.094659677,147.822,0.0337
m,9.094659565,149.806,0.0336
m,9.094501258,152.425,0.0336
m,9.094579439,145.96,0.0337
m,9.095444819,145.474,0.0338
m,9.118812543,159.09,0.0341
m,9.123066395,144.084,0.0343
m,9.127475243,147.443,0.0346
m,9.1359784,140.769,0.0347
m,9.165762744,138.658,0.0371
m,9.170103314,140.191,0.0376
m,9.174446507,159.859,0.0388
m,9.1827448,148.615,0.0393
m,9.182745859,153.594,0.0399
m,9.200284575,149.788,0.0418
m,9.2017279,157.139,0.0425
m,9.203249556,157.591,0.0428
m,9.204533547,162.698,0.0432
m,9.205581922,154.081,0.0435
m,9.215026379,158.002,0.0454
m,9.21720017,149.424,0.0457
m,9.21813517,147.72,0.046
m,9.218135664,155.24,0.0462
m,9.225109333,153.899,0.0466
m,9.226054128,151.732,0.0466
m,9.227077283,146.476,0.0464
m,9.227942895,145.357,0.0461
m,9.229674569,148.776,0.0459
m,9.233100048,150.232,0.0434
m,9.234546551,158.754,0.043
m,9.235196186,150.13,0.0425
m,9.235195161,151.213,0.042
m,9.236577593,151.427,0.0415
m,9.242024182,149.211,0.0381
m,9.242770661,156.455,0.0377
m,9.242769895,154.922,0.0372
m,9.244354613,145.463,0.0368
m,9.097249269,141.898,0.0338
m,9.099843288,160.672,0.0338
m,9.107083428,151.738,0.0339
m,9.110861954,151.547,0.0339
m,9.11479725,151.541,0.0341
m,9.1444064,140.251,0.0354
m,9.14842332,143.203,0.0357
m,9.152520026,140.982,0.0359
m,9.156853434,141.549,0.0362
m,9.161346659,143.35,0.0367
m,9.18994927,153.582,0.0404
m,9.193199851,147.051,0.0408
m,9.196295135,147.49,0.0411
m,9.198682809,155.702,0.0415
m,9.208088011,151.951,0.0439
m,9.209783387,151.586,0.0441
m,9.211089559,159.963,0.0444
m,9.212633866,156.897,0.0445
m,9.213867937,148.943,0.0451
m,9.220008835,154.462,0.0464
m,9.221106207,155.441,0.0465
m,9.222283237,148.726,0.0466
m,9.223144192,152.781,0.0466
m,9.224166808,149.494,0.0466
m,9.230386855,150.6,0.0457
m,9.231100629,151.212,0.0453
m,9.231816384,154.011,0.0449
m,9.232457484,155.782,0.0443
m,9.237317753,149.252,0.041
m,9.238060237,149.177,0.0405
m,9.238805042,152.678,0.04
m,9.239627034,154.494,0.0391
m,9.240451933,153.766,0.0386
m,9.245267572,143.927,0.0364
m,9.245861586,150.839,0.036
m,9.246618027,140.606,0.0356
m,9.247376438,149.505,0.0352
m,9.248061322,156.141,0.0343
m,9.249289547,148.695,0.0339
m,9.250078884,155.284,0.0335
m,9.250078451,149.228,0.0331
m,9.251653804,150.097,0.0327
m,9.252537384,148.568,0.0323
m,9.258156517,151.39,0.0294
m,9.258972205,145.558,0.0288
m,9.258971919,151.365,0.0283
m,9.260436698,148.221,0.0277
m,9.261246431,145.868,0.0272
m,9.267684366,146.466,0.0248
m,9.268585716,148.091,0.0245
m,9.269562445,143.283,0.0242
m,9.270614359,143.8,0.0238
m,9.277694862,156.412,0.0225
m,9.277694881,154.015,0.0223
m,9.279615909,146.594,0.0222
m,9.280615793,156.245,0.0222
m,9.281635116,151.572,0.022
m,9.287491979,152.741,0.0215
m,9.287491998,150.315,0.0214
m,9.28949258,152.815,0.0213
m,9.290532444,147.982,0.0212
m,9.291483693,154.562,0.0212
m,9.299457359,148.965,0.0229
m,9.302350016,153.985,0.0233
m,9.303881238,159.809,0.0236
m,9.305393902,157.474,0.024
m,9.316170178,162.327,0.0298
m,9.317792457,158.092,0.0305
m,9.320715691,156.184,0.0312
m,9.322203377,148.361,0.0319
m,9.32220416,162.364,0.0327
m,9.331838857,155.932,0.0362
m,9.332898615,150.517,0.0367
m,9.333890303,152.343,0.0373
m,9.334977681,143.318,0.0377
m,9.334978635,149.273,0.0383
m,9.253572605,159.233,0.0318
m,9.254523882,156.886,0.0314
m,9.255489572,156.503,0.0304
m,9.257343441,150.409,0.0299
m,9.261970806,145.181,0.0268
m,9.263005968,151.59,0.026
m,9.264890756,150.262,0.0258
m,9.265800015,143.432,0.0255
m,9.266623529,154.002,0.0252
m,9.271595087,149.065,0.0233
m,9.272593694,154.165,0.0231
m,9.274670897,148.044,0.0229
m,9.275765748,146.682,0.0227
m,9.275765754,146.26,0.0226
m,9.282801564,147.55,0.0219
m,9.283735378,154.837,0.0218
m,9.284671329,147.845,0.0217
m,9.28654964,158.185,0.0215
m,9.293193203,149.383,0.0211
m,9.29499533,150.683,0.0214
m,9.296788368,147.613,0.0216
m,9.298004435,153.821,0.022
m,9.299457389,143.286,0.0224
m,9.306766406,148.026,0.0252
m,9.30941843,152.779,0.0258
m,9.310819474,151.918,0.0265
m,9.312386444,144.188,0.0271
m,9.316169772,157.801,0.0292
m,9.325256358,152.315,0.0333
m,9.326657751,153.578,0.034
m,9.328061347,155.725,0.0347
m,9.329467678,146.078,0.0358
m,9.337134293,149.662,0.0388
m,9.337944287,145.41,0.0393
m,9.338894831,148.066,0.0397
m,9.339751997,152.306,0.0401
m,9.340515562,161.141,0.0405
m,9.341538339,157.459,0.0405
m,9.341494467,154.128,0.0407
m,9.341520121,154.41,0.0409
m,9.341077493,154.561,0.0407
m,9.339307963,155.834,0.0403
m,9.339004741,156.039,0.0403
m,9.338770982,152.736,0.0403
m,9.338770982,154.012,0.0403
m,9.33853704,155.057,0.0402
m,9.337437166,153.937,0.0399
m,9.337367707,156.63,0.0399
m,9.337203229,155.268,0.0398
m,9.337133594,152.49,0.0397
m,9.337133594,156.314,0.0397
m,9.336639482,154.412,0.039
m,9.336639313,152.47,0.0389
m,9.336638978,151.307,0.0387
m,9.336638812,152.221,0.0386
m,9.337225424,153.635,0.0379
m,9.337225267,153.508,0.0378
m,9.337458867,153.355,0.0377
m,9.337458867,154.236,0.0377
m,9.337623015,152.369,0.0376
m,9.337717713,151.854,0.0375
m,9.337483805,154.739,0.0374
m,9.337483805,154.445,0.0374
m,9.337483805,157.765,0.0374
m,9.337483653,154.273,0.0373
m,9.337015843,153.803,0.0371
m,9.337015694,154.649,0.037
m,9.337015694,160.152,0.037
m,9.3369461,147.249,0.0369
m,9.342022708,156.637,0.0357
m,9.343147054,145.463,0.0356
m,9.344437156,154.688,0.0355
m,9.346389741,142.519,0.0354
m,9.347285706,151.03,0.0353
m,9.340704561,155.953,0.0406
m,9.340401123,153.9,0.0405
m,9.339889258,155.492,0.0404
m,9.339611375,155.385,0.0404
m,9.339541908,154.73,0.0404
m,9.3383031,154.991,0.0401
m,9.338069161,154.256,0.04
m,9.337601645,155.174,0.04
m,9.337601645,155.978,0.04
m,9.336969117,153.336,0.0396
m,9.336968941,153.336,0.0395
m,9.33673501,154.049,0.0394
m,9.336639996,154.586,0.0393
m,9.336639823,153.493,0.0392
m,9.336569024,150.78,0.0384
m,9.336568861,153.258,0.0383
m,9.336802457,151.784,0.0382
m,9.336897139,151.553,0.0381
m,9.336897139,151.286,0.0381
m,9.33762286,153.917,0.0375
m,9.337553409,154.341,0.0375
m,9.337717713,152.786,0.0375
m,9.337717713,153.548,0.0375
m,9.337414054,157.591,0.0372
m,9.337414054,157.848,0.0372
m,9.337249747,156.585,0.0372
m,9.337249597,153.86,0.0371
m,9.33718015,155.52,0.0371
m,9.337602899,153.532,0.0366
m,9.338026113,154.421,0.0364
m,9.338785025,148.463,0.0362
m,9.339664822,154.15,0.036
m,9.340830308,151.522,0.0358
m,9.348363348,151.275,0.0352
m,9.349606296,153.245,0.035
m,9.350850489,156.847,0.0351
m,9.352259962,147.178,0.035
m,9.353972468,148.461,0.0347
m,9.357771541,146.614,0.0346
m,9.357771418,142.77,0.0345
m,9.361477123,145.492,0.0343
m,9.363426997,159.038,0.0341
m,9.384340868,154.172,0.0331
m,9.384340656,145.824,0.0329
m,9.390422449,147.805,0.0327
m,9.393334488,151.194,0.0325
m,9.412482561,150.991,0.0317
m,9.415044664,149.554,0.0316
m,9.417442401,145.564,0.0315
m,9.422338819,147.001,0.0314
m,9.424672052,147.015,0.0313
m,9.435893878,149.65,0.0308
m,9.438134977,151.438,0.0307
m,9.440309676,152.73,0.0305
m,9.442154046,147.146,0.0304
m,9.445612709,162.789,0.0303
m,9.449052292,149.929,0.0295
m,9.448113242,144.552,0.0294
m,9.44514225,149.995,0.0292
m,9.443276495,155.999,0.0291
m,9.432086682,152.785,0.0289
m,9.430567783,151.84,0.0291
m,9.42852004,156.248,0.029
m,9.425594859,153.257,0.029
m,9.425594796,152.912,0.0289
m,9.414159476,154.891,0.0281
m,9.412591684,150.706,0.028
m,9.408699393,145.388,0.0279
m,9.406012339,145.911,0.028
m,9.406012558,149.022,0.0284
m,9.385665667,154.701,0.0295
m,9.383489601,160.177,0.0296
m,9.381379993,150.125,0.0296
m,9.379336601,160.958,0.0294
m,9.365900025,144.733,0.0341
m,9.368868605,151.001,0.0339
m,9.372099622,149.918,0.0335
m,9.375195675,151.068,0.0334
m,9.381268148,156.23,0.0332
m,9.396150752,153.97,0.0322
m,9.399065681,151.311,0.0321
m,9.404442574,147.854,0.032
m,9.407098772,149.66,0.0319
m,9.409921509,151.615,0.0318
m,9.424671964,149.14,0.0312
m,9.429243673,159.556,0.0311
m,9.431414492,152.777,0.031
m,9.433653717,145.631,0.0309
m,9.445612709,149.746,0.0303
m,9.448341209,148.502,0.0302
m,9.449322777,151.384,0.0301
m,9.449840274,148.258,0.03
m,9.449660964,149.26,0.0298
m,9.443276495,151.535,0.0291
m,9.43954942,145.842,0.029
m,9.437721851,145.842,0.0289
m,9.435597117,156.548,0.0288
m,9.433674239,158.029,0.0286
m,9.421544475,151.406,0.0286
m,9.419439072,149.558,0.0285
m,9.417633687,155.702,0.0284
m,9.415895816,155.711,0.0284
m,9.401174949,153.275,0.0285
m,9.398959188,150.628,0.0288
m,9.396578554,145.347,0.0289
m,9.39363401,147.388,0.0291
m,9.388047991,147.815,0.0294
m,9.377230322,152.056,0.0294
m,9.375692451,158.032,0.0297
m,9.374221164,159.382,0.0304
m,9.372983167,155.196,0.0308
m,9.369983791,146.365,0.0311
m,9.368622283,157.957,0.0315
m,9.36703093,155.253,0.0319
m,9.365441505,151.339,0.0323
m,9.363622651,151.111,0.033
m,9.3600539,148.985,0.0335
m,9.351557588,155.593,0.0359
m,9.349650345,149.268,0.0368
m,9.347976254,152.331,0.0376
m,9.343769985,158.623,0.0384
m,9.341974573,158.485,0.0392
m,9.331305811,156.433,0.0419
m,9.331306828,155.275,0.0424
m,9.32764047,153.885,0.0427
m,9.32569532,154.406,0.0432
m,9.311572271,158.777,0.0464
m,9.31157353,156.115,0.0469
m,9.307884875,155.857,0.0474
m,9.305879308,158.962,0.0476
m,9.303876817,156.642,0.048
m,9.292130996,158.986,0.05
m,9.292132158,161.658,0.0504
m,9.288193464,159.302,0.0507
m,9.28622767,160.353,0.051
m,9.284263956,158.752,0.0513
m,9.273644889,158.119,0.0536
m,9.27032929,158.712,0.054
m,9.268504903,157.305,0.0542
m,9.266343742,160.383,0.0545
m,9.254107492,161.208,0.0557
m,9.252068613,158.857,0.0557
m,9.250262302,157.478,0.0559
m,9.248688133,162.128,0.0562
m,9.24705532,158.098,0.0564
m,9.238007988,161.465,0.0581
m,9.236218778,154.312,0.0585
m,9.234492196,153.407,0.0592
m,9.233046134,156.047,0.0594
m,9.231433089,154.244,0.0599
m,9.358408558,151.386,0.0341
m,9.356661251,155.018,0.0346
m,9.356661877,159.48,0.0351
m,9.353235963,159.088,0.0356
m,9.340307421,154.29,0.0398
m,9.338578631,161.732,0.0403
m,9.337313923,156.442,0.0406
m,9.335883596,157.738,0.0413
m,9.332962934,157.23,0.0416
m,9.323689428,159.574,0.0437
m,9.321811082,153.934,0.0443
m,9.32004047,159.637,0.0449
m,9.318146892,159.943,0.0455
m,9.313627965,153.255,0.0459
m,9.301769772,159.572,0.0483
m,9.300003841,160.806,0.049
m,9.298070435,152.095,0.0493
m,9.294103025,161.212,0.0497
m,9.282471493,159.237,0.0516
m,9.280404007,158.756,0.0519
m,9.278570077,158.986,0.0526
m,9.276845216,160.181,0.053
m,9.273643912,159.738,0.0533
m,9.264876581,160.534,0.0553
m,9.263457197,155.694,0.0555
m,9.25982281,156.129,0.0554
m,9.258070036,154.982,0.0557
m,9.256378671,160.236,0.0558
m,9.244155204,156.948,0.0568
m,9.242817863,159.038,0.0571
m,9.241252831,156.605,0.0575
m,9.239629447,151.339,0.0578
m,9.228395927,151.439,0.0602
m,9.226973458,158.306,0.0606
m,9.225788853,156.9,0.0609
m,9.224782779,155.354,0.0612
m,9.223896962,159.343,0.0618
m,9.222839649,157.612,0.062
m,9.220652023,157.026,0.0621
m,9.219064303,155.22,0.0622
m,9.217418301,154.066,0.0622
m,9.204988592,152.794,0.0636
m,9.203403168,162.602,0.0638
m,9.201648558,157.837,0.0639
m,9.199837856,157.564,0.0641
m,9.198201248,156.168,0.0646
m,9.187734264,158.399,0.066
m,9.18611072,158.032,0.0662
m,9.184089394,159.287,0.0664
m,9.18230037,159.626,0.0669
m,9.180741684,158.728,0.0673
m,9.168966996,156.744,0.0693
m,9.167137931,153.61,0.0695
m,9.163657704,158.962,0.0699
m,9.161949571,157.273,0.0702
m,9.150105315,159.87,0.072
m,9.150106379,159.542,0.0722
m,9.146778104,155.698,0.0725
m,9.145089385,157.431,0.0728
m,9.143574399,154.063,0.0731
m,9.133516461,159.455,0.0749
m,9.131959981,156.519,0.0751
m,9.130234096,158.565,0.0754
m,9.128455212,152.807,0.0758
m,9.124728959,160.605,0.0761
m,9.115418187,153.514,0.0776
m,9.111317043,151.089,0.078
m,9.109781378,157.974,0.0782
m,9.10836634,160.24,0.0786
m,9.098342002,158.918,0.079
m,9.097679285,156.946,0.0789
m,9.097461839,160.832,0.0789
m,9.097633969,161.371,0.0788
m,9.097687721,159.932,0.0787
m,9.215833332,161.813,0.0624
m,9.214361068,155.529,0.0626
m,9.212431006,157.183,0.0627
m,9.210498219,156.261,0.0632
m,9.206805199,150.246,0.0634
m,9.196736617,154.944,0.0649
m,9.193186247,155.131,0.065
m,9.193187611,157.92,0.0653
m,9.189530806,155.14,0.0658
m,9.177800968,162.077,0.0677
m,9.176361656,162.084,0.0681
m,9.174466716,156.242,0.0684
m,9.17257407,160.183,0.0687
m,9.170854515,156.807,0.0689
m,9.160357945,154.946,0.0705
m,9.158540071,157.304,0.0708
m,9.156954251,159.243,0.0714
m,9.155196858,157.626,0.0716
m,9.153498125,160.844,0.0718
m,9.141951227,151.787,0.0738
m,9.140272016,161.42,0.0741
m,9.136918533,156.094,0.0743
m,9.135246486,161.088,0.0746
m,9.124729536,158.437,0.0762
m,9.121522486,154.95,0.0765
m,9.12003666,151.947,0.0768
m,9.118552241,149.727,0.077
m,9.116897467,149.719,0.0772
m,9.105247134,155.957,0.0787
m,9.10377298,161.015,0.0789
m,9.101055329,155.246,0.0791
m,9.100029558,160.861,0.0791
m,9.099049178,158.724,0.079
m,9.097914817,158.397,0.0787
m,9.098086949,160.335,0.0786
m,9.098368407,158.902,0.0786
m,9.09842156,158.56,0.0784
m,9.098648057,161.117,0.0783
m,9.098648057,159.895,0.0783
m,9.098529088,160.231,0.0782
m,9.098755589,159.378,0.0781
m,9.098636628,157.752,0.078
m,9.097624385,156.776,0.0772
m,9.097342346,158.249,0.0771
m,9.097169017,157.736,0.077
m,9.096995103,155.343,0.0768
m,9.095900817,157.778,0.0762
m,9.09589966,158.734,0.076
m,9.095954021,157.624,0.076
m,9.096180543,157.301,0.0759
m,9.096179968,156.332,0.0758
m,9.096512369,155.781,0.0752
m,9.096793273,154.891,0.0751
m,9.096847079,157.524,0.075
m,9.097073054,157.782,0.0748
m,9.097072491,157.134,0.0747
m,9.098084657,156.876,0.0738
m,9.098083554,155.068,0.0736
m,9.098310115,157.136,0.0735
m,9.098309019,160.297,0.0733
m,9.096618718,156.156,0.0723
m,9.095694557,160.45,0.0721
m,9.094607769,158.614,0.0718
m,9.093468188,159.947,0.0716
m,9.092048429,160.334,0.0714
m,9.081443839,157.106,0.069
m,9.079815808,154.253,0.0684
m,9.078188368,152.156,0.0676
m,9.076562998,156.862,0.0669
m,9.074884224,151.916,0.0659
m,9.063665596,153.372,0.0571
m,9.061810872,151.461,0.0556
m,9.059952355,153.216,0.0525
m,9.057927153,154.878,0.0509
m,9.09863603,161.038,0.0779
m,9.098634836,161.452,0.0777
m,9.098244033,159.941,0.0776
m,9.098079761,157.599,0.0774
m,9.097852072,157.222,0.0773
m,9.096767423,158.503,0.0767
m,9.096421359,154.853,0.0766
m,9.096248037,156,0.0765
m,9.096074716,156.472,0.0764
m,9.095901397,156.219,0.0763
m,9.096233757,156.858,0.0757
m,9.096287549,156.469,0.0756
m,9.096459712,156.792,0.0755
m,9.096513507,156.711,0.0754
m,9.097299033,157.093,0.0746
m,9.097525019,156.745,0.0744
m,9.09752446,157.001,0.0743
m,9.097749897,156.263,0.074
m,9.098030829,157.559,0.0739
m,9.098308472,156.384,0.0732
m,9.098362311,160.237,0.0731
m,9.098533406,155.995,0.0728
m,9.09847848,161.456,0.0727
m,9.097543504,150.07,0.0725
m,9.090348192,157.016,0.0711
m,9.08848503,160.743,0.0704
m,9.086452109,160.029,0.07
m,9.083019059,156.553,0.0695
m,9.073310181,152.379,0.064
m,9.071793983,157.936,0.0627
m,9.070172036,153.722,0.0613
m,9.066979232,157.355,0.06
m,9.065347744,151.074,0.0584
m,9.054458099,153.767,0.0491
m,9.052715977,152.102,0.0474
m,9.052711661,152.33,0.0457
m,9.049009019,156.83,0.0438
m,9.047270565,160.355,0.0419
m,9.045359835,153.56,0.0399
m,9.043450524,157.613,0.0379
m,9.041660958,161.354,0.0338
m,9.03767841,155.568,0.0317
m,9.03547985,158.195,0.0293
s,9.03007806,153.297,0.0243
s,9.030130467,153.122,0.0245
s,9.030182849,154.319,0.0244
s,9.030235227,152.527,0.0242
s,9.030444816,153.252,0.0241
s,9.031211417,153.477,0.023
s,9.031316284,155.349,0.0227
s,9.031421145,152.614,0.0226
s,9.031526016,153.831,0.0225
s,9.032538826,153.25,0.0226
s,9.032817388,155.448,0.0226
s,9.032869858,153.93,0.0226
s,9.033043485,152.855,0.0226
s,9.033043485,153.834,0.0226
s,9.033253397,153.071,0.0225
s,9.033358348,153.455,0.0226
s,9.033358348,155.025,0.0226
s,9.03335836,153.035,0.0225
s,9.033358348,153.345,0.0226
s,9.03351581,154.748,0.0226
s,9.033846904,156.313,0.0226
s,9.0339519,154.499,0.0226
s,9.033951911,155.224,0.0225
s,9.034981812,154.493,0.0224
s,9.035207953,154.932,0.0223
s,9.035260482,154.159,0.0223
s,9.035260482,152.971,0.0223
s,9.035591677,155.237,0.0223
s,9.0361331,153.588,0.0221
s,9.036217511,153.939,0.0225
s,9.036302015,155.528,0.0229
s,9.036612733,153.862,0.0233
s,9.036697418,153.063,0.0236
m,9.031784822,157.227,0.0246
m,9.030808726,152.587,0.0252
m,9.030147052,153.424,0.0251
m,9.029851982,152.032,0.0237
s,9.030444805,153.604,0.0238
s,9.030775677,153.599,0.0236
s,9.030828089,152.572,0.0234
s,9.031106569,153.122,0.0233
s,9.031158994,152.958,0.0231
s,9.031525994,152.064,0.0227
s,9.032171607,154.493,0.0227
s,9.032328959,154.637,0.0228
s,9.032381427,153.691,0.0227
s,9.032486351,153.789,0.0227
s,9.033148442,154.255,0.0225
s,9.033148442,153.258,0.0225
s,9.033200919,153.871,0.0225
s,9.033253397,153.372,0.0225
s,9.033237214,153.367,0.0226
s,9.033289702,154.08,0.0226
s,9.033289702,152.689,0.0226
s,9.03346332,153.906,0.0226
s,9.03351581,154.707,0.0226
s,9.034283032,154.902,0.0225
s,9.034388048,153.542,0.0225
s,9.034493073,153.432,0.0225
s,9.034719206,153.354,0.0224
s,9.034771722,154.468,0.0224
s,9.035644214,154.064,0.0223
s,9.035696768,154.61,0.0222
s,9.035749309,155.18,0.0222
s,9.035906962,154.988,0.0221
s,9.036834678,154.768,0.0239
s,9.036972036,153.472,0.0246
s,9.037109436,153.895,0.0249
s,9.037263175,153.877,0.0252
s,9.037417145,154.132,0.0258
s,9.037623693,154.2,0.0263
s,9.03764021,153.368,0.0266
s,9.037709129,152.989,0.0268
s,9.037742281,153.586,0.0273
s,9.037824579,154.356,0.0303
s,9.037841622,154.035,0.0307
s,9.037858792,155.176,0.0312
s,9.037702224,155.196,0.0316
s,9.03771978,152.281,0.0324
s,9.037163419,153.996,0.0341
s,9.037059373,155.117,0.0345
s,9.03705974,154.447,0.0348
s,9.036798855,155.09,0.0351
s,9.036642643,153.93,0.0355
s,9.035393426,154.825,0.0377
s,9.035341687,153.474,0.038
s,9.035289962,153.887,0.0383
s,9.035012129,154.999,0.0385
s,9.033955254,155.945,0.0405
s,9.03395563,152.219,0.0407
s,9.033903819,152.487,0.0409
s,9.033904399,156.251,0.0412
s,9.033852601,154.367,0.0414
s,9.033924219,154.002,0.0425
s,9.03392528,154.746,0.043
s,9.033873529,153.705,0.0432
s,9.034047724,155.177,0.0434
s,9.034048387,154.606,0.0437
s,9.034833806,154.111,0.0453
s,9.034782126,155.615,0.0455
s,9.034956627,154.473,0.0458
s,9.035078731,152.693,0.046
s,9.036144141,154.237,0.0481
s,9.036318735,155.161,0.0484
s,9.036493341,153.889,0.0487
s,9.036615817,154.595,0.049
s,9.036738308,152.921,0.0493
s,9.037654267,154.365,0.0278
s,9.037775919,154.76,0.0285
s,9.037740415,154.906,0.029
s,9.0378429,154.209,0.0294
s,9.037859912,154.394,0.0299
s,9.037632349,154,0.0327
s,9.037632761,153.122,0.0331
s,9.037371699,154.797,0.0334
s,9.037319872,155.342,0.0338
s,9.036365244,152.663,0.0361
s,9.036261337,154.361,0.0365
s,9.03615731,155.368,0.0368
s,9.035722898,152.908,0.0371
s,9.035671135,154.794,0.0374
s,9.034734474,152.812,0.0388
s,9.034561581,154.046,0.0393
s,9.03445753,154.219,0.0395
s,9.034232115,154.762,0.0398
s,9.034006527,154.843,0.04
s,9.033852997,153.472,0.0416
s,9.03380121,154.591,0.0418
s,9.033749634,155.122,0.0421
s,9.033750046,154.989,0.0423
s,9.034048834,154.026,0.0439
s,9.034344627,152.45,0.0441
s,9.034292908,156.368,0.0443
s,9.034414958,154.046,0.0445
s,9.034537724,154.439,0.045
s,9.035253249,154.607,0.0463
s,9.035375625,158.022,0.0466
s,9.035550165,157.308,0.0469
s,9.035673356,153.823,0.0475
s,9.035847928,153.62,0.0478
s,9.036913814,154.478,0.0499
s,9.037088473,156.541,0.0502
s,9.037262844,155.578,0.0504
s,9.03743752,154.965,0.0507
s,9.037385993,155.039,0.0509
s,9.037560382,153.535,0.0511
s,9.037561918,154.71,0.0516
s,9.037736636,152.446,0.0519
s,9.037737265,154.877,0.0521
s,9.038072625,154.146,0.0537
s,9.038248086,154.578,0.0542
s,9.038249107,152.306,0.0545
s,9.03830227,153.425,0.0548
s,9.039263735,155.203,0.0564
s,9.039264464,154.538,0.0566
s,9.039491114,154.471,0.0568
s,9.039596139,153.364,0.057
s,9.039771028,155.789,0.0573
s,9.040732192,156.495,0.0587
m,9.041133844,154.501,0.0592
m,9.041135031,153.943,0.0595
m,9.041535522,155.979,0.0597
m,9.041432424,156.667,0.06
m,9.037208823,149.287,0.0617
m,9.034738549,159.739,0.062
m,9.033341629,151.231,0.0623
m,9.032049719,144.376,0.0626
m,9.022036507,158.458,0.0653
m,9.018448282,150.587,0.0658
m,9.016995602,153.647,0.0663
m,9.015268238,149.98,0.0669
m,9.013644606,149.921,0.0675
m,9.009262476,153.448,0.071
m,9.008546353,149.886,0.0718
m,9.008244871,149.917,0.0725
m,9.008022381,152.107,0.073
m,9.007997702,151.267,0.0738
m,9.006232724,150.783,0.0764
m,9.006133401,150.561,0.0768
m,9.00585974,149.595,0.0772
m,9.005788238,150.355,0.0774
s,9.037738216,155.118,0.0524
s,9.037912639,155.236,0.0526
s,9.037965734,155.501,0.0529
s,9.037966712,153.12,0.0532
s,9.038019499,155.294,0.0534
s,9.038528877,154.187,0.055
s,9.038529574,154.992,0.0552
s,9.038757251,152.752,0.0557
s,9.038757964,154.512,0.0559
s,9.039037095,153.961,0.0562
s,9.039997696,153.674,0.0575
s,9.040051353,155.864,0.0579
s,9.040451809,155.508,0.0581
s,9.040505109,154.501,0.0584
m,9.041328941,150.805,0.0602
m,9.040948644,151.142,0.0607
m,9.040463991,154.519,0.0611
m,9.039562725,155.355,0.0613
m,9.037207982,160.563,0.0615
m,9.030585194,146.046,0.0629
m,9.028999136,148.554,0.0631
m,9.027139337,151.785,0.0638
m,9.025228543,154.727,0.0643
m,9.02203421,150.988,0.0648
m,9.012174453,144.63,0.0679
m,9.010913838,144.927,0.0692
m,9.009467484,146.934,0.0697
m,9.009259341,151.973,0.0704
m,9.00782784,150.712,0.0746
m,9.007604331,150.905,0.0749
m,9.006901951,150.809,0.0753
m,9.006628212,151.92,0.0757
m,9.006629952,149.207,0.076
m,9.005458993,150.017,0.077
m,9.005203679,149.698,0.0768
m,9.00507199,151.274,0.0766
m,9.004898204,149.039,0.0767
m,9.004897616,150.141,0.0766
m,9.004774049,151.22,0.0766
m,9.004824861,149.806,0.0766
m,9.004824274,151.493,0.0765
m,9.004824274,150.67,0.0765
m,9.004823687,151.675,0.0764
m,9.004851418,162.638,0.0762
m,9.004625644,149.993,0.0761
m,9.003943162,147.016,0.0761
m,9.00394258,151.404,0.076
m,9.001997825,154.462,0.076
m,8.989177016,148.392,0.0756
m,8.9848872,151.76,0.0755
m,8.982857097,149.828,0.0756
m,8.978697614,149.916,0.0755
m,8.964998113,144.705,0.0755
m,8.962254469,147.548,0.0758
m,8.959385918,140.036,0.0759
m,8.956692707,144.781,0.0759
m,8.951658866,153.08,0.0758
m,8.937618253,147.18,0.0761
m,8.935607368,150.528,0.0762
m,8.929536896,149.46,0.0763
m,8.926576934,146.401,0.0764
m,8.923743985,145.665,0.0766
m,8.903785878,149.61,0.0766
m,8.900335656,145.632,0.0768
m,8.893015912,148.481,0.0768
m,8.889343597,149.889,0.0769
m,8.863836606,154.843,0.0777
m,8.860442569,150.709,0.0777
m,8.856826657,156.111,0.0779
m,8.85330754,145.374,0.078
m,8.849644769,155.997,0.0782
m,8.825701574,156.804,0.0786
m,8.821868956,150.496,0.0788
m,8.818131796,154.705,0.0788
m,8.81447571,151.325,0.0789
m,8.810421336,149.665,0.079
m,9.00470013,150.968,0.0764
m,9.004750361,150.159,0.0763
m,9.004801181,149.033,0.0763
m,9.004800597,150.468,0.0762
m,9.000612285,145.568,0.076
m,8.999052274,144.986,0.0759
m,8.997340872,147.239,0.0758
m,8.995354557,149.186,0.0757
m,8.991335202,139.377,0.0757
m,8.976669345,148.774,0.0754
m,8.976670499,148.564,0.0756
m,8.972792136,141.499,0.0755
m,8.970143155,156.793,0.0755
m,8.967569993,150.146,0.0755
m,8.951658866,145.726,0.0758
m,8.946729475,148.721,0.0758
m,8.943593622,143.431,0.0759
m,8.94045482,146.661,0.0759
m,8.923745172,152.137,0.0768
m,8.917258847,148.794,0.0768
m,8.913858549,148.108,0.0767
m,8.910809401,149.813,0.0765
m,8.907384989,155.686,0.0766
m,8.889344195,143.788,0.077
m,8.881680761,156.149,0.0772
m,8.877913817,152.487,0.0773
m,8.874468323,148.353,0.0773
m,8.870674704,146.848,0.0776
m,8.845902618,155.42,0.0782
m,8.842161721,148.391,0.0783
m,8.838053908,149.89,0.0785
m,8.833770894,146.203,0.0786
m,8.806320637,145.534,0.0792
m,8.802092991,143.266,0.0794
m,8.793908116,153.185,0.0793
m,8.793908116,150.085,0.0793
m,8.78626883,148.673,0.0793
m,8.782855867,138.07,0.0792
m,8.779124355,137.821,0.079
m,8.775041926,143.315,0.0788
m,8.766997147,150.084,0.079
m,8.743917479,140.491,0.0777
m,8.737590493,145.166,0.0763
m,8.737579906,146.059,0.0745
m,8.731351968,143.867,0.0736
m,8.727943049,153.376,0.0728
m,8.706968331,145.119,0.0693
m,8.703786622,154.352,0.0686
m,8.703783068,148.439,0.0679
m,8.696346588,145.335,0.0672
m,8.692089259,139.39,0.0666
m,8.656567293,144.334,0.0606
m,8.65236334,142.143,0.0596
m,8.647938657,143.243,0.0588
m,8.643339425,147.562,0.0582
m,8.616812893,151.873,0.0539
m,8.608343409,152.344,0.0532
m,8.604419175,144.83,0.0525
m,8.600051655,147.089,0.0519
m,8.595730667,150.262,0.0513
m,8.565191596,156.301,0.0463
m,8.560523906,148.98,0.0457
m,8.555941951,155.377,0.0446
m,8.551538674,152.486,0.0439
m,8.542518747,151.501,0.0433
m,8.517822822,150.559,0.0392
m,8.514181713,149.316,0.0381
m,8.510542295,151.323,0.0376
m,8.503132233,159.751,0.0372
m,8.474276631,160.676,0.0353
m,8.470202052,154.991,0.0352
m,8.470201799,154.393,0.035
m,8.46209954,152.582,0.0351
m,8.458071317,148.899,0.0348
m,8.762952323,143.758,0.0791
m,8.759049722,139.562,0.0791
m,8.755099203,150.025,0.0789
m,8.751102771,143.354,0.0788
m,8.747598072,147.698,0.0783
m,8.724710128,144.746,0.0719
m,8.720858571,147.952,0.0715
m,8.717272637,143.972,0.0702
m,8.713774826,139.694,0.0699
m,8.68743401,143.637,0.066
m,8.682825383,142.133,0.0652
m,8.678345073,147.522,0.0639
m,8.669804301,148.122,0.0631
m,8.665375243,141.589,0.0622
m,8.638648922,147.083,0.0576
m,8.63418159,144.047,0.0569
m,8.629761344,146.326,0.0562
m,8.625517774,148.662,0.0553
m,8.621275973,151.651,0.0546
m,8.591362158,154.906,0.0498
m,8.582680348,159.445,0.0491
m,8.578407886,152.155,0.0484
m,8.569683659,151.259,0.047
m,8.537941944,156.04,0.0428
m,8.533410281,150.948,0.0419
m,8.529500283,154.158,0.0412
m,8.52550436,149.819,0.0406
m,8.521685693,152.053,0.0399
m,8.499228805,153.221,0.0368
m,8.49532631,155.982,0.0365
m,8.491247503,152.259,0.0361
m,8.487037153,150.593,0.0358
m,8.482870963,150.15,0.0355
m,8.454043303,152.651,0.0341
m,8.450060701,154.631,0.0339
m,8.442142462,156.412,0.0337
m,8.438029724,157.021,0.0335
m,8.434360345,155.004,0.0335
m,8.430470364,160.936,0.0333
m,8.42644795,152.811,0.0332
m,8.422559598,154.067,0.0331
m,8.418759842,147.359,0.0332
m,8.390588591,158.161,0.033
m,8.386529665,161.274,0.033
m,8.382649097,145.306,0.0332
m,8.378370737,146.408,0.033
m,8.349296619,154.411,0.0329
m,8.345466728,151.098,0.0331
m,8.341637462,158.61,0.0332
m,8.333497211,144.006,0.0333
m,8.329584471,145.742,0.0333
m,8.309011412,146.673,0.0338
m,8.305103999,149.979,0.0338
m,8.298037532,143.536,0.0339
m,8.29439527,147.84,0.0339
m,8.290491726,150.837,0.0343
m,8.264385663,148.096,0.0363
m,8.260667379,147.433,0.0366
m,8.256991712,136.285,0.0367
m,8.253222464,142.734,0.0366
m,8.223994195,145.679,0.0391
m,8.217167595,141.918,0.0398
m,8.217168719,137.73,0.0404
m,8.210238384,141.528,0.041
m,8.206617006,142.923,0.0413
m,8.184084732,145.111,0.0434
m,8.180291495,148.637,0.0439
m,8.176896552,147.734,0.0444
m,8.173324073,147.455,0.0449
m,8.1700682,144.888,0.0454
m,8.144237775,140.132,0.0489
m,8.144239573,150.708,0.0495
m,8.13708645,147.057,0.0501
m,8.133580795,140.041,0.0505
m,8.410897496,148.036,0.0334
m,8.410897603,152.688,0.0335
m,8.402682996,148.122,0.0333
m,8.39866535,146.419,0.0332
m,8.394604831,153.585,0.0331
m,8.374227493,145.604,0.033
m,8.369951054,154.422,0.033
m,8.361405271,155.527,0.0329
m,8.357308912,147.712,0.0328
m,8.353213618,149.682,0.0329
m,8.329584577,139.178,0.0334
m,8.321534848,147.041,0.0335
m,8.317624772,154.228,0.0336
m,8.313360263,157.235,0.0337
m,8.290492082,140.365,0.0346
m,8.28260268,145.716,0.0349
m,8.278922359,151.384,0.0355
m,8.275242402,139.641,0.0357
m,8.271605581,151.477,0.036
m,8.249359636,147.387,0.0365
m,8.241918871,145.376,0.0364
m,8.238111144,139.35,0.0367
m,8.2308241,132.355,0.0374
m,8.227428874,136.281,0.038
m,8.202914005,135.978,0.0416
m,8.199294334,138.813,0.0419
m,8.195456996,140.8,0.0426
m,8.187782791,138.573,0.043
m,8.166497035,154.691,0.0458
m,8.163025148,144.471,0.0468
m,8.159252581,138.896,0.0473
m,8.151612713,144.427,0.0479
m,8.147924724,141.778,0.0484
m,8.129857446,145.756,0.0509
m,8.126095707,141.283,0.0515
m,8.118913914,144.502,0.0524
m,8.115632704,141.641,0.0529
m,8.1121732,150.439,0.0532
m,8.108595241,157.394,0.0536
m,8.104919304,148.297,0.0539
m,8.101423071,143.412,0.0542
m,8.097927911,144.403,0.0545
m,8.094256611,144.183,0.0552
m,8.074364699,143.839,0.0573
m,8.071394329,149.908,0.058
m,8.065787854,151.76,0.0584
m,8.063769,144.393,0.0587
m,8.060840622,141.126,0.0594
m,8.047795832,142.014,0.0626
m,8.044753389,140.395,0.063
m,8.039163424,146.975,0.0642
m,8.036279426,140.121,0.0647
s,8.029407374,146.392,0.0681
s,8.029587478,146.194,0.0683
s,8.02972939,146.972,0.0686
s,8.02973048,146.135,0.0688
s,8.029912807,144.554,0.0694
s,8.03041846,148.113,0.0707
s,8.030419602,146.149,0.0709
s,8.030420749,145.948,0.0711
s,8.03038317,144.959,0.0713
s,8.030603832,146.056,0.0718
s,8.031148013,146.088,0.073
s,8.031328242,145.062,0.0732
s,8.031329446,144.68,0.0734
s,8.031510293,145.302,0.0737
s,8.032129735,148.744,0.0745
s,8.032349351,148.238,0.0748
s,8.032529001,144.44,0.0749
s,8.032568355,144.923,0.075
s,8.032748008,145.291,0.0751
s,8.032930805,144.639,0.0757
s,8.033110466,143.2,0.0758
s,8.033290129,143.14,0.0759
s,8.033290764,143.581,0.076
s,8.03347043,143.71,0.0761
m,8.09098236,145.86,0.0556
m,8.084077467,147.869,0.0559
m,8.080666567,149.197,0.0562
m,8.077515451,148.085,0.0568
m,8.060289785,157.597,0.0601
m,8.059995021,141.849,0.0605
m,8.0587104,141.14,0.0609
m,8.056952981,145.648,0.0618
m,8.051057235,155.063,0.0622
m,8.033613874,143.551,0.0652
m,8.031462066,149.795,0.0657
m,8.029927779,144.632,0.0667
m,8.029262833,145.501,0.0673
m,8.029266021,146.363,0.0679
s,8.029875738,146.446,0.0697
s,8.030055884,146.874,0.0699
s,8.030236598,146.419,0.0702
s,8.030237727,147.637,0.0704
s,8.030784032,146.624,0.072
s,8.030785206,146.922,0.0722
s,8.030747657,146.445,0.0724
s,8.0309666,145.341,0.0726
s,8.030967789,145.507,0.0728
s,8.03151151,144.382,0.0739
s,8.031729877,146.345,0.074
s,8.031870792,147.318,0.0741
s,8.031910745,145.872,0.0743
s,8.03209039,146.518,0.0744
s,8.032748633,144.477,0.0752
s,8.032749259,144.267,0.0753
s,8.032710529,143.513,0.0753
s,8.032929544,144.365,0.0755
s,8.033471068,143.945,0.0762
s,8.033292677,144.515,0.0763
s,8.033293958,144.647,0.0765
s,8.033333332,144.624,0.0766
s,8.033333976,144.663,0.0767
s,8.033334621,146.056,0.0768
s,8.033373354,142.868,0.0768
s,8.033414033,144.206,0.0771
s,8.033492162,143.07,0.0772
s,8.033356468,145.309,0.0779
s,8.033395875,146.275,0.078
s,8.033396536,146.118,0.0781
s,8.033576221,145.075,0.0782
s,8.033653722,143.981,0.0782
s,8.033695806,144.367,0.0787
s,8.033735233,144.143,0.0788
s,8.03369782,145.223,0.079
s,8.03369782,142.986,0.079
s,8.033698493,142.851,0.0791
s,8.03342136,143.068,0.0796
s,8.03342136,143.072,0.0796
s,8.033460806,143.156,0.0797
s,8.033461488,146.232,0.0798
s,8.033285902,145.704,0.0803
s,8.03324921,145.296,0.0806
s,8.033249904,143.356,0.0807
s,8.033250599,144.651,0.0808
s,8.033251295,145.123,0.0809
s,8.033397871,143.229,0.0818
s,8.03353884,143.039,0.0819
s,8.033540261,142.847,0.0821
s,8.033681239,143.816,0.0822
s,8.033682667,143.789,0.0824
s,8.033753388,143.553,0.0835
s,8.033754118,143.36,0.0836
s,8.033832342,143.94,0.0837
s,8.033873292,143.576,0.084
s,8.034749568,143.915,0.0847
s,8.034968091,144.082,0.0848
s,8.034969584,143.409,0.085
s,8.03536638,143.063,0.085
s,8.035584908,142.439,0.0851
s,8.033352535,145.287,0.0773
s,8.033392588,144.601,0.0775
s,8.033354496,142.408,0.0776
s,8.033176128,143.314,0.0777
s,8.033355809,144.42,0.0778
s,8.033654385,144.317,0.0783
s,8.033693804,144.057,0.0784
s,8.03369447,145.744,0.0785
s,8.033695138,144.792,0.0786
s,8.033737925,144.24,0.0792
s,8.033737925,143.271,0.0792
s,8.033739279,141.534,0.0794
s,8.033739957,143.264,0.0795
s,8.033599698,143.027,0.0795
s,8.033321239,144.296,0.0798
s,8.033321923,145.566,0.0799
s,8.033322608,145.788,0.08
s,8.033323294,145.637,0.0801
s,8.033323981,145.937,0.0802
s,8.03325269,144.314,0.0811
s,8.03325339,143.899,0.0812
s,8.033254793,143.634,0.0814
s,8.03321744,143.867,0.0816
s,8.033646067,142.296,0.0827
s,8.033647508,142.341,0.0829
s,8.033609481,144.002,0.083
s,8.033572183,143.783,0.0832
s,8.033751933,143.945,0.0833
s,8.034053049,144.81,0.0841
s,8.034053786,143.987,0.0842
s,8.034272296,143.185,0.0843
s,8.034350547,143.246,0.0844
s,8.034531049,143.77,0.0846
s,8.035585657,143.985,0.0852
s,8.035765424,143.523,0.0853
s,8.035944442,143.222,0.0853
s,8.036124211,142.488,0.0854
s,8.036124964,142.635,0.0855
s,8.036483754,142.355,0.0856
s,8.036663528,143.176,0.0857
s,8.036664284,143.148,0.0858
s,8.036665043,142.794,0.0859
s,8.037463207,142.696,0.0865
s,8.037463974,142.212,0.0866
s,8.03768252,143.155,0.0867
s,8.037683289,143.03,0.0868
s,8.039273563,145.052,0.0872
s,8.039453355,144.596,0.0873
s,8.039633147,144.134,0.0874
s,8.040031501,143.951,0.0876
s,8.040210517,144.15,0.0876
s,8.041982994,144.802,0.0884
s,8.042342606,143.054,0.0886
s,8.042701432,143.906,0.0887
s,8.04270302,143.586,0.0889
s,8.043458644,143.943,0.089
s,8.04500033,145.076,0.09
s,8.045322058,144.557,0.0903
s,8.045322871,144.158,0.0904
s,8.045463966,143.831,0.0905
m,8.044956707,144.234,0.0912
m,8.044957531,143.774,0.0913
m,8.04470187,145.488,0.0914
m,8.043793793,143.065,0.0916
m,8.042450275,155.101,0.0918
m,8.02894455,151.642,0.0928
m,8.026831834,144.806,0.0928
m,8.024425664,141.406,0.0929
m,8.021766459,143.07,0.0933
m,8.016085453,150.155,0.0934
m,7.995025669,136.722,0.0947
m,7.991897771,131.868,0.0949
m,7.988808632,136.48,0.0951
m,7.985466719,139.82,0.0955
s,8.036883579,142.87,0.086
s,8.03688434,142.969,0.0861
s,8.037064882,142.532,0.0863
s,8.037104407,143.337,0.0864
s,8.037105172,142.087,0.0865
s,8.037862306,143.166,0.0868
s,8.038080855,143.66,0.0869
s,8.038260643,144.319,0.087
s,8.038658213,145.405,0.0871
s,8.038658213,144.641,0.0871
s,8.041005671,143.837,0.0878
s,8.041185469,143.15,0.0879
s,8.041621816,143.402,0.088
s,8.041762851,144.993,0.0881
s,8.043639256,144.478,0.0892
s,8.043819074,144.541,0.0893
s,8.044179515,144.284,0.0896
s,8.044321387,143.512,0.0898
s,8.044859252,144.355,0.0899
s,8.045464782,144.368,0.0906
s,8.045247835,144.27,0.0907
s,8.045248653,143.228,0.0908
s,8.045249473,143.112,0.0909
s,8.045212377,144.024,0.0911
m,8.040338426,146.202,0.0921
m,8.038264671,149.018,0.0923
m,8.033346477,144.759,0.0924
m,8.031094413,141.624,0.0926
m,8.016087163,145.728,0.0936
m,8.010409968,141.358,0.0939
m,8.007316896,140.823,0.0941
m,8.000946004,143.996,0
m,7.998117048,146.186,0.0946
m,7.979328918,143.202,0.0958
m,7.976204642,138.666,0.096
m,7.973118915,140.965,0.0962
m,7.969996107,143.548,0.0964
m,7.966696496,137.252,0.0968
m,7.963615575,141.291,0.0973
m,7.957845796,141.565,0.0976
m,7.95494541,142.237,0.098
m,7.954947247,130.129,0.0982
m,7.948964577,135.114,0.0985
m,7.931222993,141.104,0.1005
m,7.928076143,133.308,0.101
m,7.915174453,150.58,0.1029
m,7.911814476,143.331,0.1033
m,7.90874666,143.691,0.1038
m,7.885940334,149.386,0.1059
m,7.88279437,160.507,0.1053
m,7.876871979,144.612,0.1046
m,7.876872988,143.828,0.1047
m,7.852790809,135.454,0.1031
m,7.849905266,134.449,0.1025
m,7.843386755,134.159,0.1019
m,7.840174686,134.511,0.1008
m,7.836964305,140.665,0.0998
m,7.820663811,154.748,0.0939
m,7.814302476,148.473,0.0933
m,7.814292968,138.427,0.0922
m,7.808649046,142.732,0.0912
m,7.805411405,145.117,0.0903
m,7.776672398,151.671,0.0821
m,7.772760872,146.232,0.081
m,7.768885422,149.335,0.0799
m,7.76497612,150.915,0.0788
m,7.735806473,144.789,0.07
m,7.728579683,146.839,0.0686
m,7.724998581,136.966,0.0673
m,7.724990574,146.324,0.0658
m,7.717588465,136.471,0.0644
m,7.695893104,143.234,0.0566
m,7.692038646,141.929,0.0555
m,7.688366527,137.538,0.0546
m,7.684515298,142.823,0.0538
m,7.680630899,140.118,0.0529
m,7.945922422,139.893,0.0987
m,7.943024817,136.664,0.0991
m,7.939948454,145.009,0.0995
m,7.93701783,136.988,0.1002
m,7.902063967,138.115,0.1042
m,7.898744324,150.04,0.1046
m,7.895606235,146.871,0.1051
m,7.892251705,144.159,0.1055
m,7.889007871,140.97,0.1059
m,7.870707893,135.756,0.1047
m,7.867466805,134.52,0.1049
m,7.864653426,129.364,0.1046
m,7.861662798,132.842,0.1045
m,7.858811356,129.39,0.1039
m,7.833543583,139.452,0.0993
m,7.830297873,146.258,0.0982
m,7.827086893,140.978,0.0969
m,7.823686026,142.039,0.0944
m,7.802172081,139.29,0.0891
m,7.798712579,137.499,0.0872
m,7.791495063,142.735,0.0859
m,7.787724601,149.682,0.0849
m,7.784169925,142.002,0.0838
m,7.761064597,149.807,0.0772
m,7.74970851,139.842,0.0751
m,7.746305016,144.824,0.0742
m,7.742867689,135.897,0.0733
m,7.739250292,147.124,0.0723
m,7.713975842,146.183,0.0631
m,7.710364176,152.038,0.0618
m,7.706782243,141.055,0.0593
m,7.699714566,141.244,0.0577
m,7.677026055,140.951,0.051
m,7.669478962,142.285,0.0498
m,7.669476457,143.834,0.049
m,7.662001325,143.054,0.048
m,7.658156645,140.027,0.047
m,7.654131844,143.066,0.0458
m,7.650107878,135.483,0.0445
m,7.641930105,140.625,0.0419
m,7.638091011,135.144,0.0409
m,7.616342884,132.969,0.0328
m,7.612757507,134.095,0.0316
m,7.6054597,141.371,0.0313
m,7.601877196,152.197,0.0303
m,7.598262939,143.891,0.0294
m,7.577567491,139.855,0.0243
m,7.577567659,141.624,0.0235
m,7.570172568,143.839,0.0228
m,7.566567034,147.14,0.022
m,7.563207954,145.59,0.0211
m,7.535459451,147.457,0.0142
m,7.531288472,146.816,0.013
m,7.527086306,147.515,0.0121
m,7.522610027,152.563,0.0107
m,7.492703834,143.016,0.007
m,7.484394774,139.783,0
m,7.480338708,141.622,0.0048
m,7.476269363,156.176,0.0042
m,7.472382986,140.222,0.0035
m,7.450458554,141.861,0.0007
m,7.447061597,156.436,0.0013
m,7.443665322,148.087,0.002
m,7.440479881,147.863,0.0034
m,7.437297573,139.155,0.0041
m,7.412871171,148.884,0.0087
m,7.40948479,151.081,0.0095
m,7.406281449,144.313,0.0101
m,7.399697501,153.386,0.0107
m,7.375377758,144.14,0.0152
m,7.368570865,146.204,0.016
m,7.368570222,152.135,0.0165
m,7.361440323,145.568,0.0168
m,7.357982531,152.656,0.0173
m,7.634433318,147.41,0.0397
m,7.630662335,132.96,0.0385
m,7.630660688,135.889,0.0375
m,7.623665708,142.148,0.0363
m,7.619897655,136.202,0.0352
m,7.594797902,135.618,0.0286
m,7.591333928,142.808,0.0277
m,7.587755294,140.127,0.0268
m,7.584539356,139.784,0.0251
m,7.559817459,147.934,0.0203
m,7.552005768,142.599,0.0187
m,7.547979045,149.755,0.0178
m,7.543804739,141.694,0.0166
m,7.539631674,138.583,0.0153
m,7.518377876,139.201,0.0102
m,7.509885148,139.697,0.0094
m,7.505870349,141.168,0.0084
m,7.501461985,136.385,0.0078
m,7.497022709,145.089,0.0075
m,7.468531428,150.208,0.002
m,7.461191592,159.194,0.0012
m,7.457645191,143.575,0.0006
m,7.457647229,142.114,0
m,7.430302261,148.012,0.0048
m,7.426729846,138.013,0.0054
m,7.423188659,147.332,0.006
m,7.41982961,139.773,0.0067
m,7.416441343,145.48,0.0074
m,7.396345261,153.908,0.0114
m,7.392964183,141.481,0.0121
m,7.389402688,144.573,0.0127
m,7.385811384,146.887,0.014
m,7.382251996,153.912,0.0146
m,7.351100568,149.617,0.0179
m,7.347704961,157.118,0.0183
m,7.344099791,148.2,0.0186
m,7.340706571,144.809,0.0189
m,7.337314471,155.363,0.0192
m,7.334105354,152.495,0.0195
m,7.33068678,146.295,0.0198
m,7.327298203,152.9,0.02
m,7.323881908,146.326,0.0205
m,7.299935071,149.197,0.0219
m,7.296556863,152.395,0.0221
m,7.293543849,155.828,0.0223
m,7.290377922,153.741,0.0227
m,7.266932977,149.892,0.0234
m,7.26372086,159.419,0.0235
m,7.256671724,145.301,0.0236
m,7.253254117,151.889,0.0236
m,7.232993755,154.134,0.0236
m,7.226441509,150.296,0.0235
m,7.223245016,148.237,0.0234
m,7.220232175,157.712,0.0233
m,7.220232212,156.225,0.0232
m,7.200882769,147.449,0.0219
m,7.197279102,156.032,0.0216
m,7.190050037,148.552,0.0213
m,7.182879785,152.372,0.0206
m,7.179283954,153.888,0.0202
m,7.15545698,156.078,0.0173
m,7.152056059,156.601,0.0168
m,7.14868214,145.637,0.0163
m,7.145310449,152.04,0.0153
m,7.122552522,150.941,0.0112
m,7.11917045,154.779,0.0093
m,7.112612585,157.613,0.0083
m,7.109416473,156.553,0.0073
m,7.087918409,144.915,0.0013
m,7.087913988,143.442,0.0026
m,7.081658975,149.947,0.0042
m,7.078678671,157.607,0.0057
m,7.075930805,151.007,0.0072
m,7.320495571,152.935,0.0208
m,7.313726478,147.616,0.0211
m,7.310315203,151.343,0.0213
m,7.306694883,148.626,0.0215
m,7.303314411,155.293,0.0217
m,7.286975185,145.977,0.0228
m,7.280019282,150.298,0.0229
m,7.276648029,149.151,0.023
m,7.273277954,148.919,0.023
m,7.27009107,146.065,0.0232
m,7.253254086,146.366,0.0237
m,7.246322546,151.533,0.0237
m,7.242963284,151.11,0.0237
m,7.239578089,159.547,0.0236
m,7.236376408,155.259,0.0236
m,7.213925714,151.714,0.023
m,7.210787499,150.523,0.0228
m,7.207597355,149.759,0.0226
m,7.204226189,154.629,0.0223
m,7.175715862,151.332,0.0195
m,7.168922331,150.268,0.0192
m,7.16892272,150.679,0.0188
m,7.161978549,150.508,0.0183
m,7.158625782,156.446,0.0178
m,7.139035748,145.708,0.0146
m,7.135875573,155.716,0.014
m,7.135876608,149.303,0.0134
m,7.129351952,154.447,0.0127
m,7.125938798,152.415,0.012
m,7.10601485,150.626,0.0063
m,7.103005806,153.225,0.0051
m,7.099840156,144.096,0.0039
m,7.097066558,150.024,0.0026
m,7.094091845,150.511,0.0001
m,7.073025113,151.973,0.0088
m,7.070097263,149.476,0.0104
m,7.066777938,155.144,0.0139
m,7.060863066,145.027,0.0156
m,7.058284567,152.668,0.0174
m,7.058282484,148.631,0.0193
m,7.052837608,150.337,0.0204
m,7.051205996,148.001,0.0221
m,7.05042365,151.886,0.024
s,7.051337166,148.605,0.0299
s,7.051543599,148.628,0.0302
s,7.051933383,147.828,0.0309
s,7.052918624,149.511,0.0313
s,7.055256479,150.293,0.0333
s,7.055463401,149.598,0.0339
s,7.056242451,149.783,0.0342
s,7.056609061,152.561,0.0346
s,7.056609305,149.796,0.0348
s,7.058375632,148.698,0.0367
s,7.058948519,148.713,0.037
s,7.059338353,149.298,0.0373
s,7.059521902,149.953,0.0376
s,7.059682575,149.727,0.0381
s,7.061037225,150.475,0.0413
s,7.06122117,149.156,0.0417
s,7.061381934,150.081,0.0421
s,7.061566867,152.737,0.0429
s,7.062189057,150.635,0.0452
s,7.062144627,150.254,0.0459
s,7.062145761,148.642,0.0463
s,7.062100572,150.588,0.0467
s,7.062284532,147.878,0.047
s,7.06261089,151.526,0.0491
s,7.062794953,155.42,0.0494
s,7.062796285,151.887,0.0498
s,7.06295722,152.943,0.0501
s,7.06293509,152.141,0.0504
s,7.063239349,150.079,0.0525
s,7.063425083,152.525,0.0532
s,7.06374613,151.873,0.0535
s,7.063724166,153.736,0.0538
m,7.050261119,158.507,0.0279
m,7.050374734,150.361,0.0283
s,7.050717837,152.606,0.0287
s,7.05071804,152.724,0.0292
s,7.050924486,151.05,0.0296
s,7.052918852,147.899,0.0316
s,7.05369787,148.205,0.032
s,7.053904317,149.388,0.0322
s,7.054477096,147.026,0.0326
s,7.05486673,149.185,0.0329
s,7.057205455,150.944,0.0352
s,7.057595208,151.028,0.0355
s,7.057778683,149.514,0.0358
s,7.057985826,148.992,0.0364
s,7.059866336,151.084,0.0385
s,7.060211077,151.021,0.0395
s,7.060371698,148.53,0.0399
s,7.06053255,149.793,0.0404
s,7.060693231,150.028,0.0408
s,7.061887584,152.601,0.0433
s,7.062071645,151.957,0.0437
s,7.062049462,152.013,0.0441
s,7.062050234,150.903,0.0444
s,7.062187986,151.191,0.0448
s,7.06226256,148.773,0.0474
s,7.062446551,149.933,0.0477
s,7.062447786,149.71,0.0481
s,7.062608644,152.415,0.0484
s,7.062959285,151.005,0.0507
s,7.063124481,150.064,0
s,7.063122404,150.4,0.0516
s,7.063283423,150.345,0.0519
s,7.063261378,150.262,0.0522
s,7.064092716,151.317,0.0544
s,7.06427701,150.128,0.0547
s,7.064461317,150.891,0.055
s,7.064622508,152.27,0.0553
s,7.064784977,151.512,0.0559
s,7.064946216,150.789,0.0562
s,7.065130589,148.677,0.0565
s,7.06531454,149.551,0.0567
s,7.064699001,148.112,0.0574
s,7.064449277,148.054,0.058
s,7.06393515,150.224,0.0609
s,7.06409665,150.895,0.0612
s,7.064075574,151.134,0.0616
s,7.064077597,150.91,0.062
s,7.06408119,151.166,0.0627
s,7.065006773,149.936,0.0646
s,7.06501007,152.013,0.0652
s,7.065194833,151.229,0.0655
s,7.065174006,151.646,0.0659
s,7.064337866,152.945,0.0679
s,7.064339648,151.951,0.0682
s,7.064317791,152.876,0.0684
s,7.064502092,148.187,0.0686
s,7.064297754,152.892,0.0689
s,7.063252007,152.53,0.0702
s,7.063070156,151.303,0.0704
s,7.062682809,152.232,0.0707
s,7.062479214,151.364,0.0711
s,7.062274361,150.512,0.0713
s,7.061275856,150.769,0.0727
s,7.061094074,152.528,0.0729
s,7.060912964,151.053,0.0732
s,7.060914302,152.036,0.0734
s,7.062069868,152.805,0.075
s,7.062254361,153.59,0.0752
s,7.062415144,156.701,0.0753
s,7.06278275,155.979,0.0755
s,7.062784152,152.213,0.0757
s,7.063936626,152.772,0.0768
s,7.064144187,153.695,0.077
s,7.064351757,152.512,0.0772
s,7.064352481,151.738,0.0773
s,7.064561519,152.712,0.0777
s,7.064247674,148.977,0.059
s,7.06420383,150.595,0.0595
s,7.06397694,148.831,0.06
s,7.063978872,150.436,0.0604
s,7.064242775,153.071,0.063
s,7.064427445,153.459,0.0633
s,7.064612128,152.55,0.0636
s,7.064636799,151.694,0.0639
s,7.064822048,151.475,0.0643
s,7.064970109,155.572,0.0663
s,7.064765662,152.308,0.0666
s,7.064744329,151.225,0.0669
s,7.064562389,152.477,0.0671
s,7.064358566,152.06,0.0675
s,7.064298969,152.737,0.0691
s,7.063889741,153.083,0.0696
s,7.063684833,148.489,0.0698
s,7.063479933,150.821,0.07
s,7.06184037,152.683,0.0715
s,7.061841659,149.966,0.0717
s,7.061636831,152.075,0.0719
s,7.061432012,151.652,0.0721
s,7.061456332,150.85,0.0723
s,7.061123117,152.621,0.0738
s,7.061307575,155.548,0.074
s,7.061308935,153.795,0.0742
s,7.061493405,154.362,0.0744
s,7.061679258,152.281,0.0748
s,7.062991681,152.561,0.0759
s,7.063360722,152.685,0.0763
s,7.06354454,152.977,0.0764
s,7.063545967,157.618,0.0766
s,7.064768379,154.337,0.0778
s,7.065159079,151.377,0.078
s,7.065365946,150.102,0.0781
s,7.065366683,151.962,0.0782
s,7.065780433,150.066,0.0784
s,7.065804212,150.389,0.0785
s,7.065887096,152.286,0
s,7.066035629,149.138,0.0788
s,7.066244019,150.465,0.0791
s,7.066936175,152.748,0.0797
s,7.066936934,153.411,0.0798
s,7.066937695,152.111,0.0799
s,7.066755363,152.41,0.08
s,7.066779194,154.271,0.0801
s,7.066599939,150.216,0.0806
s,7.06660226,148.87,0.0809
s,7.066603037,149.3,0.081
s,7.066604594,150.664,0.0812
s,7.066422281,151.724,0.0813
m,7.066341104,153.436,0.0827
m,7.065678166,157.437,0.0829
m,7.064304848,142.464,0.0831
m,7.063343271,157.942,0.0832
m,7.049484068,150.157,0.0842
m,7.043771396,160.166,0.0843
m,7.040941277,146.669,0.0846
m,7.037883153,143.513,0.0848
m,7.034600704,143.06,0.0853
m,7.013869765,151.599,0.0862
m,7.010595096,144.135,0.0864
m,7.007548886,149.499,0.0866
m,7.004481217,147.144,0.0867
m,7.001439205,144.096,0.0871
m,6.977621666,149.414,0.0881
m,6.973953362,154.263,0.0883
m,6.970266526,144.744,0.0886
m,6.966419106,149.881,0.0889
m,6.94358635,147.626,0.0903
m,6.94048497,146.113,0.0904
m,6.937408526,149.13,0.0908
m,6.934126119,153.951,0.0908
m,6.927527234,152.604,0.0909
s,7.066680121,151.598,0.0792
s,7.066680874,149.812,0.0793
s,7.066681628,151.637,0.0794
s,7.066911597,151.964,0.0795
s,7.066912353,149.919,0.0796
s,7.066779959,151.468,0.0802
s,7.066780725,150.854,0.0803
s,7.066598399,152.035,0.0804
s,7.066599169,153.009,0.0805
s,7.066423063,153.307,0.0814
s,7.066401564,152.163,0.0816
m,7.066380072,150.322,0.0818
m,7.066357799,149.689,0.0819
m,7.066338707,150.691,0.0824
m,7.061582273,143.513,0.0835
m,7.059820069,154.844,0.0836
m,7.054786672,156.578,0.0838
m,7.052271704,147.725,0.0839
m,7.049483245,146.576,0.0841
m,7.027644593,142.932,0.0855
m,7.024136275,154.584,0.0857
m,7.020651756,157.34,0.0859
m,7.017167919,146.465,0.086
m,6.994941888,145.973,0.0871
m,6.991492013,148.954,0.0873
m,6.988000622,147.585,0.0875
m,6.984532324,148.482,0.0877
m,6.984534088,148.115,0.0879
m,6.959438732,150.662,0.0891
m,6.95596345,149.691,0.0894
m,6.952672503,148.111,0.0896
m,6.949566836,144.548,0.0898
m,6.946667079,150.517,0.09
m,6.924028382,149.201,0.0911
m,6.920693384,154.43,0.0911
m,6.917360635,148.579,0.0911
m,6.914070689,151.696,0.0912
m,6.910946632,156.541,0.0913
m,6.904343354,149.137,0.0913
m,6.901109749,153.855,0.0914
m,6.901109749,155.689,0.0914
m,6.894785039,150.722,0.0914
m,6.874842238,153.945,0.0918
m,6.87193092,143.824,0.0918
m,6.869187183,151.275,0.0918
m,6.866648122,146.662,0.0918
m,6.848245531,152.628,0.0914
m,6.84555516,152.919,0.0912
m,6.843070438,161.606,0.0912
m,6.83792182,148.294,0.0911
m,6.835257906,158.083,0.091
m,6.819697129,153.656,0.0901
m,6.816810913,155.239,0.0899
m,6.813928047,155.808,0.0898
m,6.808587736,156.505,0.0896
m,6.805961295,149.944,0.0894
m,6.787638534,150.189,0
m,6.785034925,149.225,0.0873
m,6.782224482,146.761,0.087
m,6.779599373,151.039,0.0866
m,6.757434218,146.899,0.0841
m,6.754643323,149.263,0.0837
m,6.751835312,157.783,0.0828
m,6.745808952,148.032,0.0823
m,6.742797423,143.279,0.0818
m,6.726822466,149.751,0.0787
m,6.72443701,145.831,0.0782
m,6.72443242,151.055,0.0776
m,6.71927352,157.172,0.077
m,6.716694876,148.218,0.0764
m,6.699292984,158.479,0.0716
m,6.696965741,143.009,0.0708
m,6.694455451,142.514,0.07
m,6.691946686,146.239,0.0692
m,6.89184,146.659,0.0915
m,6.888898247,144.613,0.0917
m,6.885975928,153.345,0.0917
m,6.880487587,145.927,0.0918
m,6.877755739,148.281,0.0918
m,6.863926439,154.463,0.0917
m,6.861225205,143.34,0.0916
m,6.85856328,149.35,0.0916
m,6.853410612,146.455,0.0916
m,6.850735131,148.197,0.0915
m,6.830136237,162.569,0.0907
m,6.827679297,149.636,0.0906
m,6.825224146,148.26,0.0905
m,6.822551643,147.249,0.0903
m,6.805958523,154.274,0.0891
m,6.800696472,148.021,0.0889
m,6.798242449,142.838,0.0886
m,6.795607115,150.944,0.0884
m,6.793157951,152.497,0.0882
m,6.776759767,147.833,0.0861
m,6.771109087,153.394,0.0858
m,6.768462349,154.182,0.0855
m,6.763021097,154.835,0.0848
m,6.76022624,158.774,0.0844
m,6.740200887,142.216,0.0813
m,6.737607192,156.76,0.0809
m,6.735198356,148.618,0.0803
m,6.732593628,150.771,0.0798
m,6.71394678,143.441,0.0757
m,6.711398775,140.152,0.075
m,6.708848299,145.291,0.0737
m,6.706488457,148.625,0.073
m,6.701449882,156.775,0.0723
m,6.689624045,154.285,0.0684
m,6.687284531,142.896,0.0667
m,6.682243769,147.685,0.0658
m,6.679545616,147.609,0.065
m,6.677020554,148.431,0.0641
m,6.674484229,151.334,0.0631
m,6.674479355,156.547,0.0622
m,6.669049418,151.097,0.0613
m,6.666322181,147.627,0.0603
m,6.663598122,150.557,0.0595
m,6.647526384,143.325,0.0537
m,6.647522372,152.493,0.0527
m,6.642316124,143.374,0.0516
m,6.639644579,150.891,0.0505
m,6.634247124,152.936,0.0474
m,6.615409836,145.828,0.0402
m,6.612530892,155.262,0.0393
m,6.609643549,157.48,0.0383
m,6.606943635,150.359,0.0373
m,6.584962571,153.924,0.0307
m,6.582314359,146.111,0.0297
m,6.579629782,150.809,0.0288
m,6.579629524,153.264,0.0278
m,6.573714215,149.338,0.0269
m,6.559702702,151.156,0.0216
m,6.55705729,146.302,0.021
m,6.551790641,160.131,0.0202
m,6.551791365,144.257,0.0195
m,6.546752618,148.66,0.0188
m,6.529973294,152.959,0.0135
m,6.527547757,157.904,0.0128
m,6.527549281,146.76,0.0121
m,6.522710986,157.898,0.0115
m,6.505597199,156.834,0.0073
m,6.50336556,156.158,0.0067
m,6.500958383,151.613,0.0061
m,6.498553659,148.947,0.0055
m,6.496159821,150.931,0.0044
m,6.482053771,150.439,0.0017
m,6.479864181,160.321,0.0013
m,6.477677092,151.537,0.0008
m,6.475498913,153.059,0.0001
m,6.471516711,155.128,0.0006
m,6.660900039,148.815,0.0586
m,6.658175035,142.378,0.0567
m,6.6552838,149.345,0.0557
m,6.6525793,151.111,0.0547
m,6.628657575,148.473,0.0463
m,6.625963042,151.508,0.0454
m,6.623270173,145.747,0.0443
m,6.620579823,151.395,0.0433
m,6.617902562,153.716,0.0423
m,6.601203942,148.111,0.0363
m,6.598521732,155.439,0.0353
m,6.595647051,158.85,0.0344
m,6.592959824,147.467,0.0335
m,6.590284315,160.667,0.0316
m,6.570862427,153.002,0.0259
m,6.568207461,155.04,0.0249
m,6.565360852,146.679,0.0239
m,6.562525945,151.314,0.0229
m,6.544505623,148.018,0.018
m,6.542084134,154.631,0.0172
m,6.539841282,146.236,0.0164
m,6.537423598,151.86,0.0157
m,6.535001159,158.29,0.0142
m,6.520284277,153.869,0.0109
m,6.517861534,145.13,0.0097
m,6.515262413,150.653,0.009
m,6.510424268,151.405,0.0084
m,6.508016852,154.22,0.0078
m,6.491188074,151.779,0.0039
m,6.491189849,145.407,0.0034
m,6.486789211,146.46,0.0028
m,6.484410915,146.525,0.0023
m,6.46933976,149.141,0.001
m,6.469338182,159.043,0.0014
m,6.465726403,151.021,0.0019
m,6.463942959,146.956,0.0021
m,6.46214399,150.966,0.0025
m,6.459970563,150.809,0.0031
m,6.455257462,156.52,0.0035
m,6.452896233,157.473,0.0038
m,6.450532852,148.794,0.004
m,6.436614463,154.853,0.0055
m,6.434468354,158.294,0.0054
m,6.429995947,156.733,0.0056
m,6.42785587,155.182,0.0056
m,6.425722223,150.916,0.0055
m,6.416198465,154.965,0.005
m,6.414265614,149.438,0.0048
m,6.410401354,152.592,0.0046
m,6.40865964,148.222,0.0043
m,6.406734509,154.357,0.004
m,6.399567392,158.467,0.0024
m,6.399558968,157.382,0.0017
m,6.399745811,156.842,0.0013
m,6.399929906,157.002,0.0009
m,6.401413574,159.892,0.0012
m,6.401414372,160.265,0.0017
m,6.401599329,155.855,0.0025
m,6.401783461,157.835,0.0028
m,6.401964828,157.4,0.0031
m,6.402696698,155.899,0.0049
m,6.403068645,159.233,0.0053
m,6.403250799,155.714,0.0054
m,6.403249805,156.733,0.0057
m,6.403612355,157.629,0.0056
m,6.404138098,160.465,0.0064
m,6.404316034,161.336,0.007
m,6.404500378,156.207,0.0073
m,6.404494943,156.322,0.0073
m,6.404465602,158.385,0.0081
m,6.404462345,155.429,0.0083
m,6.404647037,157.699,0.0085
m,6.40482878,159.845,0.0088
m,6.404825554,159.944,0.009
m,6.448172119,156.449,0.0042
m,6.445633609,154.88,0.0044
m,6.443268726,151.248,0.0046
m,6.441105492,156.363,0.0049
m,6.438948566,153.625,0.0054
m,6.425722223,148.622,0.0055
m,6.421826811,149.857,0.0055
m,6.42007334,154.664,0.0054
m,6.418136778,156.147,0.0052
m,6.406735224,144.62,0.0038
m,6.403639075,157.535,0.0036
m,6.402286743,152.175,0.0033
m,6.40055122,153.347,0
m,6.399956391,156.797,0.0027
m,6.400489686,158.15,0.0006
m,6.400673411,157.557,0.0003
m,6.400859503,154.461,0.0001
m,6.40104866,158.63,0.0005
m,6.401229923,160.465,0.0008
m,6.402148988,157.592,0.0034
m,6.402332802,156.479,0.0038
m,6.402516641,157.373,0.0042
m,6.402513163,155.539,0.0044
m,6.403603752,157.806,0.0057
m,6.403786265,159.914,0.0057
m,6.403780445,156.398,0.0058
m,6.403960233,157.761,0.0058
m,6.404139059,155.664,0.0061
m,6.40448922,159.812,0.0074
m,6.404296155,157.16,0.0073
m,6.404293158,158.005,0.0074
m,6.40447513,159.227,0.0076
m,6.404284196,157.452,0.0077
m,6.405009993,157.639,0.0093
m,6.405006516,156.117,0.0096
m,6.40519046,155.313,0.0101
m,6.405372548,153.39,0.0103
m,6.405551989,154.414,0.0105
m,6.405551233,155.717,0.0108
m,6.405733353,155.357,0.011
m,6.405729973,154.3,0.0113
m,6.405724208,158.45,0.0115
m,6.405894908,146.244,0.0133
m,6.405701156,157.747,0.0136
m,6.404933705,156.248,0.0138
m,6.403973919,150.716,0.0139
m,6.394227062,154.585,0.0162
m,6.390420679,156.529,0.0166
m,6.388517113,157.385,0.0168
m,6.386614219,151.193,0.0171
m,6.384527318,159.043,0.0173
m,6.372072972,154.211,0.0193
m,6.370006319,157.54,0.0202
m,6.367942921,149.074,0.0207
m,6.365696297,148.7,0.0212
m,6.363637969,155.912,0.0217
m,6.349128825,149.394,0.0255
m,6.34487927,158.921,0.0261
m,6.340643651,153.841,0.0272
m,6.338438413,146.56,0.0278
m,6.326191823,158.576,0.032
m,6.322010075,149.665,0.0326
m,6.322010749,152.372,0.0333
m,6.317474028,154.509,0.0339
m,6.315305354,148.464,0.0345
m,6.303636125,160.962,0.0387
m,6.301854254,152.858,0.0395
m,6.301855907,150.588,0.0403
m,6.298119326,156.161,0.041
m,6.296167148,155.774,0.0419
m,6.283664253,147.354,0.0477
m,6.281919587,155.373,0.0486
m,6.280366777,146.939,0.0494
m,6.278628162,144.006,0.0512
m,6.4057235,155.491,0.0118
m,6.405908303,155.78,0.012
m,6.405904308,156.789,0.0126
m,6.405901235,155.163,0.0128
m,6.405895331,156.693,0.0131
m,6.402441176,156.115,0.0142
m,6.400909263,150.061,0.0148
m,6.397663814,148.749,0.0151
m,6.395947108,156.884,0.0154
m,6.394227737,162.053,0.0158
m,6.380551907,152.646,0.0177
m,6.378474596,155.684,0.0181
m,6.376214896,149.1,0.0184
m,6.37414199,160.255,0.0188
m,6.359530605,153.082,0.0223
m,6.357666568,162.067,0.0228
m,6.355434954,156.519,0.0233
m,6.353391653,145.958,0.0238
m,6.351351131,150.014,0.025
m,6.33642118,152.34,0.0283
m,6.334405495,161.359,0.0288
m,6.332393645,151.148,0.0294
m,6.330384863,154.996,0.03
m,6.328380767,152.457,0.0313
m,6.313138297,151.532,0.0351
m,6.310972678,153.039,0.0358
m,6.309181845,151.451,0.0372
m,6.305423442,152.159,0.038
m,6.294212228,158.078,0.0427
m,6.292445529,151.013,0.0435
m,6.290866167,152.645,0.0451
m,6.287345107,154.034,0.0459
m,6.285408675,146.031,0.0468
m,6.27515418,154.996,0.0522
m,6.275157455,147.655,0.053
m,6.271518635,157.629,0.0539
m,6.269787679,153.02,0.0548
m,6.268244296,150.855,0.0556
m,6.266514375,152.9,0.0565
m,6.263604227,156.599,0.0584
m,6.262243648,149.796,0.0595
m,6.261065647,149.948,0.0606
m,6.259709067,157.798,0.0616
m,6.253036045,153.822,0.0681
m,6.249655428,161.426,0.0694
m,6.248159976,155.928,0.0708
m,6.246295287,155.527,0.0719
m,6.244638419,158.105,0.0732
m,6.232203666,147.784,0.0801
m,6.230567701,153.02,0.0811
m,6.228920308,156.624,0.082
m,6.227275996,160.599,0.0829
m,6.216262781,155.284,0.0893
m,6.214813818,150.016,0.0903
m,6.213375655,156.451,0.0913
m,6.211932234,159.689,0.0923
m,6.210701692,158.658,0.0941
m,6.201642042,155.686,0.0986
m,6.199701619,151.102,0.0995
m,6.197967979,156.197,0.1004
m,6.196034958,160.625,0.1013
m,6.194485156,151.79,0.103
m,6.182823998,157.602,0.1082
m,6.181314268,157.771,0.11
m,6.179599937,148.455,0.1108
m,6.176334742,156.851,0.1116
m,6.164949512,156.959,0.1174
m,6.163431813,150.207,0.1182
m,6.16039239,149.776,0.1189
m,6.158895769,157.794,0.1197
m,6.15739949,152.146,0.1203
m,6.148678885,160.694,0.1242
m,6.148689987,152.251,0.1249
m,6.146029719,151.606,0.1256
m,6.144524616,154.346,0.1263
m,6.143203826,159.042,0.1276
m,6.258539965,155.158,0.0626
m,6.257198954,150.177,0.0637
m,6.255865936,150.896,0.0648
m,6.2545434,154.439,0.0671
m,6.2429785,155.163,0.0744
m,6.24114407,159.779,0.0757
m,6.239501854,150.118,0.0774
m,6.23767276,147.646,0.0784
m,6.235852343,147.183,0.0792
m,6.227284146,157.349,0.0838
m,6.223840985,153.602,0.0847
m,6.222222371,155.004,0.0865
m,6.21914678,154.151,0.0874
m,6.219156578,154.844,0.0884
m,6.207825445,153.707,0.095
m,6.206577049,148.803,0.0959
m,6.205163704,148.766,0.0968
m,6.205173896,160.778,0.0977
m,6.1911521,159.659,0.1039
m,6.189583557,153.21,0.1048
m,6.188016888,162.459,0.1056
m,6.186288213,154.369,0.1064
m,6.184544425,149.355,0.1073
m,6.174608135,157.722,0.1123
m,6.173072255,155.451,0.1132
m,6.169830492,153.123,0.1146
m,6.168324905,152.946,0.1154
m,6.166646442,152.707,0.116
m,6.155894597,161.673,0.1209
m,6.154382312,154.938,0.1216
m,6.153057633,151.663,0.1223
m,6.151546786,154.182,0.1235
m,6.141888773,152.569,0.1283
m,6.13893859,155.37,0.129
m,6.137473997,153.069,0.1297
m,6.13582635,155.575,0.1303
m,6.134168424,161.358,0.1309
m,6.132709942,158.291,0.1322
m,6.131058012,150.399,0.1328
m,6.128164926,160.567,0.1335
m,6.126734578,158.049,0.1341
m,6.115668229,156.46,0.1384
m,6.11424989,153.618,0.139
m,6.112481002,150.521,0.1396
m,6.110899905,157.415,0.1402
m,6.109291876,157.03,0.1408
m,6.097388054,161.152,0.1449
m,6.095635354,154.871,0.1454
m,6.094238113,152.007,0.1459
m,6.09265968,149.551,0.1464
m,6.08873541,152.72,0
m,6.08143641,161.284,0.1501
m,6.079680729,153.434,0.1505
m,6.077732709,149.697,0.1512
m,6.075932627,143.705,0.1517
s,6.071893674,151.202,0.1523
s,6.071891613,151.884,0.1522
s,6.072020771,147.734,0.1521
s,6.072001131,148.922,0.152
s,6.072165483,148.746,0.1519
s,6.072435375,149.336,0.1514
s,6.072433329,149.993,0.1513
s,6.072597721,149.657,0.1512
s,6.072597721,150.211,0.1512
s,6.072613233,150.286,0.1511
s,6.074254434,151.449,0.1525
s,6.074880874,151.85,0.1527
s,6.07510419,149.24,0.1529
s,6.075309919,149.78,0.1531
s,6.076575559,148.918,0.1541
s,6.07677926,150.117,0.1542
s,6.076803177,150.53,0.1545
s,6.077190866,149.738,0.1546
s,6.077230351,149.211,0.1548
m,6.126746849,154.866,0.1348
m,6.12351691,152.754,0.1354
m,6.122082432,152.242,0.136
m,6.120481129,154.72,0.1366
m,6.118711481,155.078,0.1379
m,6.107704006,149.745,0.1415
m,6.102847963,153.111,0.1433
m,6.102859419,158.88,0.1439
m,6.099159841,155.673,0.1444
m,6.088461702,155.934,0.1479
m,6.087244646,152.886,0.1483
m,6.087254622,157.277,0.1488
m,6.084435724,152.954,0.1492
m,6.083027812,150.929,0.1497
m,6.073174766,149.96,0.152
m,6.072324624,149.698,0.1524
m,6.072330821,150.419,0.1527
m,6.0719651,151.385,0.1532
s,6.07175522,150.13,0.1528
s,6.072145856,147.704,0.1518
s,6.072310221,149.875,0.1517
s,6.072288554,147.753,0.1515
s,6.072435375,150.298,0.1514
s,6.072595678,150.759,0.1511
s,6.072593637,150.94,0.151
s,6.073022465,149.461,0.1514
s,6.073621872,150.092,0.152
s,6.074250309,150.552,0.1523
s,6.075513583,149.322,0.1532
s,6.075721407,149.157,0.1535
s,6.075944779,150,0.1537
s,6.076166086,149.481,0.1538
s,6.076369776,149.913,0.1539
s,6.077451728,149.349,0.1549
s,6.077675225,151.929,0.1551
s,6.077694994,150.743,0.1552
s,6.07789874,151.407,0.1553
s,6.078104602,149.243,0.1555
s,6.078330265,150.899,0.1558
s,6.078516354,151.381,0.1559
s,6.078739924,149.135,0.1561
s,6.078742047,151.079,0.1562
s,6.079286314,149.886,0.157
s,6.079306168,149.516,0.1571
s,6.079179659,150.819,0.1573
s,6.079199534,151.566,0.1574
s,6.079170453,150.842,0.158
s,6.079374329,151.312,0.1581
s,6.079376485,150.253,0.1582
s,6.079431957,149.59,0.1583
s,6.079451896,149.109,0.1584
s,6.079921735,149.947,0.159
s,6.079739955,151.056,0.1591
s,6.079739955,151.308,0.1591
s,6.079742127,151.2,0.1592
s,6.079744301,150.305,0.1593
s,6.079400733,149.47,0.1596
s,6.079382931,151.781,0.1596
s,6.079183363,149.862,0.1597
s,6.079183363,150.691,0.1597
s,6.078817644,151.079,0.1598
s,6.078817644,150.784,0.1598
s,6.078817644,151.768,0.1598
s,6.078817644,152.438,0.1598
s,6.078802032,151.239,0.1599
s,6.078806405,151.402,0.1601
s,6.078624643,151.459,0.1602
s,6.078642439,150.602,0.1602
s,6.07847848,150.473,0.1603
s,6.078496285,150.788,0.1603
s,6.078190605,150.388,0.1607
s,6.078190605,148.484,0.1607
s,6.07802448,150.159,0.1607
s,6.077858358,152.049,0.1607
s,6.078963515,150.014,0.1563
s,6.078983332,149.821,0.1564
s,6.079187122,150.022,0.1565
s,6.079211215,148.787,0.1568
s,6.07923105,150.134,0.1569
s,6.079235008,150.515,0.1574
s,6.079254895,150.027,0.1575
s,6.079090828,149.984,0.1576
s,6.079110726,151.549,0.1577
s,6.079132781,151.618,0.1579
s,6.079476166,150.162,0.1587
s,6.079680069,148.601,0.1588
s,6.079883977,150.25,0.1589
s,6.07990177,151.195,0.1589
s,6.079746476,148.757,0.1594
s,6.079746476,148.988,0.1594
s,6.079582505,146.983,0.1595
s,6.079400733,150.27,0.1596
s,6.079400733,150.199,0.1596
s,6.079183363,151.528,0.1597
s,6.079183363,150.157,0.1597
s,6.079017212,151.184,0.1597
s,6.078999413,150.681,0.1597
s,6.079017212,150.264,0.1597
s,6.078802032,150.137,0.1599
s,6.078985983,150.721,0.1599
s,6.078988169,149.106,0.16
s,6.078988169,151.747,0.16
s,6.078498478,150.605,0.1604
s,6.078498478,151.838,0.1604
s,6.078500671,152.261,0.1605
s,6.078336727,150.441,0.1606
s,6.078336727,153.147,0.1606
s,6.077694441,151.133,0.1608
s,6.077344386,150.898,0.1608
s,6.077364423,149.751,0.1609
s,6.07718048,150.101,0.1609
s,6.07718048,151.88,0.1609
s,6.077034427,150.32,0.161
s,6.077034427,151.007,0.161
s,6.077052276,151.526,0.161
s,6.076868335,150.541,0.161
s,6.076684393,149.965,0.161
s,6.076666543,148.238,0.161
s,6.076666543,150.053,0.161
s,6.076850485,149.726,0.161
s,6.076850485,149.652,0.161
s,6.077018785,148.811,0.1611
s,6.077559396,148.506,0.1614
s,6.077761178,150.538,0.1614
s,6.077763389,150.251,0.1615
s,6.077967387,149.677,0.1616
s,6.078299591,149.114,0.1616
s,6.078281756,149.583,0.1616
s,6.078279544,150.762,0.1615
s,6.078223852,151.595,0.1614
s,6.078203822,152.433,0.1613
s,6.078048177,149.852,0.1607
s,6.078194362,150.141,0.1606
s,6.078174386,149.134,0.1605
s,6.078136645,150.365,0.1604
s,6.078114493,150.006,0.1602
s,6.077992671,151.043,0.1595
s,6.07780436,149.706,0.1593
s,6.077784442,149.281,0.1592
s,6.07776453,148.765,0.1591
m,6.077290638,151.452,0.1583
m,6.07693828,148.137,0.1582
m,6.076490665,149.476,0.1581
m,6.075728633,147.151,0.158
m,6.073693311,151.653,0.1576
m,6.068341987,151.731,0.1579
m,6.067357306,147.829,0.1581
m,6.06623322,156.637,0.1585
m,6.063762164,154.681,0.1588
m,6.063768687,149.438,0.1591
s,6.076868335,149.644,0.161
s,6.076684393,151.349,0.161
s,6.076684393,149.965,0.161
s,6.076666543,148.952,0.161
s,6.077018785,148.352,0.1611
s,6.077018785,149.872,0.1611
s,6.077204934,150.121,0.1612
s,6.077204934,150.223,0.1612
s,6.077371036,148.504,0.1612
s,6.078171389,149.839,0.1617
s,6.078357545,149.761,0.1618
s,6.078379829,149.059,0.162
s,6.078359762,150.391,0.1619
s,6.078337484,149.57,0.1617
s,6.078183799,152.119,0.1612
s,6.078143769,151.189,0.161
s,6.078123761,149.212,0.1609
s,6.078068166,149.293,0.1608
s,6.07809454,150.467,0.1601
s,6.078092353,151.88,0.16
s,6.078054649,151.104,0.1599
s,6.07803471,150.096,0.1598
s,6.078012598,151.012,0.1596
s,6.077560663,150.004,0.159
s,6.077558493,149.999,0.1589
s,6.077518697,150.337,0.1587
m,6.077516533,151.771,0.1586
m,6.077312682,150.242,0.1585
m,6.072519569,147.968,0.1574
m,6.071183023,148.482,0.1572
m,6.070060386,152.813,0.1574
m,6.069329386,152.261,0.1577
m,6.060851675,154.345,0.1593
m,6.059557777,149.788,0.1596
m,6.058264911,148.847,0.1598
m,6.057161148,151.253,0.1601
m,6.055839998,152.633,0.1605
m,6.054707541,151.716,0.161
m,6.05214766,150.343,0.1613
m,6.050101011,155.351,0.1619
m,6.049777541,153.586,0.1622
m,6.046204721,147.333,0.1644
m,6.044971654,147.97,0.1647
m,6.043517189,148.209,0.165
m,6.042045005,148.917,0.1653
m,6.031333462,152.759,0.1669
m,6.029740897,143.178,0.167
m,6.028178087,143.43,0.1673
m,6.026753692,146.064,0.1674
m,6.016704514,146.007,0.168
m,6.015122718,150.787,0.1681
m,6.013729496,141.696,0.1683
m,6.010945319,142.788,0.1684
m,6.001852507,141.648,0.1686
m,6.000348854,143.77,0.1686
m,5.997486982,148.103,0.1686
m,5.995943098,141.845,0.1685
m,5.994587543,135.679,0.1685
m,5.986037467,147.061,0.1681
m,5.986035114,142.765,0.168
m,5.982765008,148.311,0.1679
m,5.98114715,142.622,0.1678
m,5.979507765,139.107,0.1677
m,5.968010105,145.398,0.1673
m,5.965955157,145.097,0.1672
m,5.961732507,134.262,0.1673
m,5.959536295,134.568,0.1674
m,5.947246103,148.987,0.1678
m,5.942523253,145.118,0.1678
m,5.940061078,141.049,0.1678
m,5.937629259,139.889,0.1678
m,5.935172501,134.688,0.1678
m,6.049597922,147.019,0.1625
m,6.049398495,148.044,0.1628
m,6.049199338,158.823,0.1631
m,6.04902742,156.191,0.1637
m,6.04746161,146.21,0.1641
m,6.040594288,150.36,0.1655
m,6.037337532,157.161,0.166
m,6.037344439,155.825,0.1663
m,6.034340581,143.835,0.1665
m,6.03292704,153.224,0.1667
m,6.023958347,149.303,0.1676
m,6.022587838,141.536,0.1677
m,6.022590173,143.418,0.1678
m,6.019629358,149.664,0.1679
m,6.018244348,151.694,0.1679
m,6.009399231,141.028,0.1685
m,6.008039515,145.139,0.1686
m,6.006521209,141.077,0.1686
m,6.00486827,143.483,0.1685
m,6.003359765,144.64,0.1686
m,5.993210684,143.124,0.1685
m,5.991676164,141.374,0.1684
m,5.990327555,145.484,0.1683
m,5.987691829,150.133,0.1682
m,5.977853556,138.77,0.1679
m,5.974880631,138.464,0.1677
m,5.973229616,134.541,0.1676
m,5.971556064,138.051,0.1675
m,5.969703344,140.284,0.1674
m,5.959538648,138.62,0.1675
m,5.955487061,138.805,0.1674
m,5.953640791,147.465,0.1676
m,5.951585978,140.862,0.1677
m,5.949504564,145.179,0.1677
m,5.932844646,144.292,0.1678
m,5.930183012,137.219,0.1678
m,5.927521529,137.798,0.1677
m,5.924834394,138.201,0.1676
m,5.919320705,129.556,0.1677
m,5.916463568,131.125,0.1678
m,5.913608828,137.169,0.1679
m,5.910725466,138.712,0.1679
m,5.90784432,138.917,0.1679
m,5.885234885,142.394,0.1681
m,5.881585933,134.544,0.1681
m,5.878118284,129.554,0.168
m,5.874139857,137.963,0.168
m,5.847738426,138.095,0.1676
m,5.843953177,154.606,0.1674
m,5.840201976,151.273,0.1673
m,5.836419429,143.907,0.1671
m,5.828476559,143.504,0.1671
m,5.807977638,142.343,0.1667
m,5.803237582,146.166,0.1665
m,5.79883262,144.817,0.1664
m,5.790209452,148.853,0.1663
m,5.785592805,146.075,0.1661
m,5.752731011,148.343,0.1642
m,5.752726259,151.324,0.164
m,5.743259244,148.192,0.1638
m,5.73870289,144.693,0.1635
m,5.705736562,150.851,0.1623
m,5.701127039,143.097,0.1623
m,5.696547615,147.323,0.1622
m,5.691927075,154.645,0.1617
m,5.686949753,147.206,0.1614
m,5.656355334,144.695,0.1603
m,5.651350923,149.183,0.1601
m,5.646562555,150.839,0.16
m,5.641804776,150.676,0.1598
m,5.632591834,147.749,0.1596
m,5.604060973,147.691,0.1591
m,5.595110448,155.012,0.1593
m,5.59087167,153.651,0.1593
m,5.586421894,144.98,0.1594
m,5.905089562,135.332,0.1679
m,5.899253393,141.135,0.168
m,5.895711871,141.988,0.168
m,5.895714259,129.471,0.1681
m,5.888827361,124.802,0.1681
m,5.86646375,146.951,0.168
m,5.862611412,144.168,0.1679
m,5.858914983,139.722,0.1679
m,5.858910187,148.778,0.1677
m,5.851310982,146.017,0.1677
m,5.824519427,148.019,0.167
m,5.820535349,152.703,0.167
m,5.816550099,140.668,0.1669
m,5.812382384,143.41,0.1667
m,5.780945847,148.109,0.1659
m,5.776294955,148.992,0.1655
m,5.771792311,150.778,0.165
m,5.76726612,151.857,0.1648
m,5.757769239,142.513,0.1645
m,5.734149446,143.468,0.1633
m,5.729594173,142.54,0.163
m,5.72500994,142.428,0.1628
m,5.715392087,141.91,0.1627
m,5.710747527,156.339,0.1626
m,5.682007421,141.285,0.1612
m,5.671881137,157.308,0.1609
m,5.666692345,148.663,0.1606
m,5.661536298,143.195,0.1603
m,5.632587147,143.205,0.1594
m,5.622868381,143.435,0.1593
m,5.618080217,147.775,0.1591
m,5.613262046,143.908,0.159
m,5.608624994,147.785,0.1589
m,5.582038505,150.135,0.1595
m,5.577441808,147.661,0.1596
m,5.572662466,145.642,0.1596
m,5.567921465,146.966,0.1598
m,5.563326067,149.001,0.1599
m,5.554136515,158.057,0.1601
m,5.549542365,145.266,0.1602
m,5.545134038,149.481,0.1605
m,5.536316228,148.571,0.161
m,5.531547987,159.186,0.1613
m,5.503325961,149.606,0.1624
m,5.498958206,148.709,0.1628
m,5.49434287,147.111,0.1632
m,5.48972545,152.433,0.1635
m,5.480154814,150.327,0.1637
m,5.448230918,150.618,0.167
m,5.448236037,147.032,0.1672
m,5.438532214,145.115,0.1676
m,5.433529962,151.62,0.1681
m,5.395881909,147.319,0.1718
m,5.391493558,148.539,0.1723
m,5.387108393,155.216,0.1729
m,5.382944128,158.217,0.1737
m,5.378742966,156.963,0.1744
m,5.358231709,150.955,0.1799
m,5.350177097,148.805,0.1806
m,5.346381426,143.496,0.1815
m,5.342371147,148.942,0.1824
m,5.338216605,153.675,0.1833
m,5.307375354,149.609,0.1902
m,5.302834038,155.325,0.1912
m,5.298329044,148.005,0.1922
m,5.293676284,144.767,0.1942
m,5.259765713,144.831,0.1969
m,5.255061046,138.376,0.1982
m,5.24544849,137.881,0.1989
m,5.245471364,143.3,0.1996
m,5.235629051,143.886,0.1998
m,5.205088181,152.66,0.202
m,5.199821954,154.27,0.2024
m,5.194736019,151.377,0.2028
m,5.189511141,147.308,0.2033
m,5.184406888,153.047,0.2042
m,5.526813736,149.008,0.1616
m,5.517301114,147.469,0.1617
m,5.517308413,146.879,0.162
m,5.507913335,147.811,0.1622
m,5.475577505,146.381,0.1642
m,5.47100069,149.717,0.1647
m,5.466424372,146.924,0.1652
m,5.461814464,146.737,0.1657
m,5.457427117,154.07,0.1665
m,5.428559876,152.432,0.1685
m,5.423600675,151.913,0.1693
m,5.418848898,156.512,0.1698
m,5.409514018,147.407,0.1703
m,5.40505781,156.647,0.1709
m,5.374547813,146.766,0.1753
m,5.370380993,156.581,0.1772
m,5.366402289,158.576,0.1781
m,5.358203407,155.745,0.1789
m,5.334068738,159.284,0.1856
m,5.329883481,154.655,0.1866
m,5.320977172,151.506,0.1875
m,5.316427707,144.822,0.1883
m,5.316451921,155.73,0.1891
m,5.288925985,145.303,0.1942
m,5.278825185,147.585,0.1945
m,5.273912335,147.384,0.195
m,5.269183122,147.489,0.1956
m,5.264490443,149.219,0.1962
m,5.230675768,147.751,0.2
m,5.225553165,151.721,0.2005
m,5.220607505,148.626,0.2009
m,5.21039151,150.507,0.2016
m,5.179363125,160.227,0.2047
m,5.16954618,155.797,0.2052
m,5.169566792,150.734,0.2058
m,5.159470644,156.107,0.2064
m,5.154539629,153.02,0.207
m,5.149795657,145.676,0.2078
m,5.145089375,148.236,0.2086
m,5.140554451,156.191,0.2102
m,5.135849705,145.306,0.211
m,5.104359322,140.395,0.2175
m,5.100085087,150.191,0.2185
m,5.09380943,161.314,0.2195
m,5.092270994,152.101,0.2205
m,5.091774837,148.787,0.2216
s,5.091584148,147.527,0.2213
s,5.091584148,148.512,0.2213
s,5.091326037,147.947,0.2212
s,5.091292324,147.339,0.2213
s,5.091113033,146.823,0.2213
s,5.090152966,149.348,0.2216
s,5.089939975,149.348,0.2217
s,5.089760684,148.267,0.2217
s,5.089764492,149.561,0.2218
s,5.089817247,148.251,0.2222
s,5.089817247,149.795,0.2222
s,5.090000353,150.136,0.2223
s,5.090004172,149.22,0.2224
s,5.090011815,147.29,0.2226
s,5.090188689,147.355,0.2233
s,5.090267582,149.11,0.2234
s,5.090271422,147.276,0.2235
s,5.090312798,148.766,0.2236
s,5.090320489,148.025,0.2238
s,5.090365725,148.583,0.224
s,5.090365725,146.978,0.224
s,5.090328187,148.494,0.224
s,5.090328187,147.016,0.224
s,5.09055436,147.925,0.2237
s,5.090479372,149.335,0.2237
s,5.09043804,147.671,0.2236
s,5.090359233,148.242,0.2235
s,5.090317917,147.489,0.2234
m,5.126593031,149.507,0.2118
m,5.122073285,150.097,0.2127
m,5.11755428,153.733,0.2136
m,5.113181628,151.277,0.2146
m,5.108626646,149.783,0.2155
m,5.091996074,148.458,0.2227
s,5.091790064,148.155,0.222
s,5.091587946,147.639,0.2214
s,5.091584148,146.107,0.2213
s,5.090896234,149.045,0.2213
s,5.090720741,147.906,0.2214
s,5.090545251,146.922,0.2215
s,5.090328455,149.148,0.2215
s,5.090152966,148.998,0.2216
s,5.089768301,149.766,0.2219
s,5.089589009,149.149,0.2219
s,5.089772112,149.508,0.222
s,5.089809618,149.567,0.222
s,5.089813432,149.677,0.2221
s,5.090053148,149.67,0.2227
s,5.090060804,148.794,0.2229
s,5.090139665,147.748,0.223
s,5.090181018,148.613,0.2231
s,5.090537304,149.136,0.2238
s,5.090399416,148.893,0.2239
s,5.090399416,150.007,0.2239
s,5.090399416,149.616,0.2239
s,5.090223991,148.221,0.224
s,5.090432406,146.846,0.224
s,5.090394881,147.12,0.224
s,5.090574164,147.584,0.224
s,5.090532797,146.225,0.2239
s,5.090491434,147.487,0.2238
s,5.090235304,148.45,0.2232
s,5.090194005,148.795,0.2231
s,5.090148884,150.002,0.2229
s,5.090032702,149.553,0.2228
s,5.08999526,149.63,0.2228
s,5.08991656,148.275,0.2227
s,5.089875304,149.469,0.2226
s,5.089796634,148.8,0.2225
s,5.089714163,148.939,0.2223
s,5.089130435,148.586,0.2215
s,5.089085464,147.858,0.2213
s,5.088864963,146.801,0.2212
s,5.08882001,148.192,0.221
s,5.088016566,149.599,0.2207
s,5.087837227,149.363,0.2207
s,5.08783344,151.998,0.2206
s,5.087474763,149.592,0.2206
s,5.08733279,151.216,0.2206
s,5.08646592,148.332,0.2204
s,5.086282803,147.041,0.2203
s,5.086103471,148.76,0.2203
s,5.085957741,150.714,0.2202
s,5.085778412,148.627,0.2202
s,5.085068244,150.823,0.2196
s,5.084847767,148.549,0.2195
s,5.084627295,150.07,0.2194
s,5.084406824,149.737,0.2193
s,5.083898634,149.624,0.2185
s,5.083857555,148.927,0.2184
s,5.083808998,148.342,0.2181
s,5.083771673,147.145,0.2181
s,5.083767934,148.915,0.218
s,5.084115722,149.098,0.2179
s,5.084078425,149.672,0.2179
s,5.084213031,149.293,0.2177
s,5.084209301,149.416,0.2176
s,5.084168286,150.305,0.2175
s,5.084508408,149.572,0.217
s,5.084504692,149.375,0.2169
s,5.084680345,148.545,0.2168
s,5.084680345,149.462,0.2168
s,5.089669121,148.18,0.2221
s,5.089553103,147.951,0.222
s,5.089545482,148.479,0.2218
s,5.089429508,148.308,0.2217
s,5.08920899,149.922,0.2216
s,5.088640673,147.519,0.221
s,5.088382826,147.066,0.2209
s,5.088379035,147.353,0.2208
s,5.088199694,148.868,0.2208
s,5.088016566,149.372,0.2207
s,5.087149668,148.852,0.2205
s,5.087149668,150.585,0.2205
s,5.087003921,149.408,0.2204
s,5.086824586,148.61,0.2204
s,5.085561694,148.641,0.2202
s,5.085557915,149.741,0.2201
s,5.085516756,149.393,0.22
s,5.085300044,149.247,0.22
s,5.08510939,149.977,0.2197
s,5.084324578,151.02,0.2191
s,5.084029419,148.907,0.219
s,5.083984563,149.968,0.2188
s,5.08394347,150.442,0.2187
s,5.083902382,150.088,0.2186
s,5.083909969,147.995,0.218
s,5.083868917,147.995,0.2179
s,5.083973661,148.433,0.2179
s,5.08393636,148.374,0.2179
s,5.084347653,150.703,0.2175
s,5.08416456,150.349,0.2174
s,5.084340202,150.921,0.2173
s,5.084336479,151.833,0.2172
s,5.084332759,149.386,0.2171
s,5.084639354,148.885,0.2167
s,5.084676633,149.853,0.2167
s,5.084672922,149.766,0.2166
s,5.084669213,148.727,0.2165
s,5.084706495,149.131,0.2165
s,5.084740075,150.532,0.2164
s,5.084915738,150.575,0.2163
s,5.084953027,149.169,0.2163
s,5.08499032,150.471,0.2163
s,5.085027618,150.745,0.2163
s,5.085274186,148.269,0.2161
s,5.085307796,148.514,0.216
s,5.085307796,150.196,0.216
s,5.085565483,148.623,0.2161
s,5.085565483,150.659,0.2161
s,5.085819482,149.557,0.2161
s,5.085819482,149.119,0.2161
s,5.085823182,149.067,0.2162
s,5.085968919,150.126,0.2163
s,5.085602802,152.072,0.2161
m,5.085602802,148.991,0.2161
m,5.085457073,150.047,0.216
m,5.085132,152.179,0.2159
m,5.084268887,145.883,0.2158
m,5.064068286,145.926,0.2148
m,5.059763453,152.175,0.2145
m,5.055638576,151.16,0.2142
m,5.051652197,153.612,0.2138
m,5.043284882,146.811,0.213
m,5.01701593,147.129,0.208
m,5.012216764,156.214,0.2069
m,5.002842017,144.038,0.2059
m,4.998402729,155.371,0.2048
m,4.962581601,155.196,0.1954
m,4.957731032,154.434,0.1937
m,4.952878048,157.184,0.1919
m,4.948162987,152.804,0.19
m,4.943308669,146.316,0.1881
m,4.91113281,146.03,0.1749
m,4.905559307,145.834,0.1726
m,4.899987289,154.041,0.1703
m,4.894235089,143.119,0.1679
m,4.888560007,151.819,0.1632
s,5.085240581,147.541,0.2162
s,5.085240581,149.611,0.2162
s,5.085236881,149.004,0.2161
s,5.085274186,148.584,0.2161
s,5.085565483,149.113,0.2161
s,5.085602802,148.571,0.2161
s,5.085602802,148.852,0.2161
s,5.085782159,149.5,0.2161
s,5.085782159,148.842,0.2161
s,5.086002539,150.165,0.2162
s,5.085823182,150.599,0.2162
s,5.085823182,150.945,0.2162
s,5.085823182,151.205,0.2162
s,5.085640127,152.529,0.2161
m,5.082363406,146.753,0.2156
m,5.076370871,143.39,0.2154
m,5.072571994,146.26,0.2153
m,5.068407651,149.001,0.215
m,5.043262909,141.117,0.2124
m,5.034867193,158.311,0.2118
m,5.030655495,151.917,0.2111
m,5.02644434,149.553,0.2104
m,5.021837422,151.713,0.2097
m,4.998363951,151.258,0.2037
m,4.988771487,143.554,0.2026
m,4.98339357,150.124,0.2013
m,4.978016397,148.766,0.2
m,4.972722437,144.701,0.197
m,4.938091156,150.658,0.186
m,4.932805883,144.415,0.1817
m,4.922043225,148.252,0.1795
m,4.921973015,153.522,0.1772
m,4.882988098,146.228,0.1607
m,4.871658011,151.275,0.1582
m,4.866092517,143.933,0.1558
m,4.86048662,146.093,0.1533
m,4.854921819,147.869,0.1508
m,4.849214618,153.575,0.1481
m,4.843502437,150.406,0.1426
m,4.837716789,147.497,0.1397
m,4.82625816,150.542,0.1369
m,4.794724867,146.054,0.1188
m,4.784600419,147.698,0.1164
m,4.784556781,154.312,0.114
m,4.774076963,142.273,0.1115
m,4.768996873,148.156,0.1091
m,4.739202129,151.141,0.0946
m,4.734170178,144.17,0.092
m,4.729319708,136.103,0.0895
m,4.724469641,146.762,0.0869
m,4.719840298,151.396,0.0843
m,4.687094695,140.499,0.065
m,4.68259692,143.584,0.0594
m,4.678122231,140.086,0.0566
m,4.668164328,141.487,0.0537
m,4.632649225,149.34,0.0272
m,4.62030896,142.956,0.0225
m,4.613744237,149.759,0.0162
m,4.607891801,146.511,0.0123
m,4.596513236,142.309,0.0043
m,4.571305299,153.753,0.0128
m,4.56666437,152.763,0.0176
m,4.561848478,146.949,0.0247
m,4.557482473,149.349,0.028
m,4.552586796,145.666,0.0327
m,4.509306763,140.661,0.06
m,4.503207544,147.057,0.0647
m,4.496894951,148.217,0.0695
m,4.496943415,156.232,0.0745
m,4.446559598,146.214,0.1124
m,4.440117241,144.114,0.1185
m,4.433686192,150.56,0.1247
m,4.427048665,148.176,0.1311
m,4.420788213,145.411,0.1431
m,4.82069555,147.709,0.134
m,4.815458958,147.092,0.1314
m,4.810184214,152.535,0.1288
m,4.805133687,150.871,0.1264
m,4.799989646,151.102,0.1212
m,4.76391659,145.136,0.1066
m,4.75898179,141.345,0.1019
m,4.749088344,145.659,0.0995
m,4.744055938,148.39,0.0971
m,4.715142321,144.041,0.079
m,4.710516002,141.248,0.0762
m,4.701076506,139.123,0.0734
m,4.696413012,140.628,0.0705
m,4.691753306,144.591,0.0678
m,4.6628035,141.589,0.051
m,4.657224509,145.765,0.0481
m,4.65168892,141.056,0.0452
m,4.646059171,151.851,0.0364
m,4.639200412,144.019,0.0316
m,4.591286644,144.468,0.0008
m,4.58603027,143.1,0.0026
m,4.580725588,143.931,0.0059
m,4.5756858,145.598,0.009
m,4.540792675,141.255,0.0376
m,4.536031296,152.021,0.0407
m,4.530970234,150.874,0.0443
m,4.526129905,142.38,0.0472
m,4.520788115,151.139,0.0555
m,4.484386069,144.842,0.0796
m,4.478054635,146.665,0.0848
m,4.471779224,143.284,0.09
m,4.46555647,143.188,0.1009
m,4.452838785,149.569,0.1066
m,4.414401509,155.603,0.1494
m,4.402005395,148.736,0.1558
m,4.402195152,149.854,0.1622
m,4.389518926,151.022,0.1688
m,4.38295793,147.125,0.174
m,4.376593189,145.791,0.1808
m,4.370247074,150.641,0.1878
m,4.363576843,142.254,0.193
m,4.357070748,153.31,0.1999
m,4.31177377,150.289,0.2431
m,4.305865756,156.604,0.2539
m,4.293142958,156.87,0.2592
m,4.286630623,144.545,0.2647
m,4.241981436,143.744,0.3024
m,4.242346579,144.594,0.308
m,4.229908258,143.668,0.3136
m,4.228633368,145.789,0.3017
m,4.223215533,156.047,0.306
m,5.206119106,132.477,0.4252
m,5.209806069,141.109,0.4257
m,5.2123269,129.917,0.4262
m,5.215303003,133.91,0.4264
m,5.218098426,135.679,0.4264
m,5.238386574,138.178,0.4255
m,5.240861814,136.607,0.4252
m,5.246559271,144.082,0.4251
m,5.246536565,139.501,0.4248
m,5.26718836,144.188,0.4245
m,5.270069723,146.021,0.4247
m,5.2762237,138.445,0.425
m,5.276201126,145.683,0.4247
m,5.282560006,136.742,0.4244
m,5.301477349,145.109,0.4225
m,5.30483155,149.631,0.4222
m,5.308031507,143.388,0.4219
m,5.311417444,142.33,0.4216
m,5.314729463,147.192,0.4209
m,5.335292135,139.7,0.4193
m,5.338397904,140.635,0.4188
m,5.341202735,140.031,0.4179
m,5.345922574,141.195,0.4175
m,5.347682422,141.54,0.4171
m,4.350986816,157.576,0.2124
m,4.337571611,141.082,0.2195
m,4.337817245,144.474,0.225
m,4.324525963,142.91,0.2323
m,4.318145956,145.672,0.2377
m,4.280109681,142.833,0.2699
m,4.273569896,159.376,0.2754
m,4.267569747,156.3,0.2861
m,4.261053844,140.102,0.2916
m,4.248163894,153.402,0.2968
m,5.182579434,131.447,0
m,5.20045372,130.211,0.424
m,5.202862348,134.51,0.4246
m,5.20607335,139.05,0.4246
m,5.224313131,131.285,0.4264
m,5.227318972,148.597,0.4263
m,5.230117629,132.09,0.4262
m,5.232918162,139.119,0.4261
m,5.235685897,138.791,0.4259
m,5.252575801,135.046,0.4246
m,5.255592595,144.663,0.4244
m,5.258560197,136.111,0.4242
m,5.261315876,135.699,0.4239
m,5.264075379,136.985,0.4236
m,5.285890698,142.999,0.4241
m,5.28922533,149.863,0.4238
m,5.292194401,140.628,0.4231
m,5.295179704,145.72,0.4229
m,5.322018434,144.09,0.4206
m,5.325554883,144.316,0.4203
m,5.325525417,142.715,0.4199
m,5.332101235,140.73,0.4195
m,5.349082365,138.042,0.4167
m,5.350327235,142.927,0.4163
m,5.350290949,137.649,0.4158
m,5.351677094,144.925,0.4154
m,5.352174985,145.954,0.415
m,5.352866029,135.767,0.4147
m,5.353897055,146.145,0.414
m,5.3573814,154.303,0.4137
m,5.36013383,141.429,0.4132
m,5.382609414,139.689,0.4119
m,5.386790239,146.774,0.4119
m,5.394585702,140.326,0.4117
m,5.398533227,142.693,0.4116
m,5.40204801,136.884,0.4114
m,5.420047757,141.085,0.4105
m,5.420111394,142.422,0.4114
m,5.428295219,160.739,0.4112
m,5.431640573,138.805,0.4111
m,5.434798944,143.123,0.4109
m,5.457161695,153.881,0.4092
m,5.460701338,154.346,0.4091
m,5.464439561,149.234,0.4089
m,5.468313693,144.494,0.4085
m,5.494748306,137.21,0.407
m,5.502471205,144.247,0.4068
m,5.506424438,153.669,0.4065
m,5.509996537,140.301,0.4062
m,5.513606192,144.844,0.4059
m,5.536586822,152.046,0.4052
m,5.540016855,146.482,0.4049
m,5.543482429,142.639,0.4046
m,5.547132043,146.016,0.4045
m,5.550934501,145.172,0.4039
m,5.575948556,154.525,0.4031
m,5.579853011,144.571,0.403
m,5.583732896,147.057,0.4025
m,5.587832656,155.406,0.4025
m,5.610362428,141.459,0.4023
m,5.618020147,144.692,0.4024
m,5.62182625,142.528,0.4024
m,5.621832919,154.23,0.4025
m,5.629414869,159.922,0.4024
m,5.363022814,143.694,0.4128
m,5.366525418,142.296,0.4127
m,5.370246803,144.267,0.4125
m,5.374179891,144.49,0.4124
m,5.378415394,135.042,0.412
m,5.405179231,139.248,0.4112
m,5.408320877,143.043,0.4111
m,5.411472035,145.138,0.4108
m,5.41430759,149.935,0.4106
m,5.43798557,142.825,0.4105
m,5.440938893,146.871,0.4099
m,5.446932575,148.671,0.4098
m,5.450107067,147.992,0.4096
m,5.453461186,141.771,0.4093
m,5.472212591,146.128,0.4084
m,5.480144172,157.719,0.4081
m,5.483721017,144.499,0.4077
m,5.487480472,143.258,0.4075
m,5.491024183,145.796,0.4073
m,5.517001318,138.501,0.4056
m,5.521691468,146.462,0.4061
m,5.526512443,146.69,0.4058
m,5.529932765,145.753,0.4055
m,5.554758006,148.906,0.4038
m,5.558439099,152.679,0.4038
m,5.565396983,147.077,0.4036
m,5.565383474,145.203,0.4034
m,5.572230325,155.117,0.4032
m,5.595687271,149.797,0.4023
m,5.599448423,144.917,0.4022
m,5.603077994,140.2,0.4022
m,5.606723494,140.102,0.4022
m,5.633177045,141.922,0.4023
m,5.636771077,148.25,0.4022
m,5.640196676,144.559,0.4021
m,5.646773342,137.493,0.402
m,5.650080394,150.069,0.402
m,5.653429227,138.027,0.402
m,5.65679229,139.934,0.402
m,5.660236683,138.374,0.4022
m,5.667322009,139.28,0.4023
m,5.685664744,141.568,0.4029
m,5.688696808,149.399,0.4032
m,5.694100048,139.033,0.4033
m,5.696739304,147.688,0.4033
m,5.718550127,147.359,0.4058
m,5.718569984,149.789,0.4061
m,5.723296835,158.234,0.406
m,5.725592564,147.724,0.4059
m,5.72843421,149.923,0.4059
m,5.744755028,157.298,0.4063
m,5.744768221,151.007,0.4065
m,5.74954218,149.263,0.4065
m,5.752369597,149.09,0.4064
m,5.755012276,151.179,0.4065
m,5.778868497,153.674,0.4068
m,5.78176042,151.632,0.407
m,5.784807745,150.206,0.407
m,5.787753526,157.07,0.4074
m,5.807541973,155.137,0.4077
m,5.810992125,149.877,0.4076
m,5.814109705,151.86,0.4077
m,5.817224258,151.429,0.408
m,5.839508518,144.642,0.4085
m,5.842062223,147.013,0.4086
m,5.847329982,149.456,0.4084
m,5.850285303,155.01,0.4083
m,5.870106323,141.988,0.4091
m,5.873092426,143.093,0.4094
m,5.876169307,149.383,0.4095
m,5.879405236,143.663,0.4095
m,5.882030048,143.961,0.4098
m,5.670587839,138.447,0.4023
m,5.673744362,138.996,0.4024
m,5.673744362,148.145,0.4024
m,5.679713141,140.363,0.4026
m,5.682840649,149.169,0.4027
m,5.699580319,148.787,0.4033
m,5.702388872,153.961,0.4032
m,5.705206971,142.228,0.4032
m,5.711179776,150.462,0.405
m,5.713660897,149.249,0.4056
m,5.731135421,153.787,0.4058
m,5.73386005,151.26,0.406
m,5.736901531,151.32,0.4061
m,5.742144782,156.384,0.4063
m,5.757871404,149.969,0.4063
m,5.760763399,149.182,0.4063
m,5.766770513,153.348,0.4065
m,5.772818232,157.678,0.4066
m,5.772831373,157.678,0.4068
m,5.793395173,149.126,0.4076
m,5.796500566,154.015,0.4075
m,5.799455339,152.27,0.4073
m,5.802060948,147.84,0.4076
m,5.804527589,158.119,0.4077
m,5.822549341,153.449,0.4081
m,5.825266207,157.873,0.4081
m,5.828175388,148.334,0.4082
m,5.831080401,144.12,0.4082
m,5.833759169,147.044,0.4084
m,5.853283027,148.828,0.4085
m,5.856379457,150.086,0.4086
m,5.858908063,150.879,0.4087
m,5.864637356,154.118,0.4088
m,5.867329774,140.16,0.4091
m,5.887940575,153.443,0.4097
m,5.887953567,151.578,0.4099
m,5.893181792,151.972,0.4097
m,5.896121217,153.997,0.4098
m,5.898868526,152.792,0.4097
m,5.901390264,144.605,0.4099
m,5.903895739,148.109,0.4098
m,5.907007627,144.735,0.4102
m,5.912593057,152.925,0.4105
m,5.929557101,142.941,0.4107
m,5.932428506,142.697,0.4105
m,5.938195319,143.167,0.4107
m,5.940772027,145.109,0.4111
m,5.96046555,145.915,0.4116
m,5.963424123,149.949,0.4119
m,5.966366355,140.968,0.4119
m,5.976659362,146.655,0.4137
m,5.976672299,147.482,0.4139
m,5.99332428,141.888,0.4153
m,5.996230821,152.133,0.4155
m,5.999165094,140.875,0.4157
m,6.002373505,144.98,0.4161
m,6.005722231,143.659,0.4162
m,6.025275601,145.861,0.4172
m,6.031076177,146.58,0.4174
m,6.033992632,141.254,0.4177
m,6.03708676,144.332,0.4179
m,6.039980872,144.329,0.4182
m,6.057585252,146.462,0.419
m,6.060574947,143.67,0.4193
m,6.063412622,153.307,0.4196
m,6.06643481,154.379,0.4199
m,6.069250377,154.138,0.4202
m,6.088782851,145.948,0.4211
m,6.091373294,147.636,0.4213
m,6.094497721,147.091,0.4213
m,6.097079494,154.167,0.4213
m,6.137865928,157.942,0.4239
m,6.140917944,157.789,0.4242
m,6.144212997,153.826,0.4245
m,6.147316601,156.765,0.4246
m,5.915451159,151.682,0.4107
m,5.915444678,145.971,0.4106
m,5.92145226,157.783,0.4108
m,5.923894711,145.961,0.4108
m,5.926927098,145.487,0.4107
m,5.946173214,149.823,0.4113
m,5.949129233,138.23,0.4114
m,5.952016915,153.954,0.4115
m,5.954620051,154.906,0.4116
m,5.957935978,140.237,0.4115
m,5.982366511,149.478,0.4142
m,5.98513634,145.986,0.4145
m,5.987751616,150.507,0.4148
m,5.99073458,146.076,0.4151
m,6.012323448,146.671,0.4164
m,6.015706961,150.312,0.4165
m,6.019015543,151.551,0.4166
m,6.022352661,147.5,0.4167
m,6.042694991,148.827,0.4185
m,6.04558658,138.374,0.4187
m,6.048649104,143.74,0.4187
m,6.051773928,148.601,0.4188
m,6.072250216,149.609,0.4205
m,6.075197128,146.817,0.4208
m,6.077784584,151.963,0.4207
m,6.080353009,141.776,0.4207
m,6.085684521,149.335,0.4208
m,6.099667264,156.083,0.4218
m,6.109316679,149.959,0.4223
m,6.128954841,148.299,0.4234
m,6.128974248,149.893,0.4237
m,6.134829237,151.608,0.4238
m,6.150369645,148.789,0.4248
m,6.153113423,153.421,0.4253
m,6.156376406,155.239,0.4254
m,6.159858594,154.993,0.4256
m,6.166301699,151.14,0.4258
m,6.169607657,146.526,0.426
m,6.172776118,150.545,0.4264
m,6.17560575,153.753,0.4267
m,6.178857143,154.621,0.427
m,6.182371157,152.808,0.4272
m,6.199992689,153.69,0.4286
m,6.202998258,156.601,0.4288
m,6.205848413,153.633,0.4289
m,6.208888411,158.625,0.4291
m,6.212105359,154.486,0.4292
m,6.229510108,158.613,0.4296
m,6.232678009,156.128,0.4296
m,6.235906502,152.502,0.4296
m,6.239484071,148.673,0.4298
m,6.242869721,151.549,0.4298
m,6.2614605,152.807,0.4302
m,6.264533528,148.05,0.4303
m,6.267602246,158.024,0.4303
m,6.261130786,152.121,0
m,6.277295436,150.97,0.4305
m,6.298204292,158.428,0.4307
m,6.301356614,155.054,0.4308
m,6.304638263,152.156,0.4309
m,6.307888573,150.315,0.4309
m,6.295939062,153.195,0.4154
m,6.316336469,158.284,0.4173
m,6.320876022,159.77,0.4184
m,6.325036019,150.816,0.4191
m,6.347839091,152.683,0.4219
m,6.353920105,156.856,0.4222
m,6.356965939,150.418,0.4223
m,6.3602517,147.275,0.4225
m,6.378292609,147.854,0.4232
m,6.384592693,155.816,0.4234
m,6.38747123,146.932,0.4235
m,6.390588332,149.458,0.4237
m,6.393847176,147.476,0.424
m,6.185769923,149.875,0.4275
m,6.188744633,146.846,0.4278
m,6.191611765,149.154,0.4283
m,6.197291423,145.915,0.4284
m,6.215149736,154.948,0.4294
m,6.218153789,155.01,0.4294
m,6.220926437,149.519,0.4295
m,6.226648915,146.973,0.4296
m,6.24950185,155.645,0.4299
m,6.25274165,157.822,0.4299
m,6.252748095,151.522,0.43
m,6.258389599,155.825,0.4301
m,6.280526879,157.293,0.4305
m,6.28378835,154.321,0.4305
m,6.289679645,154.4,0.4306
m,6.292456746,157.341,0.4306
m,6.295241961,158.934,0.4307
m,6.311141181,152.949,0.4309
m,6.314362809,158.698,0.4308
m,6.135552322,147.63,0.1918
m,6.140265616,155.661,0.3186
m,6.295785291,151.647,0.4129
m,6.329044966,153.757,0.4194
m,6.3328538,148.935,0.4199
m,6.3366875,156.142,0.4203
m,6.340584485,153.504,0.4214
m,6.344519633,156.039,0.4218
m,6.362904594,155.635,0.4225
m,6.365747714,155.858,0.4226
m,6.368762639,161.041,0.4229
m,6.375229851,153.274,0.423
m,6.378286395,151.676,0.4231
m,6.400344568,153.433,0.4242
m,6.403430643,152.467,0.4242
m,6.406659215,151.97,0.4243
m,6.410443496,160.09,0.4245
m,6.414023223,153.919,0.4247
m,6.417239521,156.814,0.4249
m,6.420445812,150.976,0.4252
m,6.427196873,151.34,0.4254
m,6.42720928,147.549,0.4256
m,6.449424325,156.57,0.4264
m,6.452612932,156.096,0.4266
m,6.459119883,157.35,0.4268
m,6.459132273,154.544,0.427
m,6.481676543,159.832,0.428
m,6.487757303,158.203,0.4283
m,6.491061385,155.464,0.4286
m,6.491079967,150.964,0.4289
m,6.517893875,158.435,0.4297
m,6.521105824,147.72,0.4299
m,6.5240441,151.32,0.43
m,6.527173023,154.843,0.4302
m,6.53053501,157.544,0.4305
m,6.549995961,154.634,0.4311
m,6.553210426,154.57,0.4312
m,6.556311771,159.817,0.4314
m,6.559455804,152.835,0.4316
m,6.562607392,152.835,0.4319
m,6.58378398,159.19,0.4326
m,6.586599502,155.623,0.4329
m,6.589593371,156.933,0.4331
m,6.592594619,152.965,0.4334
m,6.614836669,154.573,0.4357
m,6.617854126,151.443,0.4361
m,6.621397684,156.095,0.4364
m,6.624594878,156.622,0.4367
m,6.642777082,155.347,0.4394
m,6.644633049,150.822,0.4398
m,6.646464586,149.827,0.4401
m,6.648156655,150.937,0.4405
m,6.433594191,158.958,0.4257
m,6.436790377,153.109,0.4258
m,6.43985197,159.814,0.4259
m,6.442984276,159.064,0.426
m,6.446168933,148.878,0.4262
m,6.465896062,151.662,0.4272
m,6.469132549,152.25,0.4273
m,6.472216462,150.6,0.4275
m,6.475340342,160.172,0.4276
m,6.478754846,156.267,0.4279
m,6.497909915,161.832,0.429
m,6.501177834,154.544,0.429
m,6.504686061,159.25,0.4292
m,6.508077418,153.899,0.4294
m,6.514682838,152.763,0.4295
m,6.533843537,149.471,0.4306
m,6.540485849,161.523,0.4308
m,6.540485849,160.649,0.4308
m,6.546762856,162.134,0.431
m,6.565774564,158.074,0.4321
m,6.56914037,150.814,0.4322
m,6.572243057,154.465,0.4323
m,6.577816232,152.636,0.4321
m,6.580786359,152.628,0.4323
m,6.595944043,150.442,0.4337
m,6.598946661,151.313,0.4343
m,6.602482197,154.274,0.4346
m,6.608850461,157.388,0.435
m,6.612042604,150.368,0.4353
m,6.627616028,152.843,0.4371
m,6.630448718,156.645,0.4374
m,6.633174224,153.263,0.4383
m,6.637882618,154.97,0.4387
m,6.640573404,157.21,0.439
m,6.651610025,158.336,0.4412
m,6.652985479,154.978,0.4415
m,6.65301044,150.262,0.4419
m,6.654771679,151.103,0.4422
m,6.654815216,149.631,0.4426
m,6.654479218,150.489,0.4428
m,6.654345538,150.5,0.4433
m,6.654009574,150.821,0.4435
m,6.653679893,151.175,0.4438
m,6.653179005,150.5,0.444
m,6.652087868,148.925,0.4456
m,6.651752035,149.667,0.4458
m,6.651409908,150.38,0.4459
m,6.651276209,148.82,0.4461
m,6.651123922,150.126,0.4463
m,6.651249645,149.155,0.4477
m,6.652179839,157.651,0.4479
m,6.65311004,161.591,0.4481
m,6.655505962,154.334,0.4483
m,6.678518174,150.911,0.4497
m,6.681771285,154.685,0.45
m,6.685392524,146.271,0.4503
m,6.689026396,153.046,0.4505
m,6.716333253,151.759,0.4522
m,6.720140814,153.871,0.4524
m,6.723938227,160.393,0.4527
m,6.727749418,156.366,0.4532
m,6.735864513,150.11,0.4535
m,6.755501823,156.002,0.4547
m,6.759355387,146.355,0.4552
m,6.762990131,152.151,0.4554
m,6.770790663,146.105,0.4557
m,6.77477917,151.684,0.4559
m,6.800095259,148.538,0.457
m,6.804458775,146.953,0.4572
m,6.808829728,149.014,0.4575
m,6.817581882,154.811,0.4577
m,6.82177557,155.461,0.4578
m,6.842003939,158.834,0.459
m,6.846187867,152.902,0.4591
m,6.854742874,146,0.4593
m,6.858936339,144.38,0.4595
m,6.862956096,144.356,0.4596
m,6.652880501,151.541,0.4445
m,6.652728129,151.3,0.4447
m,6.652557187,152.218,0.4449
m,6.652240201,150.272,0.4454
m,6.651155156,149.413,0.4465
m,6.650832022,149.26,0.4469
m,6.650673452,152.491,0.447
m,6.65033771,148.461,0.4472
m,6.650356693,150.841,0.4475
m,6.658061531,148.077,0.4487
m,6.650487898,147.245,0
m,6.666556242,147.224,0.449
m,6.669475426,143.055,0.4493
m,6.675254126,162.033,0.4495
m,6.692845819,147.764,0.451
m,6.696629331,146.606,0.4512
m,6.704542847,153.252,0.4515
m,6.704555529,155.086,0.4517
m,6.712520333,153.743,0.4519
m,6.739843749,154.739,0.4537
m,6.743847587,153.006,0.454
m,6.743866613,153.712,0.4543
m,6.751685187,148.824,0.4545
m,6.778785415,152.595,0.4561
m,6.782959834,147.116,0.4563
m,6.787174764,154.465,0.4566
m,6.795732851,157.285,0.4568
m,6.825944516,153.482,0.458
m,6.829946728,146.183,0.4582
m,6.833950002,150.852,0.4584
m,6.837970177,157.084,0.4586
m,6.866983104,144.431,0.4598
m,6.870811697,146.072,0.46
m,6.874834304,151.003,0.4601
m,6.882700937,151.25,0.4601
m,6.886717415,152.541,0.4603
m,6.886717415,148.215,0.4603
m,6.894366569,154.19,0.4604
m,6.898172152,145.363,0.4606
m,6.901803598,145.749,0.4607
m,6.921415528,158.691,0.4619
s,6.921773435,156.99,0.4622
s,6.92196185,159.377,0.4625
s,6.922495638,156.499,0.4629
s,6.922853631,154.95,0.4632
s,6.923962068,157.475,0.4651
s,6.9244898,160.397,0.4654
s,6.924508832,159.111,0.4657
s,6.924852551,155.719,0.466
s,6.925041197,154.63,0.4663
s,6.926488452,158.932,0.4684
s,6.926513997,154.862,0.4688
s,6.927042077,158.138,0.4691
s,6.927230908,155.5,0.4694
s,6.928671699,158.932,0.4716
s,6.928690989,158.517,0.4719
s,6.929049675,161.551,0.4722
s,6.929061056,160.213,0.4726
s,6.92923572,160.613,0.4729
s,6.930333725,159.008,0.4748
s,6.930324485,162.144,0.4751
s,6.930315271,161.919,0.4754
s,6.930317722,161.991,0.4761
s,6.930095904,159.808,0.4764
s,6.930266132,159.308,0.4786
s,6.929874792,161.016,0.4789
s,6.930049968,159.61,0.4792
s,6.930230558,155.807,0.4798
s,6.930388348,157.823,0.482
s,6.930379692,156.526,0.4823
s,6.930376641,160.575,0.4829
s,6.930387844,154.133,0.4835
s,6.930393471,153.787,0.4838
m,6.905046947,143.5,0.4607
m,6.91118177,146.545,0.4609
m,6.914265645,146.341,0.461
m,6.917204116,148.081,0.461
s,6.92304211,158.231,0.4635
s,6.923216081,161.558,0.4638
s,6.923588664,161.435,0.4641
s,6.92376901,156.074,0.4645
s,6.925413929,156.23,0.4666
s,6.925588137,156.218,0.4669
s,6.925776836,159.901,0.4672
s,6.925951089,156.268,0.4675
s,6.926144503,158.053,0.4681
s,6.927405332,153.622,0.4697
s,6.927586189,157.17,0.4701
s,6.927775078,154.768,0.4704
s,6.928133652,161.553,0.4707
s,6.928327445,159.529,0.4713
s,6.929424772,155.214,0.4732
s,6.929618851,159.202,0.4738
s,6.929963328,161.82,0.4741
s,6.930152451,160.797,0.4744
s,6.930115398,162.336,0.4767
s,6.930084236,161.286,0.4771
s,6.930075193,158.983,0.4774
s,6.930080451,163.004,0.4777
s,6.930091015,162.035,0.4783
s,6.930221729,156.684,0.4801
s,6.930212927,157.187,0.4804
s,6.930407907,153.403,0.481
s,6.930405736,156.343,0.4814
s,6.930382826,155.127,0.4817
s,6.930370781,156.017,0.4841
s,6.930397219,161.176,0.4845
s,6.930360437,156.555,0.4848
s,6.930167923,152.828,0.4851
s,6.930159512,153.273,0.4854
s,6.930151127,153.552,0.4857
s,6.929972816,155.302,0.486
s,6.930169317,152.179,0.4864
s,6.929996863,157.143,0.487
s,6.930331315,157.521,0.4884
s,6.930343183,158.55,0.489
s,6.930286175,160.971,0.4892
s,6.930278098,157.203,0.4895
s,6.929915941,155.611,0.4898
s,6.928084043,155,0.4914
s,6.927892045,155.24,0.4917
s,6.927707375,155.648,0.4919
s,6.927719681,154.08,0.4925
s,6.926228372,161.11,0.4943
s,6.926043821,157.278,0.4945
s,6.925866043,156.94,0.4948
s,6.925695052,160.154,0.4952
s,6.925510538,160.596,0.4954
s,6.924799347,158.997,0.4968
s,6.925195061,162.931,0.497
s,6.924982691,162.611,0.4972
s,6.924620989,161.291,0.4975
s,6.924634603,159.614,0.4977
s,6.924843847,158.695,0.4995
s,6.925041093,157.209,0.5001
s,6.925061627,158.137,0.5004
s,6.925081954,161.531,0.5009
s,6.925865259,162.415,0.5028
s,6.926042186,159.453,0.5031
s,6.926226139,162.614,0.5033
s,6.926232919,157.432,0.5036
s,6.926225832,160.263,0.5039
s,6.9264372,156.475,0.5055
s,6.926614322,158.748,0.5058
s,6.926621246,157.843,0.5061
s,6.926642051,159.296,0.5066
s,6.926649016,155.567,0.5069
s,6.929974476,157.023,0.4873
s,6.929994442,156.428,0.4876
s,6.930149528,154.006,0.4878
s,6.930141326,158.091,0.4881
s,6.929547107,155.44,0.49
s,6.929198376,155.968,0.4905
s,6.928631444,152.059,0.4907
s,6.928248609,159.406,0.4909
s,6.928070618,155.72,0.4912
s,6.927719125,157.688,0.4927
s,6.927371174,158.974,0.493
s,6.926613036,160.65,0.4933
s,6.926421178,156.864,0.4936
s,6.926412933,161.958,0.4941
s,6.925312056,156.421,0.4956
s,6.925325614,160.587,0.4958
s,6.925155099,161.662,0.496
s,6.924970617,162.494,0.4962
s,6.924655034,158.975,0.498
s,6.924654707,160.949,0.4982
s,6.924674851,159.406,0.4987
s,6.924865452,160.91,0.499
s,6.924844116,161.635,0.4993
s,6.925088602,157.569,0.5012
s,6.925279342,154.928,0.5015
s,6.925299757,155.663,0.502
s,6.925490536,154.446,0.5023
s,6.925844624,159.312,0.5025
s,6.926246451,154.141,0.5044
s,6.926239418,158.316,0.5047
s,6.926232412,160.126,0.505
s,6.926416449,157.604,0.5052
s,6.926812393,155.571,0.5072
s,6.92681245,154.03,0.5074
s,6.927173787,154.281,0.5077
s,6.927351172,155.092,0.5082
s,6.927358238,159.614,0.5085
s,6.927004016,159.202,0.5087
s,6.926820066,160.855,0.5089
s,6.927011242,155.627,0.5092
s,6.927216388,155.37,0.5097
s,6.927409007,154.558,0.5114
s,6.927245951,158.878,0.5117
s,6.926912614,162.345,0.512
s,6.92673581,156.778,0.5123
s,6.926927164,158.105,0.5126
s,6.927120724,159.865,0.5143
s,6.927128123,158.738,0.5146
s,6.927114745,160.848,0.5148
s,6.927122176,156.38,0.5151
s,6.927327817,160.532,0.5156
m,6.92771314,150.075,0.5172
m,6.928075141,146.688,0.5175
m,6.928669918,149.43,0.5181
m,6.929454896,145.879,0.5184
m,6.953188845,152.545,0.5183
m,6.956716901,148.669,0.5182
m,6.96362508,161.59,0.5183
m,6.967162774,155.56,0.5185
m,6.970898422,151.467,0.5187
m,6.994490095,152.933,0.5198
m,6.994511273,146.55,0.5201
m,7.002810375,148.124,0.5205
m,7.007258844,156.252,0.521
m,7.011517062,150.271,0.5214
m,7.038430437,145.125,0.5237
m,7.047075028,154.433,0.524
m,7.051335701,151.22,0.5243
m,7.055401023,147.091,0.5246
m,7.083988365,142.29,0.5268
m,7.088274249,153.988,0.5275
m,7.09254448,153.117,0.5278
m,7.100532177,150.68,0.5282
s,6.927223532,153.125,0.51
s,6.927223706,155.337,0.5102
s,6.927217087,154.915,0.5105
s,6.927238065,155.005,0.5108
s,6.927401779,157.368,0.5111
s,6.926750678,160.974,0.5131
s,6.926914555,160.334,0.5134
s,6.92693566,157.247,0.5137
s,6.927113342,155.376,0.514
s,6.927321564,160.921,0.5159
s,6.927513124,161.184,0.5162
s,6.927527272,158.281,0.5164
m,6.927691432,144.619,0.5167
m,6.927883039,143.824,0.517
m,6.931738841,157.914,0.5186
m,6.939102453,151.845,0.5186
m,6.942976338,150.876,0.5186
m,6.946318568,153.057,0.5185
m,6.949838389,148.447,0.5183
m,6.974614439,153.249,0.5188
m,6.978516296,147.069,0.5191
m,6.982431947,154.372,0.5194
m,6.990395263,148.513,0.5196
m,7.015947841,156.315,0.5218
m,7.020551378,158.722,0.5222
m,7.025170288,143.345,0.5228
m,7.033979768,150.783,0.5231
m,7.038409235,155.18,0.5234
m,7.059500617,149.901,0.5252
m,7.067294321,149.62,0.5255
m,7.071210086,145.242,0.5259
m,7.075303883,145.253,0.5262
m,7.079743572,144.346,0.5265
m,7.104270726,142.796,0.5286
m,7.10783436,153.281,0.5288
m,7.111409934,142.552,0.529
m,7.114790418,145.28,0.5292
m,7.118724478,144.631,0.5294
m,7.126542791,147.557,0.5297
m,7.130304659,141.779,0.5302
m,7.134244505,146.338,0.5306
m,7.13819137,141.634,0.5314
m,7.170142679,151.578,0.5343
m,7.174472393,145.387,0.5349
m,7.178628989,150.806,0.5355
m,7.182587623,158.824,0.5359
m,7.213958331,154.436,0.5398
m,7.217989811,150.287,0.5403
m,7.226735118,150.611,0.5408
m,7.231118836,144.889,0.5412
m,7.235318388,151.325,0.5416
m,7.260420561,148.001,0.5449
m,7.269328274,142.667,0.5453
m,7.273532739,137.449,0.5456
m,7.277730248,140.35,0.5458
m,7.281966316,155.62,0.5464
m,7.309336289,149.066,0.5525
m,7.313323524,144.327,0.5534
m,7.321392527,148.41,0.5545
m,7.322033245,151.338,0.5633
m,7.35731736,145.36,0.5767
m,7.361088119,154.738,0.5778
m,7.365446943,144.596,0.5783
m,7.36957723,144.403,0.5794
m,7.373523206,148.055,0.5805
m,7.40033641,145.894,0.5869
m,7.404047986,146.498,0.5877
m,7.415248439,159.846,0.5948
m,7.424333007,153.633,0.6007
m,7.432413575,145.811,0.6055
m,7.469601574,147.354,0.6226
m,7.474132338,152.475,0.6232
m,7.483149117,152.016,0.6237
m,7.487339097,150.04,0.6244
m,7.141948385,142.697,0.5318
m,7.150347129,147.356,0.5322
m,7.154301468,150.966,0.5326
m,7.158256422,143.764,0.533
m,7.158284764,144.846,0.5334
m,7.186568171,152.939,0.5366
m,7.190548857,141.882,0.537
m,7.202444522,142.497,0.5378
m,7.206427045,149.922,0.5382
m,7.210430475,151.821,0.5386
m,7.239515268,147.227,0.5421
m,7.243540937,153.472,0.5425
m,7.233506751,149.82,0
m,7.255992284,142.49,0.5439
m,7.290182981,149.511,0.5466
m,7.294203873,149.292,0.5469
m,7.297824231,148.198,0.5481
m,7.301561597,149.779,0.5493
m,7.305228809,151.737,0.5502
m,7.332980241,144.398,0.5644
m,7.336630679,151.364,0.5656
m,7.340429212,149.022,0.5667
m,7.344050806,151.495,0.5679
m,7.347913831,150.506,0.57
m,7.377461759,149.626,0.5815
m,7.381272559,142.666,0.5835
m,7.385167936,140.74,0.5843
m,7.396624964,147.566,0.5861
m,7.439850585,146.971,0.6138
m,7.446175419,147.566,0.6173
m,7.455302511,145.703,0.618
m,7.458929057,143.546,0.6185
m,7.465047617,153.78,0.6217
m,7.491521656,151.449,0.625
m,7.495703978,149.509,0.6257
m,7.499855696,146.738,0.6259
m,7.508208846,147.073,0.6269
m,7.516203431,153.249,0.628
m,7.516291673,144.717,0.6291
m,7.496033951,149.859,0
m,7.524272985,142.517,0.6299
m,7.528204875,149.59,0.6318
m,7.532073413,146.235,0.6328
m,7.555107086,147.187,0.637
m,7.558946307,148.599,0.6377
m,7.562794113,146.784,0.6385
m,7.56670735,155.445,0.64
m,7.57056424,147.436,0.6408
m,7.594732302,145.227,0.6449
m,7.599002236,152.278,0.6463
m,7.607211745,153.704,0.6472
m,7.615119987,150.351,0.649
m,7.615177335,147.451,0.6497
m,7.64308796,144.443,0.6549
m,7.647112794,149.212,0.6554
m,7.650794675,148.009,0.6563
m,7.657906596,152.439,0.657
m,7.684701418,149.945,0.6623
m,7.688716721,144.746,0.6628
m,7.688783084,154.502,0.6636
m,7.697006708,149.354,0.6646
m,7.726159757,148.077,0.6706
m,7.730171237,148.538,0.6713
m,7.730229762,141.145,0.672
m,7.73819683,146.755,0.6727
m,7.859562579,150.763,0.3329
m,7.815975643,150.434,0
m,7.611152141,148.592,0.1821
m,7.562789131,150.99,0.1914
m,7.593793768,158.126,0.3359
m,7.563228706,154.021,0.3772
m,7.572178274,145.927,0.3551
m,7.59247131,148.611,0.3467
m,7.608169586,151.994,0.3375
m,7.624395002,148.665,0.3299
m,7.539690154,143.445,0.6335
m,7.543728011,145.535,0.6344
m,7.547573879,149.073,0.6352
m,7.551420239,154.965,0.636
m,7.578398731,150.452,0.6417
m,7.582240737,148.469,0.6424
m,7.586460048,148.491,0.6431
m,7.590503703,143.938,0.644
m,7.619047695,155.602,0.6506
m,7.62671576,148.317,0.6515
m,7.630771774,146.366,0.6524
m,7.634804238,149.988,0.6531
m,7.639021626,159.902,0.6538
m,7.661765949,147.028,0.6578
m,7.665617515,149.88,0.6585
m,7.669470589,157.142,0.6593
m,7.67340478,149.373,0.6609
m,7.677066165,151.58,0.6616
m,7.70125098,146.047,0.6657
m,7.70564857,147.793,0.6665
m,7.709855577,156.854,0.6673
m,7.713892447,155.424,0.6681
m,7.717991572,147.755,0.6698
m,7.742210941,154.86,0.6734
m,7.746219546,149.422,0.6741
m,7.749669536,145.216,0.6637
m,7.834277728,160.7,0.653
m,7.848331054,153.577,0.6528
m,7.596445737,155.527,0
m,7.473772218,155.599,0.1746
m,7.563082453,149.068,0.3293
m,7.513050168,161.941,0.3914
m,7.641835537,157.331,0.3237
m,7.657123704,152.915,0.318
m,7.675531256,155.547,0.3148
m,7.712278987,145.871,0.3053
m,7.723995688,153.893,0.2998
m,7.723847579,146.749,0.2956
m,7.740873073,145.107,0.2887
s,7.748798179,143.602,0.2828
s,7.756655337,143.998,0.2741
s,7.881090835,143.755,0.3069
s,7.881601315,144.173,0.3068
s,7.882609847,144.762,0.3035
s,7.883661794,144.632,0.3014
s,7.885084628,145.878,0.2993
s,7.89461622,146.952,0.283
s,7.899565435,146.929,0.281
s,7.901360063,145.92,0.279
s,7.902971959,146.567,0.2773
s,7.904595106,146.713,0.2757
s,7.919462674,143.366,0.2712
s,7.924544022,144.283,0.2742
s,7.926561401,144.901,0.2799
s,7.928834977,144.801,0.2874
s,7.930055687,143.803,0.2907
s,7.937793159,146.866,0.3042
s,7.938972599,148.059,0.3056
s,7.939025746,146.959,0.3071
s,7.940004802,148.713,0.3086
s,7.941405422,147.944,0.3165
s,7.941441996,147.679,0.3176
s,7.941660147,145.74,0.3186
s,7.941693306,147.453,0.3196
s,7.941945384,146.839,0.3214
s,7.942265326,144.953,0.3254
s,7.942322192,144.024,0.3269
s,7.942348784,143.778,0.3277
s,7.942186507,144.154,0.3285
s,7.942398391,143.97,0.3292
s,7.941839555,145.905,0.3343
s,7.941866842,147.425,0.335
s,7.94189036,147.126,0.3357
s,7.941748459,146.117,0.3369
s,7.764881846,144.291,0.2892
s,7.88331598,143.42,0.2976
s,7.881592103,142.803,0.3057
s,7.8805888,144.112,0.3068
s,7.880935984,143.932,0.3069
s,7.887826794,145.991,0.2972
s,7.889425437,146.064,0.2949
s,7.891031587,146.265,0.2928
s,7.892987993,147.87,0.2902
s,7.906396051,145.068,0.2741
s,7.907935886,145.419,0.2698
s,7.911970733,145.276,0.2683
s,7.911943118,143.998,0.2674
s,7.932924101,144.746,0.2933
s,7.934301981,145.604,0.2956
s,7.935121665,146.383,0.2978
s,7.936309866,146.412,0.2996
s,7.936939256,147.43,0.3014
s,7.94042545,146.909,0.3099
s,7.94084604,146.224,0.3113
s,7.940922016,148.088,0.3134
s,7.941147155,146.982,0.3145
s,7.941183666,145.946,0.3155
s,7.941967554,147.959,0.3222
s,7.941997526,145.502,0.323
s,7.942212597,145.848,0.3239
s,7.942050001,145.349,0.3246
s,7.942240116,144.236,0.33
s,7.942081916,143.567,0.3307
s,7.942139783,143.879,0.3322
s,7.94197794,145.981,0.3329
s,7.941812328,147.649,0.3336
s,7.941772041,145.279,0.3375
s,7.941602919,145.417,0.3381
s,7.941626593,144.176,0.3387
s,7.941465349,144.215,0.3394
s,7.941485304,144.525,0.34
s,7.941320208,144.536,0.3406
s,7.941182882,144.713,0.3418
s,7.941021738,145.049,0.3424
s,7.940482824,144.903,0.343
s,7.940506871,145.051,0.3436
s,7.939329861,144.361,0.3472
s,7.938976471,143.115,0.3478
s,7.938815792,142.647,0.3484
s,7.938647296,142.377,0.3489
s,7.938486702,142.727,0.3495
s,7.937699349,143.812,0.3535
s,7.937716294,142.949,0.354
s,7.937548582,142.231,0.3546
s,7.937590576,142.928,0.3557
s,7.936977798,144.182,0.3599
s,7.936806402,144.768,0.3604
s,7.936827543,143.549,0.3609
s,7.936656762,145.384,0.3615
s,7.936493439,146.141,0.3621
s,7.9362322,150.672,0.365
s,7.93625424,149.082,0.3656
s,7.93606977,147.599,0.3657
s,7.936096169,146.61,0.3664
s,7.936100471,146.657,0.3665
s,7.935612528,144.89,0.3684
s,7.935428113,145.49,0.3685
s,7.93543311,145.274,0.3687
s,7.935446107,145.666,0.369
s,7.934926969,146.261,0.37
s,7.934742588,149.325,0.3701
s,7.934751287,147.721,0.3703
s,7.934566912,149.226,0.3704
s,7.934386896,150.55,0.3706
s,7.934053072,147.969,0.3716
s,7.933876735,150.049,0.3718
s,7.933877467,150.129,0.3719
s,7.933701138,150.238,0.3721
s,7.933701876,149.175,0.3722
s,7.940153161,145.371,0.3442
s,7.939988404,145.447,0.3448
s,7.939819899,143.555,0.3454
s,7.939679517,143.803,0.3466
s,7.9383186,142.779,0.3501
s,7.938178626,143.514,0.3512
s,7.938014435,142.918,0.3518
s,7.938039155,143.443,0.3524
s,7.937678307,143.943,0.3529
s,7.937419269,143.109,0.3563
s,7.937255504,143.815,0.3569
s,7.93726941,143.832,0.3575
s,7.937105749,144.15,0.3581
s,7.936963659,144.228,0.3593
s,7.936514688,148.545,0.3626
s,7.936373346,147.624,0.3638
s,7.936391014,148.05,0.3643
s,7.936399565,150.196,0.3645
s,7.936101099,146.102,0.3666
s,7.935928937,146.096,0.3669
s,7.935954804,146.796,0.3675
s,7.9357667,146.802,0.3676
s,7.93579328,145.443,0.3683
s,7.935450442,145.131,0.3691
s,7.935459115,146.51,0.3693
s,7.935274719,146.261,0.3694
s,7.935093982,146.454,0.3695
s,7.935099011,146.18,0.3697
s,7.934399966,148.22,0.3709
s,7.934219967,150.218,0.3711
s,7.934228692,150.959,0.3713
s,7.934044339,150.343,0.3714
s,7.933527051,147.633,0.3726
s,7.933531432,147.707,0.3727
s,7.933351496,148.888,0.3729
s,7.933180345,147.827,0.3733
s,7.933184735,147.927,0.3734
s,7.933008446,147.538,0.3736
s,7.93301284,146.598,0.3737
s,7.932832935,147.303,0.3739
s,7.932838113,146.946,0.3741
s,7.932328555,147.944,0.3753
s,7.932147899,146.715,0.3754
s,7.932156734,144.955,0.3756
s,7.931988539,144.203,0.3759
s,7.931997388,145.549,0.3761
s,7.931666307,147.107,0.3769
m,7.931494549,149.895,0.3772
m,7.93149899,151.727,0.3773
m,7.931504257,159.482,0.3775
m,7.931690157,143.032,0.3776
m,7.946636371,141.524,0.3791
m,7.949550875,152.491,0.3794
m,7.952463088,150.236,0.3797
m,7.955417855,147.24,0.381
m,7.977020581,148.435,0.3884
m,7.800935941,144.342,0.3529
m,7.98968671,150.186,0.2906
m,6.821799339,147.472,0.0819
m,6.821624024,155.234,0
m,8.165423476,151.483,0.0698
m,8.169084911,157.809,0.0698
m,8.171818294,156.935,0.0679
m,8.176796639,157.14,0.0707
m,8.179909922,155.64,0.0701
m,8.205634985,155.675,0.0711
m,8.209313399,157.621,0.0708
m,8.212627606,157.05,0.0712
m,8.218507387,149.385,0.0707
m,8.238047455,153.722,0.0704
m,8.24487653,148.514,0.0701
m,8.248757067,152.577,0.07
m,8.252824771,153.893,0.0701
m,8.333546514,157.57,0.3262
s,7.93265744,146.421,0.3742
s,7.932671439,146.993,0.3746
s,7.932495181,147.797,0.3748
s,7.932499591,147.689,0.3749
s,7.932319727,147.954,0.3751
s,7.931820359,145.273,0.3762
s,7.931825598,145.328,0.3764
s,7.931648574,147.302,0.3765
s,7.931657438,147.15,0.3767
m,7.932421302,148.393,0.3778
m,7.933701447,146.785,0.3781
m,7.935703443,144.602,0.3783
m,7.940981487,148.49,0.3785
m,7.943719419,147.314,0.3788
m,7.961463184,149.933,0.382
m,7.961508083,145.768,0.383
m,7.967734611,147.929,0.3841
m,7.970874341,158.201,0.3852
m,7.974010723,151.352,0.3862
m,8.037465555,146.902,0.2367
m,8.147833037,147.337,0.0561
m,8.147885345,149.06,0.0676
m,8.160070261,151.064,0.066
m,8.183208636,150.598,0.0696
m,8.186882609,154.702,0.07
m,8.194043014,144.497,0.0704
m,8.198094509,153.447,0.0708
m,8.201584668,161.68,0.0707
m,8.221820912,149.4,0.0706
m,8.221819242,155.225,0.0703
m,8.228083959,153.239,0.0701
m,8.231218335,157.8,0.0705
m,8.234725367,154.474,0.0704
m,8.281064306,150.458,0.1622
m,8.303947581,155.787,0.1731
m,8.324535148,158.179,0.1808
m,8.285967045,154.816,0.1085
m,8.267950662,153.49,0.0715
m,8.263140425,152.107,0.0573
m,8.275391242,153.477,0.0617
m,8.27817342,158.705,0.0614
m,8.278186334,148.614,0.0642
m,8.304789629,157.05,0.0673
m,8.312993479,161.407,0.0691
m,8.316536511,153.125,0.0688
m,8.320826667,149.357,0.0695
m,8.348267326,152.496,0.0725
m,8.352005406,148.917,0.0727
m,8.355744492,154.836,0.0726
m,8.359670713,155.802,0.0726
m,8.363599324,149.506,0.0725
m,8.387408795,153.713,0.072
m,8.391166236,149.56,0.0718
m,8.394740039,150.481,0.0716
m,8.398499587,151.269,0.0716
m,8.406011153,152.155,0.0716
m,8.427283612,153.975,0.0712
m,8.430867441,157.954,0.0712
m,8.438410256,159.937,0.0713
m,8.44218342,152.695,0.0713
m,8.468269094,144.144,0.0712
m,8.468268542,152.232,0.0711
m,8.475659263,154.878,0.071
m,8.479074532,159.139,0.0708
m,8.482676389,150.602,0.0706
m,8.505439868,154.196,0.0703
m,8.509434395,148.983,0.0702
m,8.513616381,153.387,0.0702
m,8.51761851,154.026,0.0701
m,8.525250714,156.723,0.0702
m,8.550024502,155.575,0.0703
m,8.558804118,158.103,0.0704
m,8.563377669,157.487,0.0706
m,8.567591434,163.086,0.0706
m,8.28598785,152.975,0.0642
m,8.290270208,157.897,0.0659
m,8.293432311,151.466,0.0657
m,8.296783001,151.13,0.0659
m,8.300511736,159.565,0.0676
m,8.325493488,155.964,0.0722
m,8.329409048,152.284,0.0723
m,8.332768196,153.041,0.0721
m,8.336687242,148.65,0.0724
m,8.344342901,161.236,0.0724
m,8.36753051,150.591,0.0723
m,8.375771583,153.352,0.0722
m,8.375771583,148.93,0.0722
m,8.38365445,149.495,0.0721
m,8.409580341,156.111,0.0717
m,8.412964169,150.316,0.0716
m,8.41296305,153.512,0.0714
m,8.420120598,160.352,0.0713
m,8.4237017,156.066,0.0713
m,8.445772677,146.18,0.0713
m,8.449547989,151.8,0.0712
m,8.453143119,151.118,0.0712
m,8.457109674,158.891,0.0711
m,8.460704452,148.395,0.0711
m,8.486278506,151.612,0.0702
m,8.489883588,152.971,0.0701
m,8.497469295,155.189,0.0701
m,8.501453861,159.106,0.0702
m,8.525250714,153.918,0.0702
m,8.533060365,151.461,0.0701
m,8.53724778,153.37,0.0701
m,8.541437273,155.603,0.0702
m,8.545822322,147.627,0.0702
m,8.571791871,154.534,0.0706
m,8.575618857,153.569,0.0707
m,8.57944205,154.258,0.0708
m,8.583277053,162.751,0.0709
m,8.587288115,160.744,0.071
m,8.595504142,150.257,0.0711
m,8.59933392,153.755,0.0712
m,8.603164978,157.761,0.0713
m,8.607176866,150.079,0.0714
m,8.610813372,153.914,0.0714
m,8.634711339,155.265,0.0707
m,8.638723016,151.971,0.0702
m,8.647482061,154.888,0.07
m,8.647481003,156.534,0.0698
m,8.656199648,152.143,0.0695
m,8.686766632,155.871,0.0683
m,8.690724151,154.296,0.0681
m,8.69072314,155.154,0.0679
m,8.698409831,156.601,0.0678
m,8.707111931,160.12,0.0672
m,8.706410865,156.485,0.0671
m,8.706410371,155.423,0.067
m,8.704654388,157.103,0.067
m,8.703606497,158.748,0.067
m,8.697806825,154.474,0.0657
m,8.696930937,155.746,0.0654
m,8.696066372,157.665,0.0653
m,8.695211474,151.514,0.065
m,8.694164734,156.725,0.0644
m,8.68772444,155.088,0.0632
m,8.686886085,159.269,0.0631
m,8.685392148,159.365,0.0627
m,8.684729573,157.535,0.0629
m,8.679281562,152.127,0.0624
m,8.678116976,153.775,0.0623
m,8.67747486,157.087,0.0624
m,8.676669323,152.519,0.0624
m,8.670175978,153.173,0.0619
m,8.669433457,161.715,0.062
m,8.66832366,161.081,0.0619
m,8.66740286,160.924,0.062
m,8.61828571,156.363,0.0713
m,8.622295255,159.425,0.0712
m,8.62631118,156.902,0.071
m,8.626310096,153.798,0.0708
m,8.660933028,155.582,0.0693
m,8.665463557,151.541,0.0692
m,8.669808345,153.036,0.0689
m,8.674148241,154.874,0.0688
m,8.678468842,161.55,0.0686
m,8.702011244,155.939,0.0677
m,8.704759204,155.844,0.0675
m,8.706603439,155.13,0.0674
m,8.707729226,154.548,0.0673
m,8.707939077,159.949,0.0673
m,8.702553265,153.341,0.0668
m,8.701503415,156.017,0.0667
m,8.699564823,159.613,0.0661
m,8.698693337,155.785,0.0661
m,8.69210024,154.509,0.0642
m,8.69209886,161.026,0.0639
m,8.690398332,157.087,0.0637
m,8.689375917,153.318,0.0637
m,8.688734854,153.086,0.0637
m,8.683011396,151.927,0.0628
m,8.682149155,160.581,0.0624
m,8.681289758,151.666,0.0622
m,8.680432318,152.184,0.062
m,8.679939836,156.743,0.0624
m,8.675885764,162.132,0.0623
m,8.675095093,155.684,0.0622
m,8.674297059,158.097,0.0621
m,8.673483002,159.814,0.0624
m,8.672493943,154.541,0.0621
m,8.666298782,160.502,0.0617
m,8.665383255,161.64,0.0615
m,8.664460051,158.746,0.0613
m,8.66353868,155.218,0.0608
m,8.662599839,157.74,0.0607
m,8.661156967,162.229,0.0606
m,8.660249209,158.056,0.0604
m,8.659321151,161.828,0.0601
m,8.658569445,150.842,0.0599
m,8.657844057,161.389,0.0598
m,8.652479581,151.52,0.0582
m,8.651590157,160.016,0.0584
m,8.65069215,150.609,0.0588
m,8.649820148,155.481,0.0588
m,8.648087118,150.815,0.0592
m,8.642934828,154.865,0.0599
m,8.642108315,146.5,0.06
m,8.642109147,150.14,0.0602
m,8.640533273,147.79,0.0603
m,8.635912539,150.161,0.061
m,8.634964112,153.208,0.0612
m,8.634485848,151.922,0.0611
m,8.634010169,151.411,0.061
m,8.633567012,155.766,0.0611
m,8.630520278,159.365,0.0605
m,8.630519858,160.183,0.0604
m,8.629875684,159.307,0.0605
m,8.629472543,150.533,0.0603
m,8.629273912,156.872,0.0605
m,8.62709542,160.663,0.0602
m,8.626663012,152.413,0.0601
m,8.626307956,160.558,0.0602
m,8.625787035,162.216,0.06
m,8.624420778,160.793,0.0596
m,8.624194748,160.166,0.0595
m,8.624151367,157.476,0
m,8.624337825,153.739,0.0596
m,8.624035618,158.47,0.0596
m,8.622786237,156.857,0.0615
m,8.622112312,156.779,0.0623
m,8.619767864,147.591,0.0627
m,8.61976876,153.3,0.0629
m,8.617378342,157.502,0.0633
m,8.656713639,155.871,0.0589
m,8.655217438,161.494,0.0587
m,8.654306367,157.974,0.0586
m,8.653397271,158.458,0.0583
m,8.647237168,150.458,0.0592
m,8.646576369,149.432,0.0595
m,8.645733019,147.282,0.0595
m,8.645078814,153.241,0.0598
m,8.644414434,149.463,0.06
m,8.639888495,142.262,0.0605
m,8.639205288,142.056,0.0606
m,8.638524257,154.025,0.0606
m,8.637860963,155.681,0.0609
m,8.63719959,160.335,0.061
m,8.633111718,150.099,0.0611
m,8.632657893,153.707,0.0608
m,8.63200806,150.529,0.0606
m,8.630946745,147.372,0.0605
m,8.628835162,154.456,0
m,8.628700035,151.587,0.0604
m,8.628309966,157.024,0.0603
m,8.627891455,159.555,0.0602
m,8.627095838,157.167,0.0603
m,8.625606037,155.911,0.06
m,8.625243527,158.05,0.0599
m,8.624880305,153.502,0.0599
m,8.624694398,151.534,0.0598
m,8.62448201,162.896,0.0597
m,8.623989341,148.343,0.0598
m,8.623929026,156.95,0.0603
m,8.62368638,155.833,0.0607
m,8.623245038,159.761,0.0613
m,8.616213623,157.149,0.0636
m,8.615657019,158.466,0.0638
m,8.615857316,162.153,0.0641
m,8.616813687,151.847,0.0643
m,8.620185239,157.316,0.0644
m,8.622030302,158.97,0.0644
m,8.623695541,153.741,0.0648
m,8.62501313,155.366,0.065
m,8.626167189,153.959,0.065
m,8.631625689,152.953,0.0663
m,8.632086734,160.779,0.0666
m,8.6327147,161.93,0.0669
m,8.633365008,151.177,0.0672
m,8.634324566,159.32,0.0674
m,8.63737883,153.782,0.0683
m,8.637846333,157.153,0.0684
m,8.639013413,150.79,0.0685
m,8.639712275,153.02,0.0683
m,8.640414611,158.117,0.0682
m,8.64462656,157.846,0.0675
m,8.64580608,158.368,0.0673
m,8.64644804,157.323,0.0671
m,8.647113852,153.076,0.0669
m,8.653691667,162.623,0.0658
m,8.654447243,161.582,0.0656
m,8.655594607,158.538,0.0654
m,8.656446034,161.724,0.0652
m,8.659031877,154.598,0.0651
m,8.66541505,161.906,0.0642
m,8.667977652,155.917,0.064
m,8.669206738,160.738,0.0638
m,8.669205824,160.534,0.0636
m,8.672111877,157.776,0.0634
m,8.682466703,160.487,0.0616
m,8.685775625,161.011,0.0607
m,8.687594272,160.188,0.0604
m,8.689233407,157.365,0.0601
m,8.699564404,158.491,0.0579
m,8.700995415,161.72,0.0577
m,8.703658672,155.101,0.0574
m,8.704631159,161.664,0.0572
m,8.705813858,159.808,0.0569
m,8.627140465,155.505,0.0651
m,8.628136312,159.883,0.0654
m,8.629134435,154.437,0.0656
m,8.630548106,162.893,0.0658
m,8.630984215,154.596,0.0661
m,8.634962922,158.677,0.0676
m,8.635643491,159.96,0.0677
m,8.636287271,154.598,0.0679
m,8.636933171,150.663,0.068
m,8.641119906,161.312,0.0681
m,8.64182867,161.726,0.0681
m,8.642519415,160.621,0.0681
m,8.643908247,159.969,0.0679
m,8.644627566,160.125,0.0677
m,8.647825385,161.174,0.0667
m,8.648723053,155.913,0.0665
m,8.650301026,156.384,0.0664
m,8.651023975,156.152,0.0663
m,8.652799048,153.807,0.0658
m,8.660421235,157.268,0.065
m,8.66160751,161.121,0.0648
m,8.662820425,162.47,0.0647
m,8.664036283,161.722,0.0645
m,8.673581764,155.885,0.0632
m,8.674824426,157.813,0.0629
m,8.67625388,159.414,0.0627
m,8.677891822,161.258,0.0621
m,8.679328081,152.673,0.0619
m,8.692423669,161.42,0.0598
m,8.692422441,161.872,0.0595
m,8.69539187,156.69,0.0592
m,8.696946084,156.765,0.0588
m,8.698345756,161.183,0.0585
m,8.707233048,161.263,0.0566
m,8.708655044,158.796,0.0563
m,8.710079481,158.491,0.0559
m,8.711715559,158.258,0.0556
m,8.713535993,159.403,0.055
m,8.716850072,160.766,0.0547
m,8.718680036,159.151,0.0543
m,8.720330485,156.951,0.0539
m,8.721984208,162.184,0.0536
m,8.732715897,162.441,0.0513
m,8.734101432,159.758,0.0511
m,8.735278318,159.968,0.0504
m,8.736485591,160.786,0.05
m,8.746682781,160.458,0.0486
m,8.748203724,161.016,0.0481
m,8.750598153,159.023,0.0479
m,8.750597339,161.859,0.0476
m,8.752986641,156.225,0.0474
m,8.75802969,160.463,0.0459
m,8.758890172,156.458,0.0457
m,8.760560079,151.785,0.0453
m,8.76157999,155.087,0.0451
m,8.76236163,159.274,0.0447
m,8.769175658,152.884,0.0438
m,8.770875353,155.192,0.0443
m,8.772731086,153.639,0.045
m,8.774138111,156.381,0.0459
m,8.780303635,156.368,0.047
m,8.781247104,156.872,0.0475
m,8.782011531,156.607,0.048
m,8.783908785,158.874,0.0484
m,8.784680151,158.209,0.0488
m,8.788968868,158.467,0.0496
m,8.790573182,161.038,0.0497
m,8.791363811,158.983,0.0499
m,8.792125396,158.178,0.0501
m,8.793536749,159.713,0.0503
m,8.798497233,159.349,0.0491
m,8.798781463,158.501,0.0489
m,8.79982006,160.727,0.0486
m,8.799819223,161.312,0.0483
m,8.723613963,158.396,0.0532
m,8.725246482,161.422,0.0528
m,8.728508009,158.081,0
m,8.729952368,152.549,0.0519
m,8.731332978,161.422,0.0516
m,8.73920109,162.18,0.0499
m,8.740498758,157.305,0.0497
m,8.74198109,160.329,0.0494
m,8.743676285,155.68,0.0492
m,8.745164225,158.03,0.0489
m,8.754141442,157.455,0.0471
m,8.754542176,156.551,0.0469
m,8.755308421,154.242,0.0466
m,8.756286926,153.538,0.0463
m,8.763538227,159.063,0.0445
m,8.764353389,155.425,0.0444
m,8.766200805,158.977,0.0443
m,8.767080349,158.767,0.0441
m,8.768173498,158.185,0.044
m,8.776474054,148.447,0.0461
m,8.776474307,155.685,0.0462
m,8.778215483,161.069,0.0462
m,8.778787926,161.033,0.0464
m,8.779393357,157.233,0.0467
m,8.78468072,152.321,0.049
m,8.786228699,161.327,0.0491
m,8.787068662,157.824,0.0493
m,8.787942401,161.138,0.0495
m,8.793536152,158.582,0.0501
m,8.795382596,157.288,0.0502
m,8.79628259,160.969,0.0502
m,8.797036318,157.813,0.0502
m,8.797856277,158.984,0.0499
m,8.801021726,160.566,0.0481
m,8.801751104,160.42,0.0478
m,8.802666274,161.411,0.0479
m,8.803189959,162.076,0.0477
m,8.803650641,160.689,0.0472
m,8.804148025,162.269,0.0468
m,8.804479659,162.222,0.0465
m,8.804706486,161.422,0.046
m,8.804705246,161.375,0.0455
m,8.805383748,161.031,0.0451
m,8.807218285,158.833,0.0422
m,8.80721706,161.619,0.0416
m,8.807841626,158.097,0.0412
m,8.807840659,160.528,0.0407
m,8.808330629,161.04,0.0403
m,8.810473674,161.711,0.0372
m,8.810836391,160.258,0.0359
m,8.810879504,160.463,0.0353
m,8.811070511,161.518,0.0349
m,8.812226217,161.669,0.03
m,8.812581087,159.78,0.0292
m,8.81286732,161.817,0.0285
m,8.813336402,160.888,0.0279
m,8.81366435,161.016,0.0264
m,8.816440937,161.116,0.0217
m,8.817231,158.59,0.0211
m,8.817951506,160.239,0.0205
m,8.818605786,162.627,0.0193
m,8.818711442,160.389,0.0189
m,8.820798662,161.622,0.0159
m,8.821151448,162.229,0.0156
m,8.821214416,161.835,0.0148
m,8.821279138,162.052,0.0147
m,8.823143367,161.615,0.0157
m,8.823943307,161.903,0.0166
m,8.825551016,162.544,0.0172
m,8.825550514,160.325,0.0179
m,8.827486175,161.181,0.0186
m,8.834137847,159.025,0.023
m,8.835299348,161.833,0.0239
m,8.836721576,162.683,0.0246
m,8.838067645,160.463,0.0251
m,8.839595278,159.505,0.026
m,8.805834297,161.018,0.0447
m,8.806288273,161.087,0.0444
m,8.806529317,161.087,0.0433
m,8.806673073,160.367,0.0427
m,8.808777643,160.669,0.0401
m,8.80922712,157.981,0.0396
m,8.8095339,160.418,0.0391
m,8.810338127,162.648,0.0385
m,8.810404493,161.025,0.0379
m,8.811192141,160.637,0.0334
m,8.811136862,161.339,0.0326
m,8.811394319,162.907,0.032
m,8.811633017,161.069,0.0313
m,8.811910209,159.756,0.0306
m,8.813852122,161.957,0.0256
m,8.814310582,162.533,0.0248
m,8.814980426,161.905,0.0234
m,8.815618533,159.201,0.0225
m,8.817926188,161.226,0.0185
m,8.817791327,158.732,0.0181
m,8.818234628,161.565,0.0179
m,8.819395056,161.224,0.0171
m,8.820335326,160.563,0.0165
m,8.821606717,158.875,0.0147
m,8.821679035,161.671,0.0147
m,8.821830421,161.109,0.0148
m,8.82226592,158.141,0.0149
m,8.822703563,161.872,0.0152
m,8.828655466,162.074,0.0193
m,8.829608904,159.755,0.0201
m,8.830743319,158.4,0.021
m,8.83191898,160.559,0.0223
m,8.840907493,162.794,0.0276
m,8.842360773,159.475,0.0281
m,8.843677824,157.506,0.0287
m,8.846516307,158.469,0.0295
m,8.847720136,162.311,0.0298
m,8.849144933,161.876,0.0302
m,8.850612272,160.813,0.0306
m,8.852082247,160.064,0.0313
m,8.853774222,158.121,0.0327
m,8.867701024,157.309,0.0391
m,8.869635687,157.358,0.0415
m,8.871926905,160.462,0.0425
m,8.876639118,160.802,0.0437
m,8.879419276,161.984,0.045
m,8.8953153,158.006,0.0529
m,8.895319992,158.097,0.0543
m,8.900261293,157.754,0.0556
m,8.902629098,154.905,0.0571
m,8.905008782,161.554,0.0586
m,8.91758342,160.56,0.0674
m,8.917409303,158.611,0.0682
m,8.915823398,159.793,0.0683
m,8.913138062,157.038,0.0687
m,8.882891911,162.409,0.0704
m,8.879742407,157.441,0.0717
m,8.876371663,162.259,0.0728
m,8.872914354,161.081,0.0738
m,8.869456794,159.599,0.0747
m,8.841877323,161.25,0.0787
m,8.836068266,159.436,0.0783
m,8.832480356,158.476,0.0788
m,8.827823007,161.731,0.079
m,8.821310105,159.391,0.0794
m,8.79704163,158.296,0.0846
m,8.793108672,159.08,0.0862
m,8.789349082,157.756,0.0872
m,8.782577724,159.891,0.0881
m,8.76182159,158.384,0.0961
m,8.758242749,160.054,0.0973
m,8.750633492,158.183,0.0985
m,8.745985864,158.301,0.099
m,8.742094651,158.856,0.0999
m,8.8554279,161.163,0.0337
m,8.85922004,159.144,0.0347
m,8.859221189,161.77,0.0356
m,8.8633653,159.853,0.0367
m,8.865511251,155.734,0.0379
m,8.882421992,161.603,0.0463
m,8.885112967,158.249,0.0475
m,8.88790635,161.455,0.0502
m,8.890698867,162.028,0.0515
m,8.907737106,160.231,0.06
m,8.910210791,154.145,0.0626
m,8.912463137,155.948,0.0643
m,8.915727682,157.783,0.0654
m,8.917579541,158.71,0.0666
m,8.909840457,161.082,0.069
m,8.905754435,162.496,0.0696
m,8.901403678,161.041,0.0699
m,8.8920828,159.535,0.0702
m,8.892083322,161.893,0.0703
m,8.862678521,161.394,0.0768
m,8.857975642,162.59,0.077
m,8.850166057,162.283,0.0778
m,8.845642256,161.794,0.0781
m,8.813864652,159.8,0.0799
m,8.810717515,160.831,0.0806
m,8.810724007,157.92,0.0816
m,8.804742274,159.703,0.0826
m,8.801068421,159.777,0.0835
m,8.779450413,159.954,0.0898
m,8.775867934,158.672,0.0907
m,8.772152108,161.705,0.0916
m,8.768613787,163.261,0.0925
m,8.765222011,159.187,0.095
m,8.738381793,158.555,0.1009
m,8.730456469,159.753,0.1013
m,8.707581608,160.108,0.0819
m,8.682984058,157.727,0.0703
m,8.648795498,162.974,0.0682
m,8.648785052,160.33,0.0661
m,8.626864947,157.95,0.065
m,8.619513167,157.621,0.0645
m,8.612382244,161.358,0.0638
m,8.578815663,156.23,0.0602
m,8.568059092,159.35,0.0597
m,8.562880477,159.28,0.0594
m,8.557612738,159.678,0.059
m,8.526010347,157.55,0.0563
m,8.516448722,153.482,0.0556
m,8.510699929,158.043,0.0557
m,8.504952402,160.238,0.056
m,8.499468973,159.497,0.0561
m,8.476757692,155.38,0.0555
m,8.466128211,155.445,0.0555
m,8.461341434,155.859,0.0552
m,8.45717414,161.552,0.0551
m,8.452878084,160.058,0.055
m,8.426602728,151.36,0.0551
m,8.423414618,159.321,0.055
m,8.42124435,159.531,0.0546
m,8.419297778,159.643,0.0544
m,8.401732009,154.602,0.0542
m,8.399487685,160.142,0.0541
m,8.396933523,159.328,0.0539
m,8.394337444,155.508,0.0538
m,8.389154537,159.993,0.054
m,8.374532196,155.382,0.0535
m,8.367913143,154.056,0.0534
m,8.364761996,154.597,0.0532
m,8.364761653,149.816,0.0531
m,8.358949628,156.064,0.0529
m,8.336855067,156.943,0.0512
m,8.3334195,152.266,0.0509
m,8.333418245,153.862,0.0505
m,8.326764666,156.567,0.0499
m,8.605871659,161.435,0.0631
m,8.60019924,159.436,0.0617
m,8.595417217,156.706,0.0614
m,8.583599557,161.647,0.0611
m,8.578816926,163.111,0.0605
m,8.552522154,154.889,0.0586
m,8.546903157,161.798,0.0585
m,8.541942649,156.833,0.0574
m,8.537073634,155.454,0.0572
m,8.526012238,155.999,0.0568
m,8.494908635,161.31,0.0556
m,8.490746628,156.669,0.0556
m,8.481539833,158.978,0.0555
m,8.47675806,153.349,0.0556
m,8.448536368,157.86,0.055
m,8.440558498,153.384,0.0551
m,8.436703127,158.001,0.055
m,8.433290695,155.835,0.0551
m,8.433290331,160.131,0.055
m,8.417042061,151.503,0.054
m,8.411564454,161.787,0.0541
m,8.408693711,153.533,0.0541
m,8.405870733,157.159,0.0544
m,8.403800952,152.396,0.0544
m,8.386692429,149.536,0.0537
m,8.384053316,154.143,0.0532
m,8.381067101,155.033,0.0534
m,8.377774893,149.214,0.0535
m,8.356202644,151.045,0.0528
m,8.35340726,155.087,0.0525
m,8.350485601,156.04,0.0522
m,8.347394789,152.218,0.0516
m,8.340428132,156.448,0.0514
m,8.323157452,160.09,0.0494
m,8.319416014,155.928,0.0487
m,8.315540667,155.624,0.048
m,8.307765019,159.237,0.0464
m,8.303591969,157.606,0.0452
m,8.299601186,154.114,0.0447
m,8.294501628,162.509,0.0437
m,8.289677922,161.299,0.0427
m,8.284761874,162.436,0.0419
m,8.27993189,159.981,0.0417
m,8.256251337,161.211,0.039
m,8.252213335,161.329,0.0383
m,8.248094121,158.152,0.0368
m,8.239783402,160.241,0.0363
m,8.235751943,161.782,0.0358
m,8.214390989,158.375,0.0317
m,8.205894533,158.759,0.031
m,8.202134386,162.442,0.0302
m,8.198196971,158.598,0.0295
m,8.181392349,156.159,0.0201
m,8.178656448,158.759,0.0188
m,8.175464806,154.174,0.0171
m,8.172195576,151.764,0.0153
m,8.168712066,156.855,0.0118
m,8.140402106,157.816,0.006
m,8.134931005,156.671,0.005
m,8.129423399,157.831,0.0032
m,8.12409359,159.046,0.0021
m,8.118368116,155.872,0.0008
m,8.071055138,157.706,0.0066
m,8.065536191,158.832,0.0076
m,8.06009505,151.62,0.0086
m,8.054833037,152.686,0.0096
m,8.015988592,155.612,0.0133
m,8.011062349,157.53,0.0137
m,8.006315249,156.851,0.014
m,8.001528369,161.955,0.015
m,7.996703184,160.493,0.0156
m,7.979589391,155.646,0.0182
s,7.979192141,157.428,0.0187
s,7.979231595,158.883,0.018
s,7.979091229,156.758,0.0183
s,7.978912163,156.902,0.0184
m,8.271331931,157.141,0.0405
m,8.271330987,157.101,0.04
m,8.263617277,161.689,0.0397
m,8.259933654,159.278,0.0394
m,8.231260516,156.624,0.0355
m,8.228020511,162.464,0.035
m,8.22353265,158.203,0.0336
m,8.220521527,157.725,0.033
m,8.214391522,155.033,0.0323
m,8.19439967,153.817,0.029
m,8.190603046,161.853,0.0264
m,8.187284583,155.477,0.0246
m,8.185557629,159.319,0.023
m,8.183514058,160.547,0.0215
m,8.161619655,158.618,0.01
m,8.155806266,157.261,0.0091
m,8.150311957,155.001,0.008
m,8.145555198,156.033,0.007
m,8.105542856,161.306,0.0004
m,8.099352646,160.207,0.0016
m,8.093777928,158.017,0.0027
m,8.087923699,158.325,0.0037
m,8.082246279,149.875,0.0057
m,8.049648972,158.231,0.0105
m,8.044464016,157.276,0.012
m,8.039281448,154.604,0.0121
m,8.032580441,153.288,0.0124
m,8.021272675,155.211,0.013
m,7.987691979,157.657,0.016
m,7.983979867,160.502,0.0164
m,7.983979244,158.285,0.017
m,7.980165748,155.152,0.0176
s,7.978631798,153.924,0.0186
s,7.978491625,158.708,0.0187
s,7.978491625,156.74,0.0187
s,7.978250347,156.798,0.0187
s,7.978149173,155.997,0.0187
s,7.978188404,156.476,0.0183
s,7.978227657,156.428,0.0179
s,7.978266656,157.882,0.0178
s,7.978165425,156.474,0.0179
s,7.977488298,159.787,0.0181
s,7.977488212,156.031,0.0182
s,7.977309245,157.933,0.0182
s,7.977130278,156.118,0.0182
s,7.977169204,157.641,0.0182
s,7.976687422,158.281,0.0177
s,7.976687515,157.384,0.0176
s,7.976804461,154.672,0.0175
s,7.976703613,157.466,0.0173
s,7.976602685,157.028,0.0172
s,7.975942309,157.599,0.0167
s,7.97590322,156.754,0.0168
s,7.975685187,158.526,0.0169
s,7.975467154,157.284,0.017
s,7.974080901,157.261,0.0178
s,7.973862893,157.145,0.0179
s,7.973644977,158.058,0.0179
s,7.973644888,158.522,0.018
s,7.973644715,156.292,0.0182
s,7.973699847,158.646,0.0179
s,7.973917956,157.732,0.0177
s,7.97395703,156.118,0.0176
s,7.973957218,157.692,0.0174
s,7.973996396,156.137,0.0172
s,7.973879258,156.943,0.0174
s,7.973840092,158.956,0.0176
s,7.973800935,157.621,0.0178
s,7.973722817,159.651,0.018
s,7.973566545,158.188,0.0185
s,7.973605585,157.049,0.0184
s,7.973823669,158.417,0.0182
s,7.974194795,158.365,0
s,7.974197992,157.554,0.0176
s,7.978025376,155.271,0.0179
s,7.978025287,159.43,0.018
s,7.97784632,158.948,0.018
s,7.977667352,157.104,0.018
s,7.977667352,158.088,0.018
s,7.976990239,156.127,0.0182
s,7.976850291,156.358,0.0181
s,7.9768894,157.829,0.0179
s,7.976788403,156.882,0.0178
s,7.976501975,159.35,0.0169
s,7.976362101,155.488,0.0168
s,7.976300201,156.675,0.0167
s,7.976300201,157.995,0.0167
s,7.976121254,158.019,0.0167
s,7.975249227,157.47,0.017
s,7.974992124,157.93,0.0172
s,7.97473513,159.172,0.0173
s,7.974517113,156.851,0.0174
s,7.974299003,159.898,0.0176
s,7.973683677,155.504,0.0182
s,7.973543607,156.857,0.0183
s,7.973543607,154.815,0.0183
s,7.973582746,156.52,0.0181
s,7.974175441,157.532,0.0171
s,7.974214527,159.228,0.017
s,7.974175441,157.619,0.0171
s,7.974175441,156.855,0.0171
s,7.974097281,159.168,0.0173
s,7.973644801,159.601,0.0181
s,7.973605585,157.053,0.0184
s,7.973527589,158.598,0.0185
s,7.973527589,157.51,0.0185
s,7.973527589,157.51,0.0185
s,7.974237156,160.28,0.0174
s,7.974494255,160.01,0.0172
s,7.974572419,157.76,0.017
s,7.974790556,160.488,0.0168
s,7.974790764,156.895,0.0166
s,7.975008912,156.831,0.0164
s,7.97504801,156.59,0.0163
s,7.975226954,156.917,0.0163
s,7.975405899,157.847,0.0163
s,7.975506549,155.47,0.0166
s,7.975506549,158.469,0.0166
s,7.975685392,158.077,0.0167
s,7.975685392,157.756,0.0167
s,7.976300519,158.555,0.0164
s,7.976300627,157.195,0.0163
s,7.976378714,157.011,0.0162
s,7.976378714,158.902,0.0162
s,7.976378714,156.536,0.0162
s,7.97711719,156.966,0.0165
s,7.977257059,160.34,0.0166
s,7.97721788,157.063,0.0168
s,7.977139742,157.245,0.017
s,7.977139642,158.894,0.0171
s,7.977363792,155.883,0.0183
s,7.977363626,157.872,0.0185
s,7.977503568,157.476,0.0186
s,7.97750341,158.453,0.0188
s,7.977588007,157.836,0.02
s,7.977727878,157.106,0.0203
s,7.977571764,157.751,0.0212
s,7.97735375,154.818,0.0215
s,7.977454802,157.657,0.0218
s,7.977399998,157.272,0.0233
s,7.977539997,158.563,0.0239
s,7.977641213,155.947,0.0241
s,7.977820177,157.947,0.0243
s,7.977820162,157.134,0.0245
s,7.978637378,158.464,0.0256
s,7.978637386,158.118,0.0257
s,7.978676256,159.759,0.0258
s,7.978995384,157.76,0.0259
s,7.975405899,157.599,0.0163
s,7.975584844,158.451,0.0163
s,7.975545748,158.61,0.0164
s,7.975545641,157.606,0.0165
s,7.975506655,159.249,0.0165
s,7.97586434,158.035,0.0167
s,7.97586434,156.348,0.0167
s,7.975899216,156.364,0
s,7.975903428,157.241,0.0166
s,7.97608248,160.112,0.0165
s,7.976378714,154.813,0.0162
s,7.976557659,155.774,0.0162
s,7.976697617,157.593,0.0162
s,7.976977435,155.886,0.0163
s,7.977240478,157.74,0.0173
s,7.97720133,157.751,0.0175
s,7.977162189,156.579,0.0177
s,7.977302015,157.697,0.0179
s,7.977262804,155.17,0.0182
s,7.97764336,158.122,0.0189
s,7.977604351,158.763,0.019
s,7.977565201,158.223,0.0193
s,7.977526133,159.099,0.0195
s,7.97762712,156.53,0.0197
s,7.977415793,159.52,0.0221
s,7.977376765,159.166,0.0225
s,7.977477882,158.752,0.0228
s,7.977438947,158.611,0.023
s,7.977960272,159.505,0.0247
s,7.977960267,157.787,0.0249
s,7.978139253,156.209,0.025
s,7.978279385,158.03,0.0253
s,7.978458377,156.768,0.0254
s,7.979174386,159.618,0.026
s,7.979353403,160.481,0.0262
s,7.979532444,159.288,0.0265
s,7.979672622,156.352,0.0267
s,7.97981281,157.342,0.0269
s,7.980170846,157.648,0.0271
s,7.980311052,158.889,0.0273
s,7.980272271,157.556,0.0275
s,7.98041253,158.848,0.0278
s,7.980591637,155.835,0.0281
m,7.980974102,157.002,0.0297
m,7.978452753,157.702,0.0293
m,7.976764099,157.429,0.0293
m,7.974025101,156.989,0.0292
m,7.970134512,156.413,0.0292
m,7.938963413,156.534,0.0309
m,7.934023568,161.614,0.0321
m,7.92926285,160.441,0.0332
m,7.924464151,154.161,0.0348
m,7.887813342,162.737,0.0378
m,7.882017207,153.564,0.0383
m,7.876323607,160.647,0.0393
m,7.870629221,159.832,0.0398
m,7.859022128,159.764,0.0404
m,7.83166611,152.914,0.0435
m,7.826766021,161.279,0.0441
m,7.816567779,161.386,0.0447
m,7.816569298,160.386,0.0453
m,7.80629434,160.545,0.046
m,7.77619602,161.12,0.0509
m,7.760908483,161.776,0.0524
m,7.755677263,152.741,0.0532
m,7.750407801,160.094,0.054
m,7.719112991,154.407,0.0637
m,7.713850818,147.713,0.0655
m,7.703331475,156.1,0.0675
m,7.698467198,149.747,0.0693
m,7.693641732,162.958,0.0711
m,7.663811407,155.518,0.0792
m,7.663817779,149.85,0.0801
m,7.654067474,147.203,0.0811
m,7.64980187,149.235,0.0817
m,7.645320156,146.961,0.0824
s,7.980552883,158.761,0.0283
m,7.98073201,157.23,0.0286
m,7.98087232,157.248,0.0289
m,7.980833809,156.538,0.0295
m,7.966002319,159.759,0.0291
m,7.962189316,154.76,0.029
m,7.957979696,159.342,0.0293
m,7.948906785,159.049,0.0295
m,7.948906959,159.507,0.0298
m,7.914583437,158.509,0.0353
m,7.909503203,158.462,0.0358
m,7.904384277,160.544,0.0363
m,7.898907352,153.065,0.0368
m,7.893469204,155.52,0.0373
m,7.853289248,154.682,0.0409
m,7.847774372,159.157,0.0415
m,7.842438427,158.846,0.042
m,7.836962132,156.421,0.0425
m,7.801138343,161.534,0.0466
m,7.796200379,155.574,0.0473
m,7.791262811,156.52,0.0481
m,7.786325063,157.807,0.0488
m,7.781172006,158.328,0.0502
m,7.74510054,158.148,0.0549
m,7.739652841,153.341,0.0558
m,7.734886477,156.082,0.0574
m,7.729762383,146.7,0.059
m,7.724315676,154.731,0.0599
m,7.688779201,154.792,0.073
m,7.683659768,154.836,0.0746
m,7.678683264,155.19,0.0764
m,7.668678534,155.083,0.0783
m,7.640848078,155.691,0.0843
m,7.636012795,154.015,0.0855
m,7.626334208,157.636,0.0867
m,7.621501266,156.216,0.088
m,7.616986423,160.041,0.0889
m,7.612689293,158.809,0.0898
m,7.608354977,152.542,0.0907
m,7.603850691,151.799,0.0926
m,7.599266639,153.412,0.0939
m,7.566442812,154.316,0.1025
m,7.557339628,155.365,0.1034
m,7.552548558,153.478,0.1048
m,7.547934808,152.031,0.1059
m,7.543535418,148.155,0.1067
m,7.514890017,156.271,0.1147
m,7.510251681,156.709,0.1162
m,7.505652519,148.972,0.1178
m,7.501250517,154.578,0.1207
m,7.492285847,150.804,0.1222
m,7.45485046,151.956,0.1335
m,7.454872314,151.657,0.135
m,7.4460402,142.376,0.1366
m,7.442020267,146.014,0.1373
m,7.411311978,160.357,0.146
m,7.411329916,160.862,0.1471
m,7.402555408,151.209,0.1482
m,7.398451731,147.654,0.1494
m,7.39416998,161.384,0.1506
m,7.371715698,158.081,0.1557
m,7.371735174,159.146,0.1568
m,7.363750415,156.594,0.1578
m,7.359844354,156.93,0.1589
m,7.355905718,153.444,0.16
m,7.332602396,149.516,0.1688
m,7.330596793,150.275,0.1715
m,7.322703944,155.084,0
m,7.32034799,159.875,0.1762
m,7.29731999,159.17,0.1857
m,7.293817726,159.827,0.1866
m,7.290260216,148.618,0.1886
m,7.287161014,154.133,0.1897
m,7.280347267,154.542,0.1906
m,7.594325619,157.428,0.0953
m,7.584433859,152.517,0.0968
m,7.57949617,152.035,0.0983
m,7.575092818,153.863,0.0993
m,7.570701239,152.089,0.1014
m,7.53876041,153.868,0.1093
m,7.534009311,149.315,0.1106
m,7.529222095,155.135,0.1119
m,7.524438184,153.655,0.1134
m,7.487720831,149.804,0.1235
m,7.483087066,153.168,0.1248
m,7.478419305,144.93,0.1262
m,7.473716399,150.811,0.1276
m,7.469000834,147.363,0.1306
m,7.437972795,149.914,0.1385
m,7.434106317,149.452,0.1397
m,7.429865537,150.734,0.1422
m,7.42521178,158.326,0.1435
m,7.420596239,153.562,0.1448
m,7.390504402,158.58,0.152
m,7.387079135,156.562,0.1527
m,7.379686948,153.464,0.1535
m,7.375807933,151.765,0.1546
m,7.352018589,151.412,0.1619
m,7.348262856,150.344,0.1629
m,7.340951954,149.173,0.1638
m,7.337383053,159.834,0.1648
m,7.33385058,151.613,0.1658
m,7.316732358,162.14,0.1773
m,7.312622882,150.521,0
m,7.307391247,148.227,0.1827
m,7.3040007,150.357,0.1838
m,7.304022399,156.232,0.1848
m,7.276066647,158.823,0.1916
m,7.271342453,148.961,0.1926
m,7.264968698,151.465,0.1944
m,7.261271514,150.549,0.1956
m,7.254218639,156.551,0.1976
m,7.25424,154.621,0.1985
m,7.251932348,154.612,0.1996
m,7.245858097,149.846,0.2008
m,7.242664416,155.046,0.2019
m,7.459110468,158.44,0.1896
m,7.450850146,160.758,0.1892
m,7.450845758,153.632,0.189
m,7.44119509,157.708,0.1888
m,7.418587776,156.035,0.1944
m,7.416466408,153.209,0.1948
m,7.410886574,157.58,0
m,7.408505868,151.087,0.1958
m,14.17261358,147.52,0.2153
m,12.45701672,134.647,0.2243
m,11.49549081,141.791,1.054
m,11.30227509,136.303,1.1606
s,7.042882211,134.289,0.0348
s,7.06376292,134.104,0.0813
s,7.071239103,133.731,0.0362
s,7.072437258,133.552,0.0377
s,7.076650993,133.749,0.0434
s,7.081579398,133.788,0.0523
s,7.088590624,133.979,0.0632
s,7.087645877,134.046,0.0605
s,7.086648759,134.024,0.0587
s,7.086464677,133.964,0.0584
s,7.086098809,134.137,0.0583
s,7.089961464,134.169,0.063
s,7.091064005,134.098,0.0655
s,7.091445353,134.089,0.0651
s,7.091443708,133.911,0.0648
s,7.09196427,134.079,0.0656
s,7.074580066,133.698,0.0246
s,7.073982401,133.808,0.0238
s,7.073384749,134.003,0.0232
s,7.073152609,133.628,0.0227
m,7.240194039,147.523,0.2029
m,7.237877109,154.693,0.204
m,7.576265858,158.092,0.037
m,7.53204206,153.107,0.1321
m,7.495583064,153.841,0
m,7.438552967,162.1,0.1889
m,7.425648882,150.947,0.1926
m,7.425660138,154.772,0.1931
m,7.421708802,153.98,0.1935
m,7.420054674,153.718,0.1939
m,13.93210389,138.221,0.2191
m,13.43722744,146.795,0.2197
m,13.43569013,144.441,0
m,12.49209602,139.744,0.1762
s,7.082044069,133.984,0.0979
s,7.089321037,133.88,0.1015
s,7.084613873,133.995,0.0262
s,7.058724892,133.702,0.0218
s,7.06048652,133.931,0.0228
s,7.085100836,134.032,0.06
s,7.089660219,133.972,0.0629
s,7.089505176,133.876,0.0634
s,7.089321951,133.887,0.0633
s,7.088983181,133.767,0.0636
s,7.087796579,133.713,0.0606
s,7.087637954,133.812,0.0604
s,7.087220055,134.113,0.0599
s,7.088707704,134.234,0.0616
s,7.092667695,134.026,0.0664
s,7.086955796,134.046,0.0525
s,7.083337224,134.017,0.0338
s,7.077328645,133.928,0.0288
s,7.075202631,133.704,0.0256
s,7.072970168,133.836,0.0221
s,7.072214471,134.044,0.0219
s,7.072214592,134.066,0.0217
s,7.071849086,133.865,0.0217
s,7.071666333,133.657,0.0217
s,7.071483644,134.109,0.0216
s,7.071300892,133.847,0.0216
s,7.071142883,133.816,0.0217
s,7.071142762,133.867,0.0219
s,7.071192326,134.023,0.022
s,7.069562591,134.137,0.0241
s,7.068881218,134.118,0.0245
s,7.068150172,134.207,0.0249
s,7.067626778,133.861,0.0251
s,7.066737929,133.757,0.0252
s,7.064495325,133.564,0.0252
s,7.064495313,133.592,0.0253
s,7.064337445,133.779,0.0253
s,7.064154697,133.944,0.0254
s,7.063058272,134.079,0.0254
s,7.062875544,133.807,0.0253
s,7.062875544,133.726,0.0253
s,7.062692808,133.588,0.0253
s,7.062510071,133.751,0.0253
s,7.061828884,133.746,0.0254
s,7.06164615,133.778,0.0254
s,7.061671051,133.816,0.0253
s,7.061695945,133.643,0.0253
s,7.061695945,133.396,0.0253
s,7.061454964,133.684,0.0257
s,7.061479872,133.472,0.0258
s,7.061297144,133.597,0.0258
s,7.061322058,133.684,0.0259
s,7.060873577,133.577,0.0261
s,7.060898511,133.946,0.0262
s,7.060715787,134.012,0.0262
s,7.060715789,133.757,0.0263
s,7.060715789,133.533,0.0263
s,7.060533073,133.306,0.0265
s,7.060533073,133.454,0.0265
s,7.060740743,133.507,0.0266
s,7.060740743,133.364,0.0266
s,7.060740751,133.474,0.0267
s,7.071192326,134.037,0.022
s,7.071192213,133.952,0.0222
s,7.070643962,134.223,0.0222
s,7.070036577,134.115,0.0233
s,7.066006962,133.872,0.0253
s,7.065641485,134.12,0.0253
s,7.065433876,133.979,0.0253
s,7.065068411,133.863,0.0252
s,7.064885672,133.671,0.0252
s,7.06397195,134.043,0.0255
s,7.063789212,133.961,0.0255
s,7.063423737,133.839,0.0255
s,7.063423746,134.065,0.0254
s,7.063423746,133.885,0.0254
s,7.062327335,133.346,0.0253
s,7.061986734,133.901,0.0254
s,7.061986734,133.753,0.0254
s,7.061986734,133.57,0.0254
s,7.06174573,133.59,0.0254
s,7.06174573,133.55,0.0254
s,7.061587891,133.729,0.0255
s,7.061587884,133.977,0.0256
s,7.061430061,133.706,0.0256
s,7.06116425,133.452,0.0259
s,7.06116425,133.474,0.0259
s,7.061031372,133.744,0.026
s,7.061031371,133.656,0.0261
s,7.060873577,133.673,0.0261
s,7.060533068,133.528,0.0264
s,7.060533068,133.636,0.0264
s,7.060533068,133.519,0.0264
s,7.060533073,133.715,0.0265
s,7.060740751,133.794,0.0267
s,7.060715813,133.498,0.0267
s,7.060898547,133.514,0.0268
s,7.060898557,134.37,0.0269
s,7.060898557,133.792,0.0269
s,7.060898557,133.901,0.0269
s,7.061056361,133.524,0.027
s,7.061056361,133.751,0.027
s,7.061056361,133.722,0.027
s,7.061421827,134.077,0.0271
s,7.061421827,133.825,0.0271
s,7.061421827,133.906,0.0271
s,7.061469937,133.769,0
s,7.061421813,133.785,0.027
s,7.061604527,134.643,0.0269
s,7.061579588,133.792,0.0268
s,7.061604517,133.86,0.0268
s,7.061579588,133.847,0.0268
s,7.061579588,133.738,0.0268
s,7.061421773,134.07,0.0266
s,7.061421773,133.928,0.0266
s,7.061421766,133.843,0.0265
s,7.061421766,133.983,0.0265
m,7.061081237,133.744,0.0262
m,7.061081237,134.026,0.0261
m,7.060898511,143.448,0.0261
m,7.060898511,145.148,0.026
m,7.060616064,140.679,0.026
m,7.052822828,144.308,0.0263
m,7.050891372,150.318,0.0262
m,7.046518343,151.317,0.0263
m,7.046518341,147.657,0.0262
m,7.041296975,147.783,0.0261
m,7.023895123,142.371,0.0249
m,7.018723972,143.649,0.0249
m,7.018723972,148.597,0.0249
m,7.013281123,139.733,0.0248
m,6.993438024,147.63,0.024
m,6.990365532,140.114,0.0238
m,6.987272485,135.753,0.0236
m,6.984204902,145.513,0.0233
m,6.980933755,144.268,0.0231
s,7.061239101,134.066,0.0271
s,7.061239101,134.126,0.0271
s,7.061239101,134.122,0.0271
s,7.061421827,133.99,0.0271
s,7.061421827,133.988,0.0271
s,7.06160454,133.966,0.027
s,7.06160454,133.957,0.027
s,7.061604527,133.65,0.0269
s,7.061604527,134.253,0.0269
s,7.061579578,133.911,0.0267
s,7.061604507,133.61,0.0267
s,7.061396861,133.979,0.0268
s,7.061396851,133.961,0.0267
s,7.061396851,134.231,0.0267
s,7.061239035,133.984,0.0264
s,7.061239035,133.937,0.0264
s,7.061239032,134.012,0.0263
s,7.061056305,133.977,0.0263
s,7.061081237,134.05,0.0262
m,7.05968584,140.734,0.026
m,7.058423812,140.564,0.026
m,7.056747171,148.752,0.0259
m,7.054888424,147.95,0.026
m,7.038420602,153.033,0.0259
m,7.035363413,142.653,0.0256
m,7.032491099,154.076,0.0256
m,7.029510231,150.307,0.0254
m,7.026506955,144.018,0.0249
m,7.010470821,141.144,0.0249
m,7.007662328,141.699,0.0247
m,7.005015179,148.593,0.0245
m,6.999337292,152.216,0.0242
m,6.996489725,139.946,0.0241
m,6.974765368,145.071,0.0229
m,6.974765416,153.331,0.0228
m,6.968790516,145.249,0.0227
m,6.965898612,147.184,0.0226
m,6.962803902,138.268,0.0224
m,6.959528643,145.317,0.0223
m,6.956256188,153.89,0.0221
m,6.952986424,140.278,0.022
m,6.946271883,144.517,0.0217
m,6.925545575,143.969,0.0205
m,6.917589813,138.792,0.0204
m,6.913657922,150.557,0.0202
m,6.909728346,149.769,0.02
m,6.886504571,149.633,0.0193
m,6.878592317,157.209,0.0192
m,6.87463803,147.569,0.0192
m,6.870501493,149.982,0.0191
m,6.866406289,150.211,0.0191
m,6.84482386,141.45,0.0188
m,6.835583848,145.132,0.0188
m,6.831168485,155.836,0.0188
m,6.826570292,146.224,0.0187
m,6.82199231,150.269,0.0187
m,6.789200431,151.808,0.0185
m,6.784501386,156.561,0.0184
m,6.775142727,146.809,0.0183
m,6.775142847,149.637,0.0182
m,6.738176324,156.183,0.0178
m,6.733594254,157.382,0.0177
m,6.728828328,151.405,0.0177
m,6.723694848,146.137,0.0177
m,6.718580485,153.952,0.0176
m,6.688267418,153.296,0.0172
m,6.683228727,150.01,0.0171
m,6.678557693,145.868,0.017
m,6.673721562,148.397,0.017
m,6.668904314,144.81,0.017
m,6.632927116,150.597,0.0169
m,6.627431862,159.465,0.0168
m,6.616828013,157.521,0.0168
m,6.611516903,148.178,0.0167
m,6.94303204,138.644,0.0216
m,6.943032107,147.686,0.0215
m,6.936376706,151.244,0.0214
m,6.932961264,142.77,0.0212
m,6.929364961,152.892,0.021
m,6.905659018,149.326,0.0199
m,6.901795783,145.776,0.0199
m,6.897955091,156.03,0.0198
m,6.894115994,142.114,0.0198
m,6.890299349,156.386,0.0195
m,6.862272119,144.678,0.019
m,6.857995396,145.908,0.019
m,6.853719771,153.971,0.0189
m,6.84482386,154.951,0.0188
m,6.812877277,151.467,0.0187
m,6.808504472,147.545,0.0186
m,6.803561406,149.996,0.0187
m,6.798638548,153.938,0.0186
m,6.79391919,150.097,0.0186
m,6.765639839,150.461,0.0182
m,6.760999839,148.728,0.0181
m,6.756379114,154.107,0.018
m,6.75175856,150.79,0.0179
m,6.742758487,149.295,0.0179
m,6.713466305,144.587,0.0174
m,6.703091619,142.752,0.0173
m,6.703091619,142.616,0.0173
m,6.693122421,149.636,0.0172
m,6.664252019,148.785,0.017
m,6.654452654,151.678,0.017
m,6.654452654,146.601,0.017
m,6.643955951,146.694,0.017
m,6.638422483,156.931,0.017
m,6.606573199,152.874,0.0168
m,6.601648662,147.132,0.0169
m,6.601648516,154.227,0.017
m,6.592351499,156.685,0.017
m,6.587814205,152.318,0.017
m,6.582909512,152.725,0.017
m,6.578169736,143.264,0.0169
m,6.573613862,149.481,0.0168
m,6.56909627,147.53,0.0169
m,6.559472175,155.822,0.0169
m,6.534220709,146.299,0.0169
m,6.529685601,152.388,0.0168
m,6.520557014,148.053,0.0169
m,6.515983209,152.478,0.0169
m,6.511776794,153.406,0.017
m,6.482675952,148.302,0.0169
m,6.472139338,154.261,0.0169
m,6.466667926,150.618,0.0169
m,6.46121627,145.648,0.017
m,6.424471398,154.567,0.0169
m,6.419572015,145.299,0.0172
m,6.410122179,146.863,0.0171
m,6.405590929,154.129,0.0172
m,6.405590929,157.488,0.0172
m,6.375879883,159.264,0.0172
m,6.366045262,146.95,0.0172
m,6.361107956,155.183,0.0172
m,6.351213413,152.494,0.0172
m,6.34625614,153.755,0.0172
m,6.310047991,151.201,0.0171
m,6.304703583,155.582,0.0172
m,6.29954296,153.283,0.0172
m,6.294361973,152.404,0.0172
m,6.258115665,146.945,0.0172
m,6.252914354,144.241,0.0172
m,6.247876479,147.069,0.017
m,6.242838289,149.336,0.017
m,6.23780026,151.689,0.0169
m,6.207957863,145.084,0.0171
m,6.202878778,144.828,0.0171
m,6.197779431,142.888,0.017
m,6.18719275,141.379,0.0171
m,6.18719275,141.231,0.0171
m,6.554384903,150.461,0.0168
m,6.554384754,149.379,0.0169
m,6.543862339,151.044,0.0169
m,6.538959416,147.114,0.0168
m,6.507386882,155.069,0.017
m,6.502832864,152.531,0.017
m,6.497931098,151.835,0.017
m,6.492845805,145.043,0.017
m,6.482675802,159.062,0.017
m,6.455561676,147.649,0.0169
m,6.450294258,147.616,0.0169
m,6.439924017,149.872,0.0168
m,6.434820987,145.967,0.0168
m,6.429534442,148.346,0.0168
m,6.396285433,148.192,0.0172
m,6.391367446,150.909,0.0172
m,6.386266129,150.583,0.0171
m,6.38098119,147.441,0.0171
m,6.340931742,154.973,0.0172
m,6.335791022,146.231,0.0172
m,6.330466941,152.259,0.0171
m,6.32532638,157.261,0.0171
m,6.320349292,151.72,0.017
m,6.289180861,150.394,0.0173
m,6.2841835,149.202,0.0173
m,6.278982155,154.293,0.0173
m,6.268722176,151.766,0.0173
m,6.263500558,151.862,0.0172
m,6.232945641,141.332,0.0169
m,6.227907454,145.09,0.0169
m,6.21829978,154.785,0.017
m,6.213220524,146.694,0.0171
m,6.176381983,147.708,0.0171
m,6.176382144,148.553,0.017
m,6.165367792,146.209,0.0169
m,6.159677202,150.659,0.0168
m,6.153802912,152.065,0.0168
m,6.148091954,144.196,0.0168
m,6.142748447,144.194,0.0167
m,6.137424978,151.297,0.0168
m,6.132285346,148.763,0.0168
m,6.098472807,149.989,0.017
m,6.092966568,145.484,0.017
m,6.081914116,147.007,0.017
m,6.076591732,147.279,0.017
m,6.071453223,151.087,0.0169
m,6.047637915,148.873,0.0166
m,6.038627375,151.152,0.0165
m,6.034223623,147.918,0.0167
m,6.030594582,145.747,0.0168
m,6.028107516,152.901,0.0168
m,6.026742014,150.497,0.017
m,6.026925681,148.891,0.017
m,6.026925681,148.43,0.017
m,6.026925513,148.793,0.0171
m,6.02710885,149.643,0.0173
m,6.027109015,149.556,0.0172
m,6.027109015,150.505,0.0172
m,6.027089313,152.345,0.0171
m,6.027272981,149.519,0.0171
m,6.027253119,149.603,0.0171
m,6.027253119,149.214,0.0171
m,6.027253119,150.282,0.0171
m,6.02723326,150.296,0.0171
m,6.02723326,150.808,0.0171
m,6.027560895,151.656,0.0171
m,6.027561063,149.077,0.017
m,6.027580913,148.855,0.017
m,6.027764583,150.429,0.017
m,6.027560895,150.202,0.0171
m,6.027560729,150.015,0.0172
m,6.027560729,149.11,0.0172
m,6.027560729,149.181,0.0172
m,6.027560729,150.24,0.0172
m,6.122556955,146.13,0.0169
m,6.122556955,152.863,0.0169
m,6.113176093,143.365,0.0169
m,6.108587713,149.282,0.0169
m,6.103815803,160.386,0.0169
m,6.066498429,149.8,0.0168
m,6.061543379,149.338,0.0169
m,6.05679222,146.162,0.0169
m,6.052224933,144.734,0.0168
m,6.026578558,152.182,0.0168
m,6.026171311,150.717,0.0169
m,6.026171142,158.478,0.017
m,6.026354809,150.179,0.017
m,6.026354809,149.778,0.017
m,6.027109015,148.307,0.0172
m,6.02710885,148.889,0.0173
m,6.02710885,148.419,0.0173
m,6.02710885,151,0.0173
m,6.02710885,149.896,0.0173
m,6.027272981,149.61,0.0171
m,6.027272981,150.455,0.0171
m,6.027272981,150.302,0.0171
m,6.027253119,150.712,0.0171
m,6.02723326,149.468,0.0171
m,6.027213405,149.09,0.0171
m,6.027397074,148.695,0.0171
m,6.027397074,149.393,0.0171
m,6.027580746,149.572,0.0171
m,6.027764752,150.257,0.0169
m,6.027764583,148.909,0.017
m,6.027744732,149.921,0.017
m,6.027744732,148.936,0.017
m,6.027560895,150.36,0.0171
m,6.027560729,148.854,0.0172
m,6.027744399,150.421,0.0172
m,6.027744399,149.252,0.0172
m,6.027744399,149.609,0.0172
m,6.027744399,150.165,0.0172
m,6.027744399,149.463,0.0172
m,6.027724719,150.358,0.0171
m,6.027724719,151.433,0.0171
m,6.027908559,151.087,0.017
m,6.028315934,149.749,0.0168
m,6.028315934,149.595,0.0168
m,6.028316106,149.263,0.0167
m,6.028499949,149.278,0.0166
m,6.028500303,149.293,0.0164
m,6.028480636,148.951,0.0163
m,6.028480636,148.735,0.0163
m,6.028480636,150.01,0.0163
m,6.028644464,148.998,0.0163
m,6.028420937,146.083,0.0164
m,6.028421116,141.544,0.0163
m,6.028217611,147.184,0.0163
m,6.023854145,147.514,0.0164
m,6.020041752,148.723,0.0165
m,5.992470992,152.447,0.0171
m,5.98412048,155.672,0.017
m,5.98026981,149.391,0.0171
s,5.977212962,156.221,0.0171
s,5.974340219,154.253,0.0169
s,5.974340219,155.666,0.0169
s,5.974340219,154.214,0.0169
s,5.974340219,153.537,0.0169
s,5.974340048,151.647,0.017
s,5.97419475,154.615,0.0174
s,5.973846865,155.711,0.0174
s,5.973846702,155.582,0.0175
s,5.973682061,153.755,0.0178
s,5.973498187,155.344,0.0179
s,5.973294153,153.922,0.0184
s,5.973294006,154.07,0.0185
s,5.973458317,155.328,0.0184
s,5.973458317,155.523,0.0184
m,6.028112074,151.105,0.017
m,6.028112244,150.597,0.0169
m,6.028112244,151.15,0.0169
m,6.028112244,149.47,0.0169
m,6.028315934,149.26,0.0168
m,6.028500125,148.752,0.0165
m,6.028500125,149.213,0.0165
m,6.028500303,148.057,0.0164
m,6.028500303,149.032,0.0164
m,6.028500303,148.855,0.0164
m,6.028460792,149.463,0.0163
m,6.028624625,149.89,0.0163
m,6.028604789,150.149,0.0163
m,6.028604789,154.774,0.0163
m,6.01543515,149.603,0.0167
m,6.015434977,152.017,0.0168
m,6.005835426,144.609,0.017
m,6.001190009,147.193,0.0171
m,5.996748378,143.749,0.0171
s,5.975297736,156.453,0.017
s,5.974340219,153.563,0.0169
s,5.974320507,153.699,0.017
s,5.974340219,154.223,0.0169
s,5.974340219,153.026,0.0169
s,5.974339878,152.498,0.0171
s,5.974339878,153.902,0.0171
s,5.974175535,155.299,0.0172
s,5.974194915,151.471,0.0173
s,5.973314314,157.796,0.018
s,5.973314161,152.944,0.0181
s,5.97331401,155.531,0.0182
s,5.97331386,157.402,0.0183
s,5.973313712,157.798,0.0184
s,5.973458317,155.795,0.0184
s,5.973622486,155.961,0.0184
s,5.973622486,158.169,0.0184
s,5.973622486,155.436,0.0184
s,5.973622634,154.643,0.0183
s,5.973603088,155.009,0.0183
s,5.973786809,155.734,0.0183
s,5.973603237,155.899,0.0182
s,5.973603237,154.554,0.0182
s,5.973786958,153.855,0.0182
s,5.973583847,155.431,0.0181
s,5.973564461,155.068,0.018
s,5.973564461,153.305,0.018
s,5.973564461,153.463,0.018
s,5.973564615,151.736,0.0179
s,5.973728803,152.551,0.0179
s,5.973728803,154.266,0.0179
s,5.973912525,152.91,0.0179
s,5.973912525,154.242,0.0179
s,5.974280444,156.374,0.0176
s,5.974280284,155.594,0.0177
s,5.974464007,156.15,0.0177
s,5.974464007,155.876,0.0177
s,5.97464773,155.6,0.0177
s,5.974628201,155.168,0.0177
s,5.974628361,155.088,0.0176
s,5.974812085,154.076,0.0176
s,5.974812085,153.324,0.0176
s,5.974812246,153.593,0.0175
s,5.974812741,154.387,0.0172
s,5.974812909,155.495,0.0171
s,5.974813079,154.963,0.017
s,5.974813079,152.624,0.017
s,5.974668077,154.94,0.0172
s,5.974687446,155.043,0.0173
s,5.974871167,153.661,0.0173
s,5.974871167,153.519,0.0173
s,5.974871167,156.432,0.0173
s,5.975074593,153.902,0.0172
s,5.975074593,154.188,0.0172
s,5.975055056,152.902,0.0172
s,5.975074761,153.352,0.0171
s,5.975074761,156.442,0.0171
s,5.973767568,153.902,0.0181
s,5.973583847,153.225,0.0181
s,5.973583847,155.485,0.0181
s,5.973583847,154.472,0.0181
s,5.973564615,154.973,0.0179
s,5.973564615,153.438,0.0179
s,5.973545081,154.329,0.0179
s,5.973545081,154.118,0.0179
s,5.973545081,153.799,0.0179
s,5.973912681,153.249,0.0178
s,5.974096403,154.173,0.0178
s,5.974096562,154.233,0.0177
s,5.974299817,154.903,0.0177
s,5.974280444,153.62,0.0176
s,5.97464773,158.409,0.0177
s,5.974628201,154.96,0.0177
s,5.974628201,154.436,0.0177
s,5.974628201,153.526,0.0177
s,5.974831936,152.497,0.0174
s,5.974831936,154.562,0.0174
s,5.974832101,153.772,0.0173
s,5.974832267,153.999,0.0172
s,5.974812741,152.833,0.0172
s,5.974648884,153.743,0.017
s,5.974648884,155.936,0.017
s,5.974648714,154.75,0.0171
s,5.974668245,154.791,0.0171
s,5.974668077,153.801,0.0172
s,5.974871167,152.893,0.0173
s,5.975074426,153.982,0.0173
s,5.975074593,155.166,0.0172
s,5.975074593,155.233,0.0172
s,5.975074761,155.757,0.0171
s,5.975074931,154.649,0.017
s,5.975074931,155.562,0.017
s,5.975074931,154.677,0.017
s,5.975074931,153.852,0.017
s,5.975074931,154.135,0.017
s,5.975074931,154.717,0.017
s,5.97489121,153.706,0.017
s,5.97489121,154.829,0.017
s,5.97489121,155.2,0.017
s,5.97489121,155.578,0.017
s,5.97489121,154.121,0.017
s,5.974891381,153.19,0.0169
s,5.974910923,153.99,0.0169
s,5.974930298,156.772,0.017
s,5.974930298,153.652,0.017
s,5.974930298,155.2,0.017
s,5.974930298,154.296,0.017
s,5.975003046,154.885,0
s,5.974766129,151.772,0.017
s,5.974766129,153.725,0.017
s,5.974766129,153.749,0.017
s,5.974582409,153.761,0.017
s,5.974602135,155.383,0.0169
s,5.974602308,156.148,0.0168
s,5.974602308,157.513,0.0168
s,5.974602308,155.605,0.0168
s,5.974602308,155.973,0.0168
s,5.974621867,152.154,0.0168
s,5.974621867,154.316,0.0168
s,5.974621867,154.016,0.0168
s,5.974621867,155.109,0.0168
s,5.974622041,158.718,0.0167
s,5.974477104,157.535,0.0169
s,5.974476933,155.835,0.017
m,5.974293046,155.882,0.0171
m,5.974128733,158.893,0.0172
m,5.966583428,146.125,0.0178
m,5.958632458,154.051,0.0179
m,5.954473524,143.63,0.0178
m,5.950111052,154.532,0.0179
m,5.945952013,145.068,0.0179
s,5.974891381,154.192,0.0169
s,5.974891381,155.076,0.0169
s,5.974891381,152.742,0.0169
s,5.974891381,156.21,0.0169
s,5.97489121,154.272,0.017
s,5.974910923,153.245,0.0169
s,5.974910923,154.285,0.0169
s,5.974910752,155.22,0.017
s,5.974910752,157.086,0.017
s,5.974950019,153.557,0.0169
s,5.9747663,151.737,0.0169
s,5.9747663,153.3,0.0169
s,5.9747663,152.79,0.0169
s,5.9747663,152.385,0.0169
s,5.974601963,154.35,0.017
s,5.974602135,153.389,0.0169
s,5.974602135,154.67,0.0169
s,5.974602135,154.797,0.0169
s,5.974602135,154.81,0.0169
s,5.974602483,157.956,0.0167
s,5.974602308,154.505,0.0168
s,5.974621867,155.468,0.0168
s,5.974621867,155.42,0.0168
s,5.97480576,155.448,0.0167
s,5.97480576,155.125,0.0167
s,5.974641603,156.474,0.0167
s,5.974641428,156.449,0.0168
s,5.974641428,157.171,0.0168
m,5.974128566,150.438,0.0173
m,5.974128566,154.96,0.0173
m,5.973577256,153.629,0.0174
m,5.972435652,154.403,0.0175
m,5.969968907,156.635,0.0176
m,5.941773497,158.499,0.0179
m,5.937778913,152.772,0.0178
m,5.933600488,145.444,0.0178
m,5.92563069,148.652,0.0178
m,5.92563069,147.153,0.0178
m,5.917680464,141.603,0.0178
m,5.913502231,147.964,0.0178
m,5.909140462,148.26,0.0177
m,5.904594827,151.269,0.0177
m,5.874266305,142.208,0.0174
m,5.869720973,148.7,0.0174
m,5.864972807,149.846,0.0173
m,5.860408297,148.803,0.0173
m,5.828719345,149.618,0.0171
m,5.823952371,146.453,0.0171
m,5.819185494,141.444,0.0171
m,5.814418713,150.312,0.0171
m,5.809652029,155.687,0.0171
m,5.781808022,141.966,0.0172
m,5.777244612,150.945,0.0173
m,5.772681448,146.192,0.0173
m,5.768302346,146.153,0.0172
m,5.759341477,145.669,0.0171
m,5.728411953,151.742,0.0172
m,5.714725335,153.225,0.0172
m,5.710144409,143.413,0.0173
m,5.70556377,140.825,0.0173
m,5.679425187,152.225,0.0172
m,5.670081775,154.007,0.0171
m,5.664950423,146.427,0.0171
m,5.660205408,145.16,0.0171
m,5.655423567,141.635,0.0171
m,5.632380788,143.26,0.017
m,5.623241498,147.807,0.017
m,5.618846579,146.936,0.0171
m,5.61447042,142.582,0.017
m,5.610278268,140.743,0.0169
m,5.579206559,150.05,0.0168
m,5.574848731,143.159,0.017
m,5.570289498,147.861,0.0169
m,5.565932163,147.84,0.0169
m,5.900252521,160.421,0.0176
m,5.895910236,156.353,0.0175
m,5.891548444,157.273,0.0175
m,5.882825149,155.421,0.0174
m,5.882825149,147.714,0.0174
m,5.855863447,150.571,0.0171
m,5.851482997,144.446,0.017
m,5.842576779,149.202,0.0169
m,5.838031578,151.015,0.017
m,5.838031578,148.935,0.017
m,5.800302577,143.903,0.0172
m,5.795536189,147.584,0.0172
m,5.790934518,145.048,0.0173
m,5.786371147,150.388,0.0173
m,5.754962439,148.376,0.0171
m,5.750564442,145.24,0.0172
m,5.746350748,154.033,0.0171
m,5.741952981,156.356,0.0172
m,5.73297448,148.704,0.0171
m,5.70098324,150.724,0.0173
m,5.70098324,148.978,0.0173
m,5.692006378,143.618,0.0173
m,5.687794106,151.572,0.0172
m,5.683600334,143.746,0.0172
m,5.650844194,152.248,0.0171
m,5.646081219,144.793,0.017
m,5.637143477,156.235,0.0171
m,5.632380603,146.485,0.0171
m,5.601691705,142.848,0.0169
m,5.59729771,145.987,0.0168
m,5.592535774,146.447,0.0168
m,5.587976034,148.069,0.0168
m,5.583582181,146.507,0.0168
m,5.557181779,147.521,0.0168
m,5.552622657,144.751,0.0168
m,5.548247772,140.443,0.0167
m,5.543486872,137.657,0.0167
m,5.538560069,140.483,0.0167
m,5.529038983,154.715,0.0166
m,5.524462486,151.193,0.0166
m,5.519684262,141.357,0.0166
m,5.519684462,142.942,0.0165
m,5.510330503,141.194,0.0164
m,5.482710533,141.567,0.0162
m,5.478520942,148.281,0.0162
m,5.474129786,150.131,0.0162
m,5.469940189,152.445,0.0163
m,5.465750688,146.56,0.0164
m,5.437383383,141.286,0.0164
m,5.433396107,143.636,0.0165
m,5.429207619,146.442,0.0165
m,5.425036648,148.283,0.0165
m,5.389070682,141.542,0.0166
m,5.389070477,140.077,0.0167
m,5.378970265,142.636,0.0166
m,5.373845438,147.177,0.0166
m,5.368887644,145.773,0.0166
m,5.340033919,144.815,0.0166
m,5.335462494,148.38,0.0165
m,5.330707096,154.746,0.0164
m,5.325951611,143.696,0.0164
m,5.315653814,148.779,0.0164
m,5.286438585,145.82,0.0167
m,5.282069471,143.653,0.0166
m,5.27790113,147.103,0.0166
m,5.269715369,141.196,0.0166
m,5.241795779,147.577,0.0167
m,5.228203883,156.261,0.0171
m,5.224204126,144.617,0.0171
m,5.220372171,150.468,0.0171
m,5.216372254,147.447,0.0173
m,5.192376788,151.867,0.0177
m,5.188762586,143.26,0.0178
m,5.185148281,147.228,0.018
m,5.177351439,148.783,0.0182
m,5.173185153,139.837,0.0182
m,5.505754523,143.914,0.0164
m,5.501012445,139.861,0.0164
m,5.496253098,142.484,0.0162
m,5.487286353,152.225,0.016
m,5.461561694,150.203,0.0163
m,5.457372377,138.784,0.0164
m,5.45338494,149.038,0.0164
m,5.445191193,143.956,0.0164
m,5.441388011,138.779,0.0164
m,5.416677495,151.79,0.0165
m,5.412489352,143.573,0.0165
m,5.412489146,146.716,0.0166
m,5.403543643,150.355,0.0166
m,5.398786311,144.669,0.0166
m,5.363964284,146.27,0.0166
m,5.354301887,148.525,0.0166
m,5.349361679,146.485,0.0166
m,5.344605686,149.413,0.0166
m,5.31565339,140.877,0.0166
m,5.305205937,141.56,0.0166
m,5.300082895,147.427,0.0166
m,5.295361658,151.355,0.0167
m,5.290808009,145.052,0.0167
m,5.269715369,150.708,0.0166
m,5.260760325,146.635,0.0165
m,5.256207249,154.75,0.0166
m,5.251286163,153.068,0.0166
m,5.246549323,141.355,0.0166
m,5.212356423,143.124,0.0173
m,5.204542002,154.792,0.0174
m,5.204541603,139.884,0.0176
m,5.196359266,145.917,0.0177
m,5.168986516,142.213,0.0182
m,5.1644356,152.407,0.0183
m,5.160053028,138.968,0.0183
m,5.155870778,149.623,0.0184
m,5.151488121,145.899,0.0186
m,5.142723813,144.926,0.0187
m,5.142723634,140.982,0.0188
m,5.133559449,150.692,0.0189
m,5.128961603,147.849,0.019
m,5.099042422,144.752,0.0199
m,5.099041956,144.495,0.0202
m,5.090603742,144.46,0.0203
m,5.086545349,142.671,0.0207
m,5.08247126,142.455,0.0215
m,5.057566002,144.996,0.022
m,5.054110087,153.914,0.0221
m,5.050055911,150.22,0.0219
m,5.04968736,147.057,0.0218
s,5.049702384,148.339,0.022
s,5.04988684,148.867,0.0219
s,5.049886962,145.993,0.0218
s,5.050086567,147.407,0.0218
s,5.05008669,157.926,0.0217
s,5.050501707,146.687,0.0213
s,5.050516992,146.844,0.0213
s,5.050547574,148.84,0.0213
s,5.050562742,147.829,0.0214
s,5.050408892,147.7,0.0215
s,5.049731889,148.041,0.0223
s,5.049731777,146.717,0.0224
s,5.049731777,146.773,0.0224
s,5.049731777,146.129,0.0224
s,5.049731777,146.348,0.0224
s,5.049885238,146.909,0.0226
s,5.050069568,147.802,0.0226
s,5.050069568,146.772,0.0226
s,5.050054249,146.436,0.0226
s,5.050008216,148.307,0.0227
s,5.050008112,150.683,0.0228
s,5.049639347,149.301,0.0229
s,5.049623847,148.712,0.0231
s,5.049623751,148.777,0.0232
m,5.124363854,149.073,0.0192
m,5.11976638,145.91,0.0194
m,5.115538028,149.379,0.0194
m,5.11149406,140.845,0.0195
m,5.103269719,136.384,0.0199
m,5.077861098,148.719,0.0217
m,5.068979787,149.84,0.0219
m,5.064923848,155.338,0.022
m,5.061052734,155.992,0.022
s,5.049702384,147.607,0.022
s,5.049702384,150.019,0.022
s,5.049687118,149.444,0.022
s,5.049687118,149.907,0.022
s,5.049871575,149.939,0.0219
s,5.050286425,148.979,0.0216
s,5.050286552,148.473,0.0215
s,5.050286682,147.099,0.0214
s,5.050301959,147.509,0.0214
s,5.050501707,148.439,0.0213
s,5.050239499,148.662,0.0218
s,5.050239377,147.957,0.0219
s,5.049901119,147.381,0.0221
s,5.049716674,148.304,0.0222
s,5.049915996,147.362,0.0225
s,5.049915888,147.049,0.0226
s,5.04990056,146.51,0.0226
s,5.04990056,148.98,0.0226
s,5.04990056,147.296,0.0226
s,5.050054357,146.544,0.0225
s,5.050223374,146.705,0.0225
s,5.050208067,146.873,0.0225
s,5.050208067,147.669,0.0225
s,5.05000843,148.265,0.0225
s,5.049454626,149.418,0.0233
s,5.049454534,148.501,0.0234
s,5.049454444,147.419,0.0235
s,5.049454356,147.963,0.0236
s,5.049454269,146.707,0.0237
s,5.049623301,146.797,0.0237
s,5.049623217,147.119,0.0238
s,5.049807467,146.737,0.0239
s,5.049807387,147.744,0.024
s,5.050206502,149.169,0.0242
s,5.05040614,146.898,0.0242
s,5.050406066,147.811,0.0243
s,5.050405993,147.818,0.0244
s,5.050805014,147.634,0.0248
s,5.050789762,147.171,0.0247
s,5.050789762,148.725,0.0247
s,5.050974093,147.598,0.0247
s,5.050958717,146.743,0.0248
s,5.051143113,147.963,0.0247
s,5.051327445,147.818,0.0247
s,5.051327511,146.644,0.0246
s,5.051511841,147.441,0.0246
s,5.051511841,147.933,0.0246
s,5.051880643,146.951,0.0244
s,5.052064974,146.73,0.0244
s,5.052080283,148.549,0.0244
s,5.052264685,148.056,0.0243
s,5.052618191,147.392,0.0241
s,5.052618269,147.54,0.024
s,5.052618269,147.351,0.024
s,5.052618349,146.871,0.0239
s,5.052787464,147.436,0.0238
s,5.052757505,146.792,0.0231
s,5.052757603,146.988,0.023
s,5.052757703,147.31,0.0229
s,5.052757804,147.524,0.0228
s,5.052758122,147.049,0.0225
s,5.05252887,146.564,0.0217
s,5.052513721,147.603,0.0216
s,5.052314242,147.234,0.0215
s,5.052314372,147.303,0.0214
s,5.049822609,147.907,0.0241
s,5.049822609,147.403,0.0241
s,5.050006941,147.24,0.0241
s,5.050006941,149.112,0.0241
s,5.050206578,147.992,0.0241
s,5.050405993,147.5,0.0244
s,5.050421167,148.52,0.0246
s,5.050421101,146.887,0.0247
s,5.050620748,148.851,0.0247
s,5.050620684,147.802,0.0248
s,5.050958717,148.749,0.0248
s,5.050958717,148.071,0.0248
s,5.050958717,146.861,0.0248
s,5.051143049,147.694,0.0248
s,5.051696241,148.335,0.0245
s,5.051696241,147.707,0.0245
s,5.051880573,147.18,0.0245
s,5.051880573,147.152,0.0245
s,5.051880573,146.669,0.0245
s,5.052264685,148.307,0.0243
s,5.05226476,147.939,0.0242
s,5.05244909,147.634,0.0242
s,5.052449167,147.995,0.0241
s,5.052618191,147.713,0.0241
s,5.052787634,147.119,0.0236
s,5.052787722,147.774,0.0235
s,5.052772515,146.999,0.0234
s,5.052772607,147.533,0.0233
s,5.052742944,147.364,0.0224
s,5.05274317,146.921,0.0222
s,5.052543666,147.47,0.0221
s,5.052543784,147.131,0.022
s,5.052528746,146.609,0.0218
s,5.052483573,147.777,0.0213
s,5.052483573,147.125,0.0213
s,5.052468445,146.412,0.0212
s,5.052468581,147.64,0.0211
s,5.05245346,146.445,0.021
s,5.05251093,146.074,0
s,5.052423241,146.586,0.0208
s,5.052407997,147.347,0.0208
s,5.052392902,147.581,0.0207
s,5.052392902,149.114,0.0207
s,5.052501707,148.629,0.0203
s,5.052486648,149.405,0.0202
s,5.052471595,148.714,0.0201
s,5.052471752,148.285,0.02
s,5.052456708,149.424,0.0199
s,5.05241195,147.158,0.0194
s,5.052396935,148.231,0.0193
s,5.052396935,148.94,0.0193
s,5.052397108,147.824,0.0192
s,5.052213113,147.993,0.019
s,5.052028766,148.269,0.019
s,5.052028945,148.285,0.0189
s,5.0518446,147.809,0.0189
s,5.051660435,148.343,0.0188
m,5.051491461,149.453,0.0187
m,5.051307115,147.75,0.0187
m,5.051322309,143.604,0.0187
m,5.051322309,144.036,0.0187
m,5.051153164,144.359,0.0187
m,5.02698826,153.095,0.0186
m,5.022767322,149.741,0.0186
m,5.01856143,146.586,0.0187
m,5.01434088,146.66,0.0188
m,4.983245061,146.537,0.0182
m,4.97862978,148.594,0.018
m,4.968648006,140.808,0.0178
m,4.968648214,149.462,0.0177
m,4.958469576,145.552,0.0175
m,4.928146004,151.389,0.0165
m,4.923153167,154.971,0.0163
m,4.917989897,142.573,0.0163
m,4.917990138,153.189,0.0162
m,4.908176769,145.845,0.0162
s,5.052377811,148.633,0.0206
s,5.052547071,148.855,0.0205
s,5.052531994,149.282,0.0204
s,5.052516924,149.216,0.0203
s,5.05244167,150.141,0.0198
s,5.052441833,148.417,0.0197
s,5.052441833,150.406,0.0197
s,5.052426804,148.311,0.0196
s,5.052411781,148.514,0.0195
s,5.052197579,147.669,0.0192
s,5.052212936,148.002,0.0191
s,5.052212936,147.454,0.0191
s,5.052212936,147.081,0.0191
s,5.052212936,147.364,0.0191
s,5.051660435,148.326,0.0188
s,5.051660618,148.878,0.0187
s,5.051476273,149.024,0.0187
s,5.051545302,147.525,0
m,5.050768911,143.944,0.0189
m,5.047100281,148.147,0.0184
m,5.043645657,143.158,0.0184
m,5.035600528,151.754,0.0185
m,5.035600528,151.433,0.0185
m,5.010121007,148.624,0.0187
m,5.001468055,149.426,0.0186
m,4.99723426,155.166,0.0186
m,4.992632418,149.415,0.0184
m,4.988030763,159.965,0.0183
m,4.953657735,153.288,0.0174
m,4.948661987,149.473,0.0173
m,4.943482542,148.428,0.0171
m,4.938488561,160.105,0.0167
m,4.90320048,160.671,0.0158
m,4.898288876,151.095,0
m,4.893247816,145.095,0.0156
m,4.883468677,141.74,0.0151
m,4.878480975,149.729,0.0148
m,4.873309316,142.986,0.0145
m,4.863493349,145.594,0.0143
m,4.85867867,153.098,0.0142
m,4.853693732,144.005,0.014
m,4.816521936,145.322,0.0128
m,4.810962009,142.055,0.0127
m,4.805415688,148.909,0.0126
m,4.79450967,143.831,0.0124
m,4.789149662,146.436,0.0124
m,4.762988208,146.324,0.0124
m,4.757829011,143.734,0.0124
m,4.747524653,143.216,0.0124
m,4.742367197,148.234,0.0124
m,4.737418986,148.887,0.0125
m,4.703300806,151.682,0.013
m,4.698517686,153.428,0.013
m,4.694092646,146.302,0.0131
m,4.689853123,148.086,0.0132
m,4.662548455,156.907,0.0134
m,4.658924393,149.54,0.0135
m,4.655485431,146.794,0.0136
m,4.652243432,158.305,0.0135
m,4.649001065,151.191,0.0136
m,4.63512229,146.875,0.0137
m,4.634361031,151.468,0.0137
m,4.633980093,151.732,0.0138
m,4.633794986,153.193,0.0139
m,4.633806025,151.782,0.0139
m,4.633619402,151.664,0.0145
m,4.633619402,152.748,0.0145
m,4.633630148,150.426,0.0146
m,4.633445059,150.497,0.0147
m,4.633281495,150.625,0.015
m,4.633096703,150.201,0.015
m,4.633107474,151.869,0.0151
m,4.633107474,150.492,0.0151
m,4.633118537,147.067,0.0151
m,4.848709672,142.745,0.0137
m,4.843712381,148.106,0.0136
m,4.833179206,144.012,0.0134
m,4.827630743,155.477,0.0131
m,4.822069323,146.475,0.013
m,4.789149333,142.626,0.0125
m,4.77848158,141.433,0.0125
m,4.773308376,151.104,0.0124
m,4.768332652,144.741,0.0124
m,4.732459093,152.388,0.0126
m,4.727512094,156.212,0.0126
m,4.722565516,151.551,0.0126
m,4.717803405,151.381,0.0128
m,4.713042386,150.351,0.0128
m,4.685452496,152.165,0.0134
m,4.677046045,156.858,0.0136
m,4.673235934,151.907,0.0137
m,4.6696109,160.888,0.0138
m,4.669611525,159.204,0.0136
m,4.645955214,153.785,0.0136
m,4.640256211,152.778,0.0135
m,4.638167771,150.594,0.0136
m,4.638167771,151.104,0.0136
m,4.633805407,152.425,0.0141
m,4.633805407,152.797,0.0141
m,4.633805101,150.495,0.0142
m,4.633804798,151.274,0.0143
m,4.633619701,149.57,0.0144
m,4.633445059,151.05,0.0147
m,4.633455815,149.507,0.0148
m,4.633455815,151.753,0.0148
m,4.633455524,151.419,0.0149
m,4.633281784,151.92,0.0149
m,4.632933746,150.454,0.0151
m,4.632368022,150.106,0.0152
m,4.632368022,148.989,0.0152
m,4.628007051,146.337,0.0153
m,4.624559398,151.984,0.0154
m,4.620811582,150.872,0
m,4.616914986,143.067,0.0157
m,4.61328411,149.914,0.0157
m,4.60964259,151.107,0.0158
m,4.580626685,148.334,0.0152
m,4.57566488,152.162,0.0151
m,4.570703299,143.93,0.0152
m,4.560802636,147.451,0.0155
m,4.53451413,150.915,0.0165
m,4.53050314,146.731,0.0166
m,4.522112992,149.85,0.0169
m,4.517928383,145.367,0.0171
m,4.513549548,151.523,0.0174
m,4.491478844,147.935,0.0195
m,4.486909522,147.858,0.0199
m,4.477570713,148.367,0.0203
m,4.473374252,140.581,0.0204
m,4.468975093,142.379,0.0208
m,4.443210213,141.036,0.0222
m,4.434444608,140.115,0.0224
m,4.429894797,141.251,0.0226
m,4.420805435,147.265,0.023
m,4.390813642,153.839,0.0223
m,4.386456059,142.775,0.0222
m,4.376640306,150.446,0.022
m,4.376640455,147.346,0.0219
m,4.36662679,145.248,0.0218
m,4.339892923,140.235,0.0208
m,4.335152957,134.65,0.0202
m,4.330043781,139.459,0.0197
m,4.324757585,136.42,0.0192
m,4.320020828,134.82,0.0187
m,4.286250764,141.068,0.0177
m,4.282083641,140.57,0.0172
m,4.273577896,144.137,0.0169
m,4.269234181,138.146,0.0166
m,4.602557439,152.082,0.0157
m,4.59873287,147.708,0.0157
m,4.598733146,150.712,0.0156
m,4.590346476,150.451,0.0155
m,4.5855788,154.041,0.0153
m,4.556058067,147.568,0.0158
m,4.551489331,142.752,0.0159
m,4.547106075,150.032,0.016
m,4.54272316,147.49,0.0162
m,4.538710644,157.146,0.0164
m,4.50935604,142.431,0.0178
m,4.50498775,145.703,0.0182
m,4.500425654,150.748,0.0186
m,4.495864632,146.374,0.0188
m,4.464771547,146.549,0.0208
m,4.460383262,140.713,0.0212
m,4.455810621,148.477,0.0218
m,4.451794604,141.785,0.0219
m,4.447594375,139.476,0.0221
m,4.411710696,140.739,0.0231
m,4.407711479,137.832,0.023
m,4.403720985,147.475,0.023
m,4.399361109,141.737,0.023
m,4.394993989,141.159,0.023
m,4.36207988,148.556,0.0218
m,4.357349022,134.953,0.0216
m,4.35298912,140.004,0.0214
m,4.344449489,140.168,0.0211
m,4.315113711,142.508,0.0182
m,4.310021139,155.925,0.0182
m,4.305114981,139.038,0.018
m,4.295310955,134.48,0.0179
m,4.290777232,140.15,0.0178
m,4.264712,148.329,0.0164
m,4.260561147,142.333,0.0161
m,4.256417014,146.126,0.0158
m,4.252458384,141.159,0.0156
m,4.248500402,141.846,0.0154
m,4.244356978,139.952,0.0155
m,4.240209093,137.481,0.0154
m,4.231741,141.989,0.0154
m,4.227601126,153.142,0.0152
m,4.223646757,136.483,0.0151
m,4.201230659,145.655,0.0145
m,4.201231335,142.098,0.0143
m,4.194082986,144.315,0.0142
m,4.190503842,138.511,0.0144
m,4.18692674,152.254,0.0142
m,4.160606271,140.986,0.0138
m,4.156112645,136.993,0.0137
m,4.151244427,141.812,0.0137
m,4.142070249,138.354,0.0136
m,4.113227342,140.892,0.0133
m,4.110421725,136.397,0.0134
m,4.108365571,134.383,0.0133
m,4.106872755,133.453,0.0132
m,4.106126215,134.778,0.0127
m,4.105209117,136.23,0.0123
m,4.105212879,136.526,0.0123
m,4.105398117,136.197,0.0123
m,4.105401885,136.377,0.0123
m,4.105401885,136.607,0.0123
m,4.105583353,136.134,0.0123
m,4.105587121,135.48,0.0123
m,4.105587121,135.512,0.0123
m,4.105587121,135.713,0.0123
m,4.105949665,135.189,0.0124
m,4.105953427,134.971,0.0124
m,4.105953427,135.904,0.0124
m,4.105953427,136.366,0.0124
m,4.105953427,135.997,0.0124
m,4.105953427,156.939,0.0124
m,4.105390198,137.452,0.0124
m,4.103711825,148.985,0.0124
m,4.101473267,142.752,0.0126
m,4.097745106,135.608,0.0129
m,4.21968795,139.359,0.0149
m,4.215920459,146.43,0.0147
m,4.212153304,143.392,0.0146
m,4.204625504,136.302,0.0146
m,4.18298442,143.463,0.0141
m,4.176193107,136.244,0.0141
m,4.172979245,143.977,0.0141
m,4.169044146,131.664,0.014
m,4.164920125,135.74,0.0138
m,4.142070613,142.022,0.0135
m,4.132899278,141.647,0.0133
m,4.128775208,145.006,0.0133
m,4.124647461,139.492,0.0134
m,4.120713636,142.051,0.0135
m,4.105197068,136.543,0.0125
m,4.105011437,136.043,0.0126
m,4.105204566,136.213,0.0125
m,4.105204961,135.84,0.0124
m,4.105401885,136.969,0.0123
m,4.105398517,137.795,0.0122
m,4.105398517,136.129,0.0122
m,4.105398517,135.172,0.0122
m,4.105398517,136.032,0.0122
m,4.105587121,134.637,0.0123
m,4.105768588,136.462,0.0123
m,4.105768588,135.694,0.0123
m,4.105768588,135.827,0.0123
m,4.105953427,136.329,0.0124
m,4.105953427,136.717,0.0124
m,4.105953427,136.275,0.0124
m,4.105953825,136.651,0.0123
m,4.105953825,144.209,0.0123
m,4.093825336,138.221,0.013
m,4.093824954,140.431,0.0131
m,4.085594148,135.227,0.0134
m,4.081668179,143.932,0.0136
m,4.077746876,146.303,0.0136
m,4.074011956,138.806,0.0134
m,4.06634052,145.922,0.0133
m,4.062785857,136.065,0.0131
m,4.059979146,143.34,0.0129
s,4.057550404,132.591,0.0125
s,4.057738391,131.694,0.0126
s,4.057925992,131.707,0.0128
s,4.057925601,133.557,0.0129
s,4.057927966,133.479,0.0131
s,4.058493712,133.502,0.0138
s,4.058496514,133.497,0.0139
s,4.058310897,133.564,0.014
s,4.058310177,133.43,0.0142
s,4.058312994,133.528,0.0143
s,4.058031203,133.53,0
s,4.057955343,133.142,0.0152
s,4.057955343,133.339,0.0152
s,4.057772964,133.88,0.0153
s,4.057221385,133.469,0.016
s,4.057117799,133.737,0
s,4.057039044,132.419,0.0161
s,4.057042274,134.172,0.0161
s,4.056857336,133.506,0.016
s,4.056860259,134.353,0.0161
s,4.056675005,133.69,0.0161
s,4.056677936,132.773,0.0162
s,4.056681183,132.885,0.0162
s,4.056684436,132.745,0.0162
s,4.057058196,133.714,0.0162
s,4.057058196,133.3,0.0162
s,4.057061153,133.578,0.0163
s,4.057143748,133.559,0
s,4.057434925,133.559,0.0163
s,4.057620175,133.002,0.0163
s,4.057620175,132.469,0.0163
s,4.057616907,133.517,0.0163
s,4.057616907,133.139,0.0163
m,4.058296893,133.438,0.0127
s,4.057735658,133.976,0.0125
s,4.057549217,134.225,0.0128
s,4.057553534,134.19,0.0125
s,4.057553534,134.581,0.0125
s,4.058112837,131.25,0.0132
s,4.058115224,132.422,0.0134
s,4.058303253,132.774,0.0135
s,4.05830288,133.318,0.0136
s,4.05831264,133.638,0.0144
s,4.058130215,133.407,0.0145
s,4.058129866,132.894,0.0146
s,4.058129175,133.092,0.0148
s,4.057949955,132.951,0.0149
s,4.057772635,133.429,0.0154
s,4.057586731,133.108,0.0156
s,4.05740405,133.555,0.0158
s,4.057218481,132.91,0.0159
s,4.057221385,133.84,0.016
s,4.056857336,133.335,0.016
s,4.056857336,133.629,0.016
s,4.056857336,133.965,0.016
s,4.056860259,133.679,0.0161
s,4.056684129,132.678,0.0163
s,4.056684129,133.331,0.0163
s,4.056869381,133.111,0.0163
s,4.05687264,133.336,0.0163
s,4.057054939,133.73,0.0162
s,4.057249674,133.581,0.0163
s,4.057249674,134.045,0.0163
s,4.057249369,133.571,0.0164
s,4.057249369,133.249,0.0164
s,4.05743462,133.458,0.0164
s,4.057801855,132.963,0.0164
s,4.057798895,132.89,0.0163
s,4.05779564,133.01,0.0163
s,4.057792387,133.48,0.0163
s,4.057792387,134.788,0.0163
s,4.057789141,133.724,0.0163
s,4.057788836,133.295,0.0164
s,4.05797409,133.203,0.0164
s,4.05797409,133.557,0.0164
s,4.058149943,133.68,0.0163
s,4.058149639,133.477,0.0164
s,4.058149639,133.361,0.0164
s,4.058149639,133.561,0.0164
s,4.058698356,133.419,0.0166
s,4.058781819,133.273,0
s,4.05869426,133.569,0.0169
s,4.058697182,133.748,0.017
s,4.058697182,134.185,0.017
s,4.058700399,134.23,0.017
s,4.058700112,133.862,0.0171
s,4.058700112,133.475,0.0171
s,4.058518081,134.012,0.0171
s,4.058518081,133.723,0.0171
s,4.058150806,133.902,0.0171
s,4.058151093,134.31,0.017
s,4.057962323,133.744,0.0171
s,4.057962323,134.467,0.0171
s,4.057770344,133.954,0.0172
s,4.057581595,133.93,0.0173
s,4.057581595,133.669,0.0173
s,4.057578109,133.923,0.0174
s,4.057389376,134.55,0.0175
s,4.057200379,134.56,0.0177
s,4.056829603,133.34,0.0178
s,4.056825878,133.316,0.018
s,4.056825878,133.451,0.018
s,4.056822431,133.46,0.0181
s,4.056456285,134.067,0.0189
s,4.056456045,133.578,0.019
s,4.056455571,133.998,0.0192
s,4.056270317,133.779,0.0192
s,4.05797409,133.265,0.0164
s,4.057971155,132.95,0.0163
s,4.057971155,132.931,0.0163
s,4.05796792,133.642,0.0163
s,4.05796792,133.244,0.0163
s,4.058146416,133.658,0.0164
s,4.058331367,133.662,0.0165
s,4.058331367,133.919,0.0165
s,4.058513401,133.909,0.0165
s,4.058513101,133.844,0.0166
s,4.058697182,134.372,0.017
s,4.058882434,134.252,0.017
s,4.058882434,133.793,0.017
s,4.058700399,133.712,0.017
s,4.05852131,133.387,0.0171
s,4.058335773,134.386,0.0172
s,4.058150806,133.565,0.0171
s,4.058150806,133.809,0.0171
s,4.05815404,134.214,0.0171
s,4.05777707,134.141,0.0171
s,4.057776786,134.701,0.0172
s,4.057773562,134.174,0.0172
s,4.057773562,133.958,0.0172
s,4.057770344,134.379,0.0172
s,4.057389376,134.418,0.0175
s,4.057200926,133.838,0.0175
s,4.057200651,134.449,0.0176
s,4.057200651,134.519,0.0176
s,4.056637175,133.26,0.0181
s,4.056913322,133.8,0
s,4.056639842,133.475,0.0183
s,4.056639586,133.546,0.0184
s,4.056638835,133.765,0.0187
s,4.056267125,133.665,0.0192
s,4.056078451,133.86,0.0193
s,4.056078451,133.781,0.0193
s,4.055890016,133.703,0.0193
s,4.055704532,133.427,0.0194
s,4.055701357,133.287,0.0194
s,4.055701357,133.346,0.0194
s,4.055516101,133.98,0.0194
s,4.055327678,133.585,0.0194
s,4.055324744,134.532,0.0193
s,4.055137038,133.491,0.019
s,4.054951782,133.307,0.019
s,4.054951544,133.15,0.0191
s,4.054951308,133.55,0.0192
s,4.054951544,133.275,0.0191
m,4.054772613,133.936,0.0191
m,4.054957867,133.983,0.0191
m,4.054961038,144.214,0.0191
m,4.054587597,147.421,0.019
m,4.041361511,132.995,0.0196
m,4.037628664,137.97,0.0198
m,4.030535372,130.731,0.0199
m,4.027171855,128.167,0.0199
m,4.023626391,134.047,0.0199
m,4.001976717,133.891,0.0199
m,3.99842958,132.901,0.0199
m,3.994699952,137.528,0.02
m,3.991338864,133.546,0.0202
m,3.987978429,133.43,0.0204
m,3.95964154,134.098,0.0202
m,3.955357696,135.265,0.0201
m,3.951074994,141.191,0.0199
m,3.942327659,139.14,0.0199
m,3.914060044,131.376,0.0189
m,3.90384324,137.545,0.0188
m,3.903843498,129.442,0.0187
m,3.893630538,132.772,0.0183
m,3.888618634,138.237,0.0181
m,3.858761522,130.989,0.0165
m,3.853943997,141.792,0.0162
m,3.853944327,134.076,0.0161
m,3.844865023,133.772,0.0164
m,3.840605065,137.008,0.0164
s,4.055321819,134.01,0.0192
s,4.055321819,133.9,0.0192
s,4.055322054,133.643,0.0191
s,4.05522704,133.208,0
s,4.054766289,133.069,0.0191
s,4.054766289,133.669,0.0191
s,4.054766289,133.477,0.0191
s,4.054769447,133.385,0.0191
s,4.054769447,133.813,0.0191
m,4.054587597,138.075,0.019
m,4.052534019,143.937,0.019
m,4.050110053,137.819,0.019
m,4.048068649,135.62,0.0192
m,4.044906419,131.534,0.0194
m,4.019893538,126.128,0.0198
m,4.016161653,133.089,0.0195
m,4.012614641,129.894,0.0196
m,4.009255784,134.931,0.0198
m,3.984246113,126.063,0.0205
m,3.976415694,133.256,0.0205
m,3.972127996,143.858,0.0205
m,3.972127996,128.815,0.0205
m,3.963926732,141.101,0.0201
m,3.938047662,132.61,0.0197
m,3.933582216,137.443,0.0194
m,3.928745797,137.045,0.0192
m,3.923912729,144.401,0.0191
m,3.919079498,139.983,0.019
m,3.883794109,129.908,0.0178
m,3.878785725,135.067,0.0174
m,3.873778209,137.781,0.0171
m,3.86376551,141.556,0.0168
m,3.836346352,136.482,0.0162
m,3.832459636,132.87,0.0158
m,3.825058213,132.827,0.0155
m,3.821729564,138.675,0.0153
m,3.818584819,144.732,0.0154
m,3.815626386,133.258,0.0152
m,3.812668452,140.231,0.015
m,3.809526095,138.487,0.0147
m,3.806015243,134.536,0.0142
m,3.775010226,142.162,0.0136
m,3.770401029,135.674,0.0135
m,3.755097,128.078,0.0134
m,3.750120493,137.961,0.0134
m,3.74496037,129.031,0.0133
m,3.716239864,136.398,0.0132
m,3.707409238,130.451,0.0131
m,3.702809874,130.139,0.0131
m,3.702810303,135.364,0.013
m,3.693426759,134.929,0.0129
m,3.660696203,137.207,0.0127
m,3.656462334,136.429,0.0128
m,3.652048056,135.213,0.0127
m,3.647627721,130.371,0.0125
m,3.626827965,120.838,0.0124
m,3.622597146,125.063,0.0126
m,3.612640715,128.01,0.0127
m,3.607473521,126.943,0.0128
m,3.602113338,121.042,0.0129
m,3.569766728,122.636,0.0122
m,3.559403411,125.729,0.012
m,3.554227415,126.329,0.0116
m,3.549239935,120.233,0.0114
m,3.544062638,126.151,0.0113
m,3.50726604,121.228,0.0109
m,3.496360166,127.98,0.0109
m,3.491182453,137.273,0.011
m,3.491182971,148.486,0.0109
m,3.458993634,137.136,0.0114
m,3.452144873,133.28,0.0115
m,3.44863395,125.441,0.0117
m,3.44863395,128.021,0.0117
m,3.441785777,134.089,0.0117
m,3.79733199,145.009,0.0141
m,3.797332381,134.269,0.014
m,3.788470934,139.336,0.0139
m,3.784042877,134.581,0.0137
m,3.779245238,133.291,0.0136
m,3.739986786,132.825,0.0132
m,3.730230096,127.775,0.0132
m,3.720839664,133.958,0.0132
m,3.720839664,124.131,0.0132
m,3.688830213,134.88,0.0129
m,3.684423361,138.782,0.0128
m,3.679829277,131.009,0.0127
m,3.670077641,133.251,0.0127
m,3.665294391,125.753,0.0126
m,3.643388966,130.851,0.0124
m,3.636941697,149.342,0.0124
m,3.636941697,125.591,0.0124
m,3.632710616,127.324,0.0124
m,3.630321131,119.182,0.0124
m,3.597127719,125.192,0.013
m,3.591951651,126.8,0.0125
m,3.574947039,124.219,0.0126
m,3.569765792,129.262,0.0124
m,3.539070618,125.111,0.0112
m,3.528896262,129.191,0.0112
m,3.523533959,131.682,0.0111
m,3.518356425,138.58,0.0111
m,3.512994246,130.651,0.011
m,3.481198657,125.741,0.011
m,3.476387077,133.822,0.0111
m,3.471760736,129.544,0.0112
m,3.46731963,138.032,0.0113
m,3.463064273,128.129,0.0113
m,3.438270378,127.351,0.0119
m,3.434753538,123.246,0.0124
m,3.431052525,126.415,0.0127
m,3.427536763,124.84,0.013
m,3.419766382,125.829,0.0132
m,3.416061333,131.606,0.0134
m,3.412171551,130.496,0.0135
m,3.408286416,141.18,0.0136
m,3.40440597,129.408,0.0137
m,3.375926259,118.684,0.015
m,3.371119365,117.723,0.0153
m,3.361322637,118.145,0.0154
m,3.356146366,120.036,0.0155
m,3.320619517,113.027,0.0164
m,3.320619135,115.217,0.0165
m,3.310627867,110.242,0.0167
m,3.3058221,110.714,0.0169
m,3.300831581,107.064,0.017
m,3.271988535,108.44,0.0168
m,3.26736916,109.637,0.0168
m,3.25823768,112.012,0
m,3.253141056,109.767,0.0168
m,3.24352766,112.607,0.0167
m,3.208942032,111.247,0.0166
m,3.204133218,115.41,0.0165
m,3.19932444,115.526,0.0164
m,3.194335941,118.373,0.0163
m,3.158668554,115.725,0.0152
m,3.153495936,112.491,0.015
m,3.148694663,111.915,0.0146
m,3.143892104,112.979,0.0145
m,3.134281066,114.269,0.0144
m,3.106943456,121.923,0.0127
m,3.09492749,122.196,0.0124
m,3.094929137,121.877,0.0121
m,3.083839274,132.162,0.0118
m,3.078291794,131.011,0.0116
m,3.04078864,119.004,0.01
m,3.035798473,118.182,0.0096
m,3.030809741,120.552,0.009
m,3.0206414,125.923,0.0087
m,3.400525128,127.515,0.0139
m,3.392574586,121.533,0.0141
m,3.392573708,124.067,0.0143
m,3.384623763,132.777,0.0144
m,3.380368015,120.553,0.0146
m,3.350784966,117.076,0.0156
m,3.345603535,113.721,0.0158
m,3.340612646,116.229,0.0159
m,3.335616499,115.263,0.0161
m,3.330620395,116.422,0.0163
m,3.2958415,108.522,0.017
m,3.285856821,109.615,0.0169
m,3.281047007,108.07,0.0169
m,3.276427901,106.418,0.0168
m,3.238718207,116.552,0.0167
m,3.233908786,113.509,0.0167
m,3.228914217,112.011,0.0167
m,3.223924998,113.728,0.0167
m,3.218930901,122.264,0.0166
m,3.18953269,116.701,0.0162
m,3.179365005,114.348,0.0161
m,3.174192037,115.264,0.0159
m,3.174192882,115.112,0.0157
m,3.164020461,115.698,0.0155
m,3.129293554,114.244,0.0143
m,3.124120965,118.459,0.0142
m,3.11876379,119.33,0.014
m,3.113039428,121.76,0.0132
m,3.072750294,138.505,0.0114
m,3.067208311,132.806,0.0113
m,3.056125826,111.59,0.0109
m,3.050949008,118.783,0.0107
m,3.045772871,120.01,0.0104
m,3.015656374,125.299,0.0085
m,3.015658456,117.965,0.0082
m,3.005699767,117.474,0.008
m,3.000906494,125.519,0.0078
m,2.996663936,135.452,0.0074
m,2.992605163,138.499,0.0072
m,2.985787873,130.349,0.0071
m,2.982832988,148.023,0.007
m,2.980803747,128.206,0.0069
m,2.979135399,135.016,0.0072
s,2.978760762,133.918,0.0078
s,2.978760762,134.337,0.0078
s,2.978760041,134.43,0.0079
s,2.978575637,133.493,0.0078
s,2.978569256,134.388,0.0078
s,2.978184303,125.04,0.0072
s,2.978177952,124.701,0.0072
s,2.978178696,124.746,0.0071
s,2.977987972,124.657,0.007
s,2.977789433,124.649,0.0071
s,2.977789433,124.253,0.0071
s,2.977789433,124.923,0.0071
s,2.977604308,125.275,0.0071
s,2.977597984,124.279,0.0071
s,2.977229985,123.745,0.0068
s,2.977229985,124.804,0.0068
s,2.977229985,124.281,0.0068
s,2.977229985,124.053,0.0068
s,2.977229985,124.624,0.0068
s,2.977424028,124.478,0.0073
s,2.977429627,124.378,0.0074
s,2.977429627,124.416,0.0074
s,2.977428893,124.55,0.0075
s,2.977824568,124.733,0.0075
s,2.978010425,124.569,0.0074
s,2.978010425,125.425,0.0074
s,2.9780168,124.153,0.0074
s,2.978208305,122.895,0.0074
s,2.978948799,124.465,0.0074
s,2.979135399,125.01,0.0072
s,2.979314885,124.554,0.0071
s,2.979501506,124.172,0.0069
s,2.979688142,124.391,0.0067
m,2.978578551,138.315,0.0074
s,2.978577818,143.369,0.0075
s,2.978761485,135.263,0.0077
s,2.978760762,135.319,0.0078
s,2.978569979,134.314,0.0077
s,2.978569979,134.937,0.0077
s,2.978372844,134.22,0.0076
s,2.978188451,134.25,0.0075
s,2.978182826,123.838,0.0074
s,2.977987972,124.585,0.007
s,2.977981637,124.76,0.007
s,2.977981637,124.648,0.007
s,2.977975307,124.611,0.007
s,2.977789433,124.621,0.0071
s,2.977413607,124.951,0.007
s,2.977414357,125.103,0.0069
s,2.97722923,126.309,0.0069
s,2.977229985,126.879,0.0068
s,2.977235552,123.841,0.0069
s,2.97741993,124.626,0.007
s,2.977419182,124.643,0.0071
s,2.977424769,124.281,0.0072
s,2.977424028,124.805,0.0073
s,2.977619633,125.068,0.0076
s,2.977619633,124.671,0.0076
s,2.977625985,124.845,0.0076
s,2.977818202,124.713,0.0075
s,2.977818202,124.246,0.0075
s,2.978208305,124.624,0.0074
s,2.978392696,123.661,0.0075
s,2.978761485,124.835,0.0077
s,2.978948065,124.15,0.0075
s,2.979874788,124.516,0.0065
s,2.980061449,124.666,0.0063
s,2.980063,124.452,0.0061
s,2.980243316,124.391,0.0059
s,2.980244893,124.402,0.0057
s,2.980246483,124.288,0.0055
s,2.980248088,124.242,0.0053
s,2.980249705,124.343,0.0051
s,2.98043646,124.386,0.0049
s,2.980434235,124.068,0.0044
s,2.980427881,124.188,0.0044
s,2.980421535,124.233,0.0044
s,2.980421535,124.241,0.0044
s,2.980230071,124.377,0.0044
s,2.980974787,124.993,0.0039
s,2.981345889,125.137,0.0038
s,2.981531872,125.48,0.0037
s,2.981532732,124.984,0.0036
s,2.981902981,124.913,0.0036
s,2.982826626,125.332,0.0031
s,2.982826626,122.869,0.0031
s,2.983011749,123.373,0.0031
s,2.983012629,126.844,0.003
s,2.983383761,121.118,0.0029
s,2.98337833,122.394,0.0028
s,2.98337833,122.373,0.0028
s,2.98337833,122.407,0.0028
s,2.98337833,125.602,0.0028
s,2.983542779,126.606,0.003
s,2.983542779,124.108,0.003
s,2.983535612,124.874,0.0031
s,2.983529333,122.748,0.0031
s,2.98371446,122.813,0.0031
s,2.983520441,124.934,0.0034
s,2.983519575,124.352,0.0035
s,2.983519575,123.748,0.0035
s,2.983334449,127.311,0.0035
s,2.983143054,126.246,0.0035
s,2.983143054,125.244,0.0035
s,2.983143921,124.307,0.0034
s,2.983137666,124.588,0.0034
s,2.983137666,124.938,0.0034
s,2.98043728,124.311,0.0048
s,2.98043728,124.193,0.0048
s,2.980438104,124.057,0.0047
s,2.980431743,124.137,0.0047
s,2.980433401,124.196,0.0045
s,2.980230071,124.154,0.0044
s,2.980230071,124.155,0.0044
s,2.980416033,124.206,0.0043
s,2.98060369,124.464,0.004
s,2.982274959,124.106,0.0034
s,2.98227583,124.051,0.0033
s,2.982460953,123.652,0.0033
s,2.982640625,124.375,0.0032
s,2.98282575,123.935,0.0032
s,2.983197753,122.83,0.003
s,2.983197753,123.82,0.003
s,2.983198636,123.495,0.0029
s,2.983198636,123.583,0.0029
s,2.983383761,123.573,0.0029
s,2.983372021,123.952,0.0028
s,2.983583332,122.849,0
s,2.983557147,129.396,0.0028
s,2.983549955,124.687,0.0029
s,2.983713584,122.354,0.0032
s,2.983707312,122.877,0.0032
s,2.983706439,123.492,0.0033
s,2.983706439,123.52,0.0033
s,2.983737021,126.832,0
s,2.983334449,127.227,0.0035
s,2.983149321,125.413,0.0035
s,2.983149321,125.503,0.0035
s,2.983143054,126.867,0.0035
s,2.983143054,125.067,0.0035
s,2.983323664,124.941,0.0033
s,2.983323664,125.702,0.0033
s,2.983509664,126.041,0.0032
s,2.983509664,124.856,0.0032
s,2.983694792,124.779,0.0032
s,2.983695669,124.443,0.0031
s,2.983880796,124.886,0.0031
s,2.983880796,125.043,0.0031
s,2.984072181,125.066,0.0031
s,2.984836826,124.235,0.0025
s,2.985029134,124.729,0.0024
s,2.985030943,124.203,0.0022
s,2.985223268,123.879,0.0021
s,2.986749861,124.871,0.0006
m,2.987135674,125.248,0.0003
m,2.987514212,123.297,0.0001
m,2.987525952,123.181,0.0002
m,2.987155712,124.582,0.0002
m,2.969626063,130.706,0.001
m,2.965564632,127.318,0.0012
m,2.956869898,123.131,0.0013
m,2.952431867,123.33,0.0015
m,2.947993882,126.822,0.0017
m,2.920286784,121.603,0.0025
m,2.91068075,119.582,0.0026
m,2.90588076,120.985,0.0027
m,2.900888051,117.003,0.0029
m,2.866926537,114.152,0.003
m,2.856952931,112.151,0.003
m,2.852153931,113.228,0.0031
m,2.852152097,113.166,0.0033
m,2.8425544,110.721,0.0035
m,2.813943294,109.757,0.0039
m,2.808960097,108.454,0.004
m,2.803969674,106.46,0.0041
m,2.793441179,105.337,0.0043
m,2.788080822,104.838,0.0044
m,2.755390184,116.771,0.0047
m,2.755390184,115.459,0.0047
m,2.746352141,109.003,0.0048
m,2.741549401,110.157,0.0047
s,2.984258188,124.575,0.003
s,2.984444198,124.278,0.0029
s,2.984450459,124.398,0.0029
s,2.984643634,124.594,0.0027
s,2.984644527,124.257,0.0026
s,2.985410225,123.713,0.0019
s,2.985603489,125.306,0.0017
s,2.985607213,125.602,0.0013
s,2.985985648,124.218,0.0011
s,2.986556498,124.148,0.0008
m,2.985865269,137.239,0.0003
m,2.980336326,123.842,0.0004
m,2.977009673,129.219,0.0005
m,2.973502459,138.532,0.0008
m,2.947992946,125.709,0.0018
m,2.938934812,123.008,0.0019
m,2.934318481,135.692,0.0021
m,2.929702245,128.158,0.0023
m,2.925086104,118.2,0.0025
m,2.896088226,117.503,0.003
m,2.891096554,126.684,0.0031
m,2.881313135,116.831,0.0032
m,2.876507649,116.658,0.0032
m,2.876508559,114.99,0.0031
m,2.837753889,113.461,0.0038
m,2.828343674,112.484,0.0038
m,2.828342771,110.297,0.0039
m,2.818925692,112.573,0.0039
m,2.783091551,105.963,0.0044
m,2.778109785,107.005,0.0044
m,2.773304806,109.296,0.0045
m,2.768507386,114.493,0.0046
m,2.764072655,114.827,0.0047
m,2.736753493,110.831,0.0047
m,2.732135041,106.033,0.0047
m,2.722720089,107.371,0.0048
m,2.718102732,107.783,0.0047
m,2.713484525,108.582,0.0047
m,2.708866375,112.455,0.0047
m,2.704248281,111.863,0.0047
m,2.699630245,108.48,0.0047
m,2.695011349,107.395,0.0048
m,2.6854293,107.853,0.0048
m,2.659571212,105.29,0.0051
m,2.654389751,104.84,0.0052
m,2.643296806,106.186,0.0052
m,2.63773006,107.22,0.0052
m,2.631993661,106.097,0.0053
m,2.592343687,110.153,0.0053
m,2.586591939,107.229,0.0053
m,2.580841134,109.125,0.0052
m,2.5752744,109.991,0.0052
m,2.538531844,109.682,0.0056
m,2.527598903,108.394,0.0057
m,2.522418678,108.869,0.0057
m,2.517238487,109.94,0.0057
m,2.512250678,111.658,0.0058
m,2.480547656,116.134,0.0059
m,2.475175226,109.489,0.0058
m,2.470172817,108.563,0.0057
m,2.4647911,110.171,0.0057
m,2.459780366,109.285,0.0056
m,2.418500911,115.849,0.0056
m,2.418500911,118.276,0.0056
m,2.407208959,113.743,0.0055
m,2.401826266,114.728,0.0056
m,2.364620972,116.681,0.0062
m,2.359441487,116.135,0.0062
m,2.354454672,119.874,0.0063
m,2.349459267,115.405,0.0064
m,2.339654532,118.643,0.0065
m,2.315035716,113.956,0.0065
m,2.310226521,113.286,0.0065
m,2.305583722,120.003,0.0066
m,2.296308914,121.765,0.0066
m,2.292045853,122.048,0.0066
m,2.685428385,107.931,0.0049
m,2.675646807,107.758,0.0048
m,2.670288203,109.406,0.0049
m,2.664930589,105.497,0.0049
m,2.631992746,107.734,0.0054
m,2.620698725,107.562,0.0054
m,2.614963339,109.544,0.0054
m,2.609404794,111.016,0.0054
m,2.603846257,110.833,0.0054
m,2.564334171,111.06,0.0052
m,2.559340837,109.245,0.005
m,2.554144131,111.79,0.005
m,2.549467664,109.566,0.0052
m,2.544083101,113.953,0.0055
m,2.501881219,110.487,0.0059
m,2.496507818,115.525,0.0059
m,2.496507818,110.968,0.0059
m,2.485753661,110.876,0.0058
m,2.44977365,109.645,0.0056
m,2.444956287,109.57,0.0055
m,2.439952954,113.425,0.0055
m,2.434771051,110.598,0.0057
m,2.429397744,111.555,0.0057
m,2.396275587,118.387,0.0057
m,2.390901408,119.605,0.0058
m,2.385526256,116.979,0.006
m,2.374981047,117.232,0.0061
m,2.369616502,115.991,0.0061
m,2.339654532,119.303,0.0065
m,2.329657211,113.692,0.0065
m,2.324847927,117.53,0.0065
m,2.31985371,113.363,0.0065
m,2.292045853,117.174,0.0066
m,2.283343604,111.01,0.0066
m,2.279079561,117.484,0.0067
m,2.275009333,113.113,0.0068
m,2.270755171,115.481,0.0068
m,2.262958117,113.782,0.007
m,2.259434951,113.62,0.007
m,2.256475556,114.215,0.007
m,2.253700134,114.455,0.0071
m,2.241107057,113.769,0.0069
m,2.239813365,115.757,0.0068
m,2.2383337,121.534,0.0068
m,2.236855065,115.125,0.0067
m,2.231845399,117.116,0.0065
m,2.207038827,112.722,0.0061
m,2.20241507,113.987,0.0061
m,2.197967249,115.475,0.0061
m,2.197967249,118.51,0.0061
m,2.188525853,118.45,0.0061
m,2.155028292,119.418,0.0057
m,2.149850055,119.884,0.0057
m,2.144476603,128.098,0.0058
m,2.133906556,115.994,0.0059
m,2.095527291,119.608,0.0056
m,2.095528441,120.385,0.0055
m,2.083666316,121.429,0.0054
m,2.077925443,118.642,0.0053
m,2.072191589,121.382,0.0054
m,2.042209053,120.635,0.0044
m,2.038004655,118.186,0.0043
m,2.034548723,115.784,0.0043
m,2.031812436,115.042,0.0044
m,2.028687271,124.394,0.0045
s,2.028688515,128.111,0.0044
s,2.028689763,128.226,0.0043
s,2.028689763,129.903,0.0043
s,2.028688515,130.07,0.0044
s,2.029054592,128.207,0.0047
s,2.029054592,128.455,0.0047
s,2.029247944,129.087,0.0048
s,2.029247944,128.498,0.0048
s,2.029247944,128.904,0.0048
m,2.251481609,117.093,0.007
m,2.247958459,112.66,0.007
m,2.24609995,114.064,0.007
m,2.244241441,111.879,0.007
m,2.242586728,113.139,0.0069
m,2.228323315,115.392,0.0064
m,2.224246373,111.72,0.0063
m,2.219798479,120.802,0.0063
m,2.215544527,122.742,0.0063
m,2.183903281,115.186,0.006
m,2.179281847,116.261,0.0058
m,2.174465311,116.791,0.0057
m,2.164663435,119.461,0.0057
m,2.160029691,122.191,0.0058
m,2.128709951,117.55,0.0059
m,2.123514466,120.582,0.0058
m,2.118132929,117.928,0.0058
m,2.107018497,116.326,0.0058
m,2.101453181,123.019,0.0057
m,2.066821815,114.152,0.0052
m,2.056440473,120.136,0.005
m,2.051431272,118.534,0.0048
m,2.046625789,120.23,0.0046
m,2.028686033,127.748,0.0046
s,2.028501139,127.546,0.0046
s,2.028502377,127.058,0.0045
s,2.028503621,127.335,0.0044
s,2.028688515,126.752,0.0044
s,2.028688515,128.147,0.0044
s,2.028873411,127.763,0.0044
s,2.028872168,128.473,0.0045
s,2.029055825,128.75,0.0046
s,2.029054592,128.853,0.0047
s,2.029247944,128.531,0.0048
s,2.029247944,129.08,0.0048
s,2.029247944,128.009,0.0048
s,2.029247944,128.342,0.0048
s,2.029247944,128.927,0.0048
s,2.029247944,126.968,0.0048
s,2.029258874,128.579,0.0047
s,2.029073979,127.431,0.0047
s,2.029073979,126.836,0.0047
s,2.029082461,127.561,0.0048
s,2.029092181,128.364,0.0048
s,2.029092181,126.682,0.0048
s,2.028918247,126.394,0.0047
s,2.029296544,125.792,0.0048
s,2.029480215,124.621,0.0049
s,2.029480215,125.205,0.0049
s,2.029481438,125.331,0.0048
s,2.029481438,124.621,0.0048
s,2.029657816,126.189,0.0047
s,2.029657816,124.332,0.0047
s,2.029842709,123.797,0.0047
s,2.029659049,121.817,0.0046
s,2.029834216,125.416,0.0046
s,2.029650559,131.177,0.0045
s,2.029651801,140.321,0.0044
s,2.029466911,138.771,0.0044
s,2.029466911,139.357,0.0044
s,2.029097125,129.309,0.0044
s,2.029097125,127.79,0.0044
s,2.029098373,126.994,0.0043
s,2.029098373,126.838,0.0043
s,2.028913477,128.371,0.0043
s,2.02891473,127.726,0.0042
s,2.02891473,128.796,0.0042
s,2.028913477,127.562,0.0043
s,2.028728586,127.908,0.0043
s,2.028902508,125.373,0.0044
s,2.029097125,125.62,0.0044
s,2.029097125,125.313,0.0044
s,2.029097125,127.237,0.0044
s,2.029097125,127.955,0.0044
s,2.029097125,128.922,0.0044
s,2.02908369,129.785,0.0047
s,2.02908369,129.17,0.0047
s,2.029082461,129.202,0.0048
s,2.029082461,129.339,0.0048
s,2.029082461,125.142,0.0048
s,2.028917019,127.031,0.0048
s,2.028917019,125.459,0.0048
s,2.028917019,124.376,0.0048
s,2.029111657,123.489,0.0048
s,2.029296544,125.635,0.0048
s,2.029481438,124.51,0.0048
s,2.029667555,124.649,0.0047
s,2.029667555,124.602,0.0047
s,2.029667555,124.834,0.0047
s,2.029834216,122.196,0.0046
s,2.029835454,120.67,0.0045
s,2.029650559,123.798,0.0045
s,2.029650559,121.697,0.0045
s,2.029650559,128.843,0.0045
s,2.029466911,137.445,0.0044
s,2.029282013,138.155,0.0044
s,2.029282013,131.542,0.0044
s,2.029282013,132.461,0.0044
s,2.029282013,129.585,0.0044
s,2.028913477,127.943,0.0043
s,2.028913477,128.087,0.0043
s,2.028913477,126.857,0.0043
s,2.02891473,126.658,0.0042
s,2.028902508,125.348,0.0044
s,2.028902508,125.366,0.0044
s,2.028902508,125.548,0.0044
s,2.028912229,125.525,0.0044
s,2.028912229,126.175,0.0044
s,2.029095882,128.753,0.0045
s,2.029095882,130.822,0.0045
s,2.029095882,127.925,0.0045
s,2.029095882,128.579,0.0045
s,2.028910985,129.101,0.0045
s,2.028910985,127.388,0.0045
s,2.028910985,126.792,0.0045
s,2.028901264,127.41,0.0045
s,2.028716372,128.969,0.0045
s,2.028542448,128.89,0.0044
s,2.02854495,129.536,0.0042
s,2.02854495,128.671,0.0042
s,2.02854495,129.234,0.0042
s,2.028546208,129.774,0.0041
s,2.028548739,129.126,0.0039
s,2.028743362,128.608,0.0039
s,2.028744635,128.392,0.0038
s,2.028744635,128.297,0.0038
s,2.029107248,127.532,0.0036
s,2.029098816,128.288,0.0035
s,2.029090397,127.195,0.0034
s,2.028909413,128.613,0.0031
s,2.028891336,127.8,0.003
s,2.028684077,128.515,0.0025
s,2.02849088,128.667,0.0024
s,2.028483945,126.483,0.0022
s,2.028299048,127.539,0.0022
s,2.028485302,128.758,0.0021
s,2.028850951,130.25,0.0017
s,2.028841341,129.44,0.0017
s,2.028841341,129.724,0.0017
s,2.028842722,128.804,0.0016
s,2.029029006,130.456,0.0015
s,2.029213905,130.177,0.0015
s,2.029215296,130.786,0.0014
s,2.029224905,129.923,0.0014
s,2.029224905,128.926,0.0014
m,2.029612554,130.541,0.0015
m,2.029612554,130.718,0.0015
m,2.029612554,117.229,0.0015
m,2.029623585,117.203,0.0014
m,2.029633238,116.791,0.0014
s,2.028726094,129.18,0.0045
s,2.028727338,129.678,0.0044
s,2.028727338,128.68,0.0044
s,2.028727338,128.617,0.0044
s,2.028727338,128.691,0.0044
s,2.028546208,129.857,0.0041
s,2.028546208,128.892,0.0041
s,2.028547471,129.343,0.004
s,2.028547471,128.282,0.004
s,2.028548739,129.188,0.0039
s,2.028745913,129.315,0.0037
s,2.028930804,128.102,0.0037
s,2.028930804,128.869,0.0037
s,2.029115699,128.32,0.0037
s,2.029116981,128.014,0.0036
s,2.028892654,128.669,0.0029
s,2.028699404,128.49,0.0028
s,2.028691065,128.458,0.0027
s,2.028682739,127.681,0.0026
s,2.028671559,129.278,0.002
s,2.028671559,128.148,0.002
s,2.028661935,129.935,0.002
s,2.028663301,129.829,0.0019
s,2.028849574,129.151,0.0018
s,2.028842722,129.16,0.0016
s,2.02902762,130.863,0.0016
s,2.02902762,129.768,0.0016
s,2.029019406,129.768,0.0015
s,2.029029006,129.589,0.0015
s,2.029224905,129.238,0.0014
s,2.029409803,129.174,0.0014
s,2.029418031,129.85,0.0015
s,2.029418031,130.55,0.0015
m,2.028154087,128.744,0.0014
m,2.028154087,118.434,0.0014
m,2.022229253,113.572,0.0013
m,2.018338257,114.603,0.0012
m,2.014067802,116.269,0.0011
m,2.009429012,113.285,0.0009
m,1.999973433,114.229,0.0007
m,1.99534297,117.197,0.0006
m,1.990887699,118.189,0.0005
m,1.962145799,117.203,0.0003
m,1.951576694,113.228,0.0004
m,1.946388727,114.034,0.0005
m,1.941375876,119.066,0.0006
m,1.93637132,113.632,0.0008
m,1.90544181,113.673,0.0012
m,1.900262437,113.112,0.0014
m,1.889498804,112.453,0.0015
m,1.883725161,118.281,0.0017
m,1.883722196,110.308,0.0019
m,1.837568038,110.565,0.0032
m,1.831835333,113.091,0.0033
m,1.826082994,108.94,0.0034
m,1.820350384,109.057,0.0035
m,1.779792836,106.972,0.0043
m,1.768679617,108.23,0.0044
m,1.768678187,106.756,0.0045
m,1.757381658,107.107,0.0045
m,1.751454718,104.762,0.0046
m,1.715349604,102.068,0.0052
m,1.709618091,101.532,0.0053
m,1.703691503,102.032,0.0054
m,1.697764956,101.821,0.0055
m,1.691838441,101.884,0.0056
m,1.65205477,98.547,0.0059
m,1.640379663,101.45,0.0059
m,1.634442973,100.114,0.006
m,1.628700287,98.557,0.0062
m,1.593879187,99.423,0.0064
m,1.582759019,100.365,0.0064
m,1.577193565,100.207,0.0064
m,1.571463515,99.73,0.0065
m,1.565722693,99.613,0.0066
m,1.986257274,115.202,0.0004
m,1.981811758,112.71,0.0003
m,1.977173139,115.375,0.0001
m,1.967335305,123.455,0.0001
m,1.962147299,116.334,0.0002
m,1.92619319,110.605,0.0008
m,1.921190193,115.31,0.0009
m,1.916002339,115.327,0.001
m,1.910815996,112.601,0.001
m,1.872362853,113.524,0.0021
m,1.866394583,108.832,0.0023
m,1.860433295,109.328,0.0027
m,1.85465985,110.654,0.0029
m,1.84331205,107.326,0.003
m,1.808692038,107.208,0.0036
m,1.802948244,105.045,0.0038
m,1.797021052,108.248,0.0039
m,1.791278762,107.749,0.004
m,1.785535063,106.652,0.0042
m,1.745527822,103.29,0.0047
m,1.73922982,106.203,0.0049
m,1.727203014,101.686,0.005
m,1.72127629,102.331,0.0051
m,1.680192665,103.145,0.0057
m,1.680192665,102.25,0.0057
m,1.668907855,100.799,0.0057
m,1.663361781,102.491,0.0058
m,1.657794674,100.041,0.0059
m,1.622949888,99.324,0.0062
m,1.617208709,100.45,0.0063
m,1.611293466,103.215,0.0064
m,1.599444681,100.187,0.0064
m,1.593879187,101.119,0.0064
m,1.553863664,103.413,0.0066
m,1.547753393,102.388,0.0067
m,1.541644672,99.618,0.0067
m,1.535720792,99.323,0.0067
m,1.529612195,99.915,0.0067
m,1.517570412,99.326,0.0066
m,1.51164675,99.421,0.0066
m,1.505734287,101.823,0.0066
m,1.500170686,102.131,0.0065
m,1.462055763,99.54,0.0065
m,1.457045045,101.041,0.0065
m,1.451677876,100.44,0.0064
m,1.441136674,99.118,0.0064
m,1.399108046,100.381,0.006
m,1.399108046,101.453,0.006
m,1.388752903,99.831,0.006
m,1.383573029,102.513,0.0058
m,1.373208308,101.955,0.0057
m,1.34727645,102.09,0.0053
m,1.336934749,101.751,0.0053
m,1.331569214,102.867,0.0052
m,1.326559148,102.872,0.0052
m,1.321378399,102.513,0.0051
m,1.285667513,104.815,0.0045
m,1.280672074,101.399,0.0044
m,1.275481723,103.267,0.0042
m,1.270301818,104.334,0.0041
m,1.23178577,99.735,0.0037
m,1.226241666,98.804,0.0034
m,1.21515801,101.805,0.0032
m,1.21516021,101.054,0.0031
m,1.203695308,103.915,0.0029
m,1.1705567,97.255,0.0023
m,1.165565714,101.864,0.0021
m,1.160559416,98.678,0.002
m,1.155584225,99.312,0.0017
m,1.145609136,96.135,0.0016
m,1.111031664,103.597,0.0009
m,1.101612407,103.555,0.0008
m,1.096992426,105.047,0.0006
m,1.09235357,101.866,0.0006
m,1.494616725,98.45,0.0065
m,1.483529895,98.798,0.0066
m,1.477976146,99.337,0.0066
m,1.477976146,99.112,0.0066
m,1.467413274,100.098,0.0065
m,1.435769712,101.117,0.0063
m,1.430389654,100.111,0.0063
m,1.419850646,100.211,0.0062
m,1.414655386,100.207,0.0062
m,1.404289866,100.297,0.0061
m,1.37321007,102.088,0.0056
m,1.362831967,101.126,0.0056
m,1.357650699,100.621,0.0055
m,1.352642273,102.25,0.0054
m,1.316197733,102.216,0.005
m,1.311201809,103.722,0.0049
m,1.301035856,102.367,0.0048
m,1.296040186,101.453,0.0047
m,1.296042132,102.737,0.0046
m,1.259741113,98.085,0.0041
m,1.254190142,99.617,0.0041
m,1.248641334,99.023,0.004
m,1.243080091,97.804,0.0039
m,1.237531476,97.257,0.0038
m,1.197778499,99.123,0.0028
m,1.192222652,104.031,0.0025
m,1.186303822,103.505,0.0025
m,1.175747706,98.919,0.0024
m,1.140616428,97.513,0.0015
m,1.130628829,98.662,0.0014
m,1.125647293,97.673,0.0014
m,1.120644207,100.466,0.0012
m,1.115839158,101.677,0.001
m,1.087560323,103.604,0.0005
m,1.082938009,102.732,0.0004
m,1.078715017,106.544,0.0002
m,1.073383045,104.39,0.0001
m,1.072279256,105.858,0
m,1.072279256,104.703,0
m,1.072094828,104.484,0
s,1.072279256,103.784,0
s,1.072290394,106.074,0.0001
s,1.072293179,103.997,0
s,1.072491534,105.986,0
s,1.072689912,106.081,0
s,1.072687129,106.151,0.0001
s,1.072687129,106.452,0.0001
s,1.072689912,106.495,0
s,1.072885521,104.526,0.0001
s,1.072885521,104.791,0.0001
s,1.073067169,107.281,0.0002
s,1.073067169,104.457,0.0002
s,1.073047679,106.261,0.0004
s,1.073047679,106.584,0.0004
s,1.072863253,106.176,0.0004
s,1.072863253,123.879,0.0004
s,1.072860507,105.536,0.0005
s,1.072849304,108.357,0.0004
s,1.072846558,109.724,0.0005
s,1.072846558,107.482,0.0005
s,1.072846558,105.665,0.0005
s,1.072843822,105.154,0.0006
s,1.073011593,109.782,0.0007
s,1.073193306,109.858,0.0008
s,1.073193306,105.568,0.0008
s,1.073190598,107.106,0.0009
s,1.073199134,112.01,0.0011
s,1.073199134,109.018,0.0011
s,1.073196454,105.668,0.0012
s,1.073196454,105.723,0.0012
s,1.073196454,108.181,0.0012
s,1.073014705,107.076,0.0011
s,1.073014705,105.665,0.0011
s,1.073012025,109.495,0.0012
s,1.073012025,104.839,0.0012
s,1.073000779,107.053,0.0011
s,1.072293179,104.855,0
s,1.072293179,104.147,0
s,1.072293179,106.34,0
s,1.072491534,105.907,0
s,1.072871547,106.68,0.0001
s,1.072871547,106.819,0.0001
s,1.072885521,106.928,0.0001
s,1.072885521,107.015,0.0001
s,1.072885521,105.594,0.0001
s,1.073064405,105.378,0.0003
s,1.073064405,104.815,0.0003
s,1.073061651,105.747,0.0004
s,1.073061651,106.121,0.0004
s,1.073061651,106.362,0.0004
s,1.072860507,106.353,0.0005
s,1.072860507,106.763,0.0005
s,1.072846558,107.106,0.0005
s,1.072846558,107.611,0.0005
s,1.073028246,104.771,0.0006
s,1.073028246,107.923,0.0006
s,1.07301432,103.012,0.0006
s,1.073011593,102.962,0.0007
s,1.073011593,113.526,0.0007
s,1.0731879,102.766,0.001
s,1.0731879,106.394,0.001
s,1.0731879,112.244,0.001
s,1.07318521,108.432,0.0011
s,1.073383565,104.788,0.0011
s,1.073196454,108.571,0.0012
s,1.073196454,108.562,0.0012
s,1.073196454,107.305,0.0012
s,1.073196454,103.792,0.0012
s,1.072813665,107.651,0.0012
s,1.072816345,103.015,0.0011
s,1.072816345,104.22,0.0011
s,1.072816345,108.366,0.0011
s,1.072816345,111.501,0.0011
s,1.072816345,109.576,0.0011
s,1.072816345,107.082,0.0011
s,1.072816345,106.205,0.0011
s,1.072631918,104.938,0.0011
s,1.07262069,106.727,0.001
s,1.072617999,107.287,0.0011
s,1.072617999,106.5,0.0011
s,1.072433567,106.494,0.0011
s,1.072416993,106.545,0.0012
s,1.072419675,106.362,0.0011
s,1.072416993,106.558,0.0012
s,1.072601428,106.652,0.0012
s,1.072601428,106.412,0.0012
s,1.072601428,106.965,0.0012
s,1.072766665,106.412,0.0014
s,1.072951104,106.889,0.0014
s,1.072951104,106.47,0.0014
s,1.072951104,106.486,0.0014
s,1.073149405,106.972,0.0014
s,1.073149405,106.997,0.0014
s,1.073149405,107.049,0.0014
s,1.073152066,107.165,0.0013
s,1.073336505,107.004,0.0013
s,1.073350389,106.971,0.0013
s,1.07336429,107.078,0.0013
s,1.07336696,106.901,0.0012
s,1.073537489,106.903,0.0012
s,1.073540168,106.82,0.0011
s,1.073559452,106.638,0.0009
s,1.073559452,106.696,0.0009
s,1.073559452,106.224,0.0009
s,1.073559452,105.848,0.0009
s,1.073564875,108.564,0.0007
s,1.073383176,109.436,0.0006
s,1.073383176,111.066,0.0006
s,1.073383176,113.39,0.0006
s,1.073198749,108.427,0.0006
s,1.072631918,105.369,0.0011
s,1.072631918,106.896,0.0011
s,1.072634608,107.404,0.001
s,1.072631918,106.884,0.0011
s,1.072617999,106.505,0.0011
s,1.072416993,106.644,0.0012
s,1.072416993,106.225,0.0012
s,1.072419675,106.524,0.0011
s,1.072419675,106.97,0.0011
s,1.072587556,106.749,0.0012
s,1.072587556,106.576,0.0012
s,1.072769328,106.995,0.0013
s,1.072769328,106.315,0.0013
s,1.072766665,106.733,0.0014
s,1.072951104,106.696,0.0014
s,1.073135543,106.943,0.0014
s,1.073135543,106.954,0.0014
s,1.073135543,106.844,0.0014
s,1.073149405,106.862,0.0014
s,1.073350389,107.045,0.0013
s,1.073350389,106.953,0.0013
s,1.073350389,107.017,0.0013
s,1.073350389,106.977,0.0013
s,1.073540168,106.966,0.0011
s,1.073554066,106.982,0.0011
s,1.073556755,107.054,0.001
s,1.073556755,106.876,0.001
s,1.073559452,106.914,0.0009
s,1.073562159,107.772,0.0008
s,1.073562159,108.353,0.0008
s,1.073548261,108.693,0.0008
s,1.073562159,108.966,0.0008
s,1.073564875,108.778,0.0007
s,1.073198749,103.229,0.0006
s,1.073198749,105.715,0.0006
s,1.073201485,104.061,0.0005
s,1.073201485,106.103,0.0005
s,1.073201485,105.804,0.0005
s,1.073201485,106.923,0.0005
s,1.07320423,106.505,0.0004
s,1.07320423,106.249,0.0004
s,1.07320423,105.772,0.0004
s,1.073008647,106.079,0.0003
s,1.073011412,106.224,0.0002
m,1.072997523,106.39,0.0002
m,1.072997523,106.764,0.0002
m,1.065589846,104.892,0.0003
m,1.061873505,103.344,0.0003
m,1.057969963,106.95,0.0004
m,1.053884799,99.844,0.0004
m,1.049782897,99.152,0.0005
m,1.022710433,111.301,0.0003
m,1.018061094,98.831,0.0002
m,1.013377857,98.115,0.0003
m,1.003648727,98.935,0.0003
m,0.998415488,99.356,0.0003
m,0.965373642,95.979,0.0001
m,0.965373642,95.435,0.0001
m,0.955958733,97.128,0
m,0.951147569,96.335,0.0001
m,0.918088184,97.844,0.0002
m,0.913090483,100.389,0.0004
m,0.903119951,100.132,0.0005
m,0.898129224,94.866,0.0005
m,0.893138653,96.82,0.0005
m,0.868215363,96.818,0.0006
m,0.857653372,97.002,0.0006
m,0.852464635,97.258,0.0006
m,0.847472155,98.59,0.0007
m,0.84247131,97.965,0.0006
m,0.814537823,98.333,0.0009
m,0.810255051,100.39,0.0009
m,0.801305768,97,0.0009
m,0.796819833,98.709,0.001
m,0.796819833,103.336,0.001
s,1.073019802,106.045,0.0004
s,1.073019802,106.184,0.0004
s,1.073022557,106.116,0.0003
s,1.073008647,106.357,0.0003
s,1.073008647,105.83,0.0003
m,1.072994759,104.236,0.0003
m,1.072997523,109.325,0.0002
m,1.072625896,114.781,0.0003
m,1.072259802,104.95,0.0002
m,1.068940121,111.195,0.0002
m,1.045510517,97.981,0.0006
m,1.036602604,99.353,0.0006
m,1.036602604,100.317,0.0006
m,1.027345748,98.466,0.0004
m,0.993562081,97.132,0.0004
m,0.988541123,98.227,0.0004
m,0.983707609,98.687,0.0003
m,0.979075498,96.811,0.0001
m,0.969997668,96.84,0.0001
m,0.946342813,95.235,0
m,0.941733665,95.062,0
m,0.932118582,95.778,0
m,0.927492353,99.353,0.0001
m,0.922696372,98.831,0.0002
m,0.888163205,96.142,0.0005
m,0.88317303,87.556,0.0005
m,0.873395959,98.574,0.0004
m,0.868218748,95.418,0.0005
m,0.832612653,98.241,0.0007
m,0.827942421,101.366,0.0008
m,0.823471843,97.833,0.0009
m,0.81900482,102.947,0.0009
m,0.787840041,101.22,0.001
m,0.783154758,98.227,0.0011
m,0.778469564,104.31,0.0012
m,0.773991314,101.705,0.0011
m,0.76571925,109.26,0.0011
m,0.761421836,101.985,0.0011
m,0.757323691,101.758,0.0011
m,0.753210618,114.639,0.0011
m,0.749082724,104.31,0.0011
m,0.726226818,103.941,0.0013
m,0.725324251,110.508,0.0012
m,0.725189608,107.16,0.0014
m,0.726308635,114.363,0.0015
m,0.727183381,111.591,0.0017
m,0.732047765,105.795,0.0032
m,0.734387263,121.919,0.0033
m,0.734383639,121.68,0.0034
m,0.737163803,104.444,0.0036
m,0.738859897,108.666,0.0038
m,0.748879587,106.422,0.0055
m,0.752428322,116.733,0.0055
m,0.754444808,102.828,0.0057
m,0.756307514,111.095,0.0059
m,0.768981532,107.436,0.0075
m,0.773852347,105.259,0.0077
m,0.776193249,104.131,0.0079
m,0.778746731,100.981,0.0082
m,0.781173477,101.969,0.0084
m,0.796271258,108.64,0.0101
m,0.798863017,105.12,0.0103
m,0.803891838,106.881,0.0105
m,0.806139416,105.192,0.0107
m,0.808592406,108.286,0.0109
m,0.825394847,119.3,0.0126
m,0.827843707,126.761,0.013
m,0.830459694,120.999,0.0132
m,0.835877111,126.115,0.0134
m,0.856503969,121.531,0.0151
m,0.858790756,124.814,0.0152
m,0.858785658,121.045,0.0155
m,0.863928791,117.794,0.0158
m,0.866433668,123.322,0.0159
m,0.745120619,104.537,0.0012
m,0.737447819,74.467,0.0011
m,0.733706219,100.043,0.0011
m,0.73369838,105.106,0.0013
m,0.727693001,105.637,0.0013
m,0.728271682,112.786,0.002
m,0.729216617,114.951,0.0023
m,0.730189924,125.145,0.0027
m,0.731196302,114.621,0.003
m,0.740207904,110.09,0.0043
m,0.741410598,107.054,0.0046
m,0.743952733,105.689,0.0049
m,0.745448354,101.769,0.0051
m,0.74715664,112.882,0.0052
m,0.758375278,95.06,0.006
m,0.760465178,107.445,0.0063
m,0.762372022,117.706,0.0065
m,0.764478668,100.328,0.007
m,0.768987398,103.653,0.0073
m,0.786132084,103.536,0.0086
m,0.788655162,100.052,0.0089
m,0.791210724,106.129,0.0092
m,0.793744538,109.006,0.0095
m,0.811034159,116.41,0.0112
m,0.813312909,120.918,0.0117
m,0.815586576,121.553,0.0119
m,0.818058798,121.814,0.0122
m,0.822964669,122.454,0.0124
m,0.838815956,121.292,0.0136
m,0.841778949,132.951,0.0137
m,0.844802475,120.092,0.014
m,0.847985489,123.964,0.0142
m,0.85087357,122.435,0.0147
m,0.869045198,120.693,0.0162
m,0.871399987,123.018,0.0165
m,0.876305385,123.883,0.0168
m,0.879033645,138.161,0.0168
m,0.881722839,128.277,0.0171
m,0.884533536,125.044,0.0172
m,0.887360215,128.736,0.0174
m,0.890151218,129.107,0.0176
m,0.892841338,135.552,0.0176
m,0.91122829,132.877,0.0183
m,0.913768389,137.084,0.0184
m,0.918286723,130.279,0.0184
m,0.920668343,140.675,0.0183
m,0.934866604,135.203,0.0186
m,0.939594199,140.041,0.0186
m,0.941869652,132.465,0.0187
m,0.944331179,135.076,0.0187
m,0.946277508,136.238,0.0187
m,0.959493483,131.146,0.0185
m,0.961252738,136.359,0.0185
m,0.963169788,130.429,0.0185
m,0.964940497,129.188,0.0185
m,0.966565856,137.057,0.0185
m,0.972353654,148.408,0.0185
m,0.973080498,131.285,0.0184
m,0.973079319,130.4,0.0185
m,0.973380604,130.985,0.0185
s,0.973310655,130.677,0.0184
s,0.97323511,130.059,0.0183
s,0.97323511,130.52,0.0183
s,0.97323511,130.501,0.0183
s,0.973158392,131.666,0.0183
s,0.97316429,130.269,0.0183
s,0.97316429,131.379,0.0183
s,0.973163101,130.823,0.0184
s,0.973085268,131.283,0.0185
s,0.973085268,131.67,0.0185
s,0.972845843,131.379,0.0188
s,0.973005155,131.725,0.0188
s,0.973004017,132.727,0.0189
s,0.972926269,132.599,0.019
m,0.897990403,133.004,0.0177
m,0.897987699,131.437,0.0179
m,0.903373782,124.304,0.018
m,0.905974672,131.6,0.0181
m,0.908764209,127.99,0.0182
m,0.923130702,133.034,0.0184
m,0.923130702,127.478,0.0184
m,0.927959484,136.019,0.0184
m,0.930325034,128.553,0.0184
m,0.932585407,132.928,0.0185
m,0.948405035,132.001,0.0187
m,0.950478143,129.634,0.0188
m,0.956156818,133.791,0.0185
m,0.956156818,132.395,0.0185
m,0.96964549,133.412,0.0185
m,0.970934556,143.311,0.0186
m,0.97185355,129.234,0.0186
m,0.972162454,128.672,0.0186
m,0.972329531,137.908,0.0186
s,0.973380604,131.618,0.0185
s,0.97330498,131.512,0.0184
s,0.97330498,130.624,0.0184
s,0.973229388,130.633,0.0183
s,0.973311844,131.658,0.0183
s,0.973317648,132.085,0.0183
s,0.973317648,131.046,0.0183
s,0.973240961,130.389,0.0183
s,0.973240961,130.431,0.0183
s,0.973085268,131.944,0.0185
s,0.973084099,131.618,0.0186
s,0.973006303,131.381,0.0187
s,0.972846992,130.819,0.0187
s,0.972845843,130.05,0.0188
s,0.972925151,131.087,0.0191
s,0.972924043,131.658,0.0192
s,0.973006779,132.175,0.0192
s,0.97308337,132.731,0.0192
s,0.97308337,132.674,0.0192
s,0.97308337,133.273,0.0192
s,0.97308337,132.778,0.0192
s,0.973084477,130.946,0.0191
s,0.973243824,131.276,0.0191
s,0.973243824,131.738,0.0191
s,0.973479749,130.798,0.0191
s,0.97340206,130.995,0.0192
s,0.97340206,132.042,0.0192
s,0.97340206,134.017,0.0192
s,0.97340206,131.907,0.0192
s,0.973560327,132.571,0.0193
s,0.973561424,132.944,0.0192
s,0.973637994,133.248,0.0192
s,0.973797342,131.128,0.0192
s,0.973955615,131.926,0.0193
s,0.973955615,131.281,0.0193
s,0.973954529,131.556,0.0194
s,0.973953453,132.834,0.0195
s,0.973953453,132.874,0.0195
s,0.973718612,131.53,0.0194
s,0.973559241,130.599,0.0194
s,0.973559241,130.743,0.0194
s,0.973559241,130.681,0.0194
s,0.973399877,129.92,0.0194
s,0.973243824,129.016,0.0191
s,0.973244941,130.78,0.019
s,0.973244941,130.624,0.019
s,0.973246069,130.543,0.0189
s,0.973168363,131.022,0.019
s,0.973091803,131.044,0.019
s,0.972931314,130.297,0.0191
s,0.972931314,129.927,0.0191
s,0.972854758,130.854,0.0191
s,0.972854758,130.086,0.0191
s,0.972694282,131.548,0.0192
s,0.972694282,131.559,0.0192
s,0.97277085,131.353,0.0192
s,0.97277085,130.588,0.0192
s,0.973242716,130.426,0.0192
s,0.973242716,131.951,0.0192
s,0.973319311,131.229,0.0192
s,0.973478642,131.783,0.0192
s,0.973400963,132.037,0.0193
s,0.973400963,132.799,0.0193
s,0.973400963,131.992,0.0193
s,0.973560327,132.119,0.0193
s,0.973560327,132.917,0.0193
s,0.973796246,131.447,0.0193
s,0.973796246,130.235,0.0193
s,0.973955615,132.107,0.0193
s,0.973955615,130.739,0.0193
s,0.973955615,131.635,0.0193
s,0.973876908,132.446,0.0195
s,0.973876908,131.104,0.0195
s,0.973718612,131.557,0.0194
s,0.973718612,132.17,0.0194
s,0.973400963,131.503,0.0193
s,0.973400963,131.835,0.0193
s,0.97340206,130.759,0.0192
s,0.97340206,130.278,0.0192
s,0.973242716,129.516,0.0192
s,0.973246069,130.192,0.0189
s,0.973246069,130.341,0.0189
s,0.973169491,130.038,0.0189
s,0.973168363,130.696,0.019
s,0.973168363,130.895,0.019
s,0.972854758,132.228,0.0191
s,0.97285365,132.908,0.0192
s,0.97285365,131.704,0.0192
s,0.97285365,130.789,0.0192
s,0.972771958,130.127,0.0191
s,0.97277085,131.729,0.0192
s,0.972611505,131.863,0.0192
s,0.972688103,130.672,0.0192
s,0.972688103,130.992,0.0192
s,0.972688103,130.074,0.0192
s,0.972764719,131.038,0.0192
s,0.972764719,131.117,0.0192
s,0.972840254,131.755,0.0193
s,0.972915816,131.616,0.0194
s,0.97291474,132.098,0.0195
s,0.972915816,131.994,0.0194
s,0.97291474,132.34,0.0195
s,0.972915816,131.511,0.0194
s,0.972834299,132.103,0.0193
s,0.972834299,132.305,0.0193
s,0.972911,131.676,0.0193
s,0.972751738,131.409,0.0193
s,0.972751738,132.193,0.0193
s,0.972592496,130.992,0.0193
s,0.972592496,131.715,0.0193
s,0.972592496,131.427,0.0193
s,0.972514687,130.975,0.0194
s,0.972671798,131.079,0.0196
s,0.972671798,131.644,0.0196
s,0.972748507,130.827,0.0196
s,0.972907769,130.495,0.0196
s,0.972906713,131.999,0.0197
s,0.972905667,131.532,0.0198
s,0.972905667,132.885,0.0198
s,0.972905667,131.925,0.0198
s,0.973064923,132.388,0.0198
s,0.973140593,133.171,0.0199
s,0.973061847,130.603,0.0201
s,0.972985163,130.51,0.0201
m,0.972985163,130.592,0.0201
m,0.972908495,130.54,0.0201
m,0.972989159,136.213,0.0203
m,0.972984158,132.83,0.0202
m,0.972978301,147.971,0.0202
m,0.974362093,123.713,0.0202
m,0.976374443,131.92,0.0202
s,0.972840254,132.484,0.0193
s,0.972840254,131.195,0.0193
s,0.972840254,130.281,0.0193
s,0.972840254,131.728,0.0193
s,0.972915816,131.873,0.0194
s,0.972915816,132.105,0.0194
s,0.972756532,131.89,0.0194
s,0.972757619,131.379,0.0193
s,0.972834299,131.237,0.0193
s,0.972751738,132.202,0.0193
s,0.972751738,132.69,0.0193
s,0.972592496,131.501,0.0193
s,0.972592496,131.016,0.0193
s,0.972592496,131.946,0.0193
s,0.972514687,130.23,0.0194
s,0.97251361,130.147,0.0195
s,0.97251361,130.347,0.0195
s,0.972672864,131.669,0.0195
s,0.972671798,132.528,0.0196
s,0.972906713,131.763,0.0197
s,0.972905667,130.935,0.0198
s,0.972905667,132.34,0.0198
s,0.972905667,131.144,0.0198
s,0.973140593,132.797,0.0199
s,0.973063887,130.743,0.0199
s,0.973063887,129.96,0.0199
s,0.973062862,130.707,0.02
s,0.973062862,130.693,0.02
m,0.972908495,131.135,0.0201
m,0.972908495,131.43,0.0201
m,0.97283084,133.665,0.0202
m,0.97283084,131.315,0.0202
m,0.972829845,136.253,0.0203
m,0.97871004,140.572,0.0202
m,0.983569207,143.609,0.0201
m,0.985943936,137.733,0.02
m,0.985943936,141.488,0.02
m,0.990361214,133,0.0199
m,0.992560089,137.197,0.0199
m,0.994549909,133.228,0.0199
m,0.996718687,134.633,0.0198
m,1.000715448,144.393,0.0198
m,1.015986149,136.838,0.0195
m,1.018126594,131.023,0.0195
m,1.020349691,134.731,0.0194
m,1.022678984,136.085,0.0194
m,1.038695815,135.719,0.019
m,1.04103242,135.793,0.0189
m,1.043438368,135.137,0.0189
m,1.0459554,137.335,0.0189
m,1.048062829,132.234,0.0189
m,1.061430781,140.316,0.0185
m,1.063792035,134.374,0.0183
m,1.068611294,134.325,0.0182
m,1.070973874,137.958,0.0182
m,1.073591537,142.236,0.0181
m,1.088567218,130.724,0.0175
m,1.094098448,133.716,0.0175
m,1.096923941,132.642,0.0175
m,1.099900718,127.207,0.0175
m,1.120792326,139.661,0.0172
m,1.12344608,130.005,0.0171
m,1.126136178,135.695,0.017
m,1.128837173,142.515,0.017
m,1.131442304,127.86,0.017
m,1.148041102,133.151,0.017
m,1.150711011,126.486,0.017
m,1.153172076,132.434,0.017
m,1.158473264,129.974,0.017
m,1.158472155,130.436,0.0171
m,1.180143803,129.741,0.0171
m,1.182951728,127.164,0.0171
m,1.185654406,126.761,0.0172
m,1.188481561,128.977,0.0172
m,1.002625714,134.991,0.0198
m,1.004793795,135.469,0.0198
m,1.006982118,139.523,0.0198
m,1.009126125,135.65,0.0196
m,1.013627249,142.692,0.0196
m,1.024879728,131.889,0.0193
m,1.027247714,139.109,0.0193
m,1.02948787,141.415,0.0192
m,1.034081481,130.848,0.0191
m,1.036379491,137.528,0.019
m,1.052563702,136.279,0.0189
m,1.052564753,138.078,0.0188
m,1.056704205,136.119,0.0186
m,1.058989309,129.061,0.0185
m,1.076124996,133.056,0.018
m,1.078436066,131.168,0.0178
m,1.080862399,134.405,0.0176
m,1.083301812,142.78,0.0176
m,1.088566083,141.314,0.0176
m,1.102761096,123.69,0.0174
m,1.108873656,122.367,0.0173
m,1.112022104,128.846,0.0172
m,1.115078981,135.091,0.0173
m,1.117810336,137.508,0.0172
m,1.136904186,131.21,0.0169
m,1.139525683,129.823,0.0168
m,1.142394839,134.632,0.0168
m,1.145148339,125.962,0.0169
m,1.163827634,127.491,0.0172
m,1.166575843,129.509,0.0173
m,1.169223067,134.008,0.0173
m,1.17199349,138.358,0.0172
m,1.177458864,135.258,0.0171
m,1.191319435,140.415,0.0171
m,1.193932743,135.256,0.017
m,1.19977066,138.643,0.0169
m,1.19977066,128.181,0.0169
m,1.205649078,135.883,0.0168
m,1.208308858,135.67,0.0168
m,1.211212544,132.823,0.0167
m,1.214125345,142.629,0.0166
m,1.216933225,150.961,0.0163
m,1.219865599,133.342,0.0161
m,1.240277443,129.043,0.0156
m,1.243522939,137.665,0.0155
m,1.25015673,137.71,0.0154
m,1.253433783,126.593,0.0153
m,1.256952489,129.894,0.0152
m,1.277462597,130.135,0.0145
m,1.284523148,133.271,0.0145
m,1.28802242,140.325,0.0144
m,1.291408043,129.103,0.0144
m,1.312717917,135.628,0.0138
m,1.319257081,140.138,0.0136
m,1.322602855,129.848,0.0134
m,1.325955934,135.789,0.0133
m,1.329443796,131.469,0.0131
m,1.35134698,138.368,0.0129
m,1.354993336,131.184,0.0128
m,1.358397757,133.41,0.0124
m,1.365374774,136.203,0.0122
m,1.36537607,132.908,0.0121
m,1.391683542,136.766,0.0112
m,1.396023441,135.422,0.0112
m,1.400404665,133.804,0.0112
m,1.404441876,136.989,0.0112
m,1.432135131,133.557,0.0118
m,1.440522647,138.923,0.0118
m,1.44468291,139.87,0.0119
m,1.448982046,134.7,0.0121
m,1.453203071,133.565,0.0121
m,1.476892851,137.807,0.0115
m,1.480916436,135.078,0.0114
m,1.484862161,146.621,0.0113
m,1.488732452,133.66,0.0111
m,1.492565889,140.148,0.0109
m,1.225752533,125.036,0.0161
m,1.231556486,133.114,0.0161
m,1.234413054,130.643,0.016
m,1.237396375,124.54,0.0159
m,1.260369578,140.247,0.0152
m,1.263788067,131.91,0.0151
m,1.267218341,143.445,0.0148
m,1.274113494,130.875,0.0147
m,1.277461397,136.583,0.0146
m,1.294908486,128.212,0.0145
m,1.298543149,126.606,0.0144
m,1.305609819,125.647,0.0143
m,1.309167009,137.319,0.0142
m,1.312715485,144.428,0.014
m,1.336442202,133.477,0.013
m,1.340182043,131.062,0.0129
m,1.343928889,127.245,0.0129
m,1.347683918,135.153,0.0129
m,1.372541054,135.003,0.0118
m,1.376263947,133.94,0.0116
m,1.37999389,140.938,0.0115
m,1.383733473,137.096,0.0113
m,1.387736371,142.894,0.0112
m,1.412247941,139.868,0.0112
m,1.416179018,139.257,0.0113
m,1.420156011,134.05,0.0113
m,1.424138275,140.022,0.0116
m,1.428133481,138.14,0.0116
m,1.457305212,140.914,0.0119
m,1.461414525,138.06,0.0119
m,1.46540406,133.763,0.0117
m,1.473141173,132.742,0.0117
m,1.496589351,145.647,0.0107
m,1.504580724,138.967,0.0105
m,1.504583306,130.963,0.0103
m,1.512532962,127.485,0.0102
m,1.516124073,135.305,0.01
m,1.51994348,142.162,0.0097
m,1.523640542,129.034,0.0092
m,1.530916058,134.255,0.009
m,1.534498049,138.475,0.009
m,1.56103464,131.014,0.0086
m,1.56103464,133.912,0.0086
m,1.569217542,135.757,0.0086
m,1.573217588,138.146,0.0085
m,1.577363759,131.251,0.0084
m,1.602121925,134.356,0.008
m,1.606677797,132.424,0.0079
m,1.611108148,128.989,0.0077
m,1.620195252,127.012,0.0075
m,1.624654834,132.097,0.0072
m,1.65654232,139.622,0.006
m,1.66059808,135.467,0.006
m,1.664523476,135.467,0.0059
m,1.66838141,135.53,0.006
m,1.696298931,131.114,0.0061
m,1.700429255,142.822,0.006
m,1.704566861,134.101,0.0059
m,1.708568093,130.709,0.006
m,1.716657606,129.924,0.006
m,1.736819793,149.272,0.0062
m,1.744818613,138.443,0.0062
m,1.748702447,136.946,0.0063
m,1.748703792,142.633,0.0062
m,1.756365736,144.108,0.0061
m,1.785203552,136.155,0.0086
m,1.793427891,138.383,0.0083
m,1.797591009,137.121,0.0082
m,1.801757052,140.151,0.0082
m,1.832298932,129.069,0.0085
m,1.837201879,136.119,0.0084
m,1.842248953,137.219,0.0084
m,1.847012606,132.566,0.0083
m,1.851744307,135.854,0.0082
m,1.538172018,136.761,0.0088
m,1.541771851,132.983,0.0087
m,1.545513999,134.214,0.0087
m,1.549266107,133.332,0.0086
m,1.553161032,131.177,0.0086
m,1.581443365,131.662,0.0083
m,1.589420233,126.999,0.0082
m,1.593593717,130.187,0.0081
m,1.597853243,129.395,0.008
m,1.624659033,131.377,0.0069
m,1.634096646,136.232,0.0067
m,1.638802447,136.361,0.0064
m,1.643380804,142.913,0.0061
m,1.647897863,132.275,0.006
m,1.672319899,127.225,0.006
m,1.680490832,143.834,0.0061
m,1.684449435,132.453,0.0062
m,1.688342289,145.155,0.0062
m,1.692316327,138.503,0.0062
m,1.720539537,136.181,0.006
m,1.724428096,127.047,0.006
m,1.728463179,140.568,0.0061
m,1.73264643,135.476,0.0062
m,1.760762167,146.609,0.0067
m,1.765103798,138.148,0.0073
m,1.769308795,148.159,0.0079
m,1.773234651,154.05,0.0085
m,1.78111389,135.825,0.0086
m,1.805780804,140.103,0.0085
m,1.810153305,135.588,0.0086
m,1.818711276,141.047,0.0087
m,1.823151927,138.407,0.0087
m,1.827653676,134.862,0.0085
m,1.856279124,135.694,0.0081
m,1.864922416,132.901,0.0079
m,1.86922955,139.484,0.0077
m,1.873337632,131.98,0.0077
m,1.87750079,139.813,0.0077
m,1.881608642,134.945,0.0079
m,1.88562884,142.595,0.008
m,1.889508473,141.912,0.0079
m,1.8971087,137.233,0.0078
m,1.919858748,142.993,0.0074
m,1.923221238,132.961,0.0074
m,1.926923246,134.32,0.0075
m,1.930835267,140.707,0.0076
m,1.953098734,135.221,0.0068
m,1.955262539,130.88,0.0066
m,1.957200091,135.077,0.0066
m,1.959200828,139.259,0.0067
m,1.962659928,137.705,0.0069
m,1.969600202,147.096,0.0073
m,1.97019233,144.869,0.0072
m,1.972341162,142.892,0.0073
m,1.972338901,138.21,0.0075
m,1.974720897,141.884,0.0076
m,1.986458534,132.474,0.0083
m,1.988890895,132.013,0.0084
m,1.991407508,131.687,0.0085
m,1.993866084,131.764,0.0086
m,2.012003951,132.549,0.0094
m,2.012887663,131.601,0.0094
s,2.013298537,131.959,0.0093
s,2.013298537,132.139,0.0093
s,2.013233398,132.236,0.0094
s,2.013231394,132.204,0.0096
s,2.013232393,132.623,0.0095
s,2.013090585,133.26,0.0096
s,2.01294978,132.167,0.0096
s,2.01295078,132.991,0.0095
s,2.012938274,132.767,0.0095
s,2.012939279,132.823,0.0094
s,2.012939279,132.254,0.0094
s,2.012799491,131.915,0.0093
m,1.897109858,132.851,0.0077
m,1.904623696,137.542,0.0076
m,1.90816568,152.342,0.0076
m,1.911420796,135.165,0.0076
m,1.914390048,136.873,0.0075
m,1.934709499,136.956,0.0076
m,1.938653664,138.122,0.0073
m,1.94568232,129.401,0.0072
m,1.948382986,131.767,0.007
m,1.948384154,133.06,0.0069
m,1.964263189,145.49,0.0069
m,1.965677332,135.274,0.0069
m,1.967100205,142.324,0.007
m,1.968417885,151.034,0.0071
m,1.975892375,139.476,0.0078
m,1.977093986,133.217,0.0079
m,1.978442545,133.959,0.0081
m,1.979879087,142.352,0.0082
m,1.984048936,130.293,0.0083
m,1.998874522,140.91,0.0087
m,2.001767071,151.424,0.0089
m,2.001765004,136.234,0.0091
m,2.007576359,132.482,0.0093
m,2.01016129,132.517,0.0093
s,2.013233398,132.721,0.0094
s,2.013373206,132.076,0.0095
s,2.013372206,132.312,0.0096
s,2.013231394,132.048,0.0096
s,2.012808974,133.444,0.0096
s,2.012808974,132.08,0.0096
s,2.012808974,131.962,0.0096
s,2.012874114,132.046,0.0095
s,2.012874114,131.199,0.0095
s,2.012799491,132.212,0.0093
s,2.012799491,132.249,0.0093
s,2.012799491,132.453,0.0093
s,2.012799491,132.535,0.0093
s,2.012799491,132.336,0.0093
s,2.012863663,132.134,0.0093
s,2.012863663,132.381,0.0093
s,2.012722877,132.183,0.0093
s,2.012722877,132.245,0.0093
s,2.012658697,132.314,0.0093
s,2.012797476,132.071,0.0095
s,2.012938274,132.314,0.0095
s,2.012938274,132.696,0.0095
s,2.012938274,132.332,0.0095
s,2.012873113,131.852,0.0096
s,2.012808974,132.391,0.0096
s,2.012808974,132.012,0.0096
s,2.012808974,132.366,0.0096
s,2.012808974,131.655,0.0096
s,2.012883672,132.539,0.0098
s,2.012883672,132.182,0.0098
s,2.012883672,131.897,0.0098
s,2.012883672,131.805,0.0098
s,2.012947794,132.224,0.0098
s,2.012883672,131.683,0.0098
s,2.012742862,132.131,0.0098
s,2.012742862,132.78,0.0098
s,2.012743852,131.463,0.0097
s,2.012807978,132.277,0.0097
s,2.012872118,132.469,0.0097
s,2.012937274,132.263,0.0096
s,2.012796476,132.603,0.0096
s,2.012937274,132.213,0.0096
s,2.012860647,132.904,0.0096
s,2.012859652,132.109,0.0097
s,2.012924844,132.114,0.0096
s,2.012924844,132.361,0.0096
s,2.012924844,132.53,0.0096
s,2.012785059,132.357,0.0095
s,2.012849271,132.795,0.0095
s,2.012991057,132.453,0.0094
s,2.012991057,132.84,0.0094
s,2.012991057,132.485,0.0094
s,2.012657687,132.003,0.0094
s,2.012798481,132.015,0.0094
s,2.012798481,132.117,0.0094
s,2.012798481,132.155,0.0094
s,2.012873113,131.988,0.0096
s,2.012808974,132.251,0.0096
s,2.012807978,131.739,0.0097
s,2.012807978,131.824,0.0097
s,2.012807978,132.362,0.0097
s,2.012885658,132.378,0.0096
s,2.012885658,132.071,0.0096
s,2.012884663,131.762,0.0097
s,2.012884663,131.859,0.0097
s,2.012884663,132.494,0.0097
s,2.012882687,131.741,0.0099
s,2.012882687,132.068,0.0099
s,2.012883672,132.198,0.0098
s,2.012742862,132.085,0.0098
s,2.012807978,132.001,0.0097
s,2.012807978,132.827,0.0097
s,2.012807978,132.786,0.0097
s,2.012872118,131.985,0.0097
s,2.012872118,132.335,0.0097
s,2.012937274,132.393,0.0096
s,2.012860647,132.355,0.0096
s,2.012860647,132.132,0.0096
s,2.012860647,132.81,0.0096
s,2.012860647,132.282,0.0096
s,2.012924844,132.538,0.0096
s,2.012925844,132.243,0.0095
s,2.012925844,133.16,0.0095
s,2.012925844,131.706,0.0095
s,2.013056286,132.344,0.0093
s,2.013198081,132.22,0.0092
s,2.013198081,132.288,0.0092
s,2.013198081,132.251,0.0092
s,2.013198081,131.826,0.0092
s,2.013338859,131.915,0.0092
s,2.013338859,131.849,0.0092
s,2.013338859,131.83,0.0092
s,2.013338859,132.474,0.0092
s,2.013621441,132.451,0.0091
s,2.013622465,132.066,0.009
s,2.013762224,132.162,0.0091
s,2.013762224,131.912,0.0091
s,2.013762224,132.029,0.0091
s,2.013838811,132.355,0.0091
s,2.013838811,132.217,0.0091
s,2.013915427,132.172,0.0091
s,2.014028983,131.943,0
s,2.013915427,132.047,0.0091
s,2.013785088,131.636,0.0093
s,2.013861766,131.679,0.0093
s,2.013861766,131.81,0.0093
s,2.013861766,132.445,0.0093
s,2.01379969,133.021,0.0091
s,2.01379969,131.391,0.0091
s,2.01379969,131.677,0.0091
s,2.01379969,133.7,0.0091
s,2.013800714,131.543,0.009
s,2.013929981,133.041,0.0089
s,2.013929981,132.998,0.0089
s,2.013929981,132.082,0.0089
s,2.013928951,132.489,0.009
s,2.013928951,132.685,0.009
s,2.013568648,132.743,0.0092
s,2.013568648,132.771,0.0092
s,2.013568648,132.036,0.0092
s,2.013568648,131.76,0.0092
m,2.013492028,132.294,0.0092
m,2.013633837,129.34,0.0091
m,2.013762224,134.155,0.0091
m,2.014172216,129.982,0.0091
m,2.017237212,138.99,0.009
s,2.013339879,132.242,0.0091
s,2.013339879,132.11,0.0091
s,2.013339879,132.169,0.0091
s,2.013480659,132.154,0.0091
s,2.013480659,132.377,0.0091
s,2.013903005,131.999,0.0091
s,2.013903005,131.988,0.0091
s,2.01390403,132.348,0.009
s,2.013838811,132.426,0.0091
s,2.013851262,132.258,0.0091
s,2.013850243,132.047,0.0092
s,2.013785088,132.103,0.0093
s,2.013785088,132.064,0.0093
s,2.013785088,131.83,0.0093
s,2.013861766,131.738,0.0093
s,2.013861766,132.133,0.0093
s,2.013797656,132.05,0.0093
s,2.01379867,132.563,0.0092
s,2.01379867,131.871,0.0092
s,2.013800714,131.915,0.009
s,2.013801744,132.251,0.0089
s,2.013865854,133.705,0.0089
s,2.013865854,131.384,0.0089
s,2.013788147,131.849,0.009
s,2.013787122,132.078,0.0091
s,2.013787122,132.094,0.0091
s,2.013786103,131.926,0.0092
s,2.013645297,132.178,0.0092
s,2.013632818,132.232,0.0092
s,2.013632818,132.262,0.0092
s,2.013632818,132.54,0.0092
m,2.013492028,132.893,0.0092
m,2.013492028,132.547,0.0092
m,2.021599066,153.945,0.0091
m,2.02378231,134.153,0.0091
m,2.026246862,133.975,0.0092
m,2.028787926,137.443,0.0093
m,2.031536394,131.986,0.0093
m,2.034360944,131.586,0.0093
m,2.040076337,134.944,0.0094
m,2.043389495,135.498,0.0094
m,2.046767947,137.295,0.0095
m,2.072400083,128.673,0.0099
m,2.076153685,126.937,0.0099
m,2.079767094,123.119,0.0099
m,2.083452716,123.749,0.0101
m,2.111849959,132.791,0.0109
m,2.120578851,136.329,0.0111
m,2.124910936,130.873,0.0112
m,2.129168482,131.928,0.0113
m,2.133565772,126.615,0.0115
m,2.163179187,129.378,0.0123
m,2.168562938,128.333,0.0124
m,2.173947973,123.153,0.0124
m,2.179332703,119.792,0.0125
m,2.184858549,123.437,0.0126
m,2.224312932,124.873,0.0129
m,2.224312932,123.024,0.0129
m,2.233608576,122.934,0.0128
m,2.238153847,124.393,0.0128
m,2.270748014,132.954,0.0124
m,2.275512552,128.324,0.0125
m,2.280357243,127.902,0.0123
m,2.285265202,135.367,0.0122
m,2.295144184,131.725,0.0122
m,2.320211678,125.35,0.0119
m,2.330299977,131.046,0.0118
m,2.335477595,127.632,0.0118
m,2.340656943,131.331,0.0116
m,2.346118968,135.97,0.0114
m,2.384311902,132.136,0.0104
m,2.390262535,131.748,0.0102
m,2.395808806,135.642,0.0097
m,2.401494473,136.298,0.0095
m,2.050362075,128.65,0.0096
m,2.05395672,128.997,0.0097
m,2.057626221,132.868,0.0098
m,2.06511648,123.055,0.0098
m,2.06511648,125.566,0.0098
m,2.0911162,123.811,0.0101
m,2.095231611,128.979,0.0102
m,2.099140048,129.715,0.0104
m,2.103330195,137.037,0.0105
m,2.107519757,130.699,0.0107
m,2.137964142,126.105,0.0116
m,2.14256686,129.202,0.0119
m,2.147526649,134.612,0.0121
m,2.157871296,129.013,0.0122
m,2.19506857,121.427,0.0127
m,2.199969325,127.833,0.0127
m,2.199969325,123.046,0.0127
m,2.209695134,122.474,0.0128
m,2.214660767,127.47,0.0129
m,2.24290492,131.163,0.0127
m,2.247451332,131.011,0.0126
m,2.252061084,129.475,0.0126
m,2.261294994,135.313,0.0125
m,2.265982368,147.157,0.0125
m,2.295144944,126.544,0.0121
m,2.305089268,126.183,0.012
m,2.310265705,131.841,0.012
m,2.31523817,126.333,0.012
m,2.351439233,132.783,0.0113
m,2.357043039,131.943,0.0111
m,2.362161566,128.929,0.0108
m,2.37316539,125.403,0.0106
m,2.373166191,129.808,0.0105
m,2.412420999,144.153,0.0096
m,2.417884217,146.773,0.0097
m,2.423346062,139.294,0.01
m,2.428745626,145.897,0.0104
m,2.434066586,146.386,0.0107
m,2.439107036,139.317,0.0107
m,2.444083712,144.476,0.011
m,2.454669466,144.365,0.0111
m,2.454668717,142.119,0.0112
m,2.464972274,143.267,0.0113
m,2.492668533,144.861,0.012
m,2.497185299,138.457,0.0121
m,2.501623081,136.184,0.012
m,2.506182135,143.935,0.0121
m,2.510661875,143.015,0.0121
m,2.539274601,138.37,0.0118
m,2.542564674,147.277,0.0118
m,2.545700636,136.759,0.0119
m,2.551267757,143.424,0.0119
m,2.559936585,139.179,0.0122
m,2.559936585,129.762,0.0122
m,2.559450593,133.719,0.0122
m,2.55879927,134.885,0.0121
m,2.55017162,134.06,0.0123
m,2.548816339,135.12,0.0123
m,2.547399274,130.617,0.0123
m,2.546130423,133.676,0.0124
m,2.544871675,128.943,0.0124
m,2.54083222,128.266,0.0126
m,2.540743023,127.757,0.0126
m,2.540589717,127.077,0.0126
m,2.540588066,133.031,0.0126
m,2.541031754,126.209,0.0126
m,2.544798521,126.77,0.0127
m,2.547144594,124.957,0.0127
m,2.548464157,122.474,0.0128
m,2.549927897,131.633,0.0128
m,2.563986459,131.454,0.0131
m,2.566550459,136.52,0.0133
m,2.569180355,130.124,0.0133
m,2.571816125,125.504,0.0133
m,2.574594306,132.521,0.0132
m,2.469748746,138.999,0.0114
m,2.474648129,143.619,0.0115
m,2.479344727,137.246,0.0116
m,2.483959641,135.862,0.0119
m,2.515204847,135.613,0.0119
m,2.52390768,142.206,0.012
m,2.523908376,139.38,0.0119
m,2.531917422,143.302,0.0119
m,2.535704502,134.099,0.0119
m,2.553431278,136.139,0.012
m,2.555178267,144.457,0.012
m,2.555178267,140.245,0.012
m,2.5577162,137.749,0.0121
m,2.558776946,139.86,0.0122
m,2.557949022,130.835,0.0121
m,2.556899899,130.613,0.0121
m,2.555790556,128.331,0.0122
m,2.55317863,140.413,0.0123
m,2.551603506,129.737,0.0123
m,2.543900442,132.967,0.0124
m,2.542260667,130.958,0.0124
m,2.541731083,129.191,0.0125
m,2.541278178,132.49,0.0125
m,2.541031754,138.191,0.0126
m,2.541850641,128.451,0.0126
m,2.542441347,127.601,0.0127
m,2.542966897,130.348,0.0126
m,2.543773085,127.35,0.0127
m,2.55161081,133.606,0.0128
m,2.553513411,135.687,0.0128
m,2.555482525,129.693,0.0129
m,2.557457868,130.555,0.013
m,2.559439424,130.705,0.0131
m,2.577456349,124.451,0.0132
m,2.583470716,126.183,0.0131
m,2.586486442,130.537,0.0131
m,2.589507416,123.126,0.0132
m,2.592534878,128.152,0.0132
m,2.595781923,123.147,0.0135
m,2.598820582,139.8,0.0136
m,2.601865648,139.429,0.0136
m,2.607810377,134.746,0.0136
m,2.626150266,124.873,0.014
m,2.628529599,127.222,0.0141
m,2.630911226,131.607,0.0143
m,2.633162223,136.971,0.0144
m,2.65428461,129.987,0.015
m,2.657040215,128.881,0.0151
m,2.662783502,127.421,0.0152
m,2.66563782,127.449,0.0153
m,2.66871576,134.168,0.0154
m,2.687062874,125.147,0.0161
m,2.687061889,124.899,0.0163
m,2.693423252,124.453,0.0165
m,2.696589788,127.176,0.0167
m,2.699584663,126.05,0.0171
m,2.720867861,130.484,0.0179
m,2.724033856,121.658,0.018
m,2.727204045,123.189,0.0182
m,2.733558999,129.838,0.0184
m,2.757662309,126.041,0.0192
m,2.76141776,126.765,0.0193
m,2.765178875,127.935,0.0193
m,2.768629665,127.692,0.0193
m,2.772400606,130.329,0.0194
m,2.79439659,120.796,0.0196
m,2.797980707,119.424,0.0196
m,2.801474545,119.37,0.0197
m,2.804843949,123.02,0.0198
m,2.811535171,129.292,0.0198
m,2.832221884,137.485,0.0201
m,2.839016465,121.719,0.0201
m,2.839016465,121.211,0.0201
m,2.846055159,121.575,0.0201
m,2.610574289,129.587,0.0136
m,2.613342546,129.274,0.0137
m,2.615952312,129.311,0.0137
m,2.62123541,135.133,0.0138
m,2.623691212,128.03,0.0139
m,2.638661307,124.529,0.0145
m,2.641693418,126.696,0.0146
m,2.641692857,126.14,0.0147
m,2.648279366,127.48,0.0148
m,2.651364412,126.909,0.0148
m,2.671579518,132.235,0.0155
m,2.67466712,133.118,0.0156
m,2.677625914,127.636,0.0159
m,2.684000358,145.982,0.016
m,2.702585861,129.094,0.0172
m,2.708514011,127.963,0.0174
m,2.71152966,128.543,0.0175
m,2.714550173,126.949,0.0176
m,2.717575525,136.151,0.0177
m,2.733558598,124.676,0.0185
m,2.739943962,125.17,0.0186
m,2.743451377,126.192,0.0187
m,2.746833454,123.055,0.0188
m,2.750481299,123.463,0.019
m,2.776047447,130.016,0.0194
m,2.783357365,130.039,0.0194
m,2.787020044,127.356,0.0195
m,2.787019691,130.493,0.0196
m,2.814822632,118.581,0.0198
m,2.818210036,124.558,0.0198
m,2.82169764,123.935,0.0199
m,2.825190196,123.962,0.02
m,2.8287198,121.467,0.02
m,2.849709653,124.283,0.02
m,2.853270598,122.375,0.02
m,2.856737411,125.113,0.0201
m,2.859982555,124.585,0.0202
m,2.86670997,120.047,0.0202
m,2.869867312,124.048,0.0203
m,2.873127071,125.407,0.0203
m,2.873127388,125.786,0.0202
m,2.879630057,120.538,0.0202
m,2.883027421,119.79,0.0202
m,2.903074883,141.495,0.0203
m,2.906572155,128.261,0.0204
m,2.910300059,128.252,0.0206
m,2.917215168,125.88,0.0205
m,2.920502133,130.792,0.0205
m,2.941796134,129.443,0.0205
m,2.948906476,129.614,0.0205
m,2.952705879,145.761,0.0205
m,2.956737027,139.554,0.0204
m,2.980404255,137.953,0.0204
m,2.98844789,130.313,0.0203
m,2.992600407,126.017,0.0203
m,2.996634064,126.965,0.0202
m,3.000672408,125.023,0.0201
m,3.024662595,126.802,0.02
m,3.028732623,132.682,0.02
m,3.036641077,125.612,0.02
m,3.04072487,134.866,0.02
m,3.04072487,135.104,0.02
m,3.074585348,127.169,0.0197
m,3.078709613,130.841,0.0196
m,3.08282539,130.311,0.0196
m,3.087188993,129.895,0.0195
m,3.115777187,135.122,0.0193
m,3.119713081,127.377,0.0192
m,3.123773708,129.134,0.019
m,3.12771719,128.748,0.019
m,3.135865223,131.444,0.019
m,3.157404537,130.322,0.019
m,3.161836218,127.113,0.0189
m,3.166159883,127.603,0.0189
m,3.174595039,124.453,0.0188
m,3.178705844,124.416,0.0187
m,2.886401125,122.272,0.0202
m,2.889778699,131.561,0.0202
m,2.896218866,140.624,0.0202
m,2.899581469,127.879,0.0203
m,2.924020144,126.361,0.0205
m,2.92764401,130.002,0.0205
m,2.931170346,129.548,0.0205
m,2.934700729,127.681,0.0205
m,2.938257975,133.061,0.0205
m,2.960522439,145.523,0.0204
m,2.964539676,138.25,0.0205
m,2.968437078,126.652,0.0205
m,2.976369636,127.675,0.0204
m,2.980404255,124.927,0.0204
m,3.008780182,128.788,0.0201
m,3.01260283,125.969,0.0201
m,3.016659344,131.511,0.02
m,3.020720141,124.949,0.02
m,3.048798109,129.603,0.0201
m,3.052895108,138.324,0.0201
m,3.056996839,130.907,0.02
m,3.061102982,134.751,0.0199
m,3.065551768,129.665,0.0198
m,3.091204985,140.033,0.0195
m,3.095346248,134.403,0.0196
m,3.099382425,133.063,0.0196
m,3.103412032,129.484,0.0194
m,3.111614462,127.443,0.0194
m,3.139820139,135.955,0.019
m,3.14412996,132.189,0.0191
m,3.14412996,126.913,0.0191
m,3.152977551,135.813,0.0191
m,3.182938887,125.626,0.0187
m,3.187288816,129.745,0.0186
m,3.191528792,134.866,0.0186
m,3.195885601,127.989,0.0186
m,3.200241134,132.901,0.0186
m,3.209320455,144.654,0.0184
m,3.209320792,136.097,0.0183
m,3.218761837,132.837,0.0182
m,3.223603013,149.321,0.0181
m,3.256909744,132.686,0.0173
m,3.256909744,136.777,0.0173
m,3.266548186,146.974,0.0171
m,3.271547608,140.937,0.017
m,3.276436512,144.019,0.0167
m,3.305625888,128.663,0.0164
m,3.310310362,131.479,0.0164
m,3.314765104,128.666,0.0164
m,3.319457665,145.37,0.0163
m,3.328620176,130.881,0.0162
m,3.358559469,145.481,0.0156
m,3.362815159,132.391,0.0155
m,3.36707309,134.466,0.0156
m,3.371215402,132.867,0.0155
m,3.401850439,137.062,0.0155
m,3.406377433,137.174,0.0155
m,3.410787202,134.309,0.0155
m,3.415200557,150.432,0.0154
m,3.424626915,129.063,0.0153
m,3.449628537,136.611,0.0145
m,3.454425464,140.316,0.0144
m,3.459225382,132.407,0.0144
m,3.463916323,145.644,0.0143
m,3.473655844,137.171,0.0143
m,3.502714183,130.772,0.0136
m,3.512733398,135.543,0.0133
m,3.512733398,130.345,0.0133
m,3.523334926,136.583,0.0132
m,3.557704221,132.531,0.0125
m,3.56279305,136.222,0.0125
m,3.56279305,145.481,0.0125
m,3.5726467,130.451,0.0125
m,3.577509083,135.03,0.0123
m,3.228448874,132.544,0.0179
m,3.233181219,145.858,0.0177
m,3.23791808,131.595,0.0175
m,3.24289183,136.589,0.0174
m,3.252386614,134.596,0.0174
m,3.281446078,132.213,0.0166
m,3.29112893,130.509,0.0164
m,3.295918267,136.696,0.0164
m,3.300828163,143.208,0.0164
m,3.328620566,129.462,0.0161
m,3.337564694,137.235,0.0159
m,3.342039158,129.738,0.0158
m,3.346401929,131.412,0.0156
m,3.350763661,131.078,0.0156
m,3.37548047,128.735,0.0153
m,3.379867458,136.585,0.0153
m,3.388530839,135.819,0.0154
m,3.393041758,140.594,0.0154
m,3.393041356,139.79,0.0155
m,3.42964115,134.37,0.0151
m,3.434779955,130.238,0.015
m,3.43968776,135.173,0.0149
m,3.43968859,136.108,0.0147
m,3.478469523,131.563,0.0143
m,3.483286546,135.276,0.0143
m,3.48799544,138.205,0.0141
m,3.492931855,129.752,0.014
m,3.498006128,133.235,0.0138
m,3.528405207,133.548,0.013
m,3.533477876,141.812,0.0129
m,3.538317759,134.464,0.0128
m,3.543284753,128.223,0.0127
m,3.548130247,129.399,0.0126
m,3.58738131,133.6,0.0121
m,3.587381782,146.029,0.012
m,3.596778025,134.392,0.0119
m,3.601543303,138.307,0.0118
m,3.606437293,133.889,0.0117
m,3.611695966,132.005,0.0117
m,3.616848034,133.103,0.0117
m,3.627035715,134.544,0.0118
m,3.632198106,136.095,0.0118
m,3.662463476,143.354,0.0115
m,3.672582204,142.347,0.0115
m,3.677282505,135.127,0.0114
m,3.682349442,135.377,0.0114
m,3.711871768,137.24,0.0107
m,3.721855844,135.285,0.0107
m,3.726971828,136.13,0.0106
m,3.731724885,145.588,0.0106
m,3.736503059,148.343,0.0105
m,3.764403136,152.019,0.0102
m,3.768707833,148.402,0.0102
m,3.772802244,141.559,0.0101
m,3.777113397,146.175,0.01
m,3.781320775,144.673,0.0099
m,3.811484612,136.908,0.0099
m,3.820581476,149.081,0.01
m,3.825188002,145.421,0.01
m,3.829797748,148.034,0.01
m,3.862320901,141.26,0.0101
m,3.8672507,147.801,0.0101
m,3.87205122,149.518,0.0102
m,3.876724488,141.37,0.0099
m,3.881255236,141.368,0.0102
m,3.908641114,150.92,0.0111
m,3.913114151,157.971,0.0112
m,3.917662776,151.687,0.0113
m,3.922047762,143.659,0.0116
m,3.926672044,149.057,0.0118
m,3.958613791,145.613,0.0116
m,3.96314168,145.966,0.0116
m,3.972044623,147.371,0.0115
m,3.976182161,149.979,0.0115
m,3.637237705,146.59,0.0117
m,3.642280011,132.995,0.0117
m,3.64732549,137.482,0.0117
m,3.652356752,137.2,0.0116
m,3.657408312,136.119,0.0116
m,3.687291984,139.649,0.0113
m,3.692128364,138.918,0.0113
m,3.697205763,136.578,0.011
m,3.706765538,137.026,0.0109
m,3.711871278,139.989,0.0108
m,3.745940015,142.902,0.0104
m,3.75072807,145.601,0.0104
m,3.755390414,136.998,0.0103
m,3.760185276,158.646,0.0103
m,3.789743662,136.316,0.0099
m,3.794090415,139.503,0.0099
m,3.79830954,147.906,0.0099
m,3.802637849,143.683,0.0099
m,3.807125116,141.559,0.0099
m,3.834278865,149.358,0.01
m,3.838789516,141.14,0.01
m,3.84330355,147.033,0.01
m,3.847925658,141.874,0.0101
m,3.857367703,151.598,0.0101
m,3.886064736,143.642,0.0105
m,3.895296586,141.671,0.0107
m,3.895296123,153.636,0.0108
m,3.904244882,147.714,0.0109
m,3.935876469,148.308,0.0117
m,3.940381495,152.441,0.0117
m,3.940381063,152.435,0.0118
m,3.949849177,150.3,0.0115
m,3.954365953,149.474,0.0115
m,3.979917749,161.701,0.0116
m,3.983520386,148.189,0.0117
m,3.986959694,145.207,0.0119
m,3.990474876,151.268,0.012
m,3.99372467,144.757,0.0121
m,3.996812869,152.894,0.0124
m,3.999608586,141.304,0.0125
m,4.003995568,146.45,0.0126
m,4.005482251,153.773,0.0128
m,4.006498703,159.436,0.0129
m,4.004460374,150.387,0.0139
m,4.004459638,154.782,0.0141
m,4.000260019,151.441,0.0142
m,3.997862468,140.161,0.0143
m,3.995019554,149.791,0.0144
m,3.955325739,145.149,0.0154
m,3.950918436,136.814,0.0155
m,3.942865756,136.633,0.0156
m,3.939008071,132.222,0.0157
m,3.912521019,133.994,0.0163
m,3.912521019,154.366,0.0163
m,3.905373787,137.112,0.0164
m,3.901897097,146.93,0.0164
m,3.898528811,144.037,0.0164
m,3.87971381,130.239,0.0168
m,3.876574498,136.227,0.0168
m,3.873228556,137.364,0.0169
m,3.869648133,139.546,0.017
m,3.862392813,136.514,0.017
m,3.837941238,131.83,0.0172
m,3.830086347,136.834,0.0172
m,3.826024988,133.06,0.0172
m,3.821998676,132.049,0.0174
m,3.793370731,130.898,0.0177
m,3.78935039,157.509,0.0178
m,3.785708542,132.591,0.0178
m,3.782139147,136.854,0.0178
m,3.778811667,135.153,0.0178
m,2.539476252,109.458,0.0222
m,2.538852462,117.112,0.0222
m,2.537666631,115.514,0.0222
m,2.537105862,113.013,0.0222
m,2.536557253,109.541,0.0221
m,4.007149345,147.148,0.013
m,4.007461357,142.582,0.0134
m,4.007408811,145.91,0.0136
m,4.005894962,143.417,0.0138
m,3.992204962,150.083,0.0146
m,3.98894435,149.515,0.0147
m,3.981925162,137.128,0.0149
m,3.977953456,136.941,0.015
m,3.959782725,136.725,0.0153
m,3.934963793,152.168,0.0158
m,3.931076702,136.325,0.0159
m,3.927241461,133.198,0.016
m,3.923433422,135.223,0.0161
m,3.919547333,132.696,0.0162
m,3.895163218,136.478,0.0165
m,3.888861465,149.023,0.0165
m,3.885923978,133.697,0.0166
m,3.88275134,148.625,0.0167
m,3.862392813,134.321,0.017
m,3.854436925,143.143,0.0171
m,3.850189103,157.099,0.0171
m,3.846048511,129.992,0.0171
m,3.841941384,146.253,0.0171
m,3.821998676,135.424,0.0174
m,3.81402546,132.788,0.0174
m,3.809808658,137.498,0.0175
m,3.805732357,130.195,0.0176
m,3.801628804,143.279,0.0177
m,2.541752226,120.722,0.0221
m,2.541752226,118.542,0.0221
m,2.540373042,128.289,0.0222
m,2.539912658,120.277,0.0221
m,2.535836288,111.563,0.022
m,2.535836585,121.787,0.0219
m,2.533828042,115.143,0.0218
m,2.532924292,114.711,0.0217
m,2.53221608,116.011,0.0214
m,2.531368685,113.784,0.0214
m,2.529544848,116.485,0.0213
m,2.528752756,112.274,0.0213
m,2.527973804,114.233,0.0212
m,2.525243526,111.387,0.0203
m,2.52516166,109.064,0.0202
m,2.525597954,117.468,0.0201
m,2.526229699,110.465,0.02
m,2.527056709,116.378,0.0199
m,2.535158202,116.84,0.0192
m,2.538792862,133.423,0.0191
m,2.540871603,126.502,0.0192
m,2.542933387,118.293,0.0192
m,2.545367812,113.23,0.0192
m,2.566957949,120.017,0.0188
m,2.570669062,120.156,0.0186
m,2.574147176,120.747,0.0186
m,2.581271296,122.862,0.0186
m,2.605694348,126.052,0.0182
m,2.608762315,119.051,0.018
m,2.611867166,123.766,0.0176
m,2.614614131,119.81,0.0175
m,2.619344231,119.452,0.0172
m,2.627365944,123.052,0.0162
m,2.627366451,124.261,0.0161
m,2.627848237,129.369,0.0159
m,2.62774451,121.729,0.0157
m,2.62707656,126.622,0.0155
m,2.617692365,131.312,0.0145
m,2.611732363,125.104,0.0143
m,2.608496949,129.62,0.0141
m,2.604838171,137.239,0.0138
m,2.575478914,124.732,0.0132
m,2.570684558,124.929,0.0132
m,2.565674815,123.04,0.0132
m,2.555789741,123.937,0.0132
m,2.55579038,119.535,0.0131
m,2.527226892,109.722,0.0211
m,2.526493852,106.991,0.0209
m,2.525577751,107.152,0.0208
m,2.525414611,108.061,0.0206
m,2.525243163,106.989,0.0204
m,2.52908878,117.025,0.0199
m,2.530294475,113.028,0.0196
m,2.531669629,118.778,0.0195
m,2.533420869,127.267,0.0194
m,2.547809502,110.295,0.0192
m,2.553497013,111.318,0.0192
m,2.556690462,111.232,0.0191
m,2.55669087,117.913,0.019
m,2.563407853,115.439,0.0189
m,2.584706093,124.794,0.0187
m,2.58835601,114.715,0.0186
m,2.595428675,121.845,0.0184
m,2.595429103,127.872,0.0183
m,2.602480819,121.123,0.0182
m,2.621511352,124.538,0.017
m,2.623143483,125.356,0.0169
m,2.624604062,119.414,0.0168
m,2.625958374,121.501,0.0164
m,2.626419142,125.662,0.0154
m,2.625343552,123.711,0.0153
m,2.623918615,126.539,0.015
m,2.620091771,126.273,0.0149
m,2.617690667,127.727,0.0148
m,2.601112598,127.731,0.0137
m,2.593279038,128.723,0.0136
m,2.588990431,120.443,0.0134
m,2.584630861,134.203,0.0133
m,2.579982929,121.072,0.0132
m,2.545999553,117.331,0.0131
m,2.540868153,117.785,0.0131
m,2.535481194,114.349,0.0131
m,2.529838487,116.091,0.0131
m,2.51847643,117.723,0.0131
m,2.51293549,115.45,0.0132
m,2.50735614,117.76,0.0133
m,2.501956559,119.924,0.0133
m,2.49604454,120.145,0.0134
m,2.443862333,118.759,0.0147
m,2.443860531,121.179,0.015
m,2.432858967,119.671,0.0153
m,2.427410093,116.57,0.0155
m,2.391465376,119.831,0.0167
m,2.391465376,122.356,0.0167
m,2.381110807,118.206,0.0167
m,2.376057801,113.789,0.0169
m,2.370828205,116.442,0.0168
m,2.339399024,121.025,0.0169
m,2.33446721,121.742,0.0169
m,2.329357541,114.285,0.0169
m,2.319216532,113.411,0.017
m,2.314257761,114.608,0.017
m,2.27965589,118.186,0.0171
m,2.274287915,119.573,0.0171
m,2.269249732,110.257,0.0171
m,2.264293981,111.272,0.0171
m,2.234842818,110.896,0.0162
m,2.231982153,109.687,0.016
m,2.2291357,110.114,0.0156
m,2.226663795,119.614,0.0154
m,2.222061607,119.646,0.0153
m,2.212691741,113.9,0.0144
m,2.211623106,117.318,0.0142
m,2.210732109,119,0.0139
m,2.209890895,121.231,0.0134
m,2.209225101,117.789,0.0133
m,2.204861605,118.414,0.0123
m,2.204560082,126.207,0.0121
m,2.203492889,118.804,0.0119
m,2.203093013,124.981,0.0118
m,2.490389144,119.305,0.0134
m,2.479155798,115.929,0.0133
m,2.467410432,116.161,0.0133
m,2.461278991,116.06,0.0138
m,2.455326422,114.651,0.0144
m,2.422178864,115.058,0.0157
m,2.41676815,116.494,0.016
m,2.411498844,116.297,0.0164
m,2.401249205,116.451,0.0165
m,2.396446511,116.186,0.0166
m,2.365382889,123.42,0.0168
m,2.354746167,118.945,0.0168
m,2.349448435,117.489,0.0169
m,2.344513178,128.014,0.0168
m,2.314257761,113.662,0.017
m,2.30475346,116.305,0
m,2.299791194,117.049,0.017
m,2.294987266,114.693,0.017
m,2.290005927,114.34,0.017
m,2.259276388,116.827,0.017
m,2.254345139,120.083,0.0169
m,2.245244761,114.132,0.0168
m,2.241474398,111.463,0.0167
m,2.241475558,110.225,0.0165
m,2.219905012,115.209,0.0152
m,2.217975547,114.579,0.0151
m,2.216398041,115.341,0.0148
m,2.213780747,119.271,0.0147
m,2.207802846,129.695,0.0131
m,2.207069509,125.446,0.013
m,2.207070264,112.392,0.0129
m,2.205874536,116.831,0.0128
m,2.205360319,122.441,0.0126
m,2.202706386,118.61,0.0117
m,2.202333015,123.394,0.0116
m,2.201770067,131.785,0.0114
m,2.20123985,130.237,0.0113
m,2.200382931,133.944,0.0112
m,2.19987492,125.198,0.011
m,2.199875768,135.556,0.0109
m,2.199100794,125.045,0.0108
m,2.198449391,124.728,0.0107
m,2.197830647,123.133,0.0104
m,2.193370798,129.815,0.01
m,2.193028761,120.822,0.0099
m,2.192898579,128.573,0.0098
m,2.192701129,128.214,0.0098
m,2.192449694,121.099,0.0097
m,2.188820267,137.09,0.0098
m,2.187974399,118.942,0.0098
m,2.186776555,130.104,0.0098
m,2.185225826,116.661,0.0098
m,2.161777599,117.328,0.0105
m,0.959682486,98.029,0.0123
m,0.953563804,96.75,0.0125
m,0.937670028,95.563,0.0127
m,0.932871337,95.027,0.0129
m,0.906666996,95.001,0.0132
m,0.90238046,96.604,0.0133
m,0.897911392,91.512,0.0133
m,0.89308831,95.389,0.0133
m,0.888080897,94.287,0.0133
m,0.85133114,98.018,0.0137
m,0.846169059,95.735,0.0138
m,0.840991841,98.622,0.0139
m,0.831210158,101.294,0.0139
m,0.796262814,104.562,0.014
m,0.791123795,98.837,0.0139
m,0.786118704,97.918,0.0139
m,0.781130011,103.518,0.0139
m,0.776475043,103.331,0.014
m,0.749129982,98.043,0.0141
m,0.744428901,99.459,0.0141
m,0.735532714,104.522,0.0141
m,0.730799196,98.617,0.0142
m,0.725711171,84.384,0.0144
m,2.197022444,129.951,0.0103
m,2.195077987,131.701,0.0102
m,2.194310136,120.546,0.0102
m,2.193741318,128.446,0.0101
m,2.192449694,124.82,0.0097
m,2.19183113,133.838,0.0097
m,2.191635486,124.34,0.0097
m,2.191080287,131.551,0.0097
m,2.190188335,126.133,0.0097
m,2.182960581,127.072,0.0099
m,2.180155348,119.376,0.01
m,2.177188687,115.804,0.0101
m,2.169879453,113.438,0.0102
m,2.169878559,119.323,0.0103
m,0.928072879,96.418,0.0131
m,0.918869145,95.009,0.013
m,0.914626414,99.362,0.0131
m,0.914624579,96.107,0.0132
m,0.877911597,86.766,0.0133
m,0.872735001,96.599,0.0133
m,0.867387359,95.936,0.0134
m,0.862040041,94.631,0.0135
m,0.856677858,95.374,0.0136
m,0.826403957,100.122,0.0139
m,0.821948727,100.115,0.014
m,0.817127003,103.429,0.014
m,0.81213887,98.507,0.0139
m,0.801604654,101.799,0.014
m,0.766950374,101.922,0.0141
m,0.766950374,102.533,0.0141
m,0.757964079,103.79,0.0141
m,0.753628873,101.785,0.0142
m,0.720410684,100.535,0.0145
m,0.715108974,98.959,0.0147
m,0.704303099,106.767,0.0147
m,0.698783187,100.951,0.0146
m,0.693294125,98.144,0.0145
m,0.688161372,99.055,0.0144
m,0.683042196,97.615,0.0144
m,0.677913362,99.349,0.0143
m,0.667090906,106.697,0.0143
m,0.62494717,104.253,0.0142
m,0.61871042,96.089,0.0142
m,0.612485076,93.541,0.0143
m,0.606635072,95,0.0143
m,0.537908947,95.562,0.0143
m,0.533044772,97.078,0.0142
m,0.52837108,110.64,0.0142
m,0.523329885,98.743,0.0142
m,0.518661754,114.573,0.0142
m,0.490729718,107.245,0.0142
m,0.48589612,105.438,0.0142
m,0.481067522,101.947,0.0142
m,0.476055379,97.64,0.0142
m,0.466042237,99.086,0.0142
m,0.429476366,102.489,0.0142
m,0.429476366,96.44,0.0142
m,0.419377115,95.392,0.0143
m,0.414613382,118.237,0.0143
m,0.384113063,105.603,0.0143
m,0.379205637,102.303,0.0143
m,0.369398255,92.355,0.0144
m,0.364870958,92.607,0.0144
m,0.360346014,92.543,0.0145
m,0.339031533,93.257,0.0149
m,0.330042135,93.362,0.015
m,0.325556037,92.772,0.0151
m,0.321270606,92.487,0.015
m,0.316969908,92.54,0.015
m,0.293328306,93.171,0.015
m,0.291563158,92.467,0.0151
m,0.289429203,93.636,0.0153
m,0.289444589,93.166,0.015
m,0.667090906,100.432,0.0143
m,0.655736706,97.907,0.0143
m,0.649880622,98.495,0.0142
m,0.643654988,97.055,0.0142
m,0.63760457,99.06,0.0142
m,0.600800608,101.043,0.0142
m,0.589901332,92.89,0.0142
m,0.584459178,93.742,0.0142
m,0.55346147,95.205,0.0143
m,0.548208062,101.529,0.0143
m,0.513815291,99.677,0.0142
m,0.504499616,103.297,0.0142
m,0.504496498,108.62,0.0143
m,0.495560857,106.406,0.0143
m,0.461044796,97.055,0.0141
m,0.456229409,95.192,0.0142
m,0.451055786,95.567,0.0141
m,0.445698848,97.064,0.0141
m,0.434819255,97.907,0.0141
m,0.410035738,113.996,0.0143
m,0.405642652,111.358,0.0143
m,0.397425801,103.748,0.0143
m,0.393224638,99.659,0.0143
m,0.388850952,101.126,0.0143
m,0.355999761,92.206,0.0146
m,0.351830434,97.073,0.0147
m,0.347679409,99.372,0.0148
m,0.343520035,92.671,0.0149
m,0.308959028,92.569,0.015
m,0.305051152,92.547,0.0149
m,0.301495567,93.46,0.0148
m,0.298306602,94.847,0.0148
m,0.295649336,92.409,0.0148
m,0.288948786,92.4,0.0149
m,0.289155198,92.551,0.0149
m,0.289155198,92.162,0.0149
m,0.288996334,94.66,0.0149
m,0.286012663,94.277,0.0149
m,0.283004144,92.16,0.015
m,0.279458555,92.434,0.015
m,0.275730916,92.3,0.0151
m,0.272014709,92.698,0.0151
m,0.264243828,92.171,0.015
m,0.242348849,101.047,0.0144
m,0.232835514,92.411,0.0142
m,0.232842319,92.255,0.0141
m,0.222794755,92.202,0.014
m,0.217575219,92.643,0.014
m,0.182107717,94.819,0.0129
m,0.177039024,92.071,0.0129
m,0.167224985,92.391,0.0129
m,0.162580638,92.075,0.0131
m,0.103185418,92.122,0.0173
m,0.097626881,92.184,0.0174
m,0.094493429,92.222,0.0174
m,0.094520304,92.587,0.0172
m,0.086105154,92.117,0.017
m,0.055768662,92.042,0.0157
m,0.05335331,92.044,0.0157
m,0.051826489,92.046,0.0155
m,0.050487865,92.04,0.0154
m,0.048428791,92.049,0.0151
m,0.033187272,66.936,0.0144
m,0.031508271,66.994,0.0144
m,0.029757634,66.972,0.0144
m,0.029757634,66.981,0.0144
m,0.031241728,66.929,0.0138
m,0.031293698,74.96,0.0137
m,0.031881561,67.023,0.0136
m,0.032156902,67.554,0.0136
m,0.032386268,66.974,0.0137
m,0.031491437,66.965,0.0136
m,0.031216287,66.934,0.0136
m,0.031216287,66.991,0.0136
m,0.031320031,66.932,0.0137
m,0.031596559,66.954,0.0137
m,0.260190736,92.135,0.0149
m,0.255964707,92.338,0.0148
m,0.251348746,92.936,0.0148
m,0.246934485,101.888,0.0146
m,0.212374617,92.097,0.014
m,0.207266464,92.236,0.0136
m,0.1969948,92.218,0.0134
m,0.192081811,92.064,0.0132
m,0.187012109,92.197,0.0131
m,0.157961255,92.077,0.0134
m,0.153559007,92.049,0.0136
m,0.113153512,95.21,0.0162
m,0.109944234,92.345,0.0167
m,0.10638137,92.169,0.0171
m,0.080973575,92.642,0.0166
m,0.075621518,92.048,0.0161
m,0.06990309,92.06,0.0159
m,0.059477649,92.042,0.0158
m,0.043758396,92.046,0.015
m,0.041340837,92.14,0.0149
m,0.041377467,92.216,0.0148
m,0.037124901,67.006,0.0148
m,0.035150676,66.943,0.0146
m,0.029832478,66.958,0.0142
m,0.029985511,96.192,0.0142
m,0.029955749,66.949,0.0142
m,0.030214484,66.936,0.014
m,0.030928185,67.06,0.0139
m,0.032687275,66.947,0.0137
m,0.03283057,97.583,0.0137
m,0.032352866,66.987,0.0137
m,0.031945507,108.359,0.0136
m,0.031545088,67.732,0.0138
m,0.031934487,67.397,0.0139
m,0.032286697,66.934,0.0138
m,0.032590974,66.929,0.0138
m,0.032750926,66.972,0.0138
m,0.032933049,66.931,0.0137
m,0.032933049,66.929,0.0137
m,0.032969953,66.929,0.0136
m,0.033019809,66.927,0.0135
m,0.032710598,66.927,0.0138
m,0.032760238,66.927,0.0137
m,0.032920325,66.923,0.0137
m,0.032920325,66.929,0.0137
m,0.032920325,66.927,0.0137
m,0.033130115,171.977,0.0136
m,0.032969953,66.931,0.0136
m,0.032822875,66.929,0.0136
m,0.032773025,66.925,0.0137
m,0.032760238,66.927,0.0137
m,0.032760238,66.925,0.0137
m,0.032920325,133.791,0.0137
m,0.032920325,170.06,0.0137
m,0.032969953,172.236,0.0136
m,0.032969953,171.686,0.0136
m,0.297287384,170.458,0.0204
m,0.297322265,171.167,0.0204
m,0.297322265,171.66,0.0204
m,0.297357234,172.574,0.0204
m,0.297392259,172.109,0.0204
m,0.297392259,171.43,0.0204
m,0.297607377,172.288,0.0204
m,0.297642539,173.659,0.0204
m,0.297642539,171.367,0.0204
m,0.299424213,66.948,0.0208
m,0.299565382,67.075,0.0209
m,0.299529769,67.037,0.0209
m,0.299529769,66.939,0.0209
m,0.29952675,67.011,0.021
m,0.299491222,66.979,0.021
m,0.299671162,67.004,0.021
m,0.299668178,67.049,0.0211
m,0.299488236,66.999,0.0211
m,0.300819633,67.078,0
m,0.299452765,66.988,0.0211
m,0.299269829,67,0.0212
m,0.299269829,67.024,0.0212
m,0.299266908,67.011,0.0213
m,0.299266908,66.988,0.0213
m,0.299299514,67.055,0.0214
m,3.440626558,132.522,0.0196
m,3.450916896,132.207,0.0195
m,3.460273747,133.066,0.0193
m,3.478414515,142.685,0.0191
m,3.487318698,138.523,0.019
m,3.495865238,138.201,0.0188
m,3.495865238,136.074,0.0188
m,3.510798891,133.221,0.0187
m,3.522825989,131.085,0.0187
m,3.527519512,135.438,0.0187
m,3.527519512,138.121,0.0187
m,3.533776796,135.58,0.0187
m,3.534978823,135.155,0.0188
m,3.535338305,135.503,0.0188
m,3.535338018,135.692,0.0189
m,3.534978536,136.671,0.0189
m,3.534743001,135.925,0.0189
m,3.534619063,136.322,0.0189
m,3.534494843,134.885,0.019
m,3.534370914,135.301,0.019
m,3.534011461,136.389,0.019
m,3.533887261,135.369,0.0191
m,3.533887261,135.44,0.0191
m,3.533887261,135.485,0.0191
m,3.533639445,134.924,0.0191
m,3.533527827,135.763,0.0191
m,3.533403641,136.088,0.0192
m,3.533403641,136.519,0.0192
m,3.533168117,135.981,0.0192
m,3.53304422,136.288,0.0192
m,3.53304422,135.944,0.0192
m,3.532808699,135.331,0.0192
m,3.532808699,135.101,0.0192
m,3.532808699,135.093,0.0192
m,3.53257318,134.938,0.0192
m,3.53257318,134.938,0.0192
m,3.532572903,135.124,0.0193
m,3.532449011,134.537,0.0193
m,3.532449011,135.577,0.0193
m,3.532449011,135.175,0.0193
m,3.532325127,134.672,0.0193
m,3.532213492,135.128,0.0193
m,3.532213492,135.237,0.0193
m,3.53208961,135.621,0.0193
m,3.53208961,135.144,0.0193
m,3.532089336,135.018,0.0194
m,3.532089336,135.352,0.0194
m,3.532089336,135.283,0.0194
m,3.532089336,133.454,0.0194
m,3.531977429,134.84,0.0195
m,3.531977429,134.28,0.0195
m,3.531977429,135.335,0.0195
m,3.531865795,134.777,0.0195
m,3.531865795,135.575,0.0195
m,3.531865795,135.357,0.0195
m,3.531630274,134.993,0.0195
m,3.531630274,130.676,0.0195
m,3.531642538,140.819,0.0195
m,3.531643083,131.589,0.0193
m,3.532609762,144.29,0.0193
m,3.533700504,132.515,0.0193
m,3.535399196,135.66,0.0192
m,3.537941599,138.732,0.0191
m,3.54084454,146.674,0.019
m,3.547124082,137.122,0.019
m,3.5505144,136.379,0.0189
m,3.554279443,132.647,0.0188
m,3.554279731,132.237,0.0187
m,3.562411316,134.229,0.0186
m,3.571397561,141.215,0.0184
m,3.575769269,140.036,0.0183
m,3.575769269,139.44,0.0183
m,3.584533446,137.205,0.0182
m,3.588690379,135.936,0.0182
m,3.593086013,146.101,0.0181
m,3.59771982,133.53,0.0181
m,3.60249758,137.789,0.018
m,3.60751459,134.253,0.0179
m,3.617699994,134.41,0.0179
m,3.623073159,138.226,0.0178
m,3.623073159,134.211,0.0178
m,3.63210797,135.043,0.0178
m,3.635025899,135.353,0.0178
m,3.637328988,140.813,0.0177
m,3.639632132,147.998,0.0177
m,3.645362504,147.419,0.0177
m,3.649389916,135.887,0.0177
m,3.653891365,132.732,0.0177
m,3.65897663,135.979,0.0176
m,3.664408687,138.916,0.0176
m,3.669606111,137.681,0.0175
m,3.680422637,141.311,0.0175
m,3.68582355,137.61,0.0174
m,3.68582355,141.761,0.0174
m,3.696736603,139.552,0.0173
m,3.702121124,134.004,0.0173
m,3.707487599,137.959,0.0173
m,3.712835781,136.652,0.0173
m,3.723386205,134.338,0.0174
m,3.728479795,134.316,0.0174
m,3.733554297,149.134,0.0175
m,3.738501162,152.278,0.0176
m,3.743556826,133.625,0.0177
m,3.748721265,135.447,0.0178
m,3.759504449,136.484,0.0179
m,3.765122886,133.702,0.018
m,3.765122598,137.439,0.0181
m,3.776104288,136.447,0.0182
m,3.781358512,141.914,0.0183
m,3.786612748,149.755,0.0184
m,3.791758236,139.881,0.0185
m,3.802376052,141.806,0.0185
m,3.807630322,138.703,0.0186
m,3.812993371,139.022,0.0187
m,3.823738444,137.324,0.0189
m,3.828992753,150.097,0.019
m,3.834374762,142.583,0.0191
m,3.839993251,135.511,0.0192
m,3.84535662,133.866,0.0192
m,3.856229703,136.079,0.0193
m,3.861720771,138.092,0.0193
m,3.867320645,139.052,0.0193
m,3.872684061,152.994,0.0193
m,3.87804725,142.665,0.0194
m,3.883429527,134.594,0.0194
m,3.888920384,134.52,0.0195
m,3.900266702,134.607,0.0195
m,3.900266702,138.777,0.0195
m,3.911811871,135.405,0.0195
m,3.917648294,141.08,0.0195
m,3.923120647,131.698,0.0195
m,3.928593032,137.597,0.0195
m,3.939046299,136.324,0.0195
m,3.943790807,134.835,0.0195
m,3.948190076,138.205,0.0195
m,3.952334202,137.45,0.0196
m,3.956715178,137.49,0.0196
m,3.960987121,137.72,0.0197
m,3.965350023,135.73,0.0197
m,3.975094815,136.702,0.0197
m,3.975094815,141.381,0.0197
m,3.98513261,139.418,0.0197
m,3.990025427,139.394,0.0197
m,3.9950281,140.199,0.0198
m,3.999904901,137.688,0.0198
m,4.004655812,141.993,0.0198
m,4.009517111,133.331,0.0199
m,4.018973704,130.823,0.0198
m,4.023805184,137.859,0.0199
m,4.023805184,149.989,0.0199
m,4.032985207,137.61,0.0199
m,4.037459821,146.429,0.0201
m,4.041700827,139.723,0.0201
m,4.045943964,136.922,0.0201
m,4.053948728,138.081,0.0201
m,4.058167081,141.918,0.0202
m,4.062152494,138.612,0.0202
m,4.065779489,143.376,0.0201
m,4.069298953,144.275,0.0201
m,4.072821406,141.409,0.0201
m,4.078657078,140.308,0.0201
m,4.080525557,134.851,0.0201
m,4.080525347,133.388,0.0202
m,4.081937299,134.157,0.0202
s,4.081715658,134.34,0.0202
s,4.081604842,134.056,0.0202
s,4.081604842,134.039,0.0202
s,4.081604635,134.064,0.0203
s,4.081493617,133.48,0.0204
s,4.081382404,133.733,0.0206
s,4.081271398,134.311,0.0207
s,4.081146382,134.034,0.0207
s,4.081146382,134.175,0.0207
s,4.080910757,135.27,0.0206
s,4.080785748,134.151,0.0206
s,4.080785748,133.975,0.0206
s,4.080675132,134.714,0.0205
s,4.080675132,134.263,0.0205
s,4.080328496,134.312,0.0205
s,4.080328496,135.744,0.0205
s,4.080328496,134.122,0.0205
s,4.080217686,134.291,0.0205
s,4.080217888,134.365,0.0204
s,4.079857257,134.276,0.0203
s,4.079857257,135.04,0.0203
s,4.079746652,133.427,0.0202
s,4.079746652,134.057,0.0202
s,4.079871877,134.095,0.0201
s,4.079871877,133.396,0.0201
s,4.079872088,133.207,0.02
s,4.079872088,133.85,0.02
s,4.079761283,132.787,0.02
s,4.079761497,133.467,0.0199
s,4.079650695,133.037,0.0199
s,4.079761497,133.28,0.0199
s,4.079761497,133.253,0.0199
s,4.079761714,134.262,0.0198
m,4.082048122,134.005,0.0202
s,4.081937299,133.766,0.0202
s,4.081826478,133.63,0.0202
s,4.081826478,133.704,0.0202
s,4.081493617,133.295,0.0204
s,4.081382603,133.178,0.0205
s,4.081382603,133.222,0.0205
s,4.081382603,133.994,0.0205
s,4.081382404,133.925,0.0206
s,4.081146382,134.492,0.0207
s,4.081035574,134.591,0.0207
s,4.081035574,133.271,0.0207
s,4.080910757,134.017,0.0206
s,4.080910757,134.397,0.0206
s,4.080675132,133.946,0.0205
s,4.080675132,134.24,0.0205
s,4.080564319,134.494,0.0205
s,4.080564319,134.045,0.0205
s,4.080217888,134.289,0.0204
s,4.079982065,134.753,0.0204
s,4.079982269,134.665,0.0203
s,4.079982269,134.411,0.0203
s,4.079746445,134.538,0.0203
s,4.079746652,134.039,0.0202
s,4.079746652,133.858,0.0202
s,4.079746861,134.122,0.0201
s,4.079746861,133.043,0.0201
s,4.079746861,134.113,0.0201
s,4.079761283,132.791,0.02
s,4.079761283,133.666,0.02
s,4.079761283,133.659,0.02
s,4.079761283,132.635,0.02
s,4.079761714,133.459,0.0198
s,4.079650911,134.716,0.0198
s,4.079650695,133.661,0.0199
s,4.079650695,134.28,0.0199
s,4.079650695,133.481,0.0199
s,4.079539893,133.76,0.0199
s,4.079539893,134.493,0.0199
s,4.079539893,134.681,0.0199
s,4.079429096,132.678,0.0199
s,4.079318736,133.24,0.0197
s,4.079318736,133.27,0.0197
s,4.079318958,133.548,0.0196
s,4.079208165,133.925,0.0196
s,4.079208165,133.549,0.0196
s,4.079208389,134.017,0.0195
s,4.079318958,133.619,0.0196
s,4.079318958,133.62,0.0196
s,4.079318958,133.174,0.0196
s,4.079193925,133.853,0.0196
s,4.079304724,133.089,0.0196
s,4.079415525,132.412,0.0196
s,4.079415749,133.118,0.0195
s,4.079415749,133.148,0.0195
s,4.079401536,133.033,0.0195
s,4.079401536,133.037,0.0195
s,4.079401762,132.646,0.0194
s,4.079401762,132.52,0.0194
s,4.079290955,133.454,0.0194
s,4.07918015,132.899,0.0194
s,4.079305175,134.105,0.0194
s,4.079305175,133.391,0.0194
s,4.079305175,135.462,0.0194
s,4.079305175,134.233,0.0194
s,4.078847979,133.758,0.0193
s,4.078847979,133.776,0.0193
s,4.078958776,133.843,0.0193
s,4.078958776,133.709,0.0193
s,4.079055824,133.261,0.0191
s,4.079055824,132.393,0.0191
s,4.07905559,132.557,0.0192
s,4.078930575,132.995,0.0192
s,4.078930575,133.001,0.0192
s,4.079429312,133.278,0.0198
s,4.079429312,133.285,0.0198
s,4.079429312,133.21,0.0198
s,4.079318517,134.011,0.0198
s,4.079318736,133.281,0.0197
s,4.079208165,133.499,0.0196
s,4.079208389,133.916,0.0195
s,4.079083352,133.688,0.0195
s,4.079208389,133.374,0.0195
s,4.079083128,133.186,0.0196
s,4.079083352,132.778,0.0195
s,4.079193925,132.83,0.0196
s,4.079193925,132.353,0.0196
s,4.079304724,133.077,0.0196
s,4.079415749,133.376,0.0195
s,4.079415749,133.132,0.0195
s,4.079290955,133.064,0.0194
s,4.079401536,132.978,0.0195
s,4.079401536,133.11,0.0195
s,4.07918015,133.228,0.0194
s,4.07918015,133.45,0.0194
s,4.07918015,133.481,0.0194
s,4.07918015,133.318,0.0194
s,4.079305175,133.037,0.0194
s,4.079194376,133.76,0.0194
s,4.079194376,133.272,0.0194
s,4.079083808,134.634,0.0193
s,4.079083808,133.272,0.0193
s,4.079069808,134.51,0.0192
s,4.079069808,136.307,0.0192
s,4.079069808,135.215,0.0192
s,4.079069808,133.21,0.0192
s,4.079180844,133.245,0.0191
s,4.078930575,132.548,0.0192
s,4.078694519,132.863,0.0193
s,4.078694519,133.285,0.0193
s,4.078583709,133.083,0.0193
s,4.078472902,132.409,0.0193
s,4.078236847,132.708,0.0194
s,4.078236847,132.766,0.0194
s,4.078126041,131.908,0.0194
s,4.078015237,132.719,0.0194
s,4.07746126,134.078,0.0194
s,4.0773507,133.247,0.0193
s,4.0773507,132.818,0.0193
s,4.077350932,132.93,0.0192
s,4.077129596,132.854,0.0191
s,4.077129596,132.87,0.0191
s,4.077129833,132.875,0.019
s,4.077129833,132.863,0.019
s,4.077129833,132.66,0.019
s,4.077130557,133.306,0.0187
s,4.077019777,132.99,0.0187
m,4.077020023,133.462,0.0186
m,4.077130804,132.769,0.0186
m,4.077130804,135.933,0.0186
m,4.088679103,143.449,0.0187
m,4.092580381,147.874,0.0187
m,4.096471029,138.249,0.0187
m,4.100351654,135.244,0.0187
m,4.126705428,144.077,0.0186
m,4.130500887,136.478,0.0186
m,4.137764843,143.454,0.0186
m,4.137765088,141.183,0.0185
m,4.145030196,138.354,0.0185
m,4.166570717,149.722,0.0185
m,4.169835548,137.982,0.0184
m,4.172650457,140.595,0.0184
m,4.172650457,137.566,0.0184
m,4.176710887,132.574,0.0184
m,4.185635182,146.14,0.0183
m,4.187561222,139.088,0.0183
m,4.189819897,139.724,0.0183
m,4.192654815,133.553,0.0183
s,4.078015011,132.724,0.0195
s,4.07790421,132.532,0.0195
s,4.077682615,133.103,0.0195
s,4.07757205,133.399,0.0194
s,4.07757205,134.416,0.0194
s,4.077240146,133.213,0.0192
s,4.077240146,133.084,0.0192
s,4.077129362,132.354,0.0192
s,4.077129362,133.808,0.0192
s,4.077129596,132.997,0.0191
s,4.077130072,133.511,0.0189
s,4.077130072,132.99,0.0189
s,4.077130072,133.304,0.0189
s,4.077130313,133.331,0.0188
m,4.077131052,146.692,0.0185
m,4.077241836,136.667,0.0185
m,4.079568861,133.753,0.0185
m,4.082007638,130.933,0.0186
m,4.082007638,136.239,0.0186
m,4.108024407,134.753,0.0187
m,4.111679747,130.581,0.0186
m,4.115350543,139.111,0.0186
m,4.1190244,140.668,0.0186
m,4.122801342,145.981,0.0186
m,4.148728812,145.165,0.0185
m,4.152542695,142.897,0.0186
m,4.156012455,141.321,0.0185
m,4.159720121,139.721,0.0185
m,4.178068036,149.377,0.0184
m,4.17907745,137.174,0.0184
m,4.18009577,133.378,0.0184
m,4.182812215,140.566,0.0184
m,4.184171186,140.179,0.0183
m,4.195952934,141.415,0.0183
m,4.202425166,137.809,0.0184
m,4.202425166,133.272,0.0184
m,4.208798527,141.03,0.0184
m,4.211984138,136.32,0.0184
m,4.215164651,150.831,0.0184
m,4.218581858,136.073,0.0184
m,4.225637825,136.687,0.0184
m,4.229169588,138.631,0.0184
m,4.23293235,138.591,0.0184
m,4.25394782,143.911,0.0182
m,4.25394782,133.744,0.0182
m,4.261054735,144.77,0.0182
m,4.264492903,137.298,0.0181
m,4.267937603,140.856,0.0181
m,4.291646803,142.033,0.0181
m,4.295222665,137.159,0.0181
m,4.298803804,132.917,0.0181
m,4.306204573,135.638,0.0182
m,4.330904843,132.086,0.0184
m,4.334160198,141.85,0.0184
m,4.337534803,135.779,0.0184
m,4.341027719,140.201,0.0185
m,4.344522825,135.203,0.0185
m,4.366713413,143.631,0.0186
m,4.370343325,146.19,0.0186
m,4.374091757,136.021,0.0186
m,4.377842366,140.008,0.0187
m,4.384648931,148.115,0.0187
m,4.407474883,137.757,0.0188
m,4.41089377,138.07,0.0189
m,4.41089377,141.048,0.0189
m,4.41738731,159.148,0.0189
m,4.441761546,138.091,0.0191
m,4.444963392,140.949,0.0191
m,4.448280676,144.662,0.0191
m,4.451485779,148.558,0.0191
m,4.457668821,148.678,0.0191
m,4.476121358,140.337,0.0191
m,4.479698129,133.63,0.0191
m,4.486632262,139.791,0.0191
m,4.490215168,140.501,0.0191
m,4.493687561,136.839,0.0191
m,4.236463751,147.055,0.0183
m,4.240232171,140.067,0.0183
m,4.243889149,139.979,0.0182
m,4.250746972,145.62,0.0182
m,4.271265593,137.404,0.0181
m,4.274484708,137.389,0.0181
m,4.281044245,149.566,0.0181
m,4.284381536,146.642,0.0181
m,4.287955221,138.232,0.0181
m,4.306204573,137.36,0.0182
m,4.313613885,138.122,0.0182
m,4.317205539,138.462,0.0183
m,4.320801559,136.63,0.0183
m,4.32428378,145.211,0.0183
m,4.348137096,140.47,0.0185
m,4.35560685,142.177,0.0185
m,4.359345918,140.728,0.0185
m,4.35934569,141.426,0.0186
m,4.388054487,144.853,0.0187
m,4.391344563,137.719,0.0187
m,4.394518974,141.349,0.0187
m,4.39757991,142.624,0.0187
m,4.400757654,143.259,0.0188
m,4.420694224,136.965,0.0189
m,4.424124672,139.677,0.0189
m,4.427671497,139.477,0.019
m,4.434775877,138.537,0.019
m,4.438329226,139.791,0.019
m,4.461121747,131.809,0.0191
m,4.461121747,143.441,0.0191
m,4.468736043,149.457,0.0191
m,4.472427642,138.944,0.0191
m,4.497162123,151.32,0.0191
m,4.500758271,137.846,0.0191
m,4.504588157,140.47,0.0192
m,4.511784095,137.426,0.0192
m,4.515620671,144.075,0.0192
m,4.515620671,147.207,0.0192
m,4.523308513,154.611,0.0192
m,4.526920352,145.891,0.0192
m,4.530645678,138.14,0.0193
m,4.554282122,139.632,0.0195
m,4.557671532,150.632,0.0195
m,4.561173695,138.704,0.0194
m,4.568192866,143.872,0.0195
m,4.568192866,138.769,0.0195
m,4.590252387,141.752,0.0197
m,4.594133873,140.645,0.0197
m,4.602156642,136.5,0.0198
m,4.60604459,141.893,0.0198
m,4.60604459,145.297,0.0198
m,4.635583466,139.967,0.02
m,4.639137768,138.164,0.02
m,4.642924204,133.715,0.02
m,4.646360603,136.037,0.02
m,4.672500262,145.594,0.0202
m,4.676303708,140.157,0.0203
m,4.679756938,136.105,0.0204
m,4.68344187,151.284,0.0204
m,4.690832044,135.906,0.0205
m,4.714782845,135.68,0.0208
m,4.718746815,130.254,0.0208
m,4.726804393,132.071,0.0208
m,4.731004247,147.096,0.0208
m,4.735346417,136.913,0.0208
m,4.769372851,137.239,0.021
m,4.773593477,131.578,0.0211
m,4.77781631,130.257,0.0211
m,4.782164781,133.326,0.0212
m,4.813617979,135.406,0.0215
m,4.818087785,134.304,0.0216
m,4.822311019,139.699,0.0217
m,4.826660247,140.194,0.0218
m,4.83474214,134.043,0.022
m,4.534021898,139.56,0.0193
m,4.540882496,140.384,0.0193
m,4.544255113,141.246,0.0194
m,4.547518622,137.244,0.0194
m,4.550783984,141.701,0.0194
m,4.575330073,135.983,0.0195
m,4.579092907,137.09,0.0196
m,4.582847442,140.605,0.0196
m,4.586494021,143.253,0.0196
m,4.613341339,154.768,0.0199
m,4.617004738,137.776,0.0199
m,4.620670439,142.041,0.0198
m,4.624459523,144.872,0.0198
m,4.631909749,140.493,0.0199
m,4.649677001,135.284,0.02
m,4.653238951,137.584,0.02
m,4.660842545,137.539,0.0201
m,4.660842545,135.164,0.0201
m,4.668698494,137.354,0.0202
m,4.69466011,135.077,0.0206
m,4.702552148,136.251,0.0208
m,4.706632121,146.996,0.0208
m,4.7108211,140.921,0.0208
m,4.743880165,139.038,0.0209
m,4.747965404,130.085,0.0209
m,4.75215809,132.109,0.021
m,4.756493979,132.604,0.021
m,4.760832064,131.96,0.021
m,4.786515413,128.964,0.0213
m,4.791096768,134.094,0.0214
m,4.795575704,147.229,0.0214
m,4.804664356,141.446,0.0214
m,4.804664216,143.706,0.0215
m,4.838847749,135.75,0.022
m,4.842830334,139.028,0.0221
m,4.846710924,141.024,0.0222
m,4.850447538,142.176,0.0222
m,4.853957389,151.675,0.0223
m,4.857821303,135.992,0.0223
m,4.865802784,136.803,0.0223
m,4.865802665,131.927,0.0224
m,4.874245511,129.044,0.0224
m,4.903725722,138.236,0.0223
m,4.907834242,136.059,0.0223
m,4.911967277,138.426,0.0222
m,4.916101827,136.21,0.0221
m,4.946621293,133.658,0.0222
m,4.95051632,137.154,0.0223
m,4.958285988,133.971,0.0223
m,4.961933342,136.925,0.0223
m,4.965682786,138.063,0.0224
m,4.985377916,150.248,0.0226
m,4.985377916,132.052,0.0226
m,4.991176521,135.705,0.0226
m,4.994329116,139.234,0.0226
m,4.997608695,133.428,0.0226
m,5.020737914,146.067,0.0226
m,5.024377048,138.933,0.0226
m,5.027790741,138.763,0.0226
m,5.03462097,140.479,0.0226
m,5.052518029,137.348,0.0226
m,5.055884549,132.602,0.0225
m,5.059405731,135.945,0.0225
m,5.062701812,132.812,0.0224
m,5.065745012,142.339,0.0224
m,5.073384097,143.655,0.0224
m,5.073383988,142.622,0.0225
m,5.07335611,145.228,0.0225
m,5.073229327,142.848,0.0224
s,5.073130308,142.729,0.0224
s,5.072749747,143.014,0.0223
s,5.072749747,142.731,0.0223
s,5.072749747,143.361,0.0223
s,5.072749636,141.585,0.0224
m,4.878366189,131.028,0.0224
m,4.882613353,133.155,0.0224
m,4.886987146,149.715,0.0224
m,4.895592327,136.119,0.0223
m,4.899720848,140.966,0.0223
m,4.924829771,148.499,0.0221
m,4.929219537,147.636,0.0221
m,4.929219537,147.045,0.0221
m,4.938105741,146.029,0.0221
m,4.942374881,136.44,0.0221
m,4.969080495,132.181,0.0225
m,4.972580233,131.734,0.0225
m,4.975727973,133.042,0.0226
m,4.979103433,130.545,0.0226
m,5.001241924,139.247,0.0226
m,5.007905695,135.553,0.0227
m,5.011162682,141.16,0.0227
m,5.014320235,135.891,0.0227
m,5.017578785,135.786,0.0226
m,5.03462097,132.352,0.0226
m,5.040695565,137.347,0.0225
m,5.042721056,144.679,0.0225
m,5.04471969,135.623,0.0226
m,5.04687242,139.68,0.0226
m,5.068154733,132.403,0.0224
m,5.071833612,137.683,0.0224
m,5.072876526,147.058,0.0224
m,5.072876526,143.04,0.0224
s,5.073003527,140.8,0.0223
s,5.073003527,142.247,0.0223
s,5.072876637,141.47,0.0223
s,5.072876637,144.549,0.0223
s,5.072749747,144.18,0.0223
s,5.072749636,142.701,0.0224
s,5.072749747,140.299,0.0223
s,5.072749747,140.774,0.0223
s,5.072749747,138.833,0.0223
s,5.072622859,140.993,0.0223
s,5.072622859,140.588,0.0223
s,5.072622859,139.488,0.0223
s,5.072622859,142.117,0.0223
s,5.072622972,140.115,0.0222
s,5.072622972,142.374,0.0222
s,5.072721887,142.632,0.0223
s,5.072721887,141.486,0.0223
s,5.072721887,144.17,0.0223
s,5.072721887,141.702,0.0223
s,5.072721776,143.418,0.0224
s,5.072594893,142.935,0.0224
s,5.072594893,142.534,0.0224
s,5.072594893,143.028,0.0224
s,5.072594893,145.094,0.0224
s,5.072721776,144.079,0.0224
s,5.07282081,143.884,0.0224
s,5.072693929,145.11,0.0224
s,5.072693929,141.914,0.0224
s,5.072693929,142.519,0.0224
s,5.072792971,135.444,0.0224
s,5.07291985,133.123,0.0224
s,5.07304673,133.885,0.0224
s,5.07304673,148.89,0.0224
s,5.074696298,140.771,0.0224
s,5.083271907,131.804,0.0225
s,5.083271907,132.495,0.0225
s,5.083271907,132.534,0.0225
s,5.083271907,132.634,0.0225
s,5.083046076,131.564,0.0225
s,5.083046076,131.463,0.0225
s,5.082918993,131.826,0.0226
s,5.082918993,131.619,0.0226
s,5.082918993,131.613,0.0226
s,5.082791809,131.245,0.0228
s,5.082565979,131.406,0.0228
s,5.082565979,131.589,0.0228
s,5.082439004,131.203,0.0228
s,5.082438903,131.44,0.0229
s,5.072622972,141.718,0.0222
s,5.072622972,141.326,0.0222
s,5.072722,144.256,0.0222
s,5.072722,142.05,0.0222
s,5.072594893,142.842,0.0224
s,5.072594893,143.681,0.0224
s,5.072594893,141.807,0.0224
s,5.072594893,140.438,0.0224
s,5.072594893,141.894,0.0224
s,5.072594893,143.578,0.0224
s,5.072594893,142.359,0.0224
s,5.072721776,141.779,0.0224
s,5.072721776,142.014,0.0224
s,5.072721776,142.429,0.0224
s,5.07269382,142.073,0.0225
s,5.07269382,142.233,0.0225
s,5.072792971,141.193,0.0224
s,5.072792971,139.564,0.0224
s,5.076191234,146.977,0.0224
s,5.077841164,136.302,0.0224
s,5.07959023,132.869,0.0224
s,5.082256244,132.339,0.0224
s,5.083018065,133.935,0.0224
s,5.083271907,132.049,0.0225
s,5.083271907,131.63,0.0225
s,5.083271907,131.905,0.0225
s,5.083173054,131.735,0.0225
s,5.083046076,131.569,0.0225
s,5.082918993,132.057,0.0226
s,5.082918888,131.936,0.0227
s,5.082791912,131.6,0.0227
s,5.082791809,131.571,0.0228
s,5.082438903,131.796,0.0229
s,5.082438903,131.687,0.0229
s,5.082312029,131.883,0.0228
s,5.082312029,131.721,0.0228
s,5.082312029,131.581,0.0228
s,5.082312029,131.854,0.0228
s,5.082312029,132.292,0.0228
s,5.082312131,131.642,0.0227
s,5.082185158,131.728,0.0227
s,5.082185369,132.437,0.0225
s,5.082185369,132.128,0.0225
s,5.082312343,132.468,0.0225
s,5.082312343,134.644,0.0225
s,5.082312343,131.531,0.0225
s,5.082538176,131.767,0.0225
s,5.082538176,132.376,0.0225
s,5.082538176,132.008,0.0225
s,5.082538176,131.589,0.0225
s,5.082764012,132.358,0.0225
s,5.082989848,131.873,0.0225
s,5.083116818,131.522,0.0225
s,5.083116711,132.697,0.0226
s,5.083116711,132.282,0.0226
s,5.083469625,132.015,0.0225
s,5.083469625,132.341,0.0225
s,5.083596597,132.436,0.0225
s,5.083596597,132.455,0.0225
s,5.083596597,132.576,0.0225
s,5.083822539,132.557,0.0224
s,5.083822539,132.137,0.0224
s,5.083921406,133.567,0.0224
s,5.083921406,131.562,0.0224
s,5.083921406,132.507,0.0224
s,5.084020499,131.73,0.0222
s,5.084020499,132.646,0.0222
s,5.084020499,132.547,0.0222
s,5.084020499,132.05,0.0222
s,5.08411949,131.735,0.0221
s,5.083992527,131.957,0.0221
s,5.084091409,132.686,0.0221
s,5.084091409,131.789,0.0221
s,5.084091526,131.957,0.022
s,5.082185263,131.627,0.0226
s,5.082185263,131.585,0.0226
s,5.082185263,132.12,0.0226
s,5.082185263,132.216,0.0226
s,5.082185369,132.364,0.0225
s,5.082312343,131.703,0.0225
s,5.082312343,131.831,0.0225
s,5.082312343,131.842,0.0225
s,5.082411204,131.509,0.0225
s,5.082764012,132.49,0.0225
s,5.082764012,131.657,0.0225
s,5.082890983,132.13,0.0225
s,5.082890983,132.693,0.0225
s,5.082890983,132.256,0.0225
s,5.083116711,132.675,0.0226
s,5.083243684,132.201,0.0226
s,5.083243684,132.082,0.0226
s,5.083243684,132.264,0.0226
s,5.083370763,131.707,0.0225
s,5.08372357,132.489,0.0225
s,5.083822431,132.423,0.0225
s,5.083822431,132.29,0.0225
s,5.083822539,132.458,0.0224
s,5.083921406,132.178,0.0224
s,5.083921406,131.958,0.0224
s,5.083921517,132.744,0.0223
s,5.084020387,132.317,0.0223
s,5.084020387,132.22,0.0223
s,5.084020614,131.497,0.0221
s,5.084020614,131.882,0.0221
s,5.084119375,132.113,0.0222
s,5.08411949,131.678,0.0221
s,5.08411949,131.984,0.0221
s,5.084091526,132.418,0.022
s,5.084091526,132.596,0.022
s,5.084091526,133.023,0.022
m,5.084091526,132.2,0.022
m,5.084091526,132.595,0.022
m,5.084091526,133.8,0.022
m,5.084091526,141.841,0.022
m,5.084218487,132.178,0.022
m,5.085107248,133.068,0.022
m,5.091612799,139.539,0.0219
m,5.093010417,134.262,0.0218
m,5.093010417,139.701,0.0218
m,5.09567891,141.052,0.0217
m,5.110243635,138.337,0.0216
m,5.113042907,135.394,0.0214
m,5.116068203,132.693,0.0213
m,5.121923962,132.338,0.0212
m,5.125107596,133.372,0.0211
m,5.144802825,134.654,0.0211
m,5.144802959,141.701,0.021
m,5.151661798,138.511,0.021
m,5.155204999,134.227,0.021
m,5.158779121,137.572,0.021
m,5.187984572,138.128,0.0204
m,5.191919934,136.725,0.0204
m,5.195631402,139.832,0.0204
m,5.199568654,139.995,0.0204
m,5.226867531,153.512,0.0196
m,5.23094062,146.541,0.0196
m,5.234790203,137.75,0.0196
m,5.238640987,150.358,0.0195
m,5.246537222,153.469,0.0195
m,5.270123554,148.483,0.0189
m,5.273983241,139.493,0.0189
m,5.281672251,139.405,0.0189
m,5.285535057,156.134,0.0188
m,5.289270072,141.676,0.0187
m,5.311502377,140.141,0.0182
m,5.315209274,142.59,0.0182
m,5.318693189,138.373,0.0182
m,5.322178274,143.036,0.018
m,5.325758172,146.084,0.0181
m,5.085996072,142.21,0.022
m,5.086630985,133.197,0.022
m,5.087167108,135.823,0.022
m,5.087929216,132.758,0.0219
m,5.089072284,137.058,0.0219
m,5.097203942,136.858,0.0217
m,5.098729153,133.788,0.0217
m,5.100508919,147.913,0.0216
m,5.104930402,139.77,0.0216
m,5.107572405,137.985,0.0216
m,5.128262534,136.788,0.0211
m,5.131447482,135.875,0.0211
m,5.134633331,136.206,0.021
m,5.137947287,141.586,0.021
m,5.162324334,134.976,0.0207
m,5.165900247,133.244,0.0207
m,5.173280069,142.049,0.0206
m,5.176858914,144.214,0.0205
m,5.184274921,141.414,0.0205
m,5.203507123,143.147,0.0202
m,5.207446221,142.287,0.0202
m,5.215230835,142.692,0.0201
m,5.219173056,157.643,0.0199
m,5.21917321,147.225,0.0198
m,5.250391141,149.168,0.0193
m,5.254245933,141.405,0.0192
m,5.258197655,147.766,0.019
m,5.262054441,146.294,0.0189
m,5.296966857,142.253,0.0185
m,5.296966857,150.387,0.0185
m,5.304314313,146.154,0.0184
m,5.308019864,149.079,0.0183
m,5.332955103,148.639,0.0181
m,5.332955285,145.596,0.018
m,5.34037901,150.217,0.0179
m,5.344479818,144.399,0.0178
m,5.348616641,140.461,0.0177
m,5.352754204,144.368,0.0178
m,5.360903642,143.754,0.0178
m,5.365138761,146.907,0.0177
m,5.369245204,145.116,0.0177
m,5.393528917,138.776,0.0177
m,5.401921822,137.87,0.0177
m,5.406203118,141.843,0.0176
m,5.410578513,137.46,0.0176
m,5.414824915,135.111,0.0177
m,5.440491162,136.658,0.0178
m,5.449351191,135.824,0.0178
m,5.453866439,134.032,0.0178
m,5.45851286,137.076,0.0178
m,5.463068252,138.31,0.0177
m,5.496308112,131.46,0.0178
m,5.501003762,137.815,0.0178
m,5.505831024,133.719,0.0179
m,5.516129666,136.901,0.0179
m,5.546572377,143.618,0.0181
m,5.551367045,154.476,0.0179
m,5.555729994,139.816,0.0177
m,5.564025115,134.154,0.0177
m,5.568047558,143.263,0.0177
m,5.587604312,139.794,0.018
m,5.590974825,144.223,0.018
m,5.590974825,145.144,0.018
m,5.596888518,141.508,0.0179
m,5.599956502,134.351,0.0178
m,5.630029624,140.788,0.0178
m,5.634851958,131.621,0.0178
m,5.639453809,140.314,0.0182
m,5.64405747,135.872,0.0182
m,5.673946702,142.402,0.0177
m,5.683084844,144.027,0.0179
m,5.687302819,141.114,0.0181
m,5.69152173,147.685,0.0183
m,5.695566612,158.089,0.0183
m,5.373258596,144.453,0.0178
m,5.377367083,142.599,0.0177
m,5.381382649,147.338,0.0177
m,5.389510535,144.048,0.0176
m,5.393528917,140.816,0.0177
m,5.423190838,136.532,0.0178
m,5.427440013,137.139,0.0179
m,5.431727611,134.864,0.0178
m,5.436109075,142.498,0.0177
m,5.467754737,133.403,0.0178
m,5.472534708,133.837,0.0179
m,5.482006487,136.598,0.0179
m,5.482006487,135.76,0.0179
m,5.49139135,135.231,0.0179
m,5.521419405,140.167,0.0179
m,5.526438574,137.374,0.0179
m,5.531592048,142.728,0.018
m,5.531592048,143.971,0.018
m,5.541699625,139.238,0.0181
m,5.571455869,134.559,0.0178
m,5.574471435,130.859,0.0179
m,5.577446527,138.62,0.018
m,5.580422168,139.231,0.018
m,5.603286857,140.195,0.018
m,5.607012048,140.098,0.0179
m,5.615956743,137.21,0.0178
m,5.620603244,142.619,0.0177
m,5.625250386,137.127,0.0177
m,5.652741743,138.506,0.0182
m,5.652741909,141.825,0.0181
m,5.660729714,142.692,0.0178
m,5.664900855,139.905,0.0177
m,5.66924729,141.962,0.0176
m,5.699523736,136.868,0.0183
m,5.703482159,139.395,0.018
m,5.707309263,136.032,0.0178
m,5.71470136,142.886,0.0176
m,5.714701708,143.282,0.0174
m,5.722184365,142.628,0.0174
m,5.72636696,146.348,0.0174
m,5.730682061,137.422,0.0176
m,5.734777547,150.193,0.018
m,5.761003295,135.824,0.0177
m,5.767663083,134.115,0.0175
m,5.770662515,143.205,0.0175
m,5.770662687,136.824,0.0174
m,5.800094337,143.746,0.0183
m,5.801949659,139.887,0.0184
m,5.803096709,140.202,0.0186
m,5.803494347,137.347,0.0186
m,5.803494347,145.859,0.0186
m,5.803230191,139.044,0.018
m,5.803495446,135.52,0.0179
m,5.803760872,142.855,0.0177
m,5.804158691,140.349,0.0176
m,5.804423797,135.635,0.0176
m,5.811976023,136.463,0.0177
m,5.811976023,143.249,0.0177
m,5.815995302,132.274,0.0177
m,5.817984298,136.776,0.0179
m,5.837350484,131.156,0.0183
m,5.840270898,139.684,0.0184
m,5.843145553,151.013,0.0184
m,5.845934074,137.172,0.0184
m,5.851997059,155.35,0.0184
m,5.8681623,137.645,0.0181
m,5.874676701,142.583,0.0182
m,5.877954198,145.438,0.0182
m,5.881279006,145.276,0.0183
m,5.884557335,137.482,0.0183
m,5.910636585,143.91,0.0182
m,5.914632325,137.13,0.0182
m,5.91858113,148.189,0.0181
m,5.922530824,141.754,0.0178
m,5.742795646,143.889,0.0181
m,5.746497555,141.521,0.0181
m,5.750200315,135.45,0.018
m,5.753903763,151.386,0.0179
m,5.757563189,136.678,0.0178
m,5.777146936,135.598,0.0175
m,5.781116511,134.661,0.0175
m,5.785528679,137.428,0.0177
m,5.789808865,149.805,0.018
m,5.797357176,145.049,0.0181
m,5.803494499,139.111,0.0185
m,5.803362106,139.988,0.0184
m,5.803362261,139.188,0.0183
m,5.803143025,147.538,0.0181
m,5.804954017,141.4,0.0176
m,5.805484252,133.634,0.0176
m,5.806147064,138.25,0.0176
m,5.808574486,135.078,0.0177
m,5.81016545,134.117,0.0177
m,5.822978697,135.867,0.018
m,5.822978537,144.047,0.0181
m,5.82850487,142.431,0.0181
m,5.831291391,133.146,0.0182
m,5.834343739,143.871,0.0183
m,5.851997212,139.703,0.0183
m,5.858374071,153.876,0.0183
m,5.861563219,145.619,0.0183
m,5.864753001,144.371,0.0182
m,5.887883258,135.645,0.0183
m,5.891209845,143.692,0.0182
m,5.898216153,139.629,0.0182
m,5.902209767,138.628,0.0182
m,5.902209921,154.84,0.0181
m,5.93061247,145.32,0.0177
m,5.934829968,144.163,0.0178
m,5.938914944,139.218,0.0178
m,5.943048805,141.274,0.0178
m,5.947134605,137.127,0.0181
m,5.951002944,140.61,0.0182
m,5.958292852,139.229,0.0183
m,5.961762495,138.857,0.0185
m,5.961762495,144.022,0.0185
m,5.968655053,144.523,0.0186
m,5.988106412,141.033,0.0186
m,5.991398078,159.032,0.0185
m,5.994605871,137.342,0.0183
m,5.997764639,137.652,0.0182
m,6.000839283,136.195,0.0182
m,6.021152708,146.051,0.0187
m,6.023878814,146.716,0.0186
m,6.029767521,149.438,0.0186
m,6.03271243,151.549,0.0186
s,6.039004926,157.822,0.0187
s,6.039004926,152.566,0.0187
s,6.038870883,149.34,0.0188
s,6.038870883,152.056,0.0188
s,6.038653201,149.09,0.0188
s,6.038468771,161.326,0.0191
s,6.038334738,154.158,0.0192
s,6.038334608,150.324,0.0193
s,6.038334608,151.718,0.0193
s,6.038334608,161.865,0.0193
s,6.038116539,157.262,0.0196
s,6.038116539,159.159,0.0196
s,6.037982638,158.633,0.0196
s,6.037982638,153.774,0.0196
s,6.038066553,154.592,0.0195
s,6.037932655,157.114,0.0195
s,6.037932655,161.011,0.0195
s,6.037932655,152.591,0.0195
s,6.037932529,155.636,0.0196
s,6.037798758,149.687,0.0195
s,6.037798758,151.155,0.0195
s,6.037882557,156.59,0.0195
s,6.037882557,154.971,0.0195
s,6.037882557,160.897,0.0195
m,5.971859324,137.018,0.0187
m,5.978402935,141.02,0.0188
m,5.978402935,141.804,0.0188
m,5.984815112,142.317,0.0187
m,6.006940296,144.065,0.0182
m,6.009832664,149.324,0.0183
m,6.009832664,141.7,0.0183
m,6.015316076,145.174,0.0186
m,6.018343091,139.163,0.0187
m,6.035256202,138.765,0.0185
m,6.03713092,157.128,0.0183
m,6.039139257,153.666,0.0184
m,6.039273018,152.119,0.0185
s,6.039138971,153.466,0.0186
s,6.038653201,151.905,0.0188
s,6.038519297,151.317,0.0188
s,6.038602942,149.555,0.0189
s,6.038469041,155.848,0.0189
s,6.038116921,160.083,0.0193
s,6.038116792,158.152,0.0194
s,6.038116665,152.771,0.0195
s,6.038116665,156.329,0.0195
s,6.038116539,157.999,0.0196
s,6.038066427,156.566,0.0196
s,6.038066303,151.939,0.0197
s,6.038066303,156.23,0.0197
s,6.038066303,157.358,0.0197
s,6.038066427,159.682,0.0196
s,6.037932655,154.039,0.0195
s,6.037932782,151.998,0.0194
s,6.037932655,158.495,0.0195
s,6.037798758,152.503,0.0195
s,6.037882431,159.329,0.0196
s,6.037882431,152.121,0.0196
s,6.037882557,161.438,0.0195
s,6.037882557,154.617,0.0195
s,6.037798885,158.224,0.0194
s,6.037798885,151.065,0.0194
s,6.037882684,151.722,0.0194
s,6.037882684,150.104,0.0194
s,6.037664988,152.031,0.0194
s,6.037664988,148.587,0.0194
s,6.037664988,153.238,0.0194
s,6.037531093,151.62,0.0194
s,6.037531093,159.408,0.0194
s,6.037664988,151.175,0.0194
s,6.037531093,154.552,0.0194
s,6.037664988,151.272,0.0194
s,6.037530965,154.839,0.0195
s,6.037447168,158.088,0.0195
s,6.037447168,155.644,0.0195
s,6.03758094,158.378,0.0196
s,6.03758094,159.367,0.0196
s,6.03758094,154.261,0.0196
s,6.037714715,157.166,0.0197
s,6.037714592,148.483,0.0198
s,6.037714592,155.307,0.0198
s,6.037714472,156.009,0.0199
s,6.037714472,161.144,0.0199
s,6.037714472,151.839,0.0199
s,6.037714353,150.85,0.02
s,6.037580454,153.319,0.02
s,6.037580573,157.35,0.0199
s,6.037496783,155.608,0.0199
s,6.037496664,155.371,0.02
s,6.037580573,147.231,0.0199
s,6.037580573,147.679,0.0199
s,6.037580573,150.089,0.0199
s,6.037714472,146.926,0.0199
s,6.037798146,148.213,0.02
s,6.037798146,153.659,0.02
s,6.037798028,146.418,0.0201
s,6.037931926,151.777,0.0201
s,6.037931926,151.828,0.0201
s,6.037665117,152.314,0.0193
s,6.037664988,155.801,0.0194
s,6.037664988,154.764,0.0194
s,6.037664988,155.941,0.0194
s,6.037664988,153.428,0.0194
s,6.037664988,161.648,0.0194
s,6.037664988,151.929,0.0194
s,6.037664988,153.351,0.0194
s,6.037531093,154.379,0.0194
s,6.037447168,156.079,0.0195
s,6.037447168,153.116,0.0195
s,6.037581066,152.985,0.0195
s,6.037581066,155.425,0.0195
s,6.03758094,153.697,0.0196
s,6.037714592,151.804,0.0198
s,6.037714592,154.123,0.0198
s,6.037714592,158.709,0.0198
s,6.037714592,149.075,0.0198
s,6.037714592,147.685,0.0198
s,6.037714472,159.068,0.0199
s,6.037714472,161.096,0.0199
s,6.037714472,154.686,0.0199
s,6.037714472,153.34,0.0199
s,6.037580573,151.794,0.0199
s,6.037580573,151.641,0.0199
s,6.037580573,149.448,0.0199
s,6.037580454,153.513,0.02
s,6.037580573,156.721,0.0199
s,6.037714353,146.01,0.02
s,6.037714353,150.785,0.02
s,6.037798146,148.421,0.02
s,6.037798146,149.254,0.02
s,6.037798146,147.578,0.02
s,6.03793181,152.206,0.0202
s,6.03793181,153.413,0.0202
s,6.03793181,155.978,0.0202
s,6.038065708,156.176,0.0202
s,6.038065708,155.14,0.0202
s,6.038065708,152.366,0.0202
s,6.038015608,148.545,0.0202
s,6.038015608,152.851,0.0202
s,6.038015608,149.976,0.0202
s,6.03814939,150.048,0.0203
s,6.03814939,148.453,0.0203
s,6.03814939,149.604,0.0203
s,6.03814939,150.256,0.0203
s,6.038149277,152.523,0.0204
s,6.038015381,148.395,0.0204
s,6.038015381,150.133,0.0204
s,6.038015381,141.067,0.0204
s,6.037931583,154.894,0.0204
s,6.037797799,149.369,0.0203
s,6.037663902,152.464,0.0203
s,6.037580107,146.953,0.0203
s,6.037580107,148.369,0.0203
s,6.037580107,150.872,0.0203
s,6.037362531,151.77,0.0202
s,6.037362531,149.807,0.0202
s,6.037362531,152.358,0.0202
m,6.037278742,152.92,0.0202
m,6.039421373,141.81,0.0201
m,6.044594431,137.847,0.02
m,6.0475413,146.413,0.02
m,6.053787807,145.335,0.0199
m,6.053787807,135.942,0.0199
m,6.076775935,154.156,0.0199
m,6.080263158,139.334,0.0198
m,6.083616619,138.455,0.0198
m,6.087322136,138.534,0.0197
m,6.091162165,144.332,0.0197
m,6.117942176,150.562,0.0195
m,6.121786213,142.593,0.0195
m,6.125547949,146.951,0.0196
m,6.132887138,145.122,0.0196
s,6.038015608,154.814,0.0202
s,6.038015608,148.29,0.0202
s,6.038015608,152.214,0.0202
s,6.03814939,152.023,0.0203
s,6.03814939,152.552,0.0203
s,6.038149277,151.512,0.0204
s,6.03814939,143.247,0.0203
s,6.03814939,150.811,0.0203
s,6.03814939,151.228,0.0203
s,6.03814939,154.419,0.0203
s,6.037931583,148.144,0.0204
s,6.037797686,151.435,0.0204
s,6.037797799,144.756,0.0203
s,6.037797799,150.185,0.0203
s,6.037580107,150.273,0.0203
s,6.037580221,151.12,0.0202
s,6.037496431,149.131,0.0202
s,6.037496431,148.527,0.0202
s,6.037496431,150.535,0.0202
m,6.037412643,147.589,0.0202
m,6.037412643,150.221,0.0202
m,6.037412759,148.42,0.0201
m,6.037948372,137.829,0.0201
m,6.039421373,138.436,0.0201
m,6.06003563,140.401,0.0199
m,6.063201804,146.057,0.0199
m,6.06641894,138.18,0.0199
m,6.069853948,139.157,0.0199
m,6.095002801,137.467,0.0196
m,6.102736571,138.348,0.0196
m,6.106578599,136.84,0.0196
m,6.106578599,140.634,0.0196
m,6.114181292,142.81,0.0196
m,6.136650621,145.656,0.0196
m,6.140280235,134.191,0.0196
m,6.144127251,144.864,0.0196
m,6.147974859,145.498,0.0195
m,6.151740619,146.504,0.0194
m,6.159490346,146.293,0.0194
m,6.163474374,144.42,0.0194
m,6.163474499,135.19,0.0193
m,6.171362119,140.58,0.0192
m,6.175078479,144.332,0.0192
m,6.198593843,147.955,0.019
m,6.202636195,140.67,0.019
m,6.206491256,136.164,0.019
m,6.210400116,145.727,0.0189
m,6.214174623,144.591,0.0189
m,6.241530197,141.204,0.0186
m,6.249304598,138.366,0.0185
m,6.253030516,138.231,0.0185
m,6.256810865,136.408,0.0185
m,6.282368736,137.418,0.0183
m,6.286018091,133.803,0.0182
m,6.289613209,141.191,0.0182
m,6.296859406,137.63,0.0181
m,6.296859406,138.643,0.0181
m,6.32125949,137.305,0.0179
m,6.329325251,151.903,0.0178
m,6.333466442,150.152,0.0179
m,6.341805905,143.454,0.018
m,6.346139757,140.185,0.018
m,6.376056983,132.627,0.0175
m,6.385301472,131.36,0.0174
m,6.38991299,134.425,0.0174
m,6.394468938,130.757,0.0174
m,6.423673924,133.887,0.0172
m,6.427691267,132.737,0.0172
m,6.435569552,133.041,0.0172
m,6.439645217,135.448,0.0173
m,6.443936394,143.084,0.0172
m,6.46434755,139.737,0.0173
m,6.472721946,139.293,0.0172
m,6.476802659,137.254,0.0172
m,6.480884079,133.598,0.0171
m,6.484965911,132.263,0.0171
m,6.178848043,141.58,0.0191
m,6.182618166,141.438,0.019
m,6.190645737,136.083,0.019
m,6.194686839,141.172,0.019
m,6.222076548,142.723,0.0188
m,6.222076548,141.861,0.0188
m,6.229845735,150.115,0.0187
m,6.233757849,139.124,0.0187
m,6.237751914,137.564,0.0186
m,6.260537666,139.913,0.0185
m,6.264183965,137.039,0.0185
m,6.267830764,140.124,0.0185
m,6.27499088,141.082,0.0184
m,6.278639153,150.179,0.0184
m,6.304458098,139.883,0.0181
m,6.308651277,137.491,0.018
m,6.312925276,137.409,0.018
m,6.317199956,144.08,0.0179
m,6.350554151,134.894,0.018
m,6.354889297,132.441,0.018
m,6.359089892,136.446,0.0178
m,6.367572213,130.631,0.0177
m,6.371638942,132.33,0.0176
m,6.403232114,128.978,0.0173
m,6.403232114,130.488,0.0173
m,6.411590488,129.074,0.0172
m,6.415662991,138.844,0.0172
m,6.419736069,131.421,0.0172
m,6.443936247,135.723,0.0173
m,6.452090796,132.236,0.0172
m,6.456168699,131.326,0.0173
m,6.460325879,131.869,0.0173
m,6.488990595,141.722,0.017
m,6.496962803,129.978,0.017
m,6.50085253,129.001,0.017
m,6.504742652,133.893,0.017
m,6.508633168,138.737,0.017
m,6.512309766,137.888,0.0171
m,6.516201095,147.738,0.0171
m,6.523634611,139.045,0.0171
m,6.523634758,144.51,0.017
m,6.548807999,144.626,0.0169
m,6.551807406,156.11,0.017
m,6.555293842,141.999,0.017
m,6.555293842,139.89,0.017
m,6.585616594,147.152,0.0172
m,6.589575145,147.033,0.0171
m,6.593534049,140.826,0.0171
m,6.597706874,145.507,0.0172
m,6.601666742,151.03,0.0172
m,6.624573386,142.246,0.0171
m,6.628476451,143.381,0.0171
m,6.632516709,152.035,0.017
m,6.640401299,151.93,0.017
m,6.644305965,152.479,0.0169
m,6.669625659,146.977,0.0163
m,6.669625659,162.625,0.0163
m,6.6769541,150.884,0.0164
m,6.680649301,145.158,0.0164
m,6.707363388,142.114,0.0167
m,6.707363243,147.443,0.0168
m,6.715247261,141.507,0.0169
m,6.719083593,137.919,0.0169
m,6.722995896,148.432,0.017
m,6.749055991,145.858,0.017
m,6.749056273,156.234,0.0168
m,6.756537712,152.132,0.0168
m,6.760241478,146.706,0.0167
m,6.764020884,147.492,0.0166
m,6.789972974,141.32,0.0163
m,6.793680039,140.928,0.0163
m,6.79766214,144.838,0.0163
m,6.801507359,137.965,0.0163
m,6.531069879,152.418,0.017
m,6.534340196,144.72,0.0171
m,6.537416126,147.29,0.0171
m,6.540278609,144.494,0.0169
m,6.543141063,142.1,0.0169
m,6.562462969,140.277,0.017
m,6.566359586,142.447,0.017
m,6.570315527,146.148,0.0171
m,6.574076524,150.358,0.0171
m,6.581581475,142.339,0.0172
m,6.605490675,152.247,0.0171
m,6.612866284,141.357,0.0172
m,6.612866427,148.239,0.0171
m,6.62053406,143.77,0.0171
m,6.648074123,150.587,0.0169
m,6.651766603,147.107,0.0166
m,6.655398864,148.164,0.0165
m,6.658955057,141.74,0.0164
m,6.662648432,144.853,0.0163
m,6.684344917,142.529,0.0164
m,6.688253748,139.116,0.0165
m,6.691950015,134.429,0.0166
m,6.695859743,134.398,0.0166
m,6.703528496,140.514,0.0166
m,6.72683306,144.496,0.017
m,6.730396392,141.334,0.0171
m,6.737737072,149.138,0.0171
m,6.741438751,146.444,0.0171
m,6.767725411,155.032,0.0165
m,6.771292971,150.895,0.0165
m,6.774998282,144.449,0.0164
m,6.782210462,156.09,0.0163
m,6.782210462,147.026,0.0163
m,6.805490354,138.956,0.0163
m,6.809473801,140.052,0.0163
m,6.817579451,140.462,0.0163
m,6.821501325,139.682,0.0164
m,6.821501325,143.334,0.0164
m,6.829684024,139.525,0.0165
m,6.833882056,144.625,0.0165
m,6.83786841,145.042,0.0166
m,6.84206711,136.815,0.0167
m,6.846054472,138.788,0.0167
m,6.873099544,140.074,0.0169
m,6.877026633,135.909,0.0169
m,6.880742407,135.892,0.0169
m,6.884670182,137.981,0.0169
m,6.892590623,135.143,0.0168
m,6.918224863,145.689,0.017
m,6.924911585,141.174,0.0169
m,6.928429836,142.158,0.0169
m,6.932150439,140.23,0.0169
m,6.957321204,134.465,0.0172
m,6.965457737,142.413,0.0173
m,6.969319817,140.607,0.0173
m,6.973182292,140.454,0.0173
m,6.976842157,138.763,0.0174
m,6.994229483,143.14,0.0175
m,7.001342314,133.965,0.0175
m,7.005004456,139.513,0.0176
m,7.008594125,144.458,0.0177
m,7.011908074,144.061,0.0177
m,7.034916575,135.909,0.0177
m,7.039752614,135.395,0.0177
m,7.041825384,135.554,0.0177
m,7.041825384,138.041,0.0177
s,7.04438524,139.074,0.0177
s,7.04438524,138.343,0.0177
s,7.044247045,138.767,0.0177
s,7.044036461,138.979,0.0177
s,7.044036461,139.473,0.0177
s,7.043621874,138.86,0.0177
s,7.043549487,138.92,0.0177
s,7.043549487,138.597,0.0177
s,7.043411291,139.098,0.0177
s,7.043411291,138.902,0.0177
m,6.853967145,136.478,0.0168
m,6.857818234,138.093,0.0168
m,6.865595817,141.522,0.0168
m,6.869384506,133.921,0.0169
m,6.896519298,136.472,0.0169
m,6.904230205,138.345,0.017
m,6.907884625,136.323,0.017
m,6.911465613,138.78,0.017
m,6.914845122,139.726,0.017
m,6.936220662,139.614,0.0168
m,6.936220527,135.603,0.0169
m,6.944352814,141.064,0.0169
m,6.948699627,137.379,0.017
m,6.957321334,138.219,0.0171
m,6.980429393,137.7,0.0174
m,6.987677829,136.991,0.0174
m,6.990990013,142.516,0.0174
m,6.994229607,136.214,0.0174
m,7.019161904,139.771,0.0177
m,7.022476718,141.952,0.0177
m,7.025791816,133.813,0.0177
m,7.028903319,139.397,0.0178
m,7.031942613,134.703,0.0178
m,7.04438524,138.245,0.0177
m,7.044523436,138.502,0.0177
s,7.044523436,138.619,0.0177
s,7.044523436,139.054,0.0177
s,7.04438524,138.933,0.0177
s,7.043898266,138.478,0.0177
s,7.043898147,139.264,0.0178
s,7.04376007,139.654,0.0177
s,7.04376007,139.014,0.0177
s,7.043411411,139.021,0.0176
s,7.043411411,138.688,0.0176
s,7.043411411,138.918,0.0176
s,7.043273215,139.759,0.0176
s,7.043273215,139.069,0.0176
s,7.043345606,138.706,0.0176
s,7.043345728,138.67,0.0175
s,7.043345728,138.44,0.0175
s,7.043207534,139.333,0.0175
s,7.042997194,139.043,0.0173
s,7.04299707,139.361,0.0174
s,7.04299707,138.991,0.0174
s,7.04299707,139.428,0.0174
s,7.043135265,139.579,0.0174
s,7.043069219,138.371,0.0176
s,7.043207413,138.835,0.0176
s,7.043135021,139.025,0.0176
s,7.043135021,138.694,0.0176
s,7.043273095,138.946,0.0177
s,7.043483561,138.742,0.0178
s,7.043483561,139.231,0.0178
s,7.043483444,139.696,0.0179
s,7.043483444,138.857,0.0179
s,7.043345251,138.853,0.0179
s,7.043345251,137.84,0.0179
s,7.043345251,137.84,0.0179
s,7.043272859,138.04,0.0179
s,7.043272859,138.756,0.0179
s,7.043134549,138.227,0.018
s,7.04299647,138.284,0.0179
s,7.04299647,139.191,0.0179
s,7.04299647,138.385,0.0179
s,7.04299647,138.889,0.0179
s,7.04299647,135.408,0.0179
s,7.04299647,139.431,0.0179
s,7.04299647,137.637,0.0179
s,7.042996354,138.516,0.018
s,7.042923964,139.347,0.018
s,7.042923964,138.893,0.018
s,7.042923964,139.696,0.018
s,7.042923964,139.418,0.018
s,7.042713382,139.258,0.018
s,7.043207657,138.826,0.0174
s,7.043207657,139.043,0.0174
s,7.043135265,140.006,0.0174
s,7.04313539,139.45,0.0173
s,7.042997194,139.215,0.0173
s,7.043135142,138.809,0.0175
s,7.043207534,138.121,0.0175
s,7.043207534,138.154,0.0175
s,7.043069341,138.294,0.0175
s,7.043273095,138.265,0.0177
s,7.043273095,138.621,0.0177
s,7.043273095,138.571,0.0177
s,7.043345486,138.853,0.0177
s,7.043345368,138.117,0.0178
s,7.043483444,139.173,0.0179
s,7.043483444,138.072,0.0179
s,7.043345251,138.232,0.0179
s,7.043345251,137.403,0.0179
s,7.043345251,138.303,0.0179
s,7.043272744,139.03,0.018
s,7.043134549,138.176,0.018
s,7.043134549,138.964,0.018
s,7.043134549,138.233,0.018
s,7.04299647,139.614,0.0179
s,7.04299647,138.977,0.0179
s,7.04299647,139.318,0.0179
s,7.04299647,139.238,0.0179
s,7.04299647,137.923,0.0179
s,7.042923964,138.792,0.018
s,7.042923964,138.083,0.018
s,7.042923964,138.737,0.018
s,7.042923964,138.525,0.018
s,7.042923964,139.793,0.018
s,7.042713382,139.313,0.018
s,7.042713382,138.904,0.018
s,7.042713382,138.394,0.018
s,7.042713382,139.211,0.018
s,7.042575185,139.442,0.018
s,7.042575185,138.427,0.018
s,7.042575185,138.549,0.018
s,7.042575185,139.172,0.018
s,7.042575071,139.437,0.0181
s,7.042574958,138.209,0.0182
s,7.042574958,138.997,0.0182
s,7.042647347,138.051,0.0182
s,7.042647235,138.208,0.0183
s,7.042785211,138.765,0.0185
s,7.042785211,139.016,0.0185
s,7.042857603,139.579,0.0185
s,7.042857603,138.854,0.0185
s,7.042857495,138.736,0.0186
s,7.042995583,140.19,0.0187
s,7.042995583,138.748,0.0187
s,7.042995479,137.856,0.0188
s,7.042995479,138.288,0.0188
s,7.043133674,138.443,0.0188
s,7.043416551,138.255,0.0189
s,7.043416551,138.558,0.0189
s,7.043416551,139.529,0.0189
s,7.043488952,138.792,0.0189
s,7.043561253,138.709,0.019
s,7.043699442,138.403,0.019
s,7.043561253,139.136,0.019
s,7.043699442,138.248,0.019
s,7.043699442,140.028,0.019
s,7.043699442,139.925,0.019
s,7.043837633,139.716,0.019
s,7.043837734,139.302,0.0189
s,7.043765334,139.242,0.0189
s,7.043765334,140.084,0.0189
m,7.043837633,139.423,0.019
m,7.043975824,138.013,0.019
m,7.043975824,137.79,0.019
m,7.043975824,138.465,0.019
s,7.042575071,139.182,0.0181
s,7.042575071,137.908,0.0181
s,7.042575071,138.823,0.0181
s,7.042575071,138.076,0.0181
s,7.042574958,139.136,0.0182
s,7.042647235,137.898,0.0183
s,7.04278532,138.832,0.0184
s,7.04278532,139.199,0.0184
s,7.04278532,139.338,0.0184
s,7.04278532,141.292,0.0184
s,7.042857495,138.727,0.0186
s,7.042857495,138.918,0.0186
s,7.042857495,137.885,0.0186
s,7.042995583,138.996,0.0187
s,7.043133674,138.58,0.0188
s,7.043206066,139.544,0.0188
s,7.043206066,139.216,0.0188
s,7.043206066,140.188,0.0188
s,7.043344156,138.7,0.0189
s,7.043488952,139.054,0.0189
s,7.04348885,138.673,0.019
s,7.04348885,138.985,0.019
s,7.04348885,139.203,0.019
s,7.04348885,139.365,0.019
s,7.043699442,139.43,0.019
s,7.043699442,139.573,0.019
s,7.043699442,138.83,0.019
s,7.043699442,139.238,0.019
s,7.043765233,139.036,0.019
s,7.043765233,139.027,0.019
m,7.043837734,139.49,0.0189
m,7.043837633,138.731,0.019
m,7.043975824,139.282,0.019
m,7.043975926,135.999,0.0189
m,7.044114116,132.687,0.0189
m,7.044390501,135.455,0.0189
m,7.045910647,146.714,0.0189
m,7.046950418,138.482,0.0189
m,7.046950418,143.829,0.0189
m,7.048747058,141.437,0.0189
m,7.049852826,138.41,0.0188
m,7.051583713,143.27,0.0188
m,7.054144065,137.842,0.0187
m,7.074678093,142.153,0.0189
m,7.077997138,139.521,0.019
m,7.081454875,139.011,0.019
m,7.08858156,137.124,0.019
m,7.088581461,133.389,0.0191
m,7.118206681,136.843,0.0191
m,7.122083014,135.121,0.0191
m,7.126031333,134.269,0.0191
m,7.129631424,135.032,0.0191
m,7.154777943,134.54,0.019
m,7.158241872,136.705,0.019
m,7.161638796,133.239,0.019
m,7.16510326,130.169,0.019
m,7.171688421,131.202,0.019
m,7.191310612,130.756,0.019
m,7.195332096,131.208,0.019
m,7.199424895,130.468,0.019
m,7.207124418,133.818,0.019
m,7.211008595,130.036,0.019
m,7.239391182,132.09,0.019
m,7.239391182,130.67,0.019
m,7.247445334,136.678,0.019
m,7.25161067,131.318,0.019
m,7.278975948,134.933,0.019
m,7.28654901,133.432,0.0191
m,7.290439935,137.249,0.0191
m,7.294540251,137.141,0.0191
m,7.298431752,131.888,0.0192
m,7.315183512,130.641,0.0195
m,7.32067576,132.633,0.0195
m,7.323943996,131.045,0.0196
m,7.327559974,133.058,0.0196
m,7.331176246,130.908,0.0196
m,7.060851516,140.612,0.0187
m,7.064307759,138.526,0.0187
m,7.067902468,137.534,0.0188
m,7.071359327,140.581,0.0188
m,7.096334601,137.101,0.0191
m,7.099932176,131.89,0.0191
m,7.103530072,134.012,0.0191
m,7.10712829,135.221,0.0191
m,7.114397413,134.42,0.0191
m,7.13330338,133.018,0.0191
m,7.136975684,130.895,0.019
m,7.140576656,134.891,0.019
m,7.144039428,132.333,0.019
m,7.151314306,138.024,0.019
m,7.175224742,130.745,0.0191
m,7.178967611,131.433,0.019
m,7.178967611,130.109,0.019
m,7.18721847,131.954,0.019
m,7.21510275,131.814,0.0189
m,7.219126367,134.424,0.0189
m,7.223220979,134.754,0.019
m,7.231408832,135.792,0.019
m,7.235504542,132.838,0.019
m,7.259944426,145.236,0.019
m,7.259944426,132.221,0.019
m,7.267792338,133.658,0.0191
m,7.271542856,131.599,0.019
m,7.275293606,135.282,0.019
m,7.302462693,133.603,0.0192
m,7.305937849,137.195,0.0193
m,7.309205247,138.113,0.0193
m,7.315183599,136.443,0.0194
m,7.33840967,132.816,0.0196
m,7.342096441,133.689,0.0196
m,7.345644305,128.501,0.0196
m,7.349261961,135.26,0.0196
m,7.352949352,132.059,0.0197
m,7.356637053,129.969,0.0197
m,7.363804511,128.758,0.0197
m,7.367423507,129.508,0.0197
m,7.367423507,132.611,0.0197
m,7.397080341,138.945,0.0196
m,7.401188813,141.549,0.0196
m,7.405228579,138.591,0.0195
m,7.409337652,135.071,0.0195
m,7.413377924,131.561,0.0196
m,7.435744677,132.752,0.0196
m,7.439298435,131.125,0.0196
m,7.442644239,131.239,0.0196
m,7.44591949,133.6,0.0197
m,7.451775491,134.143,0.0198
m,7.471298428,135.726,0.0199
m,7.474575362,130.773,0.0199
m,7.480921709,136.064,0.02
m,7.48405962,138.462,0.02
m,7.504431758,133.405,0.02
m,7.504431758,131.4,0.02
m,7.50987583,139.166,0.02
m,7.512596434,134.82,0.02
m,7.515388633,135.917,0.02
m,7.533190977,143.017,0.0198
m,7.536331615,134.514,0.0198
m,7.542896618,138.608,0.0198
m,7.546388927,137.333,0.0199
m,7.550228795,155.725,0.0199
m,7.576704036,136.787,0.0199
m,7.580825329,135.337,0.02
m,7.584739558,144.735,0.0201
m,7.588654168,133.882,0.0201
m,7.617733001,130.978,0.02
m,7.621370236,137.457,0.02
m,7.625007732,135.398,0.02
m,7.625007732,137.858,0.02
m,7.632770423,133.418,0.02
m,7.374592484,140.845,0.0197
m,7.378212384,132.615,0.0196
m,7.382041002,144.749,0.0196
m,7.385730616,136.927,0.0196
m,7.393111423,150.372,0.0196
m,7.417279375,134.116,0.0195
m,7.424943733,134.979,0.0195
m,7.424943733,133.66,0.0195
m,7.432259948,135.651,0.0196
m,7.454772441,131.555,0.0198
m,7.457840367,133.155,0.0198
m,7.457840367,129.48,0.0198
m,7.464603189,135.43,0.0199
m,7.46795069,133.316,0.0199
m,7.487129316,134.793,0.02
m,7.490059665,136.201,0.02
m,7.493058501,138.273,0.02
m,7.495989183,132.968,0.02
m,7.498780475,138.517,0.02
m,7.518320692,138.754,0.0199
m,7.524392871,133.946,0.0199
m,7.527325446,136.394,0.0198
m,7.530258123,133.266,0.0198
m,7.554001107,135.567,0.0199
m,7.557841459,149.279,0.0199
m,7.565315402,135.846,0.0199
m,7.568949034,145.616,0.0199
m,7.568949034,131.854,0.0199
m,7.595992403,136.166,0.0201
m,7.599628172,134.441,0.0201
m,7.603191722,134.95,0.0201
m,7.60675546,135.146,0.0201
m,7.610252138,136.267,0.02
m,7.636688511,130.701,0.0201
m,7.640534082,130.286,0.0201
m,7.64431284,135.867,0.0201
m,7.652078143,131.72,0.0201
m,7.6562047,132.737,0.02
m,7.660264474,128.714,0.0201
m,7.664391504,130.691,0.0201
m,7.668451887,131.017,0.0202
m,7.672512658,130.595,0.0202
m,7.699605598,131.985,0.0201
m,7.703455013,134.529,0.0201
m,7.711228125,128.114,0.0201
m,7.715011762,127.857,0.0201
m,7.743378432,144.1,0.0199
m,7.743378502,130.803,0.0198
m,7.751296988,130.276,0.0197
m,7.758935938,131.585,0.0197
m,7.762722732,132.039,0.0197
m,7.781371649,134.822,0.0197
m,7.785160025,138.089,0.0196
m,7.792803266,140.999,0.0196
m,7.796592409,133.083,0.0195
m,7.800728144,132.571,0.0196
m,7.829844715,143.871,0.0194
m,7.833917151,143.383,0.0193
m,7.838055216,133.841,0.0194
m,7.842128147,144.208,0.0194
m,7.873858812,132.873,0.0195
m,7.882853203,134.385,0.0195
m,7.88727547,135.242,0.0195
m,7.88727547,133.751,0.0195
m,7.895915208,133.516,0.0195
m,7.922750146,130.301,0.0194
m,7.927110225,134.374,0.0193
m,7.931675905,132.499,0.0194
m,7.936458641,139.931,0.0193
m,7.941447138,137.606,0.0192
m,7.974505359,145.29,0.0191
m,7.978933584,136.03,0.019
m,7.987444762,140.535,0.019
m,7.991732906,142.505,0.019
m,7.680421784,126.742,0.0202
m,7.684203332,129.05,0.0202
m,7.684203332,125.894,0.0202
m,7.691833893,133.687,0.0202
m,7.695682911,130.5,0.0201
m,7.719002311,131.252,0.02
m,7.722993023,129.171,0.02
m,7.726983963,133.37,0.02
m,7.73104905,132.006,0.0199
m,7.739452744,134.624,0.0199
m,7.762722732,137.192,0.0197
m,7.770222862,136.185,0.0197
m,7.774010418,138.692,0.0197
m,7.777657947,138.354,0.0197
m,7.804658165,148.851,0.0195
m,7.808934844,133.209,0.0195
m,7.817217381,141.462,0.0194
m,7.821494889,146.481,0.0194
m,7.821494889,138.118,0.0194
m,7.850977275,152.45,0.0194
m,7.855537946,134.505,0.0194
m,7.86003361,138.408,0.0194
m,7.8645949,135.799,0.0194
m,7.86915641,138.795,0.0195
m,7.900338376,130.501,0.0194
m,7.904621073,131.908,0.0195
m,7.908979842,131.887,0.0194
m,7.918109214,134.659,0.0194
m,7.951501125,130.954,0.0192
m,7.956285352,139.694,0.0192
m,7.956285352,135.169,0.0192
m,7.965637999,136.093,0.0192
m,7.970141848,134.702,0.0192
m,7.995957105,141.392,0.0189
m,8.000245837,134.42,0.0188
m,8.00461144,140.945,0.0187
m,8.009182367,136.339,0.0186
m,8.013753572,147.605,0.0185
m,8.02255085,139.873,0.0185
m,8.022550931,143.216,0.0184
m,8.029031194,143.109,0.0184
m,8.031003589,145.415,0.0184
m,8.032053802,146.243,0.0184
s,8.031836188,143.636,0.0182
s,8.031836188,144.884,0.0182
s,8.031759386,147.918,0.0181
s,8.031618501,136.209,0.0181
s,8.031618501,144.949,0.0181
s,8.031259942,143.57,0.018
s,8.031259942,145.177,0.018
s,8.031119059,141.349,0.018
s,8.031119059,141.947,0.018
s,8.030914339,145.098,0.0178
s,8.030914339,146.38,0.0178
s,8.030773456,139.91,0.0178
s,8.030773546,139.44,0.0177
s,8.030773546,143.687,0.0177
s,8.030632845,140.449,0.0175
s,8.030568835,142.117,0.0175
s,8.030568835,146.785,0.0175
s,8.030568835,144.583,0.0175
s,8.030568835,145.204,0.0175
s,8.030709719,144.815,0.0175
s,8.030709719,144.418,0.0175
s,8.030773728,144.495,0.0175
s,8.030632938,146.397,0.0174
s,8.030773822,143.47,0.0174
s,8.030773822,144.362,0.0174
s,8.030773822,144.738,0.0174
s,8.030914705,143.107,0.0174
s,8.030914612,145.277,0.0175
s,8.0311196,141.084,0.0174
s,8.0311196,143.379,0.0174
s,8.031119694,138.83,0.0173
s,8.031324592,145.136,0.0173
s,8.031324687,145.466,0.0172
m,8.032476551,145.818,0.0183
s,8.032194772,147.605,0.0183
s,8.032053884,145.617,0.0183
s,8.031977074,147.241,0.0182
s,8.031618501,144.51,0.0181
s,8.031477616,144.69,0.0181
s,8.031477616,142.892,0.0181
s,8.031400826,143.818,0.018
s,8.031400826,142.258,0.018
s,8.031119146,143.149,0.0179
s,8.031119146,142.414,0.0179
s,8.030978352,142.444,0.0178
s,8.030978352,143.564,0.0178
s,8.030978352,145.143,0.0178
s,8.030773636,144.223,0.0176
s,8.030632753,141.431,0.0176
s,8.030632753,143.335,0.0176
s,8.030632845,144.588,0.0175
s,8.030568743,143.845,0.0176
s,8.030568743,145.17,0.0176
s,8.030568743,154.354,0.0176
s,8.030568743,147.69,0.0176
s,8.030568743,147.164,0.0176
s,8.030632938,144.482,0.0174
s,8.030773822,144.865,0.0174
s,8.030773822,145.491,0.0174
s,8.030773822,143.946,0.0174
s,8.030773822,144.245,0.0174
s,8.030914612,144.776,0.0175
s,8.030914612,145.732,0.0175
s,8.030978624,144.349,0.0175
s,8.030978717,145.452,0.0174
s,8.031324687,143.431,0.0172
s,8.031324687,143.483,0.0172
s,8.031324687,143.685,0.0172
s,8.031324687,144.011,0.0172
s,8.031388802,144.614,0.0171
s,8.031388802,144.452,0.0171
s,8.031388802,144.329,0.0171
s,8.031388802,145.636,0.0171
s,8.031388802,142.938,0.0171
s,8.031247729,143.435,0.0173
s,8.031247634,144.66,0.0174
s,8.031247634,142.567,0.0174
s,8.031247634,142.741,0.0174
s,8.031247541,145.387,0.0175
s,8.031324404,145.172,0.0175
s,8.031324404,145.189,0.0175
s,8.031324404,146.442,0.0175
s,8.031324404,141.919,0.0175
s,8.031324404,139.456,0.0175
s,8.031324497,143.539,0.0174
s,8.031324497,144.324,0.0174
s,8.031324497,144.376,0.0174
s,8.031324497,143.865,0.0174
s,8.031247449,142.703,0.0176
s,8.031247358,142.038,0.0177
s,8.031141933,143.209,0
s,8.031106478,146.788,0.0177
s,8.031106478,143.854,0.0177
s,8.030965598,142.264,0.0177
s,8.030965689,143.965,0.0176
s,8.030965689,144.926,0.0176
s,8.030965689,142.382,0.0176
s,8.030965781,144.465,0.0175
s,8.030901853,140.739,0.0174
s,8.030901948,143.457,0.0173
s,8.030965874,143.745,0.0174
s,8.030965874,144.119,0.0174
s,8.030965968,143.236,0.0173
s,8.030965968,144.058,0.0173
s,8.030965874,143.018,0.0174
s,8.030965874,142.916,0.0174
s,8.031106754,143.577,0.0174
s,8.031388802,139.137,0.0171
s,8.031388802,144.565,0.0171
s,8.031247921,139.006,0.0171
s,8.031247921,144.856,0.0171
s,8.031247824,143.487,0.0172
s,8.031183523,144.374,0.0175
s,8.031183523,142.518,0.0175
s,8.031183523,144.635,0.0175
s,8.031183523,145.272,0.0175
s,8.031324497,145.147,0.0174
s,8.031324497,145.272,0.0174
s,8.031324497,146.469,0.0174
s,8.031324497,144.399,0.0174
s,8.031324497,142.474,0.0174
s,8.031324404,145.406,0.0175
s,8.031324404,144.651,0.0175
s,8.031324312,144.477,0.0176
s,8.031183431,144.148,0.0176
s,8.031247449,142.643,0.0176
s,8.031106478,145.31,0.0177
s,8.031106478,144.632,0.0177
s,8.031106478,146.476,0.0177
s,8.030965598,142.388,0.0177
s,8.030965781,144.047,0.0175
s,8.03090176,143.261,0.0175
s,8.030901853,143.02,0.0174
s,8.030901853,145.257,0.0174
s,8.030901853,142.929,0.0174
s,8.030965968,144.791,0.0173
s,8.030965968,146.902,0.0173
s,8.030965968,144.452,0.0173
s,8.030965968,144.376,0.0173
s,8.030965968,143.2,0.0173
s,8.031106754,144.306,0.0174
s,8.031106754,143.765,0.0174
s,8.031106754,145.177,0.0174
s,8.031106754,142.54,0.0174
s,8.031247634,146.523,0.0174
s,8.031247634,144.507,0.0174
s,8.031247634,144.709,0.0174
s,8.031247541,144.608,0.0175
s,8.031247541,144.324,0.0175
s,8.031106661,140.505,0.0175
s,8.031106661,144.346,0.0175
s,8.031106569,142.66,0.0176
s,8.031106569,142.798,0.0176
s,8.03104255,144.244,0.0176
m,8.03104255,145.478,0.0176
m,8.030837651,144.708,0.0176
m,8.030837651,145.297,0.0176
m,8.030978624,146.355,0.0175
m,8.040059731,146.757,0.0175
m,8.040059731,143.113,0.0175
m,8.045619093,152.996,0.0175
m,8.048719293,150.299,0.0175
m,8.052024535,149.684,0.0174
m,8.080407935,139.384,0.0172
m,8.089354696,135.391,0.0171
m,8.093585159,141.532,0.0171
m,8.098020465,139.729,0.0171
m,8.129463938,139.337,0.0167
m,8.134042527,136.888,0.0167
m,8.138558159,133.973,0.0167
m,8.143278532,137.483,0.0166
m,8.147936037,133.662,0.0165
m,8.180940529,132.269,0.0164
m,8.190465036,131.986,0.0164
m,8.190465138,140.886,0.0163
m,8.199567176,136.601,0.0163
m,8.203946103,134.437,0.0162
m,8.233176888,134.679,0.0161
m,8.237337783,140.162,0.0161
m,8.241295071,132.025,0.0161
m,8.245252603,135.916,0.0161
s,8.031247541,144.056,0.0175
s,8.031247541,144.443,0.0175
s,8.031247541,141.361,0.0175
s,8.031247541,136.79,0.0175
s,8.031106661,144.578,0.0175
s,8.031106569,143.219,0.0176
s,8.03104255,144.789,0.0176
s,8.03104255,140.412,0.0176
s,8.03104255,143.326,0.0176
s,8.03104255,147.759,0.0176
m,8.030978624,143.283,0.0175
m,8.031964811,144.663,0.0175
m,8.033796249,137.089,0.0176
m,8.03576873,140.001,0.0176
m,8.055547847,138.132,0.0174
m,8.062940776,150.034,0.0174
m,8.066887676,144.853,0.0173
m,8.071321371,143.48,0.0173
m,8.075896391,140.433,0.0172
m,8.098020561,135.748,0.017
m,8.10682846,153.647,0.017
m,8.111342275,140.407,0.0169
m,8.115856521,136.393,0.0167
m,8.120434254,139.614,0.0167
m,8.152515858,136.198,0.0164
m,8.161613027,134.351,0.0164
m,8.171134929,130.439,0.0164
m,8.175935589,134.374,0.0163
m,8.208183858,136.761,0.0163
m,8.212421998,141.776,0.0163
m,8.220820549,153.673,0.0162
m,8.22498078,140.346,0.0162
m,8.229078755,137.772,0.0161
m,8.253796225,136.543,0.0161
m,8.253796329,141.644,0.016
m,8.263047839,138.886,0.016
m,8.267493088,144.629,0.016
m,8.271876316,137.913,0.016
m,8.276322061,138.152,0.016
m,8.284727808,139.824,0.016
m,8.289032818,140.649,0.016
m,8.293134495,141.013,0.016
m,8.297094977,143.068,0.016
m,8.317387678,147.169,0.0157
m,8.325656505,154.285,0.0158
m,8.329822231,139.225,0.0158
m,8.333846733,144.928,0.0157
m,8.338012841,140.893,0.0157
m,8.369544867,135.156,0.0157
m,8.373509591,142.344,0.0157
m,8.37767768,137.998,0.0157
m,8.381926083,141.462,0.0157
m,8.411856481,137.922,0.0154
m,8.415823536,141.246,0.0154
m,8.419932513,137.033,0.0154
m,8.428212478,154.354,0.0153
m,8.43252502,133.914,0.0153
m,8.453624244,134.823,0.0153
m,8.461765825,137.185,0.0153
m,8.461765933,136.626,0.0152
m,8.469908336,136.969,0.0152
m,8.474161999,134.676,0.0153
m,8.505181399,138.674,0.0151
m,8.505181399,135.744,0.0151
m,8.514807461,143.576,0.0151
m,8.519489367,138.77,0.0151
m,8.550465228,140.173,0.015
m,8.555209782,139.355,0.0149
m,8.559894172,146.665,0.0149
m,8.56435509,138.524,0.015
m,8.573217561,142.694,0.015
m,8.59691007,141.116,0.015
m,8.601881164,142.63,0.0149
m,8.61174204,143.181,0.0149
m,8.616631847,138.937,0.0149
m,8.621319947,133.78,0.0149
m,8.301259309,146.04,0.0159
m,8.305220352,138.224,0.0158
m,8.313142939,139.887,0.0158
m,8.317387678,136.095,0.0157
m,8.346000915,140.731,0.0156
m,8.349964352,142.584,0.0156
m,8.353989707,137.766,0.0156
m,8.357811906,144.625,0.0157
m,8.361696059,139.298,0.0157
m,8.386174856,135.851,0.0156
m,8.390565532,139.514,0.0155
m,8.399267233,139.926,0.0155
m,8.39926734,139.778,0.0154
m,8.407686673,137.207,0.0154
m,8.436776648,136.159,0.0153
m,8.441089624,134.244,0.0153
m,8.445200002,146.103,0.0153
m,8.44951351,140.508,0.0152
m,8.478476968,139.384,0.0152
m,8.482731116,140.435,0.0153
m,8.487046511,134.774,0.0152
m,8.491443078,140.407,0.0152
m,8.500439562,136.008,0.0152
m,8.524232112,138.506,0.0151
m,8.528630803,138.155,0.0151
m,8.537347521,138.882,0.0151
m,8.541665475,134.342,0.0151
m,8.546065271,139.652,0.015
m,8.573217561,136.93,0.015
m,8.582364968,137.582,0.015
m,8.587193,140.929,0.015
m,8.592021352,138.553,0.015
m,8.625784051,134.342,0.0149
m,8.630390441,135.253,0.0149
m,8.634652957,141.738,0.015
m,8.643807108,139.481,0.015
m,8.643807108,144.03,0.015
m,8.65296235,137.685,0.0149
m,8.657510352,140.688,0.015
m,8.661834083,142.016,0.015
m,8.666098397,139.342,0.015
m,8.702307694,141.263,0.0151
m,8.706917935,152.676,0.0151
m,8.711326849,147.082,0.0151
m,8.715652964,148.381,0.0152
m,8.745135949,148.622,0.0153
m,8.754159482,146.525,0.0153
m,8.754159482,142.92,0.0153
m,8.762756986,139.121,0.0153
m,8.767168988,151.824,0.0152
m,8.792599293,142.451,0.0154
m,8.796443254,136.94,0.0154
m,8.800488439,143.793,0.0155
m,8.804332755,140.408,0.0155
m,8.808520749,137.249,0.0155
m,8.836325192,150.08,0.0155
m,8.840372084,150.199,0.0155
m,8.844360637,144.894,0.0155
m,8.852824171,154.094,0.0155
m,8.879074346,140.259,0.0156
m,8.883634765,147.325,0.0156
m,8.893099617,139.303,0.0156
m,8.897861393,146.753,0.0157
m,8.902707892,136.609,0.0157
m,8.926833433,140.123,0.0157
m,8.936730449,139.239,0.0157
m,8.941494379,147.609,0.0157
m,8.946343272,133.574,0.0157
m,8.95119236,134.339,0.0158
m,8.983863038,138.382,0.0159
m,8.988343775,140.421,0.0159
m,8.997533533,141.737,0.016
m,8.997533533,137.655,0.016
m,8.670220692,151.269,0.0151
m,8.678667856,139.64,0.0151
m,8.683075164,138.494,0.0152
m,8.692862888,143.851,0.0151
m,8.697614862,139.235,0.0151
m,8.719837125,147.771,0.0152
m,8.727945276,140.357,0.0152
m,8.732129986,147.399,0.0152
m,8.736397976,138.162,0.0152
m,8.74072523,149.349,0.0153
m,8.771640072,140.618,0.0152
m,8.776052346,146.926,0.0153
m,8.780381497,138.743,0.0153
m,8.788554333,144.016,0.0154
m,8.816553759,152.848,0.0155
m,8.816553854,141.7,0.0154
m,8.824445145,141.468,0.0154
m,8.828290441,158.429,0.0155
m,8.832278451,141.979,0.0155
m,8.857014195,146.036,0.0155
m,8.857014195,146.595,0.0155
m,8.86570547,146.709,0.0155
m,8.870181031,139.635,0.0155
m,8.874656779,148.783,0.0155
m,8.907612775,151.574,0.0157
m,8.912375231,142.009,0.0158
m,8.921985525,150.265,0.0158
m,8.926833433,135.881,0.0157
m,8.9608066,138.648,0.0159
m,8.965286294,134.156,0.016
m,8.969766253,138.817,0.016
m,8.974531719,138.365,0.016
m,8.979297391,144.506,0.016
m,9.0070671,136.421,0.0161
m,9.011834234,140.242,0.0161
m,9.016744216,139.259,0.0162
m,9.021454258,134.56,0.0163
m,9.026079216,137.398,0.0164
m,9.035529968,137.699,0.0164
m,9.040240917,136.319,0.0165
m,9.049435461,137.402,0.0165
m,9.05366163,140.907,0.0165
m,9.057659693,133.969,0.0165
m,9.069226485,141.727,0.0166
s,9.069226562,144.146,0.0165
s,9.069083752,140.251,0.0165
s,9.069083752,141.772,0.0165
s,9.068883805,141.791,0.0165
s,9.068684015,141.701,0.0163
s,9.068741151,140.548,0.0163
s,9.068598341,141.488,0.0163
s,9.068598341,141.352,0.0163
s,9.068170073,141.836,0.0161
s,9.068170073,141.123,0.0161
s,9.068112933,140.255,0.0161
s,9.067970123,140.823,0.0161
s,9.067970123,140.882,0.0161
s,9.067912905,141.027,0.0162
s,9.067912905,140.925,0.0162
s,9.067912905,141.336,0.0162
s,9.067912824,141.679,0.0163
s,9.068112771,140.896,0.0163
s,9.068112614,141.1,0.0165
s,9.068112614,141.226,0.0165
s,9.067969803,141.551,0.0165
s,9.067969726,140.683,0.0166
s,9.06796965,141.016,0.0167
s,9.06796965,140.393,0.0167
s,9.06796965,141.275,0.0167
s,9.068026867,140.343,0.0166
s,9.068026867,140.377,0.0166
s,9.068026944,140.373,0.0165
s,9.068026944,140.686,0.0165
s,9.068026944,140.925,0.0165
s,9.068026944,140.92,0.0165
s,9.068026944,140.298,0.0165
m,9.061086752,139.329,0.0165
m,9.063714233,141.676,0.0166
m,9.067569927,141.656,0.0166
m,9.068855197,140.65,0.0166
s,9.068883727,142.358,0.0166
s,9.068883805,142.382,0.0165
s,9.068740994,141.912,0.0165
s,9.068740994,141.393,0.0165
s,9.068683936,140.942,0.0164
s,9.068598421,141.108,0.0162
s,9.068455611,141.963,0.0162
s,9.068312882,141.179,0.0161
s,9.068312882,141.658,0.0161
s,9.068312882,141.023,0.0161
s,9.067970123,140.238,0.0161
s,9.067912905,140.233,0.0162
s,9.067912905,140.618,0.0162
s,9.067912905,141.333,0.0162
s,9.068112771,140.76,0.0163
s,9.068112771,141.448,0.0163
s,9.068055478,142.254,0.0165
s,9.068055556,142.03,0.0164
s,9.068112614,140.821,0.0165
s,9.067969726,140.773,0.0166
s,9.067969726,141.443,0.0166
s,9.06796965,140.882,0.0167
s,9.06796965,140.526,0.0167
s,9.06796965,140.736,0.0167
s,9.068026867,140.888,0.0166
s,9.068026867,141.642,0.0166
s,9.068026867,140.533,0.0166
s,9.068026944,140.742,0.0165
s,9.068027022,140.434,0.0164
s,9.068084165,140.832,0.0164
s,9.068084087,140.17,0.0165
s,9.068084087,140.911,0.0165
s,9.06808401,141.5,0.0166
s,9.067884057,140.973,0.0166
s,9.067941201,141.674,0.0166
s,9.067941201,140.821,0.0166
s,9.067941125,141.621,0.0167
s,9.067741023,141.106,0.0169
s,9.067741023,141.06,0.0169
s,9.067741023,140.962,0.0169
s,9.067741023,141.345,0.0169
s,9.067741023,140.634,0.0169
s,9.067683955,140.716,0.0168
s,9.067683955,141.166,0.0168
s,9.067541145,140.967,0.0168
s,9.067541145,140.88,0.0168
s,9.067541145,140.338,0.0168
s,9.067484157,141.854,0.0166
s,9.067484157,142.362,0.0166
s,9.067484157,139.766,0.0166
s,9.067484157,141.086,0.0166
s,9.067284287,141.019,0.0165
s,9.067284287,141.32,0.0165
s,9.067284287,142.315,0.0165
s,9.067284287,141.144,0.0165
s,9.067284287,141.489,0.0165
s,9.06728421,139.099,0.0166
s,9.06728421,139.864,0.0166
s,9.06728421,142.03,0.0166
s,9.067284134,139.808,0.0167
s,9.067284134,140.786,0.0167
s,9.067341122,140.441,0.0169
s,9.067341049,140.081,0.017
s,9.067341049,141.7,0.017
s,9.067341049,140.328,0.017
s,9.067198167,142.096,0.0171
s,9.067255237,140.68,0.0172
s,9.067112429,141.419,0.0172
s,9.067112429,142.139,0.0172
s,9.067112359,140.373,0.0173
s,9.067798316,142.658,0.0167
s,9.067798241,141.013,0.0168
s,9.067883906,141.557,0.0168
s,9.067741097,141.123,0.0168
s,9.067741023,139.734,0.0169
s,9.067741023,140.775,0.0169
s,9.067741097,141.566,0.0168
s,9.067741097,140.48,0.0168
s,9.067683955,141.156,0.0168
s,9.06768403,141.177,0.0167
s,9.06768403,140.786,0.0167
s,9.067484081,141.151,0.0167
s,9.067484081,141.304,0.0167
s,9.067484081,140.463,0.0167
s,9.067341346,141.668,0.0166
s,9.067341346,141.519,0.0166
s,9.067427021,140.628,0.0166
s,9.067427098,140.324,0.0165
s,9.067284287,141.39,0.0165
s,9.06728421,141.646,0.0166
s,9.06728421,140.572,0.0166
s,9.06728421,142.317,0.0166
s,9.06728421,145.587,0.0166
s,9.067284134,140.626,0.0167
s,9.067284059,140.205,0.0168
s,9.067284059,140.166,0.0168
s,9.067284059,139.493,0.0168
s,9.067341122,139.26,0.0169
s,9.067398189,139.779,0.017
s,9.067398118,141.208,0.0171
s,9.067198167,142.123,0.0171
s,9.067198167,142.594,0.0171
s,9.067198167,142.407,0.0171
s,9.067112359,143.445,0.0173
s,9.067112359,140.858,0.0173
s,9.067112359,141.41,0.0173
s,9.067112359,140.775,0.0173
s,9.067112359,141.664,0.0173
s,9.067169505,140.862,0.0173
s,9.067169437,141.087,0.0174
s,9.067169437,141.9,0.0174
s,9.067169505,142.948,0.0173
s,9.067226585,142.605,0.0174
s,9.067226585,140.63,0.0174
s,9.067226585,142.792,0.0174
s,9.067226585,140.673,0.0174
s,9.067226654,141.523,0.0173
s,9.067369461,143.055,0.0173
s,9.067369461,134.232,0.0173
s,9.067369461,141.66,0.0173
s,9.067369461,140.282,0.0173
s,9.06736953,139.908,0.0172
m,9.06736953,141.696,0.0172
m,9.067369601,143.038,0.0171
m,9.067426752,138.648,0.0171
m,9.067426682,139.286,0.0172
m,9.070854105,133.494,0.0172
m,9.072996313,134.731,0.0172
m,9.075567033,132.769,0.0172
m,9.081994165,136.89,0.0172
m,9.107106895,137.372,0.0172
m,9.111878602,129.482,0.0172
m,9.121851278,133.049,0.0172
m,9.126623597,132.817,0.0172
m,9.154374331,138.919,0.0173
m,9.164121272,137.245,0.0173
m,9.168895236,136.97,0.0173
m,9.173669393,142.511,0.0173
m,9.178300776,135.242,0.0173
m,9.195887401,137.969,0.0173
m,9.197317293,139.102,0.0174
m,9.19746029,138.914,0.0174
m,9.1978328,142.03,0.0175
m,9.198547796,136.444,0.0175
s,9.067169505,141.604,0.0173
s,9.067169505,141.452,0.0173
s,9.067226654,140.455,0.0173
s,9.067226654,144.133,0.0173
s,9.067226654,140.788,0.0173
s,9.067226585,140.644,0.0174
s,9.067226585,141.479,0.0174
s,9.067226585,141.726,0.0174
s,9.067226654,141.029,0.0173
s,9.067226654,143.243,0.0173
s,9.067369461,141.187,0.0173
s,9.06736953,140.358,0.0172
s,9.06736953,139.919,0.0172
s,9.06736953,141.031,0.0172
m,9.067426752,140.203,0.0171
m,9.067569558,137.014,0.0171
m,9.067712295,136.977,0.0172
m,9.068283525,134.228,0.0172
m,9.069283185,143.826,0.0172
m,9.085907712,133.36,0.0172
m,9.085907712,133.252,0.0172
m,9.094192587,138.42,0.0172
m,9.09833532,132.371,0.0172
m,9.10253512,133.657,0.0173
m,9.131396045,132.931,0.0173
m,9.131396045,130.992,0.0173
m,9.140426733,134.028,0.0173
m,9.14491394,134.822,0.0173
m,9.149600935,132.352,0.0173
m,9.182875827,148.869,0.0173
m,9.187165216,136.671,0.0172
m,9.194028624,136.909,0.0171
m,9.195887467,139.449,0.0172
m,9.20026381,136.652,0.0175
m,9.206842167,145.25,0.0175
m,9.21061692,149.423,0.0175
m,9.21467783,135.244,0.0175
m,9.218626214,140.494,0.0176
m,9.222717991,145.002,0.0175
m,9.230329938,137.76,0.0175
m,9.233277884,136.891,0.0175
m,9.233277884,134.884,0.0175
m,9.256661414,141.693,0.0172
m,9.261240716,143.93,0.0171
m,9.265907381,146.259,0.017
m,9.270574417,143.729,0.0168
m,9.275185779,144.637,0.0167
m,9.294637292,143.513,0.016
m,9.296729238,153.864,0.0158
m,9.298678009,143.952,0.0157
m,9.30177221,143.678,0.0157
m,9.303920031,146,0.0156
m,9.319505609,144.748,0.0147
m,9.319505609,138.682,0.0147
m,9.322799606,135.859,0.0146
m,9.325377616,145.947,0.0145
m,9.35511809,140.23,0.013
m,9.355118199,140.109,0.0129
m,9.364121994,140.655,0.0126
m,9.368795689,142.611,0.0121
m,9.378517744,148.094,0.0119
m,9.400525,143.988,0.011
m,9.404197073,151.135,0.011
m,9.409336588,147.345,0.0108
m,9.410483506,145.883,0.0108
m,9.410428529,149.47,0.0108
m,9.416462467,158.34,0.0106
m,9.417499821,146.304,0.0105
m,9.418448607,136.928,0.0105
m,9.419827716,150.761,0.0104
m,9.446411938,147.544,0.0102
m,9.450619793,143.539,0.0103
m,9.45452125,145.44,0.0104
m,9.460580762,146.027,0.0105
m,9.462992308,145.902,0.0105
m,9.237457447,136.644,0.0174
m,9.239317321,136.327,0.0174
m,9.241463377,140.603,0.0174
m,9.244324926,141.908,0.0173
m,9.252138404,141.409,0.0173
m,9.279853381,144.865,0.0166
m,9.287646322,159.619,0.0164
m,9.287646472,142.119,0.0162
m,9.292831831,138.948,0.0161
m,9.306354278,141.986,0.0155
m,9.309305781,137.137,0.0153
m,9.312257424,139.877,0.0151
m,9.314978506,143.848,0.0148
m,9.316927762,148.326,0.0148
m,9.329013898,137.667,0.0143
m,9.333167682,140.121,0.0141
m,9.337663915,143.05,0.0136
m,9.342192331,139.102,0.0134
m,9.350875419,149.292,0.0132
m,9.378517985,144.562,0.0117
m,9.387899643,141.892,0.0115
m,9.392232813,146.857,0.0113
m,9.396566307,144.176,0.0111
m,9.410141927,148.395,0.0107
m,9.410141796,138.702,0.0108
m,9.410947158,139.041,0.0107
m,9.410947289,144.117,0.0106
m,9.414796857,145.467,0.0106
m,9.422155608,137.762,0.0104
m,9.429448034,148.136,0.0103
m,9.433442704,142.365,0.0102
m,9.433442704,141.244,0.0102
m,9.441951846,140.438,0.0102
m,9.465297711,141.181,0.0103
m,9.467694685,143.546,0.0103
m,9.469950829,142.282,0.0102
m,9.472155604,140.639,0.0101
m,9.474165653,145.862,0.01
m,9.478481606,146.016,0.01
m,9.478481744,145.738,0.0099
m,9.482612477,149.181,0.0098
m,9.484817947,147.531,0.0098
m,9.503356783,150.265,0.0098
m,9.505697841,140.65,0.0097
m,9.508094038,149.143,0.0097
m,9.510348977,147.142,0.0097
m,9.524431181,144.562,0.0095
m,9.528940167,143.781,0.0094
m,9.533180283,148.011,0.0093
m,9.535133523,146.615,0.0094
m,9.53718231,142.034,0.0094
m,9.548335153,143.384,0.0093
m,9.553489741,142.884,0.0091
m,9.555178524,137.776,0.009
m,9.557063994,136.179,0.009
m,9.560840949,135.973,0.009
m,9.571923583,147.14,0.0084
m,9.575680826,137.018,0.0084
m,9.57778006,138.738,0.0084
m,9.579881704,148.982,0.0084
m,9.59196069,140.855,0.0084
m,9.596151953,142.923,0.0084
m,9.598131463,147.637,0.0084
m,9.600210339,139.018,0.0084
m,9.601953882,141.023,0.0083
m,9.612547163,143.109,0.0083
m,9.61689207,140.941,0.0083
m,9.618849603,142.277,0.0083
m,9.620809655,142.207,0.0083
m,9.622968099,135.813,0.0084
m,9.637166702,148.55,0.0089
m,9.639097105,146.401,0.009
m,9.640983424,148.179,0.009
m,9.642918143,141.398,0.0091
m,9.487080074,143.887,0.0098
m,9.489579903,144.401,0.0098
m,9.494249572,154.62,0.0097
m,9.496615951,146.664,0.0098
m,9.498933358,145.153,0.0097
m,9.512658763,144.546,0.0097
m,9.515023119,147.698,0.0097
m,9.519747661,145.847,0.0096
m,9.522160053,141.668,0.0096
m,9.524431041,146.817,0.0096
m,9.541049613,135.355,0.0093
m,9.542867726,146.069,0.0093
m,9.5448324,142.062,0.0093
m,9.5448324,146.289,0.0093
m,9.562732431,148.437,0.009
m,9.562732576,140.376,0.0089
m,9.566422287,137.723,0.0087
m,9.568270392,150.26,0.0086
m,9.570071063,141.933,0.0085
m,9.581936689,139.7,0.0084
m,9.583898306,145.602,0.0085
m,9.585813552,145.211,0.0085
m,9.587731342,145.562,0.0085
m,9.591960541,144.115,0.0085
m,9.603940989,154.42,0.0083
m,9.60821397,140.378,0.0082
m,9.610355178,137.361,0.0083
m,9.612547163,160.91,0.0083
m,9.627247123,149.128,0.0085
m,9.629461316,139.649,0.0087
m,9.631388063,141.192,0.0087
m,9.633410706,145.568,0.0088
m,9.635336974,145.669,0.0089
m,9.646939466,147.36,0.0092
m,9.6490261,139.675,0.0092
m,9.65111474,145.069,0.0093
m,9.653351254,154.072,0.0092
m,9.655589668,155.913,0.0093
m,9.66040975,148.68,0.0094
m,9.662845656,146.896,0.0095
m,9.667387271,149.598,0.0096
m,9.669583575,157.915,0.0096
m,9.671736378,144.447,0.0097
m,9.685313571,147.596,0.0093
m,9.687436644,156.529,0.0092
m,9.689663085,152.487,0.0091
m,9.691847183,144.615,0.0092
m,9.693888158,149.558,0.0092
m,9.708404874,145.038,0.0091
m,9.710465836,146.711,0.0091
m,9.714449171,160.216,0.0091
m,9.716663569,147.561,0.009
m,9.731828933,146.403,0.009
m,9.736383938,149.835,0.0091
m,9.738892432,143.659,0.0091
m,9.741403049,138.712,0.009
m,9.743873128,149.062,0.009
m,9.754983289,150.965,0.0089
m,9.758842754,146.913,0.0088
m,9.760826932,151.363,0.0089
m,9.762666822,149.511,0.0088
m,9.764800799,145.953,0.0088
m,9.791585982,147.423,0.0078
m,9.795533765,142.614,0.0078
m,9.799481271,150.362,0.008
m,9.803136454,141.564,0.008
m,9.828750064,136.98,0.0083
m,9.832573675,137.706,0.0083
m,9.840430596,135.985,0.0084
m,9.844546861,142.658,0.0084
m,9.84880931,139.551,0.0085
m,9.872711113,149.747,0.009
m,9.876388291,140.687,0.0091
m,9.883701273,142.671,0.0093
m,9.888005134,142.348,0.0094
m,9.892162671,147.818,0.0095
m,9.67374581,153.438,0.0096
m,9.676048281,151.128,0.0096
m,9.680625638,149.713,0.0095
m,9.683091546,160.96,0.0095
m,9.698123443,149.718,0.0091
m,9.698123443,152.842,0.0091
m,9.702368509,153.308,0.0091
m,9.704377989,149.926,0.0091
m,9.706535985,153.648,0.0091
m,9.718880452,147.588,0.0089
m,9.721580778,157.084,0.0089
m,9.724137635,147.133,0.0088
m,9.726782306,148.888,0.009
m,9.731828933,147.118,0.009
m,9.746283802,141.433,0.009
m,9.748654181,140.783,0.0089
m,9.753003979,149.232,0.0089
m,9.754983289,148.789,0.0089
m,9.767270772,146.253,0.0087
m,9.774217335,146.893,0.0084
m,9.778253884,141.23,0.0081
m,9.782790319,140.849,0.0078
m,9.782790319,139.585,0.0078
m,9.810468951,145.463,0.008
m,9.81418751,145.434,0.0081
m,9.817906216,154.936,0.0081
m,9.821437187,142.524,0.0081
m,9.825114332,144.46,0.0082
m,9.852966831,139.596,0.0086
m,9.857082966,143.52,0.0087
m,9.86090632,142.401,0.0089
m,9.868741156,148.898,0.009
m,9.896466665,143.657,0.0095
m,9.900436251,144.429,0.0098
m,9.908292979,144.891,0.0102
m,9.912199353,138.044,0.0102
m,9.915959165,137.381,0.0104
m,9.9196775,133.207,0.0107
m,9.92334867,134.681,0.001
m,9.927174795,138.257,0.0113
m,9.934755407,139.441,0.0116
m,9.955113438,143.34,0.0135
m,9.958057171,143.678,0.0138
m,9.96336038,145.28,0.0141
m,9.965719725,158.263,0.0143
m,9.969979861,146.783,0.0147
m,9.984478314,146.704,0.0159
m,9.98759253,147.953,0.0161
m,9.990791121,147.328,0.0163
m,9.993948392,146.94,0.0164
m,9.993948278,153.138,0.0166
m,10.01566048,149.929,0.018
m,10.01792148,157.531,0.0183
m,10.0199944,155.513,0.0184
m,10.01999433,152.343,0.0186
s,10.02671422,154.144,0.0196
s,10.02671422,152.842,0.0196
s,10.02671422,153.402,0.0196
s,10.02671422,154.769,0.0196
s,10.02686036,154.301,0.0196
s,10.02725639,154.515,0.0196
s,10.02740252,154.097,0.0196
s,10.0274025,155.995,0.0197
s,10.02721396,155.459,0.0198
s,10.02702537,154.41,0.0201
s,10.02579038,153.374,0.0211
s,10.02560186,152.733,0.0213
s,10.02545571,153.955,0.0214
s,10.02526719,152.716,0.0216
s,10.02426327,154.806,0.0227
s,10.02426327,154.258,0.0228
s,10.02407479,156.541,0.023
s,10.0240748,157.933,0.0231
s,10.02388631,154.99,0.0231
m,9.938346889,137.205,0.0119
m,9.938346581,147.57,0.0122
m,9.945196137,146.109,0.0124
m,9.948641472,142.513,0.0128
m,9.9519822,141.377,0.0131
m,9.969979786,148.378,0.0148
m,9.973613915,148.396,0.015
m,9.976016028,153.858,0.0152
m,9.981322786,150.409,0.0156
m,10.00009606,150.189,0.0169
m,10.0029401,159.638,0.0171
m,10.00568036,150.693,0.0173
m,10.0081904,155.966,0.0176
m,10.01329581,150.139,0.0178
m,10.02415998,149.802,0.0189
m,10.025668,155.047,0.0191
m,10.02656814,151.551,0.0194
m,10.02690278,155.315,0.0195
s,10.02675664,152.855,0.0195
s,10.02696411,153.872,0.0196
s,10.02715264,152.544,0.0196
s,10.02715264,152.912,0.0196
s,10.02725639,155.424,0.0196
s,10.02683682,154.421,0.0203
s,10.02631362,155.504,0.0205
s,10.02631361,154.181,0.0206
s,10.02612507,153.998,0.0208
s,10.02597891,152.442,0.0209
s,10.02512104,155.005,0.022
s,10.02493254,156.133,0.0221
s,10.0247864,156.176,0.0223
s,10.0245979,154.041,0.0225
s,10.0244094,154.773,0.0226
s,10.02369782,154.88,0.0232
s,10.02369782,155.422,0.0232
s,10.02365548,154.303,0.0232
s,10.02346699,156.495,0.0232
s,10.023467,157.19,0.0233
s,10.02357081,158.285,0.0233
s,10.02352846,157.386,0.0232
s,10.02352846,154.896,0.0232
s,10.02348613,156.21,0.0232
s,10.02331683,154.268,0.0232
s,10.02327451,154.238,0.0232
s,10.02312837,153.725,0.0233
s,10.02308607,156.535,0.0234
s,10.02270922,156.349,0.0239
s,10.02270924,153.781,0.024
s,10.02281309,155.761,0.024
s,10.02281311,156.968,0.0241
s,10.02281313,154.078,0.0242
s,10.02277092,154.936,0.0246
s,10.02262477,154.417,0.0246
s,10.02243631,155.464,0.0246
s,10.02243634,155.587,0.0247
s,10.02243634,153.479,0.0247
s,10.02224791,155.062,0.0248
s,10.02224791,155.495,0.0248
s,10.02220562,156.027,0.0248
s,10.02220562,154.6,0.0248
s,10.02220565,154.31,0.0249
s,10.02220565,152.607,0.0249
s,10.0223518,153.191,0.0249
s,10.02230951,152.804,0.0249
s,10.02230951,154.563,0.0249
s,10.02216336,152.844,0.0249
s,10.02216339,153.348,0.025
s,10.02216339,154.809,0.025
s,10.02201726,156.164,0.0251
s,10.02201726,154.286,0.0251
s,10.02205961,154.586,0.0253
s,10.02205964,153.887,0.0254
s,10.02205968,153.871,0.0255
s,10.02224816,152.135,0.0256
s,10.0234438,154.579,0.0232
s,10.0234438,154.558,0.0232
s,10.02340147,156.268,0.0232
s,10.02340146,153.28,0.0231
s,10.02335915,155.629,0.0232
s,10.02293993,157.702,0.0235
s,10.02275148,153.964,0.0236
s,10.0227515,156.097,0.0237
s,10.02275152,154.586,0.0238
s,10.02270921,155.236,0.0238
s,10.02281313,154.346,0.0242
s,10.02281315,154.58,0.0243
s,10.02281317,155.956,0.0244
s,10.0227709,154.462,0.0245
s,10.02243634,155.561,0.0247
s,10.02243634,156.493,0.0247
s,10.02239404,156.509,0.0247
s,10.02239407,156.81,0.0248
s,10.02239407,155.99,0.0248
s,10.02235178,155.329,0.0248
s,10.02235178,153.914,0.0248
s,10.02235178,153.531,0.0248
s,10.0223518,154.499,0.0249
s,10.02220568,155.723,0.025
s,10.02230951,154.902,0.0249
s,10.02216336,153.2,0.0249
s,10.02216336,153.589,0.0249
s,10.02216336,153.72,0.0249
s,10.02201729,155.536,0.0252
s,10.02201729,155.371,0.0252
s,10.02201729,154.449,0.0252
s,10.02201729,153.315,0.0252
s,10.02201732,153.822,0.0253
s,10.0222482,154.391,0.0257
s,10.02229053,154.183,0.0258
s,10.02229053,155.351,0.0258
s,10.02229057,154.03,0.0259
s,10.02233287,154.149,0.0259
s,10.0223329,153.477,0.026
s,10.0223329,155.507,0.026
s,10.02237521,154.303,0.026
s,10.02237521,155.987,0.026
s,10.02241751,152.757,0.026
s,10.02245986,155.094,0.0261
s,10.0224599,153.273,0.0262
s,10.0224599,155.266,0.0262
s,10.0224599,156.399,0.0262
s,10.02231379,152.957,0.0263
s,10.02222922,155.985,0.0264
s,10.02222922,154.942,0.0264
s,10.02222922,155.305,0.0264
s,10.02222922,157.283,0.0264
s,10.02218687,154.515,0.0263
s,10.02204072,152.513,0.0263
s,10.02204068,153.87,0.0262
s,10.02204072,151.732,0.0263
s,10.02204072,153.571,0.0263
s,10.02204076,153.062,0.0264
s,10.02204076,154.538,0.0264
s,10.02204076,153.796,0.0264
s,10.02208307,154.06,0.0264
s,10.02208307,154.033,0.0264
s,10.02241772,157.378,0.0265
s,10.02246007,154.558,0.0266
s,10.02246007,155.525,0.0266
s,10.02246007,157.313,0.0266
s,10.02254484,157.041,0.0269
s,10.02254484,155.532,0.0269
s,10.02258721,157.372,0.027
s,10.02258721,154.184,0.027
s,10.02258721,152.95,0.027
s,10.02252566,152.787,0.0269
m,10.02252566,154.587,0.0269
m,10.02237951,153.057,0.0269
m,10.02237947,154.321,0.0268
m,10.02242175,154.305,0.0267
s,10.02241751,157.078,0.026
s,10.02241755,154.329,0.0261
s,10.02245986,154.312,0.0261
s,10.02245986,155.366,0.0261
s,10.02241763,156.479,0.0263
s,10.02227148,153.565,0.0263
s,10.02227152,155.895,0.0264
s,10.02227152,155.937,0.0264
s,10.02222922,155.368,0.0264
s,10.02222922,155.753,0.0264
s,10.02218691,155.523,0.0264
s,10.02218691,154.085,0.0264
s,10.02218691,155.616,0.0264
s,10.02218687,154.484,0.0263
s,10.02204072,153.953,0.0263
s,10.02204076,152.537,0.0264
s,10.02204076,151.697,0.0264
s,10.02204076,153.154,0.0264
s,10.02222922,156.658,0.0264
s,10.02222922,156.133,0.0264
s,10.02227157,156.533,0.0265
s,10.02227157,156.392,0.0265
s,10.02241772,157.081,0.0265
s,10.02231392,156.477,0.0266
s,10.02235628,152.984,0.0267
s,10.02250243,153.298,0.0267
s,10.02250248,154.184,0.0268
s,10.02250253,156.808,0.0269
s,10.02262953,153.71,0.027
s,10.02262953,153.305,0.027
s,10.02262953,153.235,0.027
s,10.02252566,152.253,0.0269
m,10.02242171,150.316,0.0266
m,10.02279863,148.047,0.0265
m,10.02279863,152.189,0.0265
m,10.02547999,154.773,0.0265
m,10.02816185,151.632,0.0265
m,10.03136753,156.399,0.0266
m,10.03476242,161.033,0.0266
m,10.04157254,154.553,0.0266
m,10.0450302,154.439,0.0267
m,10.07069882,152.03,0.0266
m,10.07069869,152.721,0.0263
m,10.0784822,159.505,0.0264
m,10.08209123,147.708,0.0265
m,10.08993769,155.483,0.0264
m,10.11086601,159.002,0.0267
m,10.11514954,154.497,0.0266
m,10.11934685,156.977,0.0267
m,10.1233986,151.694,0.0267
m,10.13210228,155.973,0.0266
m,10.15950518,156.899,0.0264
m,10.16325372,155.145,0.0264
m,10.16714816,149.432,0.0263
m,10.17104275,153.507,0.0264
m,10.19724109,155.43,0.0264
m,10.20071293,156.439,0.0265
m,10.20441818,152.046,0.0265
m,10.20822549,154.653,0.0264
m,10.21207675,155.462,0.0266
m,10.23393017,148.094,0.027
m,10.23788356,153.293,0.027
m,10.24183712,150.226,0.0273
m,10.24596622,152.62,0.0275
m,10.25387497,153.858,0.0276
m,10.27906654,150.197,0.0278
m,10.28232829,157.726,0.0279
m,10.28232829,156.412,0.0279
m,10.28875332,152.461,0.0279
m,10.30926344,157.342,0.028
m,10.31200839,152.918,0.0279
m,10.31200839,153.073,0.0279
m,10.31711974,154.194,0.0278
m,10.31986726,158.717,0.0279
m,10.04834223,159.704,0.0267
m,10.05184355,152.207,0.0267
m,10.05563755,154.242,0.0266
m,10.06306375,149.335,0.0267
m,10.06685952,155.889,0.0266
m,10.08993774,150.68,0.0265
m,10.09816459,160.705,0.0265
m,10.10230052,149.607,0.0266
m,10.10643699,150.48,0.0266
m,10.13210233,155.658,0.0267
m,10.14053049,154.411,0.0266
m,10.14432223,153.518,0.0265
m,10.14811412,152.753,0.0265
m,10.15186246,155.63,0.0265
m,10.17503951,152.441,0.0264
m,10.17918215,158.759,0.0263
m,10.18317897,152.386,0.0263
m,10.19021001,152.977,0.0264
m,10.19021001,157.809,0.0264
m,10.2157821,149.369,0.0266
m,10.22300326,147.233,0.0267
m,10.22656296,148.763,0.0269
m,10.22656301,148.226,0.027
m,10.25769878,149.11,0.0276
m,10.26137705,160.67,0.0276
m,10.268911,155.077,0.0279
m,10.2723294,161.884,0.0279
m,10.27574839,152.373,0.0278
m,10.29187241,160.746,0.028
m,10.2948913,159.578,0.0281
m,10.29786672,155.473,0.0281
m,10.30377599,154.918,0.0281
m,10.30651932,157.822,0.0281
m,10.3226155,151.036,0.0278
m,10.32555527,148.437,0.0277
m,10.33105608,154.911,0.0276
m,10.33380778,161.482,0.0276
m,10.3365603,155.005,0.0276
m,10.33931361,152.198,0.0275
m,10.3424497,145.933,0.0275
m,10.34558673,148.718,0.0274
m,10.34891587,146.693,0.0274
m,10.37053568,148.023,0.0269
m,10.37674388,151.293,0.0269
m,10.37975335,146.186,0.0269
m,10.38290886,154.117,0.0268
m,10.40300478,151.032,0.0268
m,10.40988433,149.064,0.0268
m,10.41334748,148.878,0.0267
m,10.41690979,152.853,0.0266
m,10.42032694,155.813,0.0266
m,10.44581997,142.898,0.0263
m,10.45402189,146.688,0.0263
m,10.45846282,145.589,0.0261
m,10.45846273,142.863,0.0259
m,10.46783287,142.98,0.0257
m,10.50022687,143.282,0.0249
m,10.5047783,147.79,0.0248
m,10.50918449,155.164,0.0247
m,10.51354429,153.016,0.0245
m,10.54464812,155.735,0.0245
m,10.54900896,151.106,0.0245
m,10.55787631,150.858,0.0243
m,10.56252823,152.975,0.0242
m,10.56708115,146.364,0.0242
m,10.59450674,162.461,0.0234
m,10.5945067,153.177,0.0232
m,10.60385877,152.739,0.0231
m,10.60851193,158.27,0.0229
m,10.61292041,163.187,0.0226
m,10.64214419,153.51,0.0217
m,10.64611706,157.404,0.0216
m,10.65430802,154.31,0.0214
m,10.65857201,154.613,0.0212
m,10.35519515,142.48,0.0274
m,10.3551951,144.849,0.0273
m,10.36157813,153.11,0.0273
m,10.36452985,151.569,0.0271
m,10.36762799,147.056,0.027
m,10.38616437,144.387,0.0268
m,10.38942044,155.179,0.0268
m,10.39277626,151.785,0.0268
m,10.39608631,151.597,0.0268
m,10.39949585,145.103,0.0268
m,10.42721413,148.498,0.0266
m,10.43073049,149.638,0.0265
m,10.43434585,148.816,0.0265
m,10.44191379,150.542,0.0263
m,10.47247141,144.312,0.0256
m,10.47725518,160.133,0.0253
m,10.48184718,146.517,0.0252
m,10.49113007,145.147,0.0252
m,10.49562906,151.041,0.0251
m,10.52240968,152.823,0.0244
m,10.52691525,151.284,0.0244
m,10.52691528,145.378,0.0245
m,10.53563607,154.396,0.0244
m,10.54014202,142.959,0.0244
m,10.57173329,159.84,0.024
m,10.57624019,157.633,0.0238
m,10.58074723,147.623,0.0237
m,10.58525438,147.335,0.0235
m,10.61742841,148.946,0.0225
m,10.62571764,154.535,0.0224
m,10.62983566,152.02,0.0223
m,10.63395373,155.218,0.022
m,10.63807188,155.726,0.0219
m,10.65857201,156.998,0.0211
m,10.66699262,158.265,0.0209
m,10.67110334,160.882,0.0208
m,10.67492314,158.876,0.0207
m,10.67883461,157.815,0.0206
m,10.68650415,159.46,0.0206
m,10.69020856,161.733,0.0205
m,10.69381353,154.332,0.0205
m,10.70052656,152.559,0.0204
m,10.70378043,154.573,0.0203
m,10.72332853,158.137,0.0196
m,10.72667325,156.073,0.0195
m,10.72992006,156.763,0.0195
m,10.7333134,156.024,0.0194
m,10.73656264,156.748,0.019
m,10.75968628,144.109,0.0183
m,10.76304277,145.049,0.0183
m,10.76975889,149.012,0.0182
m,10.77311848,149.04,0.0182
m,10.79517099,152.267,0.0182
m,10.79839343,144.98,0.0182
m,10.80156927,156.443,0.0183
m,10.80493882,143.129,0.0183
m,10.81134308,149.806,0.0184
m,10.82686484,156.286,0.0186
m,10.82990414,158.187,0.0187
m,10.83564785,152.763,0.0188
m,10.83844841,149.191,0.0187
m,10.8412497,150.657,0.0188
m,10.86570879,161.437,0.0189
m,10.86948016,160.1,0.0191
m,10.87349294,160.135,0.0191
m,10.87765083,156.642,0.019
m,10.90666463,162.491,0.0183
m,10.91082426,159.026,0.0182
m,10.91503302,154.347,0.0181
m,10.91948269,160.965,0.0181
m,10.92427111,157.371,0.0181
m,10.9537743,156.545,0.0178
m,10.9586572,162.636,0.0179
m,10.96334631,161.462,0.0179
m,10.96793724,159.985,0.0178
m,10.97262376,159.784,0.0179
m,10.70693547,153.464,0.0202
m,10.71013725,153.473,0.02
m,10.71333977,153.699,0.0199
m,10.71988572,152.726,0.0197
m,10.74306992,156.427,0.0189
m,10.74627577,152.48,0.0188
m,10.74627579,151.057,0.0187
m,10.75307478,147.007,0.0186
m,10.75628391,157.582,0.0185
m,10.77633394,152.785,0.0182
m,10.77935803,151.221,0.0182
m,10.78565203,148.712,0.0182
m,10.78867895,147.892,0.0182
m,10.79199707,147.878,0.0182
m,10.81134308,146.657,0.0184
m,10.81770341,144.805,0.0185
m,10.82083702,151.132,0.0186
m,10.82387448,147.091,0.0186
m,10.8412497,155.102,0.0188
m,10.84709608,161.55,0.0189
m,10.85038276,155.155,0.0191
m,10.85405649,155.835,0.0191
m,10.8578758,160.289,0.0189
m,10.87765086,163.005,0.0188
m,10.88630571,160.438,0.0187
m,10.89060913,161.044,0.0186
m,10.89457429,162.312,0.0186
m,10.89849086,155.651,0.0185
m,10.92905978,157.085,0.018
m,10.9338487,159.376,0.0178
m,10.94381242,159.3,0.0177
m,10.94381242,159.899,0.0177
m,10.98257332,157.935,0.0179
m,10.98774068,154.91,0.018
m,10.99773443,161.187,0.0179
m,11.00232038,157.521,0.018
m,11.00685737,158.825,0.018
m,11.01559308,162.996,0.018
m,11.01559308,161.163,0.018
m,11.02432925,162.004,0.0179
m,11.02867301,152.497,0.0179
m,11.05763152,153.491,0.0175
m,11.05763155,155.809,0.0174
m,11.06313364,154.16,0.0171
m,11.06472691,155.876,0.0168
s,11.06516149,152.601,0.0166
s,11.06462949,152.125,0.0165
s,11.06462949,152.949,0.0165
s,11.06448465,152.724,0.0165
s,11.06448462,153.89,0.0166
s,11.06433981,153.116,0.0165
s,11.06371178,154.863,0.0163
s,11.06371178,152.524,0.0163
s,11.06371178,151.84,0.0163
s,11.06371174,152.592,0.0164
s,11.06351818,153.654,0.0163
s,11.06351818,153.164,0.0163
s,11.06351818,153.687,0.0163
s,11.06351818,153.66,0.0163
s,11.06351818,153.582,0.0163
s,11.06351822,152.813,0.0162
s,11.06356698,153.629,0.0162
s,11.06356698,153.037,0.0162
s,11.06356698,151.829,0.0162
s,11.06356698,153.396,0.0162
s,11.06318124,152.761,0.0162
s,11.06303636,152.652,0.0163
s,11.06303636,154.318,0.0163
s,11.06303636,155.319,0.0163
s,11.06289142,152.672,0.0166
s,11.06289142,154.565,0.0166
s,11.06289142,154.367,0.0166
s,11.06289142,153.111,0.0166
s,11.06274659,152.545,0.0166
m,11.0330169,150.175,0.0179
m,11.03716722,154.537,0.0178
m,11.04151138,153.109,0.0178
m,11.04585569,152.894,0.0177
m,11.05410855,158.145,0.0175
s,11.06511269,153.56,0.0167
s,11.06511269,153.227,0.0167
s,11.06477425,152.463,0.0167
s,11.06477429,152.624,0.0166
s,11.06433985,152.097,0.0164
s,11.06405018,153.309,0.0164
s,11.06405018,152.828,0.0164
s,11.06390534,152.68,0.0164
s,11.06385658,152.675,0.0164
s,11.06371174,152.946,0.0164
s,11.06366298,153.654,0.0164
s,11.06356694,155.115,0.0163
s,11.06351822,153.556,0.0162
s,11.06351822,152.988,0.0162
s,11.06351822,153.962,0.0162
s,11.06351818,152.332,0.0163
s,11.06351818,153.269,0.0163
s,11.06351818,152.337,0.0163
s,11.06342214,153.854,0.0162
s,11.06347091,152.828,0.0162
s,11.06332607,152.657,0.0162
s,11.06332607,153.962,0.0162
s,11.06318124,153.371,0.0162
s,11.06303636,153.088,0.0163
s,11.06303633,153.358,0.0164
s,11.06289146,153.998,0.0165
s,11.06289142,153.16,0.0166
s,11.06289142,152.981,0.0166
s,11.06274655,154.252,0.0167
s,11.06274655,153.097,0.0167
s,11.06274655,154.467,0.0167
s,11.06274655,153.907,0.0167
s,11.06269779,153.135,0.0167
s,11.06269775,152.477,0.0168
s,11.06269772,153.165,0.0169
s,11.06264896,152.949,0.0169
s,11.06264896,153.28,0.0169
s,11.062745,152.944,0.017
s,11.062745,153.878,0.017
s,11.06260016,152.806,0.017
s,11.06260019,153.109,0.0169
s,11.06226176,153.498,0.0169
s,11.06226176,152.817,0.0169
s,11.06226176,153.191,0.0169
s,11.06226179,152.132,0.0168
s,11.06211699,153.242,0.0167
s,11.06221303,152.756,0.0168
s,11.06221307,153.028,0.0167
s,11.06226186,154.038,0.0166
s,11.06211702,153.38,0.0166
s,11.06216578,152.782,0.0166
s,11.06226335,153.85,0.0165
s,11.06226335,153.204,0.0165
s,11.06211851,152.582,0.0165
s,11.06216725,152.36,0.0166
s,11.06216725,152.494,0.0166
s,11.06216728,154.154,0.0165
s,11.06216728,153.162,0.0165
s,11.06202245,153.156,0.0165
s,11.06202241,152.934,0.0166
s,11.06178156,151.729,0.0165
s,11.06178156,152.575,0.0165
s,11.06163672,153.583,0.0165
s,11.06163672,152.708,0.0165
s,11.06163672,153.657,0.0165
s,11.06183037,152.647,0.0164
s,11.06183041,154.079,0.0163
s,11.06183044,153.396,0.0162
s,11.06187923,150.497,0.0162
s,11.06264896,153.549,0.0169
s,11.06264896,152.731,0.0169
s,11.06279379,152.726,0.0169
s,11.06279379,154.232,0.0169
s,11.06279379,153.137,0.0169
s,11.06260023,153.064,0.0168
s,11.06260023,150.987,0.0168
s,11.06245539,151.203,0.0168
s,11.06245536,152.594,0.0169
s,11.06226176,153.178,0.0169
s,11.06226182,153.299,0.0167
s,11.06221303,152.799,0.0168
s,11.06221303,152.432,0.0168
s,11.06221303,152.42,0.0168
s,11.06216578,153.848,0.0166
s,11.06216578,153.133,0.0166
s,11.06216578,153.019,0.0166
s,11.06216578,151.68,0.0166
s,11.06221458,152.875,0.0165
s,11.06216721,150.852,0.0167
s,11.06211844,153.547,0.0167
s,11.06211844,151.367,0.0167
s,11.06216721,151.534,0.0167
s,11.06216725,153.526,0.0166
s,11.06202238,153.084,0.0167
s,11.06187755,152.307,0.0167
s,11.06187755,152.165,0.0167
s,11.06173275,152.776,0.0166
s,11.06163669,151.638,0.0166
s,11.06163669,152.862,0.0166
s,11.06163665,152.359,0.0167
s,11.06163669,153.023,0.0166
s,11.06163672,153.663,0.0165
s,11.06187923,151.369,0.0162
s,11.06187926,153.619,0.0161
s,11.06189723,152.992,0
s,11.06187919,152.642,0.0163
s,11.06187919,152.786,0.0163
s,11.06187923,152.514,0.0162
s,11.06187926,152.997,0.0161
s,11.06202413,152.776,0.016
s,11.06207292,152.593,0.016
s,11.06207296,153.982,0.0159
s,11.0623138,151.492,0.016
s,11.0623138,154.506,0.016
s,11.06231376,152.226,0.0161
s,11.06226498,152.388,0.0161
s,11.06240981,151.846,0.0161
s,11.06260355,151.436,0.0158
s,11.06260355,151.629,0.0158
s,11.06274838,151.846,0.0158
s,11.06274838,152.1,0.0158
s,11.06274846,154.378,0.0156
s,11.0628933,152.072,0.0156
s,11.06294212,154.009,0.0155
s,11.06294221,152.66,0.0153
s,11.06294226,152.787,0.0152
s,11.06294226,153.527,0.0152
s,11.06294226,153.09,0.0152
s,11.0627486,153.754,0.0153
s,11.06274855,154.608,0.0154
s,11.06274855,153.94,0.0154
s,11.06260386,152.597,0.0151
s,11.06245907,153.914,0.015
s,11.0625079,152.92,0.0149
s,11.06250795,152.71,0.0148
s,11.06270157,153.005,0.0148
s,11.06265274,152.275,0.0149
s,11.06260391,153.063,0.015
s,11.06260386,153.327,0.0151
s,11.0624102,153.603,0.0152
s,11.06231256,152.887,0.0154
s,11.0623126,153.437,0.0153
s,11.06245744,153.128,0.0153
s,11.06245749,152.924,0.0152
s,11.06245753,153.976,0.0151
s,11.06221783,153.903,0.0158
s,11.06221783,151.965,0.0158
s,11.06221783,153.652,0.0158
s,11.06236262,153.98,0.0159
s,11.06240985,152.882,0.016
s,11.06240985,152.41,0.016
s,11.06245867,153.319,0.0159
s,11.06260355,152.37,0.0158
s,11.06260355,151.904,0.0158
s,11.06274838,153.157,0.0158
s,11.06269956,153.528,0.0159
s,11.06269956,151.939,0.0159
s,11.0626996,153.188,0.0158
s,11.06274842,153.578,0.0157
s,11.06294226,154.146,0.0152
s,11.0629423,153.212,0.0151
s,11.0629423,153.998,0.0151
s,11.0629423,153.641,0.0151
s,11.06255494,152.61,0.0154
s,11.06255494,152.93,0.0154
s,11.06255499,153.416,0.0153
s,11.06260381,154.136,0.0152
s,11.06260381,152.395,0.0152
s,11.06255674,152.697,0.0148
s,11.06255679,152.174,0.0147
s,11.06255679,153.719,0.0147
s,11.06255679,153.938,0.0147
s,11.06255679,151.823,0.0147
s,11.06241015,153.787,0.0153
s,11.06236138,154.132,0.0153
s,11.06236133,153.532,0.0154
s,11.06236133,153.25,0.0154
s,11.06265119,151.787,0.015
s,11.06265124,152.381,0.0149
s,11.06279617,152.44,0.0147
s,11.06284505,152.651,0.0145
s,11.06289394,152.889,0.0143
s,11.06303882,154.41,0.0142
s,11.06323249,153.325,0.0141
s,11.06323255,152.71,0.014
s,11.06323255,153.099,0.014
s,11.06328122,153.737,0.0142
s,11.06342605,153.617,0.0142
s,11.06337721,154.113,0.0143
s,11.06337716,153.611,0.0144
s,11.0633771,154.581,0.0145
s,11.06366661,153.777,0.0148
s,11.06361779,153.466,0.0149
s,11.06376252,154.144,0.0151
s,11.06376248,154.126,0.0152
s,11.06376243,152.06,0.0153
s,11.06385827,153.557,0.0158
s,11.06385823,153.673,0.0159
s,11.06380942,152.745,0.016
s,11.06380942,152.816,0.016
s,11.06361571,153.2,0.0163
s,11.06361571,153.401,0.0163
s,11.06380931,153.065,0.0163
s,11.06380927,154.275,0.0164
s,11.06380927,152.524,0.0164
s,11.06351953,151.187,0.0166
s,11.06351953,153.165,0.0166
s,11.06351953,154.456,0.0166
s,11.06351946,152.358,0.0168
s,11.06351946,152.93,0.0168
m,11.06380901,153.874,0.0172
m,11.06511253,151.94,0.0172
m,11.06511253,161.163,0.0172
m,11.07013457,153.219,0.0171
m,11.09307088,149.84,0.0168
m,11.09572705,148.904,0.0167
m,11.09997676,150.464,0.0166
m,11.10157031,150.256,0.0165
m,11.1032125,150.619,0.0164
s,11.06337738,153.36,0.014
s,11.06342616,153.11,0.014
s,11.06342616,152.954,0.014
s,11.06328127,153.964,0.0141
s,11.06328127,152.623,0.0141
s,11.06352194,153.819,0.0145
s,11.06352188,153.914,0.0146
s,11.06352183,152.669,0.0147
s,11.06366666,153.385,0.0147
s,11.06376243,152.77,0.0153
s,11.06376238,153.089,0.0154
s,11.06371357,153.41,0.0155
s,11.06371352,151.889,0.0156
s,11.06385836,153.226,0.0156
s,11.06380938,153.159,0.0161
s,11.06366451,153.507,0.0162
s,11.06366451,151.995,0.0162
s,11.06361571,152.292,0.0163
s,11.06361571,153.446,0.0163
s,11.06376047,153.154,0.0165
s,11.0636644,151.86,0.0165
s,11.0636644,151.648,0.0165
s,11.06366437,153.028,0.0166
s,11.0633746,152.567,0.0169
m,11.0633746,150.318,0.0169
m,11.06337457,151.944,0.017
m,11.0632297,152.544,0.0171
m,11.06322967,153.245,0.0172
m,11.07647851,154.146,0
m,11.07984047,151.873,0.017
m,11.07984047,154.343,0.017
m,11.08684199,155.447,0.017
m,11.09017366,150.577,0.017
m,11.10427523,153.278,0.0163
m,11.10528935,158.847,0.0162
m,11.1068353,154.204,0.0161
m,11.10929917,161.116,0.0158
m,11.11282566,157.216,0.0157
m,11.11693167,154.029,0.0155
m,11.12543429,154.379,0.0154
m,11.12978236,155.592,0.0153
m,11.13417899,154.058,0.0153
m,11.16041922,162.085,0.0155
m,11.16902262,149.703,0.0156
m,11.17337318,148.603,0.0156
m,11.1774829,153.65,0.0156
m,11.20785061,161.776,0.0153
m,11.21258984,160.777,0.0153
m,11.22158544,161.472,0.0154
m,11.22603561,159.987,0.0154
m,11.22603557,160.926,0.0155
m,11.25244596,157.745,0.0155
m,11.25733165,157.964,0.0154
m,11.26676756,161.22,0.0154
m,11.27150901,159.06,0.0154
m,11.27150906,157.581,0.0153
m,11.30716709,162.984,0.0162
m,11.31123229,159.588,0.0164
m,11.31525173,161.987,0.0165
m,11.3152517,153.401,0.0166
m,11.34662715,157.542,0.0161
m,11.34960731,160.371,0.0161
m,11.35432595,160.896,0.0161
m,11.35615985,159.109,0.016
m,11.35794573,161.227,0.0159
m,11.36554667,161.317,0.0154
m,11.36821872,161.419,0.0152
m,11.36821876,158.069,0.0151
m,11.37068689,160.223,0.0149
m,11.37155789,160.148,0.0148
m,11.3791113,161.124,0.0153
m,11.38019812,161.124,0.0152
m,11.38152358,157.3,0.0153
m,11.3829948,160.693,0.0152
m,11.13862423,152.502,0.0153
m,11.14297323,151.238,0.0153
m,11.15171996,152.377,0.0153
m,11.1559728,151.703,0.0154
m,11.16041926,158.744,0.0154
m,11.18168887,153.659,0.0156
m,11.19005398,162.139,0.0155
m,11.19430922,152.207,0.0154
m,11.19875824,151.495,0.0154
m,11.2032075,153.69,0.0153
m,11.23478937,159.269,0.0156
m,11.23904623,162.234,0.0156
m,11.24344802,158.517,0.0156
m,11.24785,158.308,0.0155
m,11.28128195,156.756,0.0153
m,11.28597461,160.198,0.0154
m,11.29032867,158.761,0.0155
m,11.29453805,161.232,0.0158
m,11.29874758,156.693,0.016
m,11.3234397,161.74,0.0165
m,11.32751322,158.264,0.0164
m,11.33168635,156.181,0.0161
m,11.33576904,161.529,0.0161
m,11.34335913,159.17,0.0161
m,11.35963922,157.316,0.0158
m,11.36114011,159.432,0.0156
m,11.36244814,162.512,0.0155
m,11.36385208,160.577,0.0155
m,11.3727107,161.783,0.0145
m,11.37395765,160.977,0.0144
m,11.37489938,160.89,0.0147
m,11.37731562,162.391,0.0148
m,11.37811938,160.416,0.015
m,11.38461173,158.062,0.0149
m,11.38637412,160.609,0.0149
m,11.39101564,162.282,0.0147
m,11.39369885,161.361,0.0146
m,11.39647564,160.095,0.0146
m,11.3995419,162.479,0.0145
m,11.40275338,162.357,0.0144
m,11.40571787,162.207,0.0143
m,11.40897149,160.419,0.0141
m,11.41208188,156.641,0.0139
m,11.43429718,160.711,0.0132
m,11.43813307,157.939,0.0132
m,11.44211377,161.716,0.0131
m,11.44993331,161.556,0.013
m,11.4540214,157.069,0.0128
m,11.47848624,158.185,0.0127
m,11.48261837,160.359,0.0126
m,11.49079387,161.696,0.0124
m,11.4947843,160.291,0.0123
m,11.51682415,162.058,0.0122
m,11.52022799,161.65,0.0121
m,11.52348853,163.054,0.0121
m,11.53063962,162.635,0.0122
m,11.53063956,161.012,0.0123
m,11.55745325,160.339,0.0119
m,11.5615455,161.816,0.0119
m,11.56583576,161.609,0.012
m,11.57003688,160.902,0.0121
m,11.57438241,162.062,0.0122
m,11.60358137,161.84,0.0127
m,11.60778907,160.699,0.0128
m,11.61214115,163.471,0.0128
m,11.61635032,161.318,0.013
m,11.64901963,161.316,0.0139
m,11.65298233,162.054,0.0141
m,11.65298224,162.06,0.0143
m,11.66090956,163.451,0.0145
m,11.66501749,161.108,0.0147
m,11.69085687,159.889,0.0156
m,11.69511267,159.63,0.0157
m,11.69942424,161.257,0.0157
m,11.70391265,162.232,0.0157
m,11.71303402,158.249,0.0161
m,11.41557323,159.901,0.0137
m,11.42309458,160.101,0.0134
m,11.42678436,161.963,0.0133
m,11.43051434,162.369,0.0132
m,11.45402146,160.906,0.0127
m,11.46223875,157.721,0.0127
m,11.46642057,160.54,0.0127
m,11.4704065,161.685,0.0127
m,11.47444596,161.357,0.0127
m,11.4947843,161.168,0.0123
m,11.50257025,163.342,0.0123
m,11.50616877,162.32,0.0123
m,11.5099649,161.971,0.0123
m,11.51342083,161.699,0.0123
m,11.53784641,162.308,0.0123
m,11.54150433,160.755,0.0122
m,11.54550395,161.012,0.0121
m,11.54936063,162.273,0.0119
m,11.57853112,161.585,0.0123
m,11.58268057,160.744,0.0123
m,11.58697426,160.719,0.0124
m,11.591125,161.501,0.0125
m,11.59928501,161.163,0.0126
m,11.62494924,160.498,0.0132
m,11.62905167,161.55,0.0134
m,11.63306574,161.488,0.0135
m,11.63702597,160.237,0.0136
m,11.64118486,162.122,0.0137
m,11.66923581,161.01,0.0148
m,11.67359827,160.039,0.0149
m,11.68232531,162.578,0.0153
m,11.68663491,161.255,0.0154
m,11.71750111,159.949,0.0162
m,11.72681063,160.591,0.0161
m,11.73193946,161.053,0.0161
m,11.73715636,160.156,0.016
m,11.74717007,162.54,0.016
m,11.74717004,161.499,0.0161
m,11.75692976,161.415,0.0162
m,11.76183741,160.611,0.0161
m,11.76680051,162.675,0.0161
m,11.79341661,161.415,0.0157
m,11.79616093,161.663,0.0158
m,11.79870723,160.853,0.0158
m,11.80125431,161.602,0.0159
m,11.80365935,161.316,0.015
m,11.81794228,160.207,0.0161
m,11.82066397,160.815,0.016
m,11.82352978,160.663,0.0161
m,11.82639666,160.899,0.0162
m,11.82917794,162.737,0.0161
m,11.84893908,160.671,0.0168
m,11.85175914,162.602,0.0172
m,11.8545802,158.632,0.0173
m,11.85942609,162.077,0.0176
m,11.87546925,160.508,0.0188
m,11.87784154,162.904,0.0193
m,11.88241634,160.781,0.0195
m,11.88404754,160.808,0.0196
m,11.88553654,162.9,0.0197
m,11.88972206,162.747,0.0187
m,11.88972206,161.727,0.0185
m,11.88966017,161.012,0.0182
m,11.88941682,162.74,0.0181
m,11.88905882,160.626,0.0177
m,11.88635573,163.101,0.0164
m,11.88544305,162.329,0.0162
m,11.88438954,162.086,0.0159
m,11.88316218,162.505,0.0158
m,11.87317896,161.451,0.0153
m,11.86982124,161.565,0.0152
m,11.86820291,161.935,0.0152
m,11.86658572,160.466,0.0152
m,11.86658569,160.964,0.0153
m,11.76680051,157.049,0.0161
m,11.77615385,160.549,0.0161
m,11.78031313,161.498,0.016
m,11.78420938,161.756,0.0158
m,11.78755637,159.81,0.0158
m,11.80600877,161.188,0.0159
m,11.80830326,162.069,0.016
m,11.81283824,161.51,0.016
m,11.81283824,160.293,0.016
m,11.83503006,162.072,0.0162
m,11.83787139,161.505,0.0162
m,11.84065748,162.689,0.0163
m,11.84065746,160.831,0.0164
m,11.84611996,162.184,0.0166
m,11.86165045,159.608,0.0178
m,11.86381859,159.816,0.0179
m,11.86821392,161.378,0.0183
m,11.87058403,162.492,0.0184
m,11.87295487,161.13,0.0186
m,11.88674061,162.593,0.0195
m,11.88777479,162.507,0.0193
m,11.88852438,161.423,0.0191
m,11.88913215,161.86,0.0189
m,11.88867493,160.021,0.0175
m,11.88828525,161.618,0.0172
m,11.88802114,161.99,0.0169
m,11.8876158,161.55,0.0167
m,11.88692674,161.921,0.0166
m,11.88196148,161.924,0.0157
m,11.87927835,162.489,0.0156
m,11.8777373,162.439,0.0155
m,11.87633965,162.582,0.0154
m,11.87480058,161.55,0.0153
m,11.86378154,161.165,0.0153
m,11.86253529,162.017,0.0153
m,11.86177602,161.671,0.0153
m,11.8609584,163.022,0.0153
m,11.86009625,162.478,0.0153
m,11.85996895,161.616,0.0153
m,11.85987898,160.921,0.0152
m,11.86039077,159.746,0.0153
m,11.860589,162.032,0.0154
m,11.86369973,161.276,0.0156
m,11.86405623,162.811,0.0157
m,11.86405621,160.828,0.0158
m,11.86401294,161.298,0.0159
m,11.8605614,160.277,0.0168
m,11.85993211,158.212,0.017
m,11.8599321,158.946,0.0171
m,11.85825249,161.767,0.0172
m,11.85740498,158.254,0.0174
m,11.85162272,157.841,0.0184
m,11.85072506,161.592,0.0187
m,11.84968727,157.942,0.0189
m,11.84891574,162.734,0.0194
m,11.84828759,157.964,0.0196
m,11.84927336,159.198,0.0208
m,11.84997741,162.082,0.0207
m,11.85167385,161.689,0.0206
m,11.85264948,162.177,0.0206
m,11.85813867,161.76,0.0193
m,11.85886176,161.216,0.0192
m,11.85958669,160.049,0.019
m,11.86116818,161.461,0.019
m,11.86188386,160.948,0.0189
m,11.86572077,160.713,0.0186
m,11.86635885,161.764,0.0186
m,11.86738803,161.552,0.0185
m,11.86784237,161.911,0.0184
m,11.86829895,160.166,0.0184
m,11.8714884,160.31,0.0184
m,11.8722552,161.212,0.0184
m,11.87308838,160.966,0.0183
m,11.87398816,161.389,0.0182
m,11.8610501,162.182,0.0155
m,11.86171461,160.367,0.0155
m,11.86223857,158.906,0.0155
m,11.86276411,160.365,0.0155
m,11.86323118,161.824,0.0156
m,11.86388117,161.077,0.016
m,11.86372943,161.052,0.0162
m,11.86323487,153.584,0.0163
m,11.86274167,162.664,0.0166
m,11.86204745,156.635,0.0167
m,11.8565591,158.186,0.0177
m,11.85543139,160.399,0.0178
m,11.85348382,159.254,0.018
m,11.85258318,161.86,0.0182
m,11.84780608,162.131,0.0198
m,11.8478061,160.944,0.0201
m,11.84794164,162.222,0.0203
m,11.84815372,162.063,0.0205
m,11.84871261,161.161,0.0207
m,11.85368959,161.913,0.0203
m,11.85368957,161.112,0.0202
m,11.85579268,160.943,0.0201
m,11.85663535,163.322,0.0198
m,11.85741742,162.074,0.0196
m,11.86188386,159.295,0.0189
m,11.863385,162.894,0.0187
m,11.86423398,161.56,0.0187
m,11.86494435,162.179,0.0186
m,11.86829895,161.263,0.0183
m,11.86910343,161.008,0.0183
m,11.86937399,161.297,0.0183
m,11.86978721,158.037,0.0183
m,11.87033075,161.252,0.0183
m,11.87503075,161.925,0.0181
m,11.87607541,161.101,0.0178
m,11.87698148,162.529,0.0177
m,11.87830247,160.617,0.0176
m,11.8783025,161.914,0.0174
m,11.87844295,163.058,0.0172
m,11.87817044,160.944,0.0171
m,11.87755392,161.398,0.0169
m,11.8766684,161.509,0.0167
m,11.87557897,162.166,0.0165
m,11.86719231,162.442,0.0153
m,11.86569552,162.132,0.0152
m,11.86420081,161.876,0.015
m,11.86298877,161.707,0.0146
m,11.86233964,160.363,0.0144
m,11.86867348,161.594,0.0136
m,11.87089964,159.196,0.0134
m,11.87326725,161.363,0.0133
m,11.87842033,161.194,0.0132
m,11.8949835,159.963,0.0132
m,11.89805734,157.797,0.0132
m,11.90099805,158.533,0.0132
m,11.90660349,160.711,0.0131
m,11.92366683,160.862,0.0128
m,11.92585422,161.443,0.0127
m,11.92585422,152.151,0.0127
m,11.93022905,150.214,0.0127
m,11.93255654,161.27,0.0126
m,11.94654264,157.167,0.0123
m,11.9520469,159.957,0.0121
m,11.95480328,156.603,0.0121
m,11.95756172,148.518,0.012
m,11.96004506,147.698,0.012
m,11.9777536,151.527,0.0119
m,11.98358557,153.3,0.0119
m,11.98629599,146.591,0.0118
m,11.98907816,147.275,0.0117
m,12.01090827,156.953,0.0115
m,12.01412363,159.414,0.0115
m,12.01741104,162.862,0.0115
m,12.02076906,161.413,0.0115
m,12.02405853,161.508,0.0115
m,11.87435105,162.962,0.0161
m,11.87298462,160.763,0.0159
m,11.87019201,160.246,0.0156
m,11.87019206,161.317,0.0154
m,11.86209447,161.25,0.0142
m,11.8626385,162.233,0.0141
m,11.86367106,160.045,0.014
m,11.86498555,162.48,0.0139
m,11.86665538,162.277,0.0139
m,11.88113907,161.656,0.0132
m,11.88365227,161.518,0.0132
m,11.88623979,161.065,0.0132
m,11.88896848,158.395,0.0132
m,11.89183829,156.007,0.0132
m,11.90912838,162.228,0.0131
m,11.91158715,157.74,0.013
m,11.91404242,162.003,0.013
m,11.91656686,151.54,0.0129
m,11.9188854,155.187,0.0129
m,11.93481399,157.56,0.0126
m,11.93700493,149.831,0.0126
m,11.94145987,154.526,0.0125
m,11.94393191,161.159,0.0124
m,11.96501711,155.278,0.0119
m,11.96743539,157.109,0.0119
m,11.97006403,147.579,0.0119
m,11.9726947,148.615,0.0119
m,11.97511891,153.349,0.0119
m,11.98907822,148.06,0.0116
m,11.99478782,147.266,0.0116
m,11.99778489,144.701,0.0116
m,12.0010629,144.004,0.0115
m,12.00427322,157.14,0.0115
m,12.02714028,159.792,0.0116
m,12.03015314,156.268,0.0117
m,12.03603976,162.17,0.0118
m,12.0360397,160.209,0.0119
m,12.04228199,157.896,0.012
m,12.045582,157.464,0.0121
m,12.04902247,155.423,0.0121
m,12.05246752,159.995,0.0122
m,12.05605318,154.636,0.0123
m,12.06630025,161.214,0.0137
m,12.06671238,161.419,0.0142
m,12.06733255,160.055,0.0145
m,12.06837546,162.086,0.0148
m,12.08623907,160.509,0.0157
m,12.08915726,162.19,0.016
m,12.09200462,161.124,0.0162
m,12.09708481,159.59,0.0163
m,12.09937681,162.485,0.0164
m,12.108588,155.254,0.0163
m,12.11027804,161.109,0.0162
m,12.11197774,154.513,0.016
m,12.115611,157.773,0.0158
m,12.1171232,156.237,0.0155
m,12.12583202,158.678,0.0136
m,12.1258321,160.845,0.0134
m,12.12799265,156.908,0.0132
m,12.12900147,158.214,0.0131
m,12.13569129,154.596,0.0124
m,12.13657423,160.795,0.0124
m,12.1373955,155.512,0.0124
m,12.13828151,157.909,0.0124
m,12.13924356,163.212,0.0123
m,12.14544945,159.868,0.012
m,12.1465599,150.403,0.012
m,12.14780931,157.154,0.0119
m,12.14907291,150.46,0.012
m,12.15181811,161.603,0.012
m,12.16040626,154.798,0.0119
m,12.16209736,157.102,0.0118
m,12.16371446,155.757,0.0117
m,12.16715147,158.192,0.0117
m,12.05929556,161.552,0.0126
m,12.06191443,161.357,0.0127
m,12.06507951,161.072,0.0129
m,12.06507937,160.649,0.0132
m,12.06610067,161.96,0.0134
m,12.07227374,161.955,0.015
m,12.07477444,160.266,0.0152
m,12.07755378,161.66,0.0153
m,12.07755378,161.818,0.0153
m,12.08325017,163.047,0.0155
m,12.10160441,157.624,0.0165
m,12.10368819,161.592,0.0166
m,12.10564219,159.941,0.0166
m,12.1071106,161.07,0.0166
m,12.11863818,156.215,0.0152
m,12.12014721,162.547,0.0149
m,12.12165871,161.449,0.0144
m,12.12389831,160.769,0.014
m,12.12503907,154.752,0.0138
m,12.13001174,157.963,0.013
m,12.13102352,157.797,0.0128
m,12.13196271,161.404,0.0127
m,12.13385573,159.249,0.0125
m,12.13494745,154.044,0.0124
m,12.14020724,158.195,0.0122
m,12.14227681,160.269,0.0121
m,12.14338272,157.093,0.012
m,12.14441536,161.6,0.012
m,12.15181811,158.334,0.012
m,12.15449547,160.02,0.012
m,12.15604257,154.481,0.0121
m,12.15745429,161.902,0.0121
m,12.15892948,156.556,0.012
m,12.16715142,152.881,0.0118
m,12.17092933,155.123,0.0117
m,12.17281273,151.121,0.0118
m,12.1747734,152.987,0.0118
m,12.17682662,159.258,0.0119
m,12.18040635,152.613,0.0119
m,12.18193332,157.029,0.0119
m,12.18318892,157.055,0.0118
m,12.18417321,159.24,0.0118
m,12.18480985,158.261,0.0119
m,12.18673309,157.493,0.0123
m,12.18641309,159.96,0.0123
m,12.18609547,161.265,0.0124
m,12.18570308,163.144,0.0125
m,12.18521634,162.003,0.0126
m,12.18511642,161.389,0.0135
m,12.18558562,162.118,0.0137
m,12.18558554,161.214,0.0139
m,12.18668508,161.635,0.0141
m,12.19271317,163.3,0.0152
m,12.19374715,163.153,0.0153
m,12.19464718,163.157,0.0158
m,12.19552785,163.561,0.0158
m,12.19715871,161.689,0.016
m,12.20189038,160.435,0.0172
m,12.20243534,162.36,0.0171
m,12.20304411,161.753,0.0174
m,12.20289283,162.462,0.0175
m,12.20274326,161.095,0.0177
m,12.20326124,161.493,0.0187
m,12.20488386,162.01,0.0188
m,12.20588801,162.295,0.0188
m,12.20702875,161.544,0.0187
m,12.22073112,162.453,0.018
m,12.22253016,162.722,0.0179
m,12.22433056,161.446,0.0176
m,12.22613232,162.266,0.0173
m,12.22990156,159.381,0.0172
m,12.23880918,160.848,0.0163
m,12.24075658,161.537,0.0159
m,12.24435772,162.76,0.0157
m,12.24435776,161.599,0.0155
m,12.24863837,160.334,0.0152
m,12.1853122,158.653,0.0119
m,12.18624747,157.441,0.012
m,12.1866204,155.234,0.0121
m,12.18662035,158.828,0.0122
m,12.18490842,161.591,0.0125
m,12.18454392,160.846,0.0126
m,12.18439595,162.874,0.0128
m,12.18440603,163.151,0.013
m,12.18447767,160.091,0.0134
m,12.1872565,160.965,0.0143
m,12.18788741,162.621,0.0146
m,12.1886764,161.154,0.0147
m,12.19057308,162.407,0.0149
m,12.19160282,161.193,0.015
m,12.19804481,161.049,0.0162
m,12.19804475,161.913,0.0166
m,12.20013878,162.616,0.0168
m,12.20118889,162.206,0.0171
m,12.20238021,163.454,0.018
m,12.20223406,161.337,0.0181
m,12.20222518,160.732,0.0183
m,12.20229777,161.675,0.0186
m,12.20326124,161.194,0.0187
m,12.2086018,161.381,0.0187
m,12.21202244,161.495,0.0186
m,12.21386995,162.006,0.0185
m,12.21566378,161.306,0.0185
m,12.21909447,161.477,0.0181
m,12.23154569,160.15,0.017
m,12.23340699,162.765,0.0168
m,12.23513444,161.733,0.0166
m,12.23707921,161.879,0.0165
m,12.25083387,161.437,0.0149
m,12.25330008,161.388,0.0147
m,12.25630665,160.374,0.0145
m,12.25971859,161.082,0.0141
m,12.26751283,160.783,0.0139
m,12.2718417,159.32,0.0136
m,12.27635881,162.664,0.0134
m,12.27635888,161.986,0.0132
m,12.28561028,161.886,0.0129
m,12.31616221,162.01,0.0121
m,12.32022487,160.481,0.0119
m,12.32022497,161.032,0.0117
m,12.32800569,159.169,0.0117
m,12.33129097,159.795,0.0116
m,12.34712439,160.481,0.011
m,12.34934843,160.779,0.0109
m,12.3517606,160.686,0.0108
m,12.35430865,158.12,0.0107
m,12.35994642,162.609,0.0107
m,12.37918993,159.833,0.0109
m,12.38763341,160.074,0.0109
m,12.39207362,162.304,0.0108
m,12.39678307,161.575,0.0108
m,12.42252943,159.927,0.0108
m,12.43026989,158.477,0.0109
m,12.43376394,159.636,0.0109
m,12.43712437,158.094,0.011
m,12.44030072,162.048,0.011
m,12.45354596,160.345,0.0109
m,12.45865434,161.842,0.0109
m,12.46113564,161.357,0.0108
m,12.46361855,160.401,0.0108
m,12.46615302,159.489,0.0108
m,12.4807769,159.991,0.0106
m,12.48398756,157.279,0.0106
m,12.4853711,156.456,0.0106
m,12.48537105,157.564,0.0107
m,12.49416812,156.233,0.0119
m,12.49491672,159.075,0.012
m,12.49523006,158.367,0.0122
m,12.49523001,161.635,0.0123
m,12.49502524,157.881,0.0125
m,12.2900464,161.286,0.0127
m,12.29469927,161.5,0.0124
m,12.29908277,162.4,0.0123
m,12.30346647,162.838,0.0123
m,12.30771579,160.828,0.0121
m,12.33447176,161.999,0.0115
m,12.33733183,160.483,0.0112
m,12.34241209,161.304,0.0111
m,12.34476742,161.377,0.0111
m,12.36295335,162.727,0.0107
m,12.36295329,157.784,0.0108
m,12.36920799,162.05,0.0108
m,12.37237267,161.893,0.0108
m,12.37575517,161.337,0.0109
m,12.40135903,161.084,0.0108
m,12.40571848,162,0.0107
m,12.4100786,161.54,0.0107
m,12.41422206,161.384,0.0107
m,12.41841713,161.637,0.0107
m,12.44329319,155.342,0.0109
m,12.44618538,155.601,0.011
m,12.45113599,161.084,0.0109
m,12.45354596,161.644,0.0109
m,12.47074089,157.711,0.0108
m,12.47292812,160.554,0.0108
m,12.47498306,161.3,0.0108
m,12.47699004,160.08,0.0108
m,12.47886505,161.091,0.0107
m,12.48801136,160.428,0.0108
m,12.48913466,159.262,0.0109
m,12.4902117,159.212,0.0111
m,12.49120628,162.1,0.0115
m,12.49333648,157.927,0.0117
m,12.49446922,155.539,0.0129
m,12.49185908,155.839,0.0132
m,12.49185901,156.552,0.0134
m,12.48798094,156.215,0.0136
m,12.48593048,160.433,0.0139
m,12.48410086,162.477,0.0141
m,12.4822732,156.038,0.0143
m,12.48066647,161.008,0.0146
m,12.47919472,160.582,0.0151
m,12.473788,161.688,0.017
m,12.47326009,160.555,0.0173
m,12.47268759,155.621,0.0178
m,12.47119047,159.425,0.018
m,12.46450743,156.491,0.0187
m,12.46450743,157.378,0.0188
m,12.46155155,157.013,0.019
m,12.45976794,159.114,0.0192
m,12.45655884,153.584,0.0194
m,12.45028925,157.342,0.0205
m,12.4495788,154.277,0.0207
m,12.44926649,154.731,0.0211
m,12.44899837,158.479,0.0213
m,12.44908635,152.72,0.0215
m,12.45194969,157.368,0.0228
m,12.45231667,154.704,0.023
m,12.4529949,149.502,0.0232
m,12.45345479,159.42,0.0233
m,12.45719088,154.277,0.0252
m,12.45752624,153.037,0.0254
m,12.45812608,151.611,0.0255
m,12.45846436,154.075,0.0262
m,12.45945448,149.678,0.0265
m,12.46222539,146.847,0.0285
m,12.46352007,152.283,0.0288
m,12.46423272,147.379,0.0291
m,12.4642329,151.962,0.0293
m,12.46525428,145.819,0.0295
m,12.46755569,148.029,0.0307
m,12.46766998,150.768,0.0308
m,12.46767019,149.935,0.031
m,12.46742074,153.826,0.0312
m,12.47705495,158.164,0.0154
m,12.47616732,163.409,0.0158
m,12.47616726,162.209,0.0162
m,12.4747556,162.827,0.0165
m,12.47418468,161.835,0.0167
m,12.47027137,160.986,0.0182
m,12.46948189,162.298,0.0183
m,12.46882724,160.855,0.0184
m,12.46821612,154.528,0.0187
m,12.46590296,154.386,0.0188
m,12.45655887,150.737,0.0196
m,12.45366529,156.159,0.0199
m,12.45237621,156.498,0.0202
m,12.4511335,157.655,0.0203
m,12.44908644,157.511,0.0218
m,12.44966282,158.072,0.022
m,12.45001951,157.786,0.0222
m,12.45059813,151.766,0.0224
m,12.45113477,156.818,0.0225
m,12.45418057,159.269,0.0235
m,12.45481976,151.163,0.0241
m,12.45537181,147.557,0.0243
m,12.45625699,149.46,0.0248
m,12.45625711,157.781,0.025
m,12.45997553,147.609,0.0269
m,12.46045607,152.956,0.0272
m,12.46102797,147.466,0.0276
m,12.4614702,156.065,0.0279
m,12.46561145,146.588,0.0297
m,12.46606006,151.966,0.0299
m,12.4663788,143.049,0.03
m,12.46678953,142.925,0.0304
m,12.46744326,153.602,0.0306
m,12.46727868,146.372,0.0313
m,12.46717871,156.217,0.0313
m,12.46694951,153.298,0.0312
m,12.46679864,158.919,0.0313
m,12.46661492,149.869,0.0314
m,12.46643287,145.978,0.0315
m,12.46625227,150.169,0.0314
m,12.46585155,150.474,0.0314
m,12.46567427,152.315,0.0313
m,12.46545901,148.741,0.031
m,12.4662821,152.369,0.0301
m,12.46641754,150.479,0.0295
m,12.46660678,160.543,0.0282
m,12.46726801,152.922,0.028
m,12.46777779,156.491,0.0279
m,12.4712612,158.464,0.0271
m,12.47167987,162.318,0.0271
m,12.47163138,161.097,0.027
m,12.47171465,158.328,0.0267
m,12.47204714,158.168,0.0263
m,12.47123435,162.317,0.0265
m,12.4707351,160.891,0.0261
m,12.47008731,161.053,0.026
m,12.46912381,159.427,0.0259
m,12.45779702,154.153,0.0254
m,12.45216778,158.046,0.0253
m,12.44899097,162.676,0.0253
m,12.44555444,157.234,0.0251
m,12.44154223,162.113,0.0246
m,12.41214551,161.828,0.0232
m,12.40822771,158.275,0.0231
m,12.40414281,159.729,0.0228
m,12.40028075,160.349,0.0224
m,12.3693119,159.982,0.0209
m,12.36435482,156.281,0.0206
m,12.35949076,157.84,0.0203
m,12.35475672,161.886,0.0202
m,12.34525191,159.985,0.02
m,12.31727596,155.719,0.0196
m,12.31280212,161.735,0.0195
m,12.30855127,161.506,0.0195
m,12.30855126,157.44,0.0194
m,12.3000497,158.055,0.0194
m,12.4657007,156.315,0.0309
m,12.4657007,149.886,0.0309
m,12.46601497,154.71,0.0308
m,12.46614768,151.001,0.0303
m,12.46838142,153.012,0.0278
m,12.46838126,153.602,0.0276
m,12.4695563,153.019,0.0274
m,12.47035037,159.471,0.0273
m,12.47073971,162.42,0.0272
m,12.47170719,161.383,0.0266
m,12.47166396,161.153,0.0265
m,12.47175263,158.115,0.0265
m,12.47184289,158.374,0.0263
m,12.47204714,158.488,0.0263
m,12.46736178,160.68,0.0257
m,12.46513455,159.314,0.0256
m,12.46270164,161.993,0.0255
m,12.45779702,158.482,0.0254
m,12.43717734,159.212,0.0239
m,12.42828182,160.039,0.0238
m,12.42406645,157.511,0.0236
m,12.42012983,154.46,0.0234
m,12.42012979,160.788,0.0233
m,12.39181428,157.685,0.0221
m,12.38756258,160.349,0.0219
m,12.38321796,161.595,0.0216
m,12.37874343,157.318,0.0212
m,12.37413907,157.15,0.021
m,12.34042502,160.44,0.0199
m,12.3356912,155.298,0.0198
m,12.33086441,157.923,0.0198
m,12.32635362,158.385,0.0197
m,12.29602195,155.516,0.0193
m,12.29190114,159.554,0.0194
m,12.28739086,161.661,0.0194
m,12.27818418,161.362,0.0194
m,12.27358091,161.31,0.0194
m,12.26907086,159.191,0.0194
m,12.2644677,161.369,0.0194
m,12.25951178,160.196,0.0195
m,12.25464913,158.253,0.0197
m,12.22401965,154.829,0.0202
m,12.2199616,159.549,0.0202
m,12.21622062,154.746,0.0203
m,12.2091296,160.199,0.0202
m,12.20552017,158.926,0.0202
m,12.18639621,161.866,0.0209
m,12.18288467,156.373,0.021
m,12.17582799,161.102,0.0211
m,12.17244811,157.576,0.0213
m,12.1689394,154.586,0.0214
m,12.14823109,162.237,0.0221
m,12.14087103,161.87,0.0222
m,12.13701564,154.997,0.0223
m,12.13338453,162.081,0.0224
m,12.10903723,148.048,0.0236
m,12.10233042,155.346,0.024
m,12.09905996,157.147,0.0241
m,12.09566123,157.562,0.0243
m,12.09239225,158.505,0.0243
m,12.07229931,159.897,0.0248
m,12.06913126,159.085,0.025
m,12.06612687,162.337,0.0255
m,12.06325181,158.401,0.0256
m,12.05734128,157.725,0.0259
m,12.03574606,153.226,0.0268
m,12.03290813,160.569,0.0268
m,12.03290813,157.867,0.0268
m,12.02762102,156.516,0.0268
m,12.01010846,153.28,0.0267
m,12.00750431,162.186,0.0266
m,12.00490125,160.514,0.0266
m,12.00217083,153.827,0.0266
m,11.99620002,159.191,0.0266
m,12.24991631,162.424,0.0197
m,12.24089692,161.555,0.0198
m,12.24089693,159.763,0.0199
m,12.23234419,160.458,0.02
m,12.22804178,161.466,0.0201
m,12.20161602,161.724,0.0203
m,12.19771268,157.294,0.0204
m,12.19368054,158.596,0.0205
m,12.18990843,159.085,0.0207
m,12.16543139,161.619,0.0215
m,12.16205355,152.71,0.0217
m,12.15867637,156.107,0.0219
m,12.15182983,152.983,0.022
m,12.14823109,154.287,0.0221
m,12.12984852,158.053,0.0226
m,12.1263133,158.202,0.0227
m,12.11950373,161.91,0.0228
m,12.11597099,157.398,0.023
m,12.10903715,155.117,0.0234
m,12.08921889,157.242,0.0244
m,12.08245344,153.904,0.0242
m,12.07902483,161.753,0.0244
m,12.07902498,162.159,0.0247
m,12.05395306,160.952,0.0261
m,12.05062731,159.841,0.026
m,12.04765592,162.677,0.0266
m,12.04465191,159.292,0.0267
m,12.03871361,160.201,0.0267
m,12.02491455,163.053,0.0268
m,12.02246608,160.82,0.0267
m,12.02001854,160.04,0.0267
m,12.01747599,155.468,0.0267
m,12.01268104,161.1,0.0267
m,11.99318397,157.684,0.0267
m,11.99318397,159.755,0.0267
m,11.98725006,154.712,0.0267
m,11.98417175,159.074,0.0267
m,11.98125418,153.4,0.0267
m,11.97843353,158.748,0.0267
m,11.97295384,163.265,0.0267
m,11.97042286,154.116,0.0267
m,11.96802047,160.41,0.0267
m,11.95156462,156.644,0.027
m,11.94449522,153.818,0.0271
m,11.9406884,161.251,0.0271
m,11.93723525,156.277,0.0271
m,11.9162813,157.494,0.0273
m,11.91344244,157.585,0.0275
m,11.9108292,158.018,0.0275
m,11.90821682,155.399,0.0277
m,11.90583019,159.453,0.0278
m,11.89128513,154.392,0.0283
m,11.8887464,157.406,0.0282
m,11.88358214,160.525,0.0282
m,11.88053611,155.782,0.0282
m,11.87752095,156.833,0.0282
m,11.85505842,151.613,0.028
m,11.85181432,159.687,0.0279
m,11.84844342,153.727,0.0279
m,11.84510219,156.526,0.0278
m,11.82051177,156.045,0.0278
m,11.81704702,158.29,0.0278
m,11.81355398,162.064,0.0278
m,11.8063726,160.875,0.0278
m,11.80313567,160.219,0.0279
m,11.7829485,162.07,0.0282
m,11.77974333,160.709,0.0282
m,11.77974333,161.555,0.0282
m,11.77320722,160.415,0.0282
m,11.77000333,161.269,0.0282
m,11.74272582,162.439,0.0279
m,11.73934392,159.141,0.0279
m,11.73583577,159.693,0.0278
m,11.73268137,158.728,0.0279
m,11.96574669,156.012,0.0268
m,11.96334503,160.151,0.0268
m,11.96084711,160.098,0.0268
m,11.95489265,154.507,0.0269
m,11.95156455,151.611,0.0269
m,11.93368584,158.528,0.027
m,11.92742304,158.336,0.0271
m,11.92438745,156.051,0.0271
m,11.92170531,161.555,0.0271
m,11.91899299,158.974,0.0272
m,11.90090096,157.81,0.0279
m,11.89823094,154.269,0.0281
m,11.89591473,155.385,0.0282
m,11.89359949,156.386,0.0283
m,11.87428138,157.063,0.0282
m,11.87117017,159.554,0.0281
m,11.86805993,157.859,0.0281
m,11.86475463,154.246,0.0281
m,11.85820498,158.163,0.0281
m,11.84163413,154.441,0.0278
m,11.8343755,161.805,0.0277
m,11.83078159,161.952,0.0278
m,11.83078159,156.01,0.0278
m,11.82384972,158.983,0.0278
m,11.7998006,159.398,0.0279
m,11.79646606,161.755,0.028
m,11.79310341,158.892,0.028
m,11.7896427,161.013,0.0281
m,11.76692688,161.499,0.0282
m,11.7635687,159.087,0.0281
m,11.76011219,159.249,0.0281
m,11.75317273,162.573,0.0281
m,11.74968981,154.321,0.028
m,11.7294008,161.614,0.0279
m,11.72229034,156.221,0.028
m,11.71846023,158.281,0.028
m,11.71453136,156.099,0.0281
m,11.71025013,161.67,0.0282
m,11.7057706,154.392,0.0285
m,11.69666762,159.899,0.0287
m,11.69217074,160.546,0.0288
m,11.68792734,150.805,0.0289
m,11.68792734,149.967,0.0289
m,11.65802456,156.063,0.0292
m,11.65373587,151.083,0.0291
m,11.6495739,154.772,0.0291
m,11.64528534,151.456,0.0291
m,11.64112333,155.581,0.029
m,11.6119634,151.926,0.0289
m,11.60767497,153.071,0.0288
m,11.60328683,152.23,0.0287
m,11.59461043,148.755,0.0286
m,11.56712418,156.26,0.0286
m,11.5581026,153.622,0.0286
m,11.55810268,162.489,0.0287
m,11.54923448,153.485,0.0287
m,11.54470064,158.408,0.0287
m,11.51795083,156.668,0.0291
m,11.51341717,153.03,0.0292
m,11.51341717,153.769,0.0292
m,11.50399685,159.559,0.0292
m,11.49923686,151.252,0.0292
m,11.46490439,155.927,0.0289
m,11.46011767,163.125,0.029
m,11.4506707,160.452,0.029
m,11.44601053,161.754,0.029
m,11.41699128,155.912,0.0292
m,11.40739934,160.621,0.0292
m,11.40269383,162.506,0.0292
m,11.39808796,159.92,0.0292
m,11.39348216,159.451,0.0292
m,11.37007462,159.394,0.029
m,11.36065755,160.214,0.029
m,11.35618942,160.666,0.0291
m,11.35194769,162.069,0.0291
m,11.34773381,161.231,0.0292
m,11.67962143,153.446,0.0289
m,11.67555892,150.046,0.0289
m,11.67124335,152.761,0.0291
m,11.66682812,154.099,0.0292
m,11.63696142,154.277,0.029
m,11.62861075,153.519,0.029
m,11.6245755,150.223,0.029
m,11.6245755,149.639,0.029
m,11.61635148,154.667,0.0289
m,11.59019559,155.516,0.0286
m,11.58568104,157.352,0.0286
m,11.58094019,151.417,0.0286
m,11.57632591,162.585,0.0286
m,11.57171164,154.969,0.0286
m,11.54004032,153.13,0.0288
m,11.53550659,152.144,0.0289
m,11.53109944,159.357,0.029
m,11.52669224,149.864,0.029
m,11.48946367,159.748,0.0291
m,11.48946367,157.577,0.0291
m,11.47991682,159.205,0.029
m,11.47493065,156.201,0.029
m,11.46991747,152.285,0.0289
m,11.44157672,160.725,0.0291
m,11.44157672,158.536,0.0291
m,11.43200319,161.715,0.0291
m,11.42686355,155.153,0.0291
m,11.42197717,155.628,0.0291
m,11.38890353,154.716,0.0292
m,11.38422538,160.103,0.0291
m,11.37957462,154.573,0.0291
m,11.37007462,161.875,0.029
m,11.3436194,158.741,0.029
m,11.3359985,159.976,0.029
m,11.33246429,158.444,0.029
m,11.32905751,159.62,0.0293
m,11.32905767,161.16,0.0295
m,11.32272464,156.485,0.0297
m,11.31944594,160.526,0.0301
m,11.31606803,156.251,0.0299
m,11.31246461,154.438,0.0297
m,11.28464354,158.7,0.0294
m,11.2805644,159.607,0.0295
m,11.27257636,160.787,0.0295
m,11.27257636,158.895,0.0295
m,11.26478704,161.022,0.0295
m,11.23761402,159.464,0.0295
m,11.23297255,160.732,0.0294
m,11.22845857,156.346,0.0294
m,11.22384626,159.75,0.0293
m,11.21933265,153.204,0.0292
m,11.18809678,160.481,0.0291
m,11.18383962,157.092,0.0291
m,11.1794553,156.467,0.029
m,11.17067684,161.81,0.0289
m,11.14670511,158.837,0.0283
m,11.14310974,162.282,0.0282
m,11.13964283,158.794,0.0281
m,11.1329672,160.468,0.028
m,11.12963089,155.71,0.0279
m,11.10676862,161.882,0.0277
m,11.1032817,161.606,0.0275
m,11.09966789,160.272,0.0274
m,11.09189549,161.479,0.0274
m,11.09189549,160.965,0.0274
m,11.06435027,162.009,0.0275
m,11.06129169,161.727,0.0274
m,11.0577841,157.627,0.0274
m,11.05395563,161.011,0.0274
m,11.02467874,154.969,0.0278
m,11.02069708,161.306,0.0278
m,11.01703729,160.205,0.028
m,11.00930198,154.257,0.028
m,11.00554771,161.906,0.0281
m,11.30516056,157.952,0.0297
m,11.30088093,157.024,0.0296
m,11.29682778,155.408,0.0295
m,11.29254938,160.329,0.0295
m,11.28859618,154.147,0.0294
m,11.2606528,159.868,0.0295
m,11.25639162,161.457,0.0294
m,11.25177796,155.392,0.0295
m,11.24222696,156.979,0.0295
m,11.21017889,161.78,0.0291
m,11.20579334,156.697,0.0292
m,11.20579326,159.607,0.0291
m,11.19676813,160.811,0.0291
m,11.1924815,155.273,0.0291
m,11.16638107,157.915,0.0288
m,11.16214432,162.794,0.0286
m,11.16214424,160.127,0.0285
m,11.15415346,163.078,0.0284
m,11.15030141,162.131,0.0284
m,11.12629568,157.901,0.0279
m,11.12305904,159.797,0.0278
m,11.1198234,162.914,0.0278
m,11.11025626,161.107,0.0277
m,11.08444883,159.312,0.0274
m,11.08093633,159.874,0.0274
m,11.0775525,160.871,0.0274
m,11.0741385,159.418,0.0274
m,11.07072521,161.806,0.0275
m,11.04990327,161.518,0.0275
m,11.04562696,161.304,0.0275
m,11.03704571,154.523,0.0276
m,11.03704571,161.317,0.0276
m,11.02866103,161.604,0.0277
m,11.00189035,160.669,0.0282
m,10.99820135,156.943,0.0282
m,10.99454511,161.935,0.0283
m,10.99088946,155.962,0.0284
m,10.98691383,159.65,0.0285
m,10.98293899,150.862,0.0287
m,10.97883633,150.304,0.0288
m,10.9712102,153.193,0.0288
m,10.96755826,153.471,0.0288
m,10.94622182,154.174,0.0293
m,10.9462219,154.88,0.0294
m,10.93826984,152.453,0.0296
m,10.93371521,161.16,0.0297
m,10.90573547,153.369,0.0299
m,10.90438678,153.989,0.0299
m,10.90403398,153.345,0.03
m,10.90403389,154.064,0.0299
s,10.90403389,154.005,0.0299
s,10.90416206,152.909,0.0294
s,10.90429064,153.577,0.0294
s,10.90451487,155.179,0.0293
s,10.90451487,152.988,0.0293
s,10.90464337,152.432,0.0292
s,10.90534885,153.568,0.0288
s,10.90547735,152.361,0.0287
s,10.90570167,153.057,0.0287
s,10.90570167,152.117,0.0287
s,10.9058301,151.853,0.0285
s,10.90595861,153.465,0.0284
s,10.90595854,153.106,0.0283
s,10.90595847,152.897,0.0282
s,10.90608698,152.168,0.0281
s,10.90647266,152.661,0.028
s,10.90647266,154.324,0.028
s,10.90660118,152.761,0.0279
s,10.90660111,154.173,0.0278
s,10.90672963,153.566,0.0277
s,10.90714825,152.212,0.0277
s,10.90714819,153.769,0.0276
s,10.90705247,154.384,0.0276
s,10.90705253,153.9,0.0277
m,10.9640987,148.824,0.0289
m,10.96051107,163.114,0.029
m,10.95733973,158.906,0.029
m,10.95214977,155.967,0.0291
m,10.94949075,152.08,0.0292
m,10.929032,151.181,0.0298
m,10.9245402,151.658,0.0299
m,10.91594221,155.11,0.0299
m,10.91189894,157.492,0.0299
m,10.9083042,157.904,0.0298
s,10.90403381,153.538,0.0298
s,10.9041623,154.647,0.0297
s,10.90416222,153.949,0.0296
s,10.90416222,152.853,0.0296
s,10.90486768,153.405,0.0292
s,10.90486768,153.568,0.0292
s,10.90499611,153.46,0.029
s,10.90522034,152.551,0.0289
s,10.90522027,153.333,0.0288
s,10.90583024,152.535,0.0287
s,10.90583024,153.832,0.0287
s,10.90583017,152.96,0.0286
s,10.90583017,151.809,0.0286
s,10.90583017,154.151,0.0286
s,10.90621556,155.754,0.0281
s,10.90621549,154.185,0.028
s,10.90634414,154.167,0.0281
s,10.90634408,152.715,0.028
s,10.90685821,153.983,0.0277
s,10.90689108,151.364,0.0277
s,10.9070196,153.345,0.0276
s,10.9070196,155.051,0.0276
s,10.90714819,153.675,0.0276
s,10.90705247,153.369,0.0276
s,10.90705253,152.56,0.0277
s,10.90705253,154.472,0.0277
s,10.90705253,153.606,0.0277
s,10.9070526,152.981,0.0278
s,10.9070526,152.994,0.0278
s,10.90705267,153.366,0.0279
s,10.90682843,154.104,0.028
s,10.9068285,152.909,0.0281
s,10.90669991,153.532,0.0281
s,10.9064428,153.353,0.0282
s,10.90653859,152.452,0.0283
s,10.90641,151.571,0.0283
s,10.90637714,154.136,0.0283
s,10.90637714,153.496,0.0283
s,10.90608726,154.496,0.0285
s,10.90608726,152.231,0.0285
s,10.90618299,152.938,0.0285
s,10.90618299,152.665,0.0285
s,10.90605434,152.815,0.0284
s,10.90605427,154.071,0.0283
s,10.90605427,154.215,0.0283
s,10.90592562,154.446,0.0282
s,10.90592562,153.939,0.0282
s,10.90602122,153.739,0.028
s,10.90602115,152.539,0.0279
s,10.90602115,153.395,0.0279
s,10.90614966,153.608,0.0278
s,10.9061496,152.396,0.0277
s,10.90627793,151.952,0.0273
s,10.90640651,152.238,0.0273
s,10.90631071,154.774,0.0272
s,10.90631071,154.329,0.0272
s,10.90669617,152.314,0.0267
s,10.90669617,152.403,0.0267
s,10.90692043,151.916,0.0266
s,10.90692037,152.46,0.0265
s,10.90704895,152.079,0.0265
s,10.90698609,153.815,0.0265
s,10.90698609,154.502,0.0265
s,10.90698609,152.795,0.0265
s,10.90698609,153.306,0.0265
s,10.90698609,153.78,0.0265
s,10.90669991,152.283,0.0281
s,10.90669998,151.229,0.0282
s,10.90657139,153.062,0.0282
s,10.9064428,152.503,0.0282
s,10.90624863,153.355,0.0284
s,10.90624863,153.019,0.0284
s,10.90634435,152.085,0.0284
s,10.90621577,152.149,0.0284
s,10.90608726,153.43,0.0285
s,10.90618299,154.975,0.0285
s,10.90618299,152.131,0.0285
s,10.90605441,152.953,0.0285
s,10.90605441,154.035,0.0285
s,10.90605434,153.506,0.0284
s,10.90592555,154.903,0.0281
s,10.90592548,154.1,0.028
s,10.90592548,154.676,0.028
s,10.90602122,154.816,0.028
s,10.9061496,152.484,0.0277
s,10.90614954,153.398,0.0276
s,10.90627811,151.642,0.0276
s,10.90627805,152.605,0.0275
s,10.90627799,153.102,0.0274
s,10.90643924,152.293,0.0271
s,10.90643918,152.962,0.027
s,10.90643912,153.315,0.0269
s,10.9065677,154.863,0.0269
s,10.90656764,152.993,0.0268
s,10.90695323,152.965,0.0265
s,10.90708181,152.971,0.0265
s,10.90708181,152.359,0.0265
s,10.90698609,153.165,0.0265
s,10.90708176,152.01,0.0264
s,10.90708176,153.649,0.0264
s,10.90708176,152.391,0.0264
s,10.90708181,154.192,0.0265
s,10.90708181,154.017,0.0265
s,10.90708187,153.091,0.0266
s,10.90708187,152.617,0.0266
s,10.90708187,154.183,0.0266
s,10.90695334,152.582,0.0267
s,10.90656776,152.944,0.027
s,10.90656782,152.593,0.0271
s,10.90643924,153.104,0.0271
s,10.90653497,152.273,0.0271
s,10.90640645,151.92,0.0272
s,10.90637354,152.537,0.0271
s,10.90637354,153.009,0.0271
s,10.90637354,153.833,0.0271
s,10.90637354,152.75,0.0271
s,10.90659786,152.033,0.0271
s,10.9066936,152.419,0.0271
s,10.9066936,152.047,0.0271
s,10.90682217,153.077,0.0271
s,10.90682217,152.509,0.0271
s,10.90691785,153.181,0.027
s,10.90691785,153.382,0.027
s,10.90691785,152.529,0.027
s,10.90682217,153.461,0.0271
s,10.90695075,153.943,0.0271
s,10.90332364,155.648,0.0276
s,10.90114071,154.484,0.0277
s,10.8990535,152.4,0.0277
s,10.89696632,153.486,0.0277
s,10.89253251,151.551,0.0277
s,10.87585195,162.035,0.0282
s,10.87379585,153.145,0.0283
s,10.87379592,151.863,0.0284
s,10.86981333,159.402,0.0286
s,10.850019,158.304,0.0296
s,10.84322457,161.673,0.03
s,10.83979614,160.612,0.0302
s,10.83627186,157.256,0.0304
s,10.83277978,158.637,0.0306
s,10.90695334,153.786,0.0267
s,10.90682475,154.129,0.0267
s,10.90682481,152.563,0.0268
s,10.90669628,152.942,0.0269
s,10.9065677,152.426,0.0269
s,10.90640645,152.342,0.0272
s,10.90650218,152.584,0.0272
s,10.90650212,153.15,0.0271
s,10.90637354,152.256,0.0271
s,10.90659786,153.459,0.0271
s,10.90659786,153.109,0.0271
s,10.90659786,153.064,0.0271
s,10.90659786,152.881,0.0271
s,10.90659786,153.348,0.0271
s,10.90682217,152.442,0.0271
s,10.90682217,152.828,0.0271
s,10.90691785,152.713,0.027
s,10.90691785,153.586,0.027
s,10.90691785,152.637,0.027
s,10.90685507,160.584,0.0272
s,10.90672668,163.451,0.0275
s,10.90624521,159.603,0.0275
s,10.90502518,151.895,0.0276
s,10.88992903,152.316,0.0277
s,10.88742176,153.038,0.0278
s,10.88501066,161.678,0.0278
s,10.88250412,156.79,0.0279
s,10.88018989,159.404,0.0281
s,10.8673733,153.945,0.0287
s,10.86477329,161.281,0.0289
s,10.86204559,159.827,0.0291
s,10.8563035,158.964,0.0293
s,10.853225,158.151,0.0294
s,10.82896684,158,0.0308
s,10.82159817,162.148,0.0309
s,10.81794586,158.464,0.031
s,10.81429385,155.675,0.0311
s,10.81099505,162.023,0.0312
s,10.80782462,157.376,0.0313
s,10.80442981,159.716,0.0316
s,10.7975436,153.779,0.0317
s,10.79382757,160.328,0.0318
s,10.77118646,147.401,0.0324
s,10.76356747,157.446,0.0324
s,10.75982234,149.461,0.0324
s,10.75630235,149.353,0.0323
s,10.7317322,150.097,0.0324
s,10.72821447,151.869,0.0324
s,10.72479424,153.18,0.0323
s,10.72141095,155.581,0.0323
s,10.71812555,153.995,0.0322
s,10.70045662,161.207,0.0321
s,10.69798894,154.936,0.0321
s,10.69529719,156.415,0.0321
s,10.6927342,161.715,0.0321
s,10.69004499,161.274,0.0322
s,10.66887463,162.502,0.0323
s,10.66566233,154.017,0.0326
s,10.6625776,161.361,0.0327
s,10.6594933,162.34,0.0328
s,10.63814093,153.771,0.0334
s,10.63493283,158.348,0.0334
s,10.63185236,155.55,0.0334
s,10.62550867,162.604,0.0334
s,10.62189293,155.991,0.0335
s,10.60547827,154.98,0.034
s,10.60078614,162.811,0.0342
s,10.60078627,150.836,0.0343
s,10.59662199,157.871,0.0344
s,10.59464097,159.757,0.0344
s,10.58310617,151.203,0.0349
s,10.58179008,156.834,0.035
s,10.58060218,149.979,0.035
s,10.57944278,153.737,0.0351
s,10.79382767,160.515,0.0319
s,10.78646187,154.491,0.032
s,10.78274645,153.104,0.0321
s,10.77887231,154.809,0.0323
s,10.77502923,161.03,0.0323
s,10.75630235,148.18,0.0323
s,10.74906935,150.596,0.0325
s,10.74567802,150.989,0.0324
s,10.7420621,152.513,0.0325
s,10.73867127,154.397,0.0324
s,10.7150357,158.513,0.0321
s,10.71178886,160.937,0.0321
s,10.70571868,156.96,0.0321
s,10.70571868,160.714,0.0321
s,10.68725895,161.664,0.0322
s,10.68142544,160.712,0.0322
s,10.67837756,159.595,0.0322
s,10.67837767,160.672,0.0323
s,10.67208772,160.161,0.0323
s,10.65319861,159.698,0.0329
s,10.65024288,160.053,0.033
s,10.64728755,158.847,0.0331
s,10.64728778,160.837,0.0333
s,10.6413495,155.295,0.0334
s,10.61837663,157.036,0.0336
s,10.61480458,159.562,0.0337
s,10.61136048,152.492,0.0337
s,10.6082423,154.956,0.0338
s,10.59276078,155.967,0.0345
s,10.59095415,161.714,0.0347
s,10.58914913,163.234,0.0347
s,10.58587053,153.013,0.0348
s,10.58442419,152.081,0.0349
s,10.5782848,147.752,0.0351
s,10.57697545,147.025,0.0351
s,10.57433588,152.777,0.0351
s,10.57300585,154.123,0.0351
s,10.57165177,161.532,0.0351
s,10.5704263,149.076,0.0352
s,10.5690766,144.319,0.0352
s,10.56795577,146.976,0.0352
s,10.56683734,158.306,0.0353
s,10.5645064,144.156,0.0353
s,10.55879144,160.861,0.0352
s,10.55758922,161.817,0.0352
s,10.55651498,151.044,0.0352
s,10.55569452,156.342,0.0353
s,10.55395777,153.562,0.0353
s,10.55039459,154.654,0.0354
s,10.55015049,147.027,0.0355
s,10.54998703,146.278,0.0355
s,10.54984957,155.244,0.0356
s,10.5504286,149.175,0.0358
s,10.55047826,146.997,0.0358
s,10.55063254,147.799,0.0359
s,10.55066368,152.926,0.0359
s,10.55071931,141.433,0.0361
s,10.55217511,154.531,0.0364
s,10.55236744,146.913,0.0364
s,10.55245828,148.269,0.0364
s,10.55255092,153.393,0.0365
s,10.55276202,156.711,0.0365
s,10.55418057,150.018,0.0369
s,10.55485355,157.541,0.037
s,10.5548537,146.531,0.0371
s,10.55516058,152.261,0.0371
s,10.55671388,151.572,0.0375
s,10.55704966,150.101,0.0374
s,10.55704981,140.663,0.0375
s,10.55754583,153.544,0.0374
s,10.55797355,151.506,0.0374
s,10.55878864,150.217,0.0378
s,10.5587746,148.825,0.0378
s,10.55853377,146.287,0.0378
s,10.55806608,153.261,0.0378
s,10.55749489,145.654,0.0378
s,10.56450627,146.443,0.0352
s,10.56236054,151.129,0.0352
s,10.5611772,157.201,0.0352
s,10.55999579,149.441,0.0352
s,10.55395777,157.761,0.0353
s,10.55268275,156.377,0.0353
s,10.55209891,160.584,0.0353
s,10.55161868,154.27,0.0353
s,10.55114045,150.708,0.0352
s,10.54984944,146.327,0.0355
s,10.55005941,143.306,0.0356
s,10.55020237,142.86,0.0357
s,10.55034703,144.108,0.0356
s,10.55028915,152.616,0.0357
s,10.55110747,160.026,0.0362
s,10.55143995,143.386,0.0363
s,10.55164913,146.629,0.0364
s,10.55164913,154.228,0.0364
s,10.55298409,150.138,0.0366
s,10.55308306,151.042,0.0366
s,10.55328747,155.216,0.0367
s,10.55349365,142.523,0.0368
s,10.55382604,153.588,0.0369
s,10.55525478,147.116,0.0372
s,10.55545486,158.055,0.0372
s,10.55578106,142.445,0.0372
s,10.55608969,146.192,0.0374
s,10.55650405,143.765,0.0376
s,10.5581753,143.357,0.0377
s,10.55835994,145.538,0.0377
s,10.55863135,156.98,0.0377
s,10.55871797,145.181,0.0377
s,10.55563556,145.574,0.0378
s,10.55563556,145.623,0.0378
s,10.5529561,149.652,0.0378
s,10.55109103,142.729,0.0379
s,10.54912197,148.143,0.0379
s,10.54715486,143.233,0.0379
s,10.54257321,146.255,0.0381
s,10.54029337,143.785,0.0382
s,10.53801494,150.514,0.0382
s,10.52338627,142.286,0.0384
s,10.51767281,153.427,0.0384
s,10.51482673,161.415,0.0385
s,10.51175253,159.151,0.0385
s,10.50869554,158.44,0.0384
s,10.49108924,155.708,0.0381
s,10.48232742,162.752,0.038
s,10.47773321,157.283,0.038
s,10.47326187,160.829,0.0379
s,10.46880623,159.657,0.0378
s,10.43816208,150.981,0.0372
s,10.43347958,157.915,0.0371
s,10.42856763,149.431,0.037
s,10.42388585,147.779,0.0369
s,10.39098812,152.495,0.0368
s,10.38652506,151.371,0.0368
s,10.38218465,148.98,0.0368
s,10.37807467,143.885,0.0368
s,10.36913764,158.12,0.0367
s,10.34176908,150.942,0.0365
s,10.33752845,156.641,0.0365
s,10.32929293,157.144,0.0365
s,10.32929293,153.854,0.0365
s,10.32540623,156.404,0.0365
s,10.29774339,153.593,0.0364
s,10.29387497,150.158,0.0364
s,10.29023737,146.031,0.0364
s,10.28647867,150.691,0.0364
s,10.25999975,153.811,0.0361
s,10.25623354,149.064,0.036
s,10.25280764,153.051,0.036
s,10.24631027,153.339,0.036
s,10.24300842,149.699,0.0361
s,10.53563183,145.57,0.0382
s,10.53337334,146.114,0.0383
s,10.5311161,144.55,0.0383
s,10.52863089,144.883,0.0383
s,10.52613061,155.279,0.0383
s,10.50564005,155.395,0.0384
s,10.5022492,157.924,0.0383
s,10.49873708,160.327,0.0383
s,10.49490494,152.826,0.0382
s,10.46435083,159.346,0.0376
s,10.46001841,163.342,0.0375
s,10.45147722,155.133,0.0374
s,10.44726826,152.55,0.0373
s,10.44726811,150.434,0.0372
s,10.41418614,153.045,0.0368
s,10.40939799,154.473,0.0368
s,10.40471765,160.157,0.0367
s,10.40003782,151.353,0.0367
s,10.40003782,146.29,0.0367
s,10.36441881,153.277,0.0367
s,10.35970054,155.135,0.0366
s,10.35509112,149.873,0.0366
s,10.35049629,147.244,0.0365
s,10.31751291,158.243,0.0365
s,10.31339781,155.017,0.0364
s,10.31339781,150.001,0.0364
s,10.30538665,152.027,0.0364
s,10.30150384,146.861,0.0364
s,10.27897583,147.115,0.0363
s,10.27532763,150.048,0.0363
s,10.27532749,159.919,0.0362
s,10.26755951,148.169,0.0361
s,10.2637792,156.858,0.0361
s,10.23980423,159.289,0.0361
s,10.23980423,159.237,0.0361
s,10.23337478,156.25,0.036
s,10.23014998,147.713,0.036
s,10.22716899,150.911,0.036
s,10.22429853,147.997,0.0359
s,10.21880417,146.927,0.0359
s,10.2164107,152.379,0.0359
s,10.21401849,146.959,0.0359
s,10.20011154,148.426,0.0361
s,10.19632934,148.986,0.0362
s,10.19437012,153,0.0362
s,10.19252346,160.769,0.0363
s,10.18067404,154.081,0.0367
s,10.17626523,159.66,0.0367
s,10.1736703,149.905,0.0366
s,10.17107676,152.401,0.0366
s,10.16825309,153.878,0.0365
s,10.14925448,155.664,0.0361
s,10.14597647,153.909,0.0361
s,10.14269945,153.909,0.036
s,10.13616622,150.56,0.036
s,10.13616622,156.924,0.036
s,10.11184506,155.447,0.0359
s,10.10857966,156.409,0.0359
s,10.1053154,160.667,0.0359
s,10.1019326,158.058,0.0359
s,10.07652358,157.972,0.0359
s,10.07327004,160.854,0.0359
s,10.07013718,160.716,0.036
s,10.06423265,159.851,0.0361
s,10.06122909,158.578,0.0362
s,10.04620499,161.71,0.0364
s,10.04295604,157.24,0.0365
s,10.03958918,156.647,0.0365
s,10.03275274,159.768,0.0365
s,10.02951494,154.216,0.0365
s,10.00855699,159.06,0.0364
s,10.00855685,162.013,0.0363
s,10.00293651,153.867,0.0363
s,10.00007094,157.392,0.0363
s,10.21161621,148.397,0.0359
s,10.20920413,149.697,0.0359
s,10.20678268,153.31,0.036
s,10.2044728,157.607,0.036
s,10.20011154,149.234,0.0361
s,10.19056873,147.233,0.0364
s,10.18862634,146.362,0.0365
s,10.18463666,145.423,0.0366
s,10.18270974,154.172,0.0366
s,10.18067404,149.258,0.0367
s,10.16507911,157.911,0.0364
s,10.1588553,156.531,0.0364
s,10.155694,153.626,0.0363
s,10.15241362,162.033,0.0362
s,10.12987665,160.602,0.0359
s,10.12673332,148.375,0.0359
s,10.12371081,151.217,0.0359
s,10.12080082,153.825,0.0359
s,10.11487198,151.863,0.0359
s,10.09843136,151.392,0.0359
s,10.09481162,158.096,0.0358
s,10.09119336,150.256,0.0358
s,10.08734474,156.446,0.0358
s,10.08000988,157.016,0.0358
s,10.05833886,154.178,0.0362
s,10.05533699,152.791,0.0362
s,10.05244867,158.259,0.0362
s,10.04944877,159.137,0.0363
s,10.02627815,160.906,0.0364
s,10.02304866,156.769,0.0365
s,10.02005211,159.393,0.0365
s,10.01717566,149.298,0.0366
s,10.01429991,155.937,0.0365
s,9.997092705,157.276,0.0363
s,9.993996566,154.292,0.0363
s,9.987218633,156.675,0.0363
s,9.983774154,154.196,0.0363
s,9.980448946,162.273,0.0362
s,9.977124674,151.255,0.0362
s,9.97356887,154.314,0.0362
s,9.970364524,148.297,0.0361
s,9.963612047,150.138,0.0361
s,9.960296057,147.233,0.0361
s,9.946797562,156.093,0.0358
s,9.943607466,152.711,0.0358
s,9.936870039,153.001,0.0358
s,9.933563372,151.007,0.0358
s,9.930257127,150.634,0.0357
s,9.907838193,157.823,0.0356
s,9.904654463,147.495,0.0356
s,9.901585856,147.374,0.0356
s,9.898403063,151.643,0.0355
s,9.873299608,160.826,0.0356
s,9.869532783,156.508,0.0355
s,9.865999611,160.124,0.0355
s,9.862467231,160.899,0.0355
s,9.85587288,162.805,0.0354
s,9.837290273,162.876,0.0354
s,9.828714146,161.11,0.0354
s,9.824720508,162.562,0.0355
s,9.824720508,157.657,0.0355
s,9.816506728,157.557,0.0355
s,9.792228225,157.701,0.0355
s,9.790116182,154.134,0.0357
s,9.790116317,155.693,0.0358
s,9.786951225,157.211,0.0358
s,9.786249215,157.059,0.0356
s,9.786132053,155.191,0.0356
s,9.786132053,156.233,0.0356
s,9.786249215,156.684,0.0356
s,9.786249215,157.569,0.0356
s,9.786366647,156.869,0.0358
s,9.786366647,154.911,0.0358
s,9.786366647,155.436,0.0358
s,9.786250861,155.805,0.0359
s,9.786250861,156.512,0.0359
s,9.960295918,152.245,0.036
s,9.954490075,150.503,0.0359
s,9.952004449,150.386,0.0359
s,9.949519066,153.856,0.0358
s,9.926951575,148.821,0.0357
s,9.923646447,148.749,0.0356
s,9.920460151,150.415,0.0356
s,9.91408911,145.27,0.0356
s,9.91408911,148.43,0.0356
s,9.894867153,160.514,0.0356
s,9.887443147,152.948,0.0355
s,9.883906181,153.878,0.0356
s,9.880487733,153.626,0.0356
s,9.880487733,161.611,0.0356
s,9.852460495,155.713,0.0354
s,9.848931356,161.979,0.0355
s,9.845167675,153.536,0.0355
s,9.841287329,156.512,0.0355
s,9.812634992,161.006,0.0355
s,9.808881557,152.473,0.0356
s,9.805245945,154.383,0.0355
s,9.801611058,156.31,0.0354
s,9.794927192,153.882,0.0355
s,9.786365411,156.931,0.0358
m,9.786248251,157.116,0.0358
m,9.786248115,158.481,0.0357
s,9.786132188,153.869,0.0357
s,9.786132188,157.2,0.0357
s,9.786249349,157.582,0.0357
s,9.786249349,156.839,0.0357
s,9.786249485,156.118,0.0358
s,9.786250724,155.085,0.0358
s,9.786250861,157.196,0.0359
s,9.786250861,157.924,0.0359
s,9.786366783,155.976,0.0359
s,9.786249621,156.871,0.0359
s,9.786249621,155.227,0.0359
s,9.786249621,154.279,0.0359
s,9.786249621,158.193,0.0359
s,9.786249759,155.886,0.036
s,9.786249759,156.279,0.036
s,9.786368581,156.036,0.0363
s,9.786368581,156.204,0.0363
s,9.786368581,154.234,0.0363
s,9.786601667,155.754,0.0363
s,9.786601667,156.556,0.0363
s,9.78706784,155.748,0.0363
s,9.787183763,155.445,0.0363
s,9.787416851,157.381,0.0363
s,9.787534013,158.909,0.0363
s,9.787534013,155.267,0.0363
s,9.788231904,157.203,0.0362
s,9.788231904,155.952,0.0362
s,9.788231904,155.99,0.0362
s,9.788347835,155.649,0.0362
s,9.788347556,157.192,0.036
s,9.788347556,155.528,0.036
s,9.788347556,155.805,0.036
s,9.788347556,157.701,0.036
s,9.788347556,154.719,0.036
s,9.788346197,155.381,0.0359
s,9.788346197,155.939,0.0359
s,9.788346197,157.536,0.0359
s,9.788346197,155.594,0.0359
s,9.788346197,155.483,0.0359
s,9.788347556,156.582,0.036
s,9.788347556,157.187,0.036
s,9.788464714,155.317,0.036
s,9.788464714,157.342,0.036
s,9.78870013,156.731,0.0359
s,9.788699994,157.022,0.0358
s,9.788817157,157.819,0.0358
s,9.788817157,157.946,0.0358
s,9.788817157,153.861,0.0358
s,9.786249898,154.8,0.0361
s,9.786249898,158.104,0.0361
s,9.786367199,154.58,0.0362
s,9.786251276,154.249,0.0362
s,9.786251276,153.347,0.0362
s,9.786718833,156.593,0.0363
s,9.786834754,156.682,0.0363
s,9.786834754,155.265,0.0363
s,9.78706784,155.254,0.0363
s,9.787649939,157.198,0.0363
s,9.787765866,155.337,0.0363
s,9.787882886,156.457,0.0362
s,9.787998814,154.798,0.0362
s,9.787998814,155.068,0.0362
s,9.788347695,157.754,0.0361
s,9.788347556,156.091,0.036
s,9.788347556,156.514,0.036
s,9.788347556,155.579,0.036
s,9.788347556,156.695,0.036
s,9.788347556,155.62,0.036
s,9.788347419,158.895,0.0359
s,9.788347419,155.735,0.0359
s,9.788346197,155.902,0.0359
s,9.788346197,157.158,0.0359
s,9.788346335,156.7,0.036
s,9.788346335,154.604,0.036
s,9.78846349,158.603,0.036
s,9.788347556,157.867,0.036
s,9.788464714,156.719,0.036
s,9.788581874,155.829,0.036
s,9.788465944,155.792,0.036
s,9.788582968,155.14,0.0359
s,9.788582968,158.056,0.0359
s,9.788817293,155.662,0.0359
s,9.788701371,156.437,0.0359
s,9.788701371,155.607,0.0359
s,9.788701371,158.642,0.0359
s,9.788585451,157.298,0.0359
s,9.788585451,157.389,0.0359
s,9.788585451,155.524,0.0359
s,9.788585451,155.382,0.0359
s,9.78846967,156.12,0.036
s,9.788121232,155.53,0.0364
s,9.788005319,157.851,0.0364
s,9.787889551,157.345,0.0365
s,9.78777238,157.202,0.0365
s,9.787423676,154.517,0.0367
s,9.787306504,158.492,0.0367
s,9.787190595,156.593,0.0367
s,9.787073422,154.742,0.0367
s,9.787073422,155.891,0.0367
s,9.786954846,158.254,0.0366
s,9.786837677,157.113,0.0366
s,9.786837677,155.794,0.0366
s,9.786720509,155.97,0.0366
s,9.786720365,157.185,0.0365
s,9.786486175,157.562,0.0366
s,9.786486031,157.416,0.0365
s,9.786486031,156.274,0.0365
s,9.786486031,157.068,0.0365
s,9.786601808,157.525,0.0364
s,9.786601808,156.586,0.0364
s,9.786601808,157.212,0.0364
s,9.786717732,156.58,0.0364
s,9.786717732,155.441,0.0364
s,9.786950536,154.405,0.0362
s,9.786950536,157.438,0.0362
s,9.787067699,158.29,0.0362
s,9.78706784,156.393,0.0363
s,9.786951918,155.933,0.0363
s,9.786837533,155.888,0.0365
s,9.786837533,156.173,0.0365
s,9.786721763,156.652,0.0366
s,9.786721763,155.304,0.0366
s,9.788469809,157.325,0.0361
s,9.788353893,158.486,0.0361
s,9.788120949,155.737,0.0362
s,9.788120949,156.64,0.0362
s,9.78812109,156.815,0.0363
s,9.787656614,155.234,0.0366
s,9.787656614,155.53,0.0366
s,9.787423532,156.312,0.0366
s,9.787423676,156.325,0.0367
s,9.787423676,156.774,0.0367
s,9.786956249,155.44,0.0367
s,9.787072161,155.787,0.0367
s,9.787072161,157.431,0.0367
s,9.786954846,155.452,0.0366
s,9.786720365,156.84,0.0365
s,9.786603198,157.75,0.0365
s,9.786603198,156.016,0.0365
s,9.786603198,158.209,0.0365
s,9.786603342,155.188,0.0366
s,9.786484787,156.415,0.0365
s,9.786484787,156.787,0.0365
s,9.786484787,156.586,0.0365
s,9.786484787,155.267,0.0365
s,9.786484645,157.482,0.0364
s,9.78671759,156.503,0.0363
s,9.78671759,154.63,0.0363
s,9.786834754,157.071,0.0363
s,9.786950677,157.064,0.0363
s,9.787069084,156.871,0.0363
s,9.786953307,155.362,0.0364
s,9.786953307,155.449,0.0364
s,9.786953307,154.96,0.0364
s,9.786837391,155.471,0.0364
s,9.786605996,155.168,0.0367
s,9.786605996,157.493,0.0367
s,9.786605996,155.436,0.0367
s,9.786606142,157.712,0.0368
m,9.786606142,154.149,0.0368
m,9.786607405,153.098,0.0368
m,9.786607405,156.878,0.0368
m,9.786607405,155.688,0.0368
m,9.786607405,156.904,0.0368
m,9.786607405,157.305,0.0368
m,9.778525967,158.837,0.037
m,9.778525967,157.198,0.037
m,9.773726963,158.067,0.0369
m,9.770802172,160.062,0.0369
m,9.767642571,155.353,0.0368
m,9.744838172,161.704,0.0364
m,9.74156652,152.464,0.0364
m,9.734907721,156.309,0.0363
m,9.731520894,156.556,0.0363
m,9.705385509,161.157,0.0361
m,9.701888357,157.344,0.0361
m,9.698274865,159.994,0.036
m,9.694545495,161.248,0.0359
m,9.690583488,156.86,0.0359
m,9.665647939,159.594,0.0356
m,9.661103815,152.981,0.0356
m,9.656444728,151.584,0.0357
m,9.651785032,156.835,0.0357
m,9.642583153,154.085,0.0358
m,9.607891041,144.089,0.0351
m,9.603351412,148.925,0.035
m,9.603351285,154.937,0.0349
m,9.594503764,142.077,0.0348
m,9.560016775,143.895,0.0332
m,9.555236877,152.006,0.0329
m,9.55045723,141.266,0.0328
m,9.545795147,139.61,0.0325
m,9.541249289,140.39,0.0324
m,9.51679118,155.836,0.0318
m,9.512719072,160.924,0.0317
m,9.508531212,152.729,0.0315
m,9.500626116,153.219,0.0314
m,9.496908819,142.512,0.0313
m,9.786607405,160.111,0.0368
m,9.786490378,152.046,0.0369
m,9.785200444,156.309,0.037
m,9.780866116,158.364,0.037
m,9.764250204,153.516,0.0366
m,9.757700033,157.187,0.0366
m,9.754424991,155.189,0.0365
m,9.751267584,153.485,0.0364
m,9.747994228,154.73,0.0365
m,9.731520894,150.065,0.0363
m,9.724049099,157.805,0.0362
m,9.720197995,161.51,0.0362
m,9.716464546,159.104,0.0362
m,9.712731922,157.567,0.0362
m,9.686387977,153.996,0.0358
m,9.682192976,156.514,0.0357
m,9.673803355,157.651,0.0357
m,9.673803221,158.215,0.0356
m,9.637925634,152.091,0.0358
m,9.633034872,145.817,0.0357
m,9.627912161,147.32,0.0356
m,9.622789991,154.426,0.0355
m,9.6176681,155.006,0.0352
m,9.590079554,142.906,0.0347
m,9.585421415,150.3,0.0342
m,9.580412524,143.799,0.034
m,9.570391972,142.005,0.0337
m,9.565263991,139.174,0.0334
m,9.533092657,143.41,0.0323
m,9.533092558,147.525,0.0322
m,9.524822064,160.41,0.0321
m,9.52074768,153.702,0.032
m,9.492960279,137.128,0.0312
m,9.492960107,141.137,0.031
m,9.484832933,139.864,0.0309
m,9.4807723,147.971,0.0307
m,9.476709952,146.702,0.0306
m,9.47276855,148.336,0.0303
m,9.464536089,146.524,0.0302
m,9.460596766,151.037,0.03
m,9.456771081,149.159,0.0299
m,9.434541566,152.665,0.0287
m,9.426677351,158.338,0.0286
m,9.422744714,156.391,0.0285
m,9.419050062,155.386,0.0283
m,9.415237604,161.149,0.0282
m,9.393687997,160.324,0.0279
m,9.390119476,162.129,0.0278
m,9.386790115,161.988,0.0278
m,9.380130586,159.945,0.0277
m,9.380130586,159.919,0.0277
m,9.357781864,158.825,0.0279
m,9.355527451,162.394,0.028
m,9.353508962,158.297,0.0281
m,9.353509015,162.335,0.0282
m,9.336594048,153.919,0.029
m,9.334153391,161.555,0.0291
m,9.331715355,160.517,0.0291
m,9.329159594,159.074,0.0292
m,9.326485828,158.24,0.0293
m,9.311744645,162.128,0.0297
m,9.309383405,160.103,0.0298
m,9.307250717,151.283,0.03
m,9.304997714,154.917,0.03
m,9.300365485,157.134,0.03
m,9.284888046,151.34,0.0303
m,9.281604954,157.548,0.0305
m,9.278217299,151.531,0.0305
m,9.271324325,157.045,0.0306
m,9.249230037,151.115,0.0309
m,9.249229955,153.622,0.0308
m,9.243167126,146.115,0.0308
m,9.240141938,144.002,0.0308
m,9.237014098,153.704,0.0308
m,9.453179744,152.434,0.0297
m,9.449473402,154.251,0.0295
m,9.445767587,158.59,0.0292
m,9.438242515,153.357,0.029
m,9.434541689,154.586,0.0289
m,9.407971471,155.182,0.0281
m,9.404399207,160.505,0.0281
m,9.400593754,156.325,0.028
m,9.397138529,160.256,0.028
m,9.373709561,159.908,0.0277
m,9.370734886,159.3,0.0277
m,9.367876191,160.561,0.0277
m,9.365137959,160.438,0.0277
m,9.362525065,160.46,0.0278
m,9.349482174,157.312,0.0284
m,9.347479414,161.861,0.0285
m,9.345129816,157.897,0.0286
m,9.343136847,156.97,0.0288
m,9.338694438,157.653,0.0289
m,9.323928469,159.048,0.0294
m,9.318914025,162.026,0.0295
m,9.318914093,162.522,0.0296
m,9.314099927,160.137,0.0297
m,9.298107191,158.087,0.03
m,9.295735989,160.354,0.0301
m,9.295735989,154.804,0.0301
m,9.29076846,158.64,0.0302
m,9.287823955,156.026,0.0303
m,9.268053826,152.253,0.0307
m,9.264784525,151.383,0.0308
m,9.261507995,157.422,0.0309
m,9.258354152,160.856,0.0309
m,9.255192851,158.242,0.0309
m,9.233774735,157.81,0.0307
m,9.230414841,145.463,0.0307
m,9.227291606,144.454,0.0308
m,9.224056974,147.981,0.0308
m,9.217705208,150.932,0.0308
m,9.217705127,142.713,0.0307
m,9.211001676,146.503,0.0305
m,9.207764714,139.858,0.0303
m,9.204754252,148.611,0.03
m,9.184075561,137.674,0.0293
m,9.181075444,146.937,0.0293
m,9.175212971,142.786,0.0291
m,9.171992381,142.028,0.029
m,9.149434698,146.936,0.0281
m,9.146573376,144.262,0.028
m,9.14358967,152.496,0.0278
m,9.140507446,142.694,0.0275
m,9.134000577,137.047,0.0273
m,9.117055403,159.899,0.0263
m,9.113750543,141.215,0.0262
m,9.107616803,143.655,0.026
m,9.107616775,147.432,0.0259
m,9.101934332,151.459,0.0258
m,9.080522483,147.26,0.0251
m,9.077471848,150.338,0.0251
m,9.074658632,154.746,0.025
m,9.071847042,152.027,0.025
m,9.054864437,162.895,0.0256
m,9.05314021,154.677,0.0256
m,9.051763107,158.435,0.0257
m,9.049090919,150.849,0.0258
m,9.047795577,159.526,0.0258
m,9.03938127,161.344,0.0259
m,9.036937713,155.883,0.026
m,9.031945065,150.647,0.0259
m,9.02950625,157.642,0.0259
m,9.026958946,159.05,0.026
m,9.012259209,160.159,0.0263
m,9.006590149,157.836,0.0262
m,9.003947817,160.856,0.0261
m,9.001070985,160.438,0.026
m,9.201632646,143.807,0.0299
m,9.195730841,150.774,0.0297
m,9.192848394,143.142,0.0296
m,9.189956815,146.696,0.0295
m,9.186954125,143.374,0.0295
m,9.171992321,143.989,0.0289
m,9.16556664,144.293,0.0287
m,9.16224964,147.726,0.0285
m,9.158934348,142.482,0.0283
m,9.155620817,142.848,0.0282
m,9.130699842,140.213,0.0272
m,9.127289199,145.424,0.027
m,9.123768825,146.456,0.0268
m,9.120361858,144.262,0.0266
m,9.098983961,151.271,0.0256
m,9.095910523,159.07,0.0255
m,9.092851939,144.295,0.0253
m,9.089670258,154.055,0.0252
m,9.083449907,142.083,0.0252
m,9.06891197,150.2,0.025
m,9.063628943,152.632,0.0254
m,9.063628986,160.49,0.0256
m,9.058809051,161.359,0.0256
m,9.056670328,153.515,0.0256
m,9.046515709,154.468,0.0258
m,9.046515734,158.202,0.0259
m,9.043641362,160.139,0.0259
m,9.041731427,161.056,0.0259
m,9.024523354,154.279,0.0261
m,9.024523354,161.901,0.0261
m,9.019546924,161.039,0.0262
m,9.017242387,159.287,0.0263
m,9.014796749,155.306,0.0263
m,8.998415094,161.764,0.0258
m,8.995380679,157.69,0.0259
m,8.992474234,153.026,0.0258
m,8.98929818,153.91,0.0257
m,8.985996278,161.089,0.0257
m,8.982458918,151.767,0.0256
m,8.974861351,152.202,0.0255
m,8.970818351,160.196,0.0254
m,8.966521835,157.102,0.0252
m,8.961844596,144.474,0.0251
m,8.937355734,159.739,0.0241
m,8.927769247,156.384,0.0239
m,8.923240192,158.922,0.0238
m,8.918820384,150.062,0.0235
m,8.914382619,160.243,0.0234
m,8.886126537,156.312,0.0225
m,8.882128391,158.818,0.0223
m,8.875134996,154.755,0.0222
m,8.875135014,159.643,0.0221
m,8.855247498,155.626,0.0209
m,8.850619058,157.197,0.0208
m,8.84868609,157.283,0.0206
m,8.848686127,155.462,0.0205
m,8.845421251,160.035,0.0203
s,8.843802926,155.012,0.0201
s,8.843802926,155.392,0.0201
s,8.843929355,156.728,0.0202
s,8.843929355,154.417,0.0202
s,8.843929355,156.585,0.0202
s,8.843946111,155.045,0.0201
s,8.843946154,154.491,0.02
s,8.84407263,155.695,0.02
s,8.843962875,154.593,0.02
s,8.843743458,154.755,0.0198
s,8.843617022,154.969,0.0197
s,8.84361707,156.826,0.0196
s,8.84361707,153.323,0.0196
s,8.84361707,154.273,0.0196
s,8.843254407,156.294,0.0195
s,8.843254407,155.64,0.0195
s,8.843144652,154.4,0.0195
s,8.843144652,154.949,0.0195
s,8.842908418,156.125,0.0195
m,8.957276927,147.442,0.0249
m,8.952455296,157.795,0.0246
m,8.947506733,154.25,0.0244
m,8.937355739,148.793,0.0242
m,8.90616241,156.585,0.0232
m,8.902270773,160.505,0.023
m,8.898361216,159.847,0.0229
m,8.894433799,160.66,0.0228
m,8.890361458,159.226,0.0227
m,8.868563858,161.659,0.022
m,8.865552936,158.468,0.022
m,8.862906117,157.834,0.0217
m,8.860242736,156.503,0.0215
m,8.857816572,159.239,0.0213
m,8.844342237,155.264,0.0202
m,8.843802926,155.427,0.0201
m,8.843549991,156.618,0.0201
s,8.843802926,156.123,0.0201
s,8.843929397,155.983,0.0201
s,8.843929397,154.612,0.0201
s,8.843929397,157.013,0.0201
s,8.843946154,154.654,0.02
s,8.843946111,155.17,0.0201
s,8.843962875,155.052,0.02
s,8.843853121,155.135,0.02
s,8.843853121,154.415,0.02
s,8.843853165,156.336,0.0199
s,8.843743458,154.2,0.0198
s,8.843490591,156.448,0.0196
s,8.84349064,155.398,0.0195
s,8.84349064,153.615,0.0195
s,8.84349064,156.4,0.0195
s,8.842908468,154.471,0.0194
s,8.842908468,153.286,0.0194
s,8.842908468,155.982,0.0194
s,8.842672234,156.299,0.0194
s,8.842672285,154.877,0.0193
s,8.842672285,156.784,0.0193
s,8.842562531,155.831,0.0193
s,8.842452777,154.289,0.0193
s,8.842452777,153.897,0.0193
s,8.842106689,153.96,0.0195
s,8.842106689,152.856,0.0195
s,8.842106689,155.355,0.0195
s,8.842106689,155.043,0.0195
s,8.842216442,155.635,0.0195
s,8.842199768,154.61,0.0194
s,8.842073293,154.471,0.0194
s,8.842073293,157.317,0.0194
s,8.842183051,154.244,0.0194
s,8.842183051,154.806,0.0194
s,8.842275955,155.679,0.0197
s,8.842259253,155.484,0.0197
s,8.842259207,154.502,0.0198
s,8.842368973,155.014,0.0198
s,8.842588294,156.295,0.0203
s,8.842698064,157.015,0.0203
s,8.842824483,155.78,0.0204
s,8.84296577,155.633,0
s,8.842934177,156.301,0.0206
s,8.843187027,154.039,0.0208
s,8.843186993,155.443,0.0209
s,8.843313457,154.08,0.0209
s,8.843313457,153.579,0.0209
s,8.843439889,155.429,0.021
s,8.843802468,154.52,0.0214
s,8.843802468,155.291,0.0214
s,8.844038673,154.973,0.0215
s,8.844038673,154.614,0.0215
s,8.844055333,155.42,0.0217
s,8.844181808,155.348,0.0217
s,8.844181784,155.281,0.0218
s,8.844072052,155.195,0.0217
s,8.844072052,155.622,0.0217
s,8.842452726,154.117,0.0194
s,8.842342974,154.357,0.0194
s,8.842233223,152.878,0.0194
s,8.842233173,154.591,0.0195
s,8.842233173,154.223,0.0195
s,8.842216442,156.475,0.0195
s,8.842089963,154.397,0.0195
s,8.842089963,154.393,0.0195
s,8.842090013,155.736,0.0194
s,8.842183001,157.705,0.0195
s,8.84229276,154.013,0.0195
s,8.842166241,154.971,0.0196
s,8.842166241,154.091,0.0196
s,8.842276003,156.906,0.0196
s,8.842368928,157.292,0.0199
s,8.842478651,157.228,0.02
s,8.842478607,155.168,0.0201
s,8.842588377,156.36,0.0201
s,8.842588335,153.041,0.0202
s,8.843060637,156.264,0.0206
s,8.843060601,153.686,0.0207
s,8.843060601,154.114,0.0207
s,8.843187027,155.167,0.0208
s,8.843439858,154.975,0.0211
s,8.843439858,154.868,0.0211
s,8.843676058,155.075,0.0212
s,8.843676029,155.313,0.0213
s,8.843802468,156.158,0.0214
s,8.844038647,154.43,0.0216
s,8.844038647,155.082,0.0216
s,8.843928886,155.088,0.0216
s,8.844055333,155.592,0.0217
s,8.844055333,154.78,0.0217
s,8.844072052,156.753,0.0217
s,8.844072028,155.464,0.0218
s,8.844072028,156.956,0.0218
s,8.844088753,155.881,0.0218
s,8.844088777,155.206,0.0217
s,8.844088777,156.336,0.0217
s,8.844088753,154.96,0.0218
s,8.844088777,153.844,0.0217
s,8.844088777,157.515,0.0217
s,8.843869272,156.76,0.0217
s,8.843995734,156.189,0.0218
s,8.843995734,158.182,0.0218
s,8.843995734,156.63,0.0218
s,8.843995711,155.562,0.0219
s,8.84399569,155.459,0.022
s,8.84399569,157.164,0.022
s,8.84399569,156.246,0.022
s,8.84399569,156.103,0.022
s,8.84408865,155.928,0.0223
s,8.84408865,155.206,0.0223
s,8.844198404,158.474,0.0223
s,8.844324868,147.501,0.0224
s,8.844324868,155.369,0.0224
s,8.844544331,155.605,0.0227
s,8.844544331,159.467,0.0227
s,8.844544331,156.295,0.0227
s,8.844544319,158.982,0.0228
s,8.844763801,156.764,0.0231
s,8.844763793,155.472,0.0232
s,8.844873551,156.76,0.0232
m,8.844873544,157.924,0.0233
m,8.844873544,158.633,0.0233
m,8.843795123,155.459,0.0234
m,8.841859363,161.144,0.0233
m,8.840639578,153.904,0.0232
m,8.839404038,156.846,0.0231
m,8.839404058,153.498,0.0229
m,8.827044991,161.286,0.0222
m,8.82544029,160.841,0.0221
m,8.823695286,159.893,0.022
m,8.821951642,161.942,0.0218
s,8.844088753,156.665,0.0218
s,8.843979024,157.968,0.0217
s,8.843979024,157.584,0.0217
s,8.843979024,155.897,0.0217
s,8.843869272,159.368,0.0217
s,8.843995711,155.089,0.0219
s,8.843869225,157.733,0.0219
s,8.843869225,154.706,0.0219
s,8.843869225,156.837,0.0219
s,8.843869225,157.462,0.0219
s,8.844105419,156.903,0.0221
s,8.844105419,158.042,0.0221
s,8.8441054,156.77,0.0222
s,8.844215151,157.225,0.0222
s,8.844324852,157.693,0.0225
s,8.844434605,155.435,0.0225
s,8.84443459,156.086,0.0226
s,8.84443459,158.483,0.0226
s,8.844544345,158.066,0.0226
s,8.844544319,160.528,0.0228
s,8.844654063,159.63,0.0229
s,8.844654063,157.99,0.0229
s,8.844654053,158.34,0.023
s,8.844654053,156.994,0.023
m,8.845000013,151.667,0.0234
m,8.845000009,155.56,0.0235
m,8.84474706,157.178,0.0235
m,8.844477421,152.209,0.0235
m,8.836414259,155.728,0.0227
m,8.834676692,159.782,0.0226
m,8.833034246,158.82,0.0225
m,8.831519281,158.917,0.0223
m,8.828540603,159.474,0.0223
m,8.820194006,158.713,0.0215
m,8.818186599,160.594,0.0213
m,8.814272479,156.096,0.0211
m,8.814272545,155.917,0.0209
m,8.810004787,159.619,0.0207
m,8.808006621,150.559,0.0205
m,8.805774264,161.349,0.0204
m,8.803543755,147.663,0.0202
m,8.801315103,149.21,0.0199
m,8.79697386,149.982,0.0198
m,8.786195623,152.543,0.0188
m,8.784342203,146.878,0.0185
m,8.782365826,144.81,0.0183
m,8.780266736,147.258,0.0181
m,8.776283705,153.274,0.018
m,8.761066451,153.838,0.0168
m,8.758740371,146.602,0.0167
m,8.75642836,153.711,0.0167
m,8.754130331,150.468,0.0165
m,8.736612312,150.487,0.0161
m,8.734125482,144.798,0.0161
m,8.731639948,152.284,0.016
m,8.726458632,150.301,0.0159
m,8.72387495,154.814,0.0158
m,8.711380521,145.039,0.0156
m,8.706020048,143.296,0.0156
m,8.702737698,154.215,0.0156
m,8.69921116,149.294,0.0156
m,8.695318193,147.9,0.0156
m,8.668288196,152.766,0.016
m,8.664696649,150.95,0.0161
m,8.657402578,150.797,0.0161
m,8.657402578,143.723,0.0161
m,8.632104763,150.172,0.0161
m,8.624463734,157.836,0.0161
m,8.620765919,159.734,0.0161
m,8.620765919,152.526,0.0161
m,8.613258702,157.256,0.0161
m,8.59143022,158.142,0.0161
m,8.587972243,153.673,0.0162
m,8.580823345,154.666,0.0161
m,8.577132355,149.378,0.016
m,8.57320701,152.505,0.016
m,8.794736554,151.632,0.0197
m,8.792626263,153.403,0.0194
m,8.792626368,147.497,0.0192
m,8.788175521,157.465,0.019
m,8.774301948,150.601,0.0178
m,8.76995923,145.193,0.0175
m,8.767847188,146.692,0.0173
m,8.765737546,148.168,0.0171
m,8.763394645,145.35,0.017
m,8.74929216,151.541,0.0164
m,8.749292247,148.962,0.0163
m,8.74412555,150.034,0.0162
m,8.741612113,151.832,0.0162
m,8.739111564,157.876,0.0161
m,8.723875044,147.968,0.0157
m,8.718720955,155.921,0.0157
m,8.71615049,146.522,0.0157
m,8.71382653,154.735,0.0157
m,8.691426827,154.349,0.0156
m,8.683687352,151.66,0.0157
m,8.679819401,146.564,0.0158
m,8.67596215,156.284,0.0159
m,8.672002591,149.223,0.0159
m,8.650241864,151.552,0.0161
m,8.646662229,155.927,0.0161
m,8.643205146,158.463,0.016
m,8.639739513,150.358,0.016
m,8.636039313,157.178,0.0161
m,8.609562528,155.995,0.0161
m,8.605867003,148.251,0.016
m,8.602050265,150.751,0.0161
m,8.598469149,153.431,0.0161
m,8.569395901,154.335,0.0159
m,8.565229418,151.685,0.0158
m,8.561298465,152.204,0.0157
m,8.557133459,148.6,0.0156
m,8.553203962,148.397,0.0155
m,8.545347033,153.356,0.0154
m,8.545347033,147.437,0.0154
m,8.537386369,149.879,0.0153
m,8.533360777,150.046,0.0152
m,8.503652248,146.284,0.015
m,8.503652248,149.215,0.015
m,8.495311925,151.3,0.0151
m,8.491088263,158.833,0.0152
m,8.486978737,153.764,0.0152
m,8.461417852,143.967,0.0153
m,8.461417852,149.214,0.0153
m,8.45180542,146.797,0.0153
m,8.447113025,141.001,0.0156
m,8.438426223,150.023,0.0158
m,8.413491235,142.113,0.0158
m,8.405485398,147.726,0.0158
m,8.40171425,149.844,0.0158
m,8.397702694,147.767,0.0158
m,8.37148445,145.458,0.0154
m,8.36805333,152.419,0.0154
m,8.364508377,153.449,0.0153
m,8.360609284,141.201,0.0153
m,8.356830775,141.293,0.0152
m,8.334277497,143.63,0.0152
m,8.33038235,147.123,0.0151
m,8.326721924,140.738,0.0151
m,8.322947338,143.648,0.0151
m,8.319287855,151.032,0.0151
m,8.29329504,143.314,0.0151
m,8.286197623,143.827,0.0151
m,8.286197623,150.926,0.0151
m,8.279329296,142.653,0.015
m,8.256333562,144.508,0.0148
m,8.253133719,142.332,0.0147
m,8.24969751,156.238,0.0149
m,8.246143958,147.889,0.0154
m,8.239395454,139.862,0.0156
m,8.529221687,139.016,0.0152
m,8.52496925,139.629,0.0151
m,8.520724011,145.386,0.0151
m,8.512241298,157.595,0.015
m,8.508003751,148.275,0.0149
m,8.482875999,145.595,0.0152
m,8.474784539,141.759,0.0153
m,8.47056132,144.969,0.0153
m,8.466110175,154.428,0.0153
m,8.438426326,142.232,0.0157
m,8.42985421,142.962,0.0157
m,8.425853544,146.302,0.0157
m,8.421618382,145.58,0.0158
m,8.417491314,161.903,0.0158
m,8.397702694,148.316,0.0158
m,8.389915223,147.069,0.0157
m,8.386019054,144.2,0.0156
m,8.382243478,148.463,0.0155
m,8.378576555,153.599,0.0155
m,8.352818178,149.444,0.0152
m,8.345612012,145.185,0.0152
m,8.341835143,143.943,0.0152
m,8.341835143,143.563,0.0152
m,8.311736042,151.733,0.0151
m,8.307958477,142.346,0.0151
m,8.304176621,142.172,0.0152
m,8.300629818,139.906,0.0152
m,8.296959783,141.559,0.0151
m,8.275894438,143.491,0.015
m,8.272690832,135.418,0.0149
m,8.269369257,147.091,0.0149
m,8.26296792,140.923,0.0148
m,8.259650096,139.456,0.0148
m,8.236199875,153.795,0.0157
m,8.236199767,139.117,0.0158
m,8.230049976,143.365,0.016
m,8.226980019,143.026,0.016
m,8.223795581,160.4,0.0161
m,8.220728024,157.102,0.0162
m,8.214599213,141.202,0.0162
m,8.211537781,136.27,0.0161
m,8.208593274,143.707,0.016
m,8.184615317,155.642,0.0149
m,8.181681362,142.475,0.0147
m,8.178514888,138.669,0.0146
m,8.175465855,135.021,0.0145
m,8.154977925,149.811,0.0139
m,8.152056092,149.895,0.0138
m,8.149135276,149.186,0.0137
m,8.146215252,162.583,0.0136
m,8.143063066,149.139,0.0135
m,8.12510862,142.163,0.0134
m,8.122198486,147.887,0.0132
m,8.119405569,151.21,0.0132
m,8.116496956,141.799,0.0131
m,8.111032688,144.291,0.0131
m,8.092578398,154.748,0.0126
m,8.089911268,139.899,0.0126
m,8.087362428,138.735,0.0125
m,8.084814497,145.627,0.0124
m,8.069312825,138.78,0.012
m,8.068618715,139.281,0.0119
s,8.068386009,139.288,0.0118
s,8.068386009,139.273,0.0118
s,8.068501518,139.717,0.0117
s,8.068617362,139.263,0.0114
s,8.068617362,139.518,0.0114
s,8.068617529,139.271,0.0113
s,8.068617529,139.209,0.0113
s,8.068617699,138.844,0.0112
s,8.068848743,138.951,0.011
s,8.068963927,138.88,0.0111
s,8.068963927,138.923,0.0111
s,8.069081442,139.121,0.0111
m,8.202356337,150.948,0.0157
m,8.199181824,150.513,0.0155
m,8.196126235,140.7,0.0153
m,8.193071636,135.678,0.0152
m,8.19025191,144.31,0.015
m,8.172535398,137.25,0.0144
m,8.169372477,148.356,0.0144
m,8.166444536,145.92,0.0142
m,8.160708895,136.641,0.0141
m,8.160709026,150.95,0.014
m,8.13676218,147.105,0.0135
m,8.133847094,143.934,0.0134
m,8.130816552,151.038,0.0134
m,8.127903781,149.524,0.0134
m,8.108244227,146.693,0.013
m,8.105572906,140.225,0.0129
m,8.102902588,151.038,0.0128
m,8.10023327,142.085,0.0127
m,8.095129169,145.581,0.0126
m,8.079952312,144.581,0.0123
m,8.077407011,147.848,0.0122
m,8.077407169,137.61,0.0121
m,8.07254997,137.264,0.012
m,8.070584017,138.463,0.012
s,8.068501682,139.333,0.0116
s,8.068501682,139.685,0.0116
s,8.068501847,139.538,0.0115
s,8.068617362,139.315,0.0114
s,8.068617699,139.161,0.0112
s,8.068615702,139.223,0.0111
s,8.068615702,139.236,0.0111
s,8.068731056,139.02,0.0111
s,8.068848572,139.128,0.0111
s,8.069081442,139.167,0.0111
s,8.069081442,139.504,0.0111
s,8.069079285,139.088,0.0111
s,8.068963927,138.94,0.0111
s,8.068963757,138.85,0.0112
s,8.068963757,139.103,0.0112
s,8.068963757,139.264,0.0112
s,8.069079115,139.335,0.0112
s,8.069079115,139.196,0.0112
s,8.069079115,138.967,0.0112
s,8.069077136,139.145,0.0111
s,8.069077307,139.209,0.011
s,8.069077307,139.562,0.011
s,8.069077136,139.271,0.0111
s,8.069194646,139.029,0.0111
s,8.069196629,139.752,0.0112
s,8.069196629,139.335,0.0112
s,8.069196629,139.75,0.0112
s,8.069081272,140.2,0.0112
s,8.068966088,139.636,0.0111
s,8.068850909,139.354,0.011
s,8.068850909,139.363,0.011
s,8.068850909,139.396,0.011
s,8.068851082,139.506,0.0109
s,8.068735907,138.893,0.0108
s,8.068735907,139.174,0.0108
s,8.068853428,139.356,0.0108
s,8.068853428,139.165,0.0108
s,8.068738084,139.815,0.0108
s,8.068972786,139.706,0.011
s,8.068972786,139.232,0.011
s,8.068972614,139.22,0.0111
s,8.068972614,139.196,0.0111
s,8.06909014,139.595,0.0111
s,8.06909014,139.281,0.0111
s,8.069207668,139.014,0.0111
s,8.069322835,139.283,0.0112
s,8.06920531,139.295,0.0112
s,8.069320651,139.354,0.0112
s,8.069553518,139.248,0.0112
s,8.069553518,139.712,0.0112
s,8.069553518,139.651,0.0112
s,8.069668863,139.805,0.0112
s,8.069079285,139.31,0.0111
s,8.069194646,139.456,0.0111
s,8.069077136,139.559,0.0111
s,8.069077136,138.989,0.0111
s,8.069194646,138.938,0.0111
s,8.069194646,139.388,0.0111
s,8.069194646,139.123,0.0111
s,8.069194646,139.036,0.0111
s,8.069079115,139.456,0.0112
s,8.069081442,139.445,0.0111
s,8.069081272,139.26,0.0112
s,8.068965918,139.825,0.0112
s,8.068966088,139.559,0.0111
s,8.069083606,139.348,0.0111
s,8.068851082,139.317,0.0109
s,8.068851256,139.202,0.0108
s,8.068851256,138.999,0.0108
s,8.068735907,138.966,0.0108
s,8.068738084,139.546,0.0108
s,8.068738084,138.653,0.0108
s,8.068855434,138.906,0.0109
s,8.068855434,138.938,0.0109
s,8.068855434,139.178,0.0109
s,8.06909014,139.165,0.0111
s,8.06909014,139.265,0.0111
s,8.06909014,138.701,0.0111
s,8.06909014,139.46,0.0111
s,8.06909014,139.392,0.0111
s,8.06920531,139.455,0.0112
s,8.06920531,139.152,0.0112
s,8.069320651,139.196,0.0112
s,8.069320651,139.076,0.0112
s,8.069668863,139.306,0.0112
s,8.069668863,139.241,0.0112
s,8.069668863,139.573,0.0112
s,8.069784212,139.577,0.0112
s,8.069784212,139.688,0.0112
s,8.069784212,139.905,0.0112
s,8.069784212,139.566,0.0112
s,8.069784043,139.213,0.0113
s,8.069784212,139.174,0.0112
s,8.069784212,139.169,0.0112
s,8.069784212,139.111,0.0112
s,8.069668863,139.263,0.0112
s,8.069668863,138.924,0.0112
s,8.069786385,139.114,0.0112
s,8.069671041,138.955,0.0112
s,8.069671041,138.993,0.0112
s,8.069553518,139.372,0.0112
s,8.069671212,139.079,0.0111
s,8.069553688,138.999,0.0111
s,8.06967173,139.054,0.0108
s,8.06967173,139.35,0.0108
s,8.069669552,139.398,0.0108
s,8.069669552,138.96,0.0108
s,8.069669552,139.14,0.0108
s,8.069669552,139.604,0.0108
s,8.069669552,139.239,0.0108
s,8.069669552,138.94,0.0108
s,8.069787073,139.568,0.0108
s,8.069902247,139.356,0.0109
s,8.069902247,139.48,0.0109
s,8.070135115,139.511,0.0109
s,8.070135115,139.299,0.0109
s,8.070135115,139.284,0.0109
s,8.070250639,138.827,0.0108
s,8.070250639,138.446,0.0108
s,8.070250639,138.911,0.0108
s,8.070365991,138.969,0.0108
m,8.070483334,139.376,0.0109
m,8.070483334,139.069,0.0109
m,8.070483334,138.739,0.0109
m,8.070483334,140.926,0.0109
m,8.070483162,147.228,0.011
s,8.069784212,138.957,0.0112
s,8.069784212,138.913,0.0112
s,8.069784212,139.631,0.0112
s,8.069784212,139.385,0.0112
s,8.069784212,139.633,0.0112
s,8.069786385,138.704,0.0112
s,8.069786385,138.98,0.0112
s,8.069786385,138.362,0.0112
s,8.069670872,139.283,0.0113
s,8.06955386,138.957,0.011
s,8.06955386,139.204,0.011
s,8.069671556,139.266,0.0109
s,8.06967173,139.602,0.0108
s,8.06967173,139.121,0.0108
s,8.069669552,139.125,0.0108
s,8.069669552,139.058,0.0108
s,8.069669552,139.805,0.0108
s,8.069669552,139.398,0.0108
s,8.069669552,139.354,0.0108
s,8.069786899,139.191,0.0109
s,8.069902247,139.216,0.0109
s,8.069902421,139.268,0.0108
s,8.069902247,139.198,0.0109
s,8.070135115,139.55,0.0109
s,8.070250465,139.488,0.0109
s,8.070250465,139.703,0.0109
s,8.070250639,139.266,0.0108
s,8.070250639,139.191,0.0108
s,8.070365991,139.377,0.0108
s,8.070365817,139.561,0.0109
s,8.070365817,139.252,0.0109
s,8.070483334,139.673,0.0109
s,8.070483334,139.352,0.0109
m,8.070367639,142.803,0.0111
m,8.069673226,143.606,0.0112
m,8.068287118,142.196,0.0112
m,8.062863097,146.285,0.0112
m,8.05963578,146.922,0.0113
m,8.056177683,152.28,0.0113
m,8.052836281,143.771,0.0114
m,8.049493922,141.296,0.0114
m,8.046385615,141.335,0.0115
m,8.025331233,140.939,0.0116
m,8.02257713,151.946,0.0116
m,8.016961902,140.913,0.0116
m,8.013982862,139.235,0.0116
m,7.992930787,144.572,0.0118
m,7.989844002,142.909,0.0119
m,7.986758688,144.325,0.0119
m,7.983679645,139.838,0.0119
m,7.980483469,154.26,0.0119
m,7.961336616,150.138,0.0119
m,7.958150523,146.543,0.0119
m,7.951901677,151.691,0.0119
m,7.948839007,149.105,0.0119
m,7.945890757,141.01,0.0119
m,7.9257283,142.048,0.0121
m,7.922559117,145.911,0.0121
m,7.919391237,149.042,0.0122
m,7.916456726,145.864,0.0122
m,7.89288803,150.764,0.0124
m,7.890069735,145.113,0.0124
m,7.887372381,144.875,0.0124
m,7.881741493,145.416,0.0124
m,7.879159344,144.095,0.0123
m,7.863919494,139.999,0.0124
m,7.857318225,150.399,0.0124
m,7.857318063,144.703,0.0125
m,7.851056797,140.468,0.0125
m,7.848044173,140.326,0.0125
m,7.827110329,134.858,0.0128
m,7.827110329,134.649,0.0128
m,7.820870719,138.942,0.0128
m,7.817643023,135.455,0.0128
m,8.04005271,148.018,0.0115
m,8.037060312,144.287,0.0115
m,8.037060146,146.143,0.0116
m,8.031078865,142.046,0.0116
m,8.028204516,140.984,0.0116
m,8.011005196,140.99,0.0116
m,8.00814303,149.228,0.0116
m,8.002336253,141.751,0
m,7.999336009,142.699,0.0117
m,7.996132602,139.277,0.0118
m,7.977407248,138.984,0.012
m,7.971022321,148.566,0.0119
m,7.967713136,138.184,0.0119
m,7.964524154,136.975,0.0119
m,7.943175858,145.806,0.0119
m,7.940230402,138.64,0.0119
m,7.937279711,140.339,0.012
m,7.931620834,139.426,0.012
m,7.93162067,140.896,0.0121
m,7.913523475,140.798,0.0123
m,7.907429747,145.298,0.0124
m,7.904381357,144.651,0.0124
m,7.898751824,142.763,0.0124
m,7.895819147,147.133,0.0125
m,7.876346702,151.582,0.0123
m,7.873432373,152.172,0.0123
m,7.870408153,147.419,0.0123
m,7.867162815,150.222,0.0124
m,7.845264286,141.175,0.0125
m,7.84213425,147.319,0.0126
m,7.839015527,143.026,0.0127
m,7.833004618,136.895,0.0127
m,7.830001404,148.147,0.0128
m,7.814526944,132.19,0.0129
m,7.811533362,134.065,0.0129
m,7.805781678,138.438,0.013
m,7.802781829,131.84,0.013
m,7.799783389,134.6,0.013
m,7.796676638,146.643,0.013
m,7.793911779,143.719,0.013
m,7.791038532,135.644,0.0131
m,7.785504071,134.793,0.0131
m,7.779986558,136.541,0.0131
m,7.764773977,146.497,0.0136
m,7.76168542,138.079,0.0136
m,7.755973543,136.086,0.0137
m,7.753119944,140.588,0.0137
m,7.753119944,137.842,0.0137
m,7.729560535,134.717,0.014
m,7.726950937,147.737,0.014
m,7.724112627,140.523,0.0141
m,7.721275992,138.896,0.0141
m,7.698945007,141.036,0.0146
m,7.695892148,142.477,0.0146
m,7.689469479,148.726,0.0146
m,7.686314468,145.205,0.0146
m,7.683268178,142.909,0.0147
m,7.666033551,138.049,0.0148
m,7.666033551,143.261,0.0148
m,7.660317176,144.532,0.0148
m,7.657514553,139.256,0.0149
m,7.654713638,144.485,0.0149
m,7.634498162,136.35,0.0151
m,7.631480942,155.775,0.0152
m,7.625575026,137.672,0.0152
m,7.622668575,144.319,0.0152
m,7.602544902,159.568,0.0152
m,7.599230632,145.664,0.0152
m,7.596023485,137.231,0.0152
m,7.592942068,145.719,0.0152
m,7.58973877,157.592,0.0153
m,7.572434005,148.126,0.0155
m,7.56968106,145.122,0.0155
m,7.566929608,144.247,0.0156
m,7.564179912,157.85,0.0156
m,7.55835294,158.514,0.0157
m,7.777120418,135.678,0.0132
m,7.774025416,138.803,0.0132
m,7.770944016,136.934,0.0133
m,7.767852081,139.887,0.0134
m,7.746848012,137.46,0.0138
m,7.743782021,134.943,0.0138
m,7.740826282,140.013,0.0138
m,7.73787205,141.46,0.0139
m,7.73229347,136.016,0.014
m,7.71560732,142.12,0.0141
m,7.71277514,150.937,0.0142
m,7.707100989,138.237,0.0143
m,7.704380917,146.994,0.0144
m,7.701662396,138.769,0.0144
m,7.680346206,149.151,0.0147
m,7.677410293,140.246,0.0147
m,7.674475863,140.483,0.0147
m,7.671772298,151.969,0.0148
m,7.65202052,138.787,0.015
m,7.646426414,136.474,0.015
m,7.643525436,138.93,0.0151
m,7.6405032,154.922,0.0151
m,7.637499746,141.461,0.0151
m,7.622668575,149.057,0.0152
m,7.616860352,149.378,0.0151
m,7.614081916,141.804,0.0151
m,7.611305077,144.916,0.0151
m,7.608635008,142.354,0.0152
m,7.586661429,145.802,0.0153
m,7.580826768,138.781,0.0153
m,7.578068866,148.025,0.0154
m,7.578068866,141.99,0.0154
m,7.555628426,150.386,0.0158
m,7.552885595,154.385,0.0157
m,7.550164817,146.92,0.0157
m,7.54742524,150.594,0.0157
m,7.544708076,148.784,0.0157
m,7.54197189,144.173,0.0157
m,7.536464243,141.229,0.0158
m,7.536464243,138.007,0.0158
m,7.530655213,142.594,0.0158
m,7.512359498,140.944,0.0158
m,7.51002005,143.859,0.0158
m,7.51002005,138.335,0.0158
m,7.505654498,144.653,0.0157
m,7.503548095,139.938,0.0157
m,7.489937247,141.795,0.0156
m,7.487514821,146.862,0.0156
m,7.485220078,151.253,0.0155
m,7.482849623,140.415,0.0154
m,7.48035609,143.201,0.0154
m,7.464008902,140.017,0.0152
m,7.459793211,139.868,0.0152
m,7.45749948,135.647,0.0152
m,7.455333881,141.21,0.0151
m,7.441903017,143.367,0.0152
m,7.437549426,148.445,0.0152
m,7.435501758,140.041,0.0152
m,7.433482679,145.867,0.0151
m,7.431239284,138.867,0.0151
m,7.41606641,143.605,0.0151
m,7.414038597,139.371,0.0151
m,7.411913618,140.179,0.0151
m,7.409663787,140.552,0.0151
m,7.409663931,146.186,0.015
m,7.390603801,144.624,0.0151
m,7.388206409,143.41,0.0151
m,7.385811641,140.847,0.0151
m,7.383517631,138.31,0.015
m,7.370388136,148.469,0.0155
m,7.369998152,146.389,0.0156
m,7.369998015,146.741,0.0157
m,7.369870314,146.426,0.0157
m,7.369967773,145.849,0.0157
m,7.527743425,140.154,0.0158
m,7.524936943,142.897,0.0158
m,7.522132503,143.02,0.0158
m,7.519535999,144.251,0.0158
m,7.514722977,145.279,0.0158
m,7.498988129,143.882,0.0157
m,7.498988261,141.146,0.0156
m,7.494333405,143.101,0.0157
m,7.492236426,143.153,0.0156
m,7.475453819,140.852,0.0154
m,7.475453956,144.698,0.0153
m,7.470536307,146.453,0.0154
m,7.468358525,141.585,0.0153
m,7.46618263,143.026,0.0153
m,7.452943474,143.618,0.0151
m,7.450781847,147.195,0.0151
m,7.448596691,142.568,0.015
m,7.444056845,148.582,0.015
m,7.441903158,142.48,0.0151
m,7.429024938,142.559,0.0151
m,7.424748637,139.404,0.0151
m,7.422613578,143.647,0.0151
m,7.418222889,152.265,0.0151
m,7.405198422,144.13,0.015
m,7.402855947,139.457,0.015
m,7.400318334,139.204,0.015
m,7.397910384,144.032,0.015
m,7.393003814,140.917,0.0151
m,7.381225776,143.142,0.0151
m,7.376649695,150.168,0.0151
m,7.374432699,139.606,0.0153
m,7.374432558,151.154,0.0154
m,7.371205277,147.557,0.0154
m,7.369967773,145.976,0.0157
m,7.369840075,145.949,0.0157
m,7.369840075,146.732,0.0157
m,7.369840212,143.882,0.0156
m,7.369840212,137.552,0.0156
m,7.369547982,137.385,0.0155
m,7.369547982,146.045,0.0155
m,7.368080228,140.525,0.0155
m,7.367222433,140.806,0.0154
m,7.377789314,156.075,0.0151
m,7.381149033,152.003,0.015
m,7.384831162,149.096,0.0148
m,7.38873849,151.256,0.0147
m,7.418603065,157.341,0.0142
m,7.423316968,148.81,0.014
m,7.427999618,154.591,0.0139
m,7.437880503,148.852,0.0138
m,7.442822513,154.968,0.0136
m,7.467802161,155.913,0.013
m,7.477087077,159.088,0.013
m,7.481554516,159.441,0.0129
m,7.486022602,157.087,0.0129
m,7.490362867,154.26,0.0129
m,7.518229437,152.833,0.0127
m,7.521998663,155.752,0.0128
m,7.525768701,156.498,0.0129
m,7.529444167,153.175,0.0132
m,7.551147248,142.9,0.0141
m,7.554158965,142.717,0.0141
m,7.559902149,144.234,0.0141
m,7.559901998,145.092,0.0142
m,7.565496255,146.776,0.0143
m,7.58120773,150.444,0.0154
m,7.583691841,141.06,0.0156
m,7.58634256,143.742,0.0157
m,7.589124398,147.261,0.0158
m,7.592037337,155.511,0.016
m,7.612364897,150.666,0.0165
m,7.615199201,142.656,0.0166
m,7.621133541,147.37,0.0166
m,7.624233376,140.815,0.0168
m,7.366974677,142.782,0.0153
m,7.367306352,146.249,0.0153
m,7.369707969,145.237,0.0153
m,7.371843784,157.381,0.0152
m,7.374655315,159.327,0.0151
m,7.396842261,149.708,0.0146
m,7.396842412,151.463,0.0145
m,7.405108326,149.853,0.0145
m,7.409562831,151.431,0.0145
m,7.414018482,158.297,0.0143
m,7.442822513,155.085,0.0136
m,7.45293311,158.015,0.0135
m,7.457877574,156.088,0.0134
m,7.462856028,158.983,0.013
m,7.494704411,151.611,0.0126
m,7.498917517,156.666,0.0126
m,7.50699304,153.594,0.0126
m,7.510726528,150.992,0.0127
m,7.5107267,152.745,0.0126
m,7.536411868,152.267,0.0133
m,7.539479435,151.282,0.0135
m,7.542418993,152.6,0.0136
m,7.545325102,145.781,0.0137
m,7.545324946,144.288,0.0138
m,7.568230945,144.591,0.0144
m,7.570931893,143.287,0.0146
m,7.573539964,148.507,0.0148
m,7.578501833,143.519,0.015
m,7.594728975,148.608,0.0161
m,7.600600255,150.945,0.0162
m,7.600600255,142.056,0.0162
m,7.606442472,144.889,0.0163
m,7.609402702,144.062,0.0164
m,7.627372663,138.02,0.0169
m,7.630384181,142.794,0.017
m,7.63336033,149.345,0.0171
m,7.636338426,146.272,0.0172
m,7.639486318,144.137,0.0174
m,7.645751261,148.822,0.0174
m,7.645751157,139.216,0.0175
m,7.651986128,137.229,0.0177
m,7.654976172,140.574,0.0179
m,7.657968342,137.657,0.0179
m,7.677385224,154.472,0.0184
m,7.68095362,145.759,0.0184
m,7.6845244,145.001,0.0185
m,7.688188998,151.444,0.0183
m,7.695041288,153.479,0.0183
m,7.71442299,145.77,0.018
m,7.720704423,153.668,0.018
m,7.723868504,146.925,0.0179
m,7.727034436,158.658,0.0179
m,7.749745673,148.986,0.0177
m,7.753410336,148.452,0.0178
m,7.757208804,142.455,0.0176
m,7.760745999,148.554,0.0176
m,7.764505899,144.885,0.0176
m,7.784107291,141.401,0.0174
m,7.787396089,148.885,0.0172
m,7.793978512,152.9,0.0172
m,7.793978616,144.141,0.0171
m,7.800039046,136.08,0.0171
m,7.819334165,142.069,0.0167
m,7.822117952,153.565,0.0167
m,7.824991352,150.69,0.0167
m,7.827734395,148.216,0.0166
m,7.84913077,148.485,0.017
m,7.852239491,149.496,0.017
m,7.858283658,146.441,0.017
m,7.861218721,146.549,0.0171
m,7.864155389,153.382,0.0171
m,7.88290955,145.478,0.0172
m,7.882909451,144.548,0.0173
m,7.889079302,147.855,0.0173
m,7.892257057,141.421,0.0173
m,7.895522536,151.781,0.0174
m,7.660962243,155.72,0.0181
m,7.663996934,145.136,0.0182
m,7.670386504,150.3,0.0183
m,7.673819398,146.423,0.0183
m,7.695041288,149.844,0.0183
m,7.701771662,149.695,0.0183
m,7.705094924,152.21,0.0182
m,7.708289484,153.864,0.0181
m,7.711355222,150.68,0.018
m,7.727034341,150.46,0.018
m,7.73333067,145.635,0.018
m,7.736592246,156.619,0.0179
m,7.739634497,149.829,0.0178
m,7.74289958,147.271,0.0178
m,7.767826202,143.588,0.0175
m,7.774650491,136.287,0.0175
m,7.777844753,138.749,0.0175
m,7.777844753,143.83,0.0175
m,7.802896078,143.043,0.017
m,7.805666754,143.814,0.017
m,7.808703907,141.218,0.0168
m,7.814036338,150.654,0.0168
m,7.816640133,142.181,0.0168
m,7.833707336,152.016,0.0167
m,7.836629854,148.449,0.0168
m,7.836629854,142.976,0.0168
m,7.842877095,151.008,0.0169
m,7.845936802,143.115,0.017
m,7.867180181,138.959,0.017
m,7.870119883,143.406,0.0169
m,7.873326537,155.082,0.017
m,7.876534915,141.605,0.017
m,7.898656845,155.122,0.0174
m,7.904616869,153.308,0.0174
m,7.907575333,147.707,0.0175
m,7.910668492,152.482,0.0176
m,7.913763188,142.54,0.0177
m,7.916907374,152.938,0.0178
m,7.920138548,145.968,0.0179
m,7.92320098,137.139,0.018
m,7.929453334,148.694,0.018
m,7.947777753,148.324,0.0178
m,7.955294684,151.178,0.0178
m,7.959164727,150.863,0.0178
m,7.962902714,150.73,0.0178
m,7.962902806,155.138,0.0177
m,7.987958571,141.398,0.0173
m,7.990955654,143.559,0.0173
m,7.993769709,148.255,0.0174
m,7.996367488,143.611,0.0174
m,7.998999367,146.45,0.0175
m,8.0235429,144.471,0.0174
m,8.026938532,141.811,0.0174
m,8.029964687,142.534,0.0176
m,8.032755971,148.859,0.0179
m,8.049656337,158.12,0.0182
s,8.049874474,157.081,0.0177
s,8.049790956,156.847,0.0174
s,8.049707358,158.404,0.0172
s,8.049841467,159.483,0.017
s,8.049992934,155.189,0.016
s,8.049993158,158.688,0.0158
s,8.050177465,155.527,0.0156
s,8.050177581,158.732,0.0155
s,8.050311624,157.729,0.0154
s,8.050680801,159.48,0.0146
s,8.05081486,158.743,0.0145
s,8.050815253,158.583,0.0142
s,8.051083248,156.463,0.0141
s,8.051753596,158.084,0.0136
s,8.051753596,160.09,0.0136
s,8.05188753,156.398,0.0136
s,8.05188753,156.227,0.0136
s,8.051887672,160.583,0.0135
m,7.929453245,147.431,0.0181
m,7.935178161,151.616,0.0182
m,7.938067353,146.275,0.0181
m,7.941225116,140.954,0.0181
m,7.944433528,146.186,0.0181
m,7.970467777,156.694,0.0176
m,7.974210578,146.132,0.0175
m,7.977821132,143.356,0.0174
m,7.98134933,144.64,0.0173
m,8.001581773,137.435,0.0174
m,8.004331668,145.842,0.0174
m,8.011605068,143.812,0.0175
m,8.011604975,150.722,0.0176
m,8.019643369,145.978,0.0176
m,8.035497536,158.039,0.0182
m,8.040983875,150.131,0.0184
m,8.045837921,148.298,0.0184
m,8.047596097,155.659,0.0184
m,8.048969504,160.549,0.0183
s,8.049757883,157.994,0.0168
s,8.049892109,157.165,0.0165
s,8.049858686,158.159,0.0163
s,8.049858903,156.936,0.0161
s,8.050445908,158.502,0.0151
s,8.050496196,157.038,0.015
s,8.050630247,156.176,0.0149
s,8.050546618,158.253,0.0148
s,8.050680674,158.894,0.0147
s,8.051083383,157.635,0.014
s,8.051351381,156.132,0.0139
s,8.051485452,155.995,0.0138
s,8.051619384,157.903,0.0138
s,8.051619523,158.253,0.0137
s,8.051887672,156.559,0.0135
s,8.05175388,160.431,0.0134
s,8.05175388,159.933,0.0134
s,8.051754023,159.83,0.0133
s,8.05162009,159.181,0.0133
s,8.05162009,158.121,0.0133
s,8.051486157,159.976,0.0133
s,8.051486014,160.583,0.0134
s,8.051435826,160.183,0.0134
s,8.050849793,158.021,0.0135
s,8.050715867,156.333,0.0135
s,8.050581942,158.275,0.0135
s,8.050581942,157.709,0.0135
s,8.050213502,158.491,0.0137
s,8.050213363,158.583,0.0138
s,8.050163218,157.544,0.0138
s,8.050163218,159.077,0.0138
s,8.050163218,159.722,0.0138
s,8.050112807,157.821,0.014
s,8.050062541,158.289,0.0141
s,8.050012416,159.611,0.0141
s,8.050012282,159.243,0.0142
s,8.049878239,159.106,0.0143
s,8.049375903,157.878,0.0146
s,8.049191903,158.364,0.0146
s,8.049057872,158.499,0.0147
s,8.048923843,159.348,0.0148
s,8.048471935,158.92,0.0149
s,8.048338036,161.777,0.0149
s,8.048338036,157.727,0.0149
s,8.048154071,157.862,0.0149
s,8.048154071,155.743,0.0149
s,8.047668428,158.76,0.015
s,8.047316928,158.952,0.0149
s,8.047316928,156.385,0.0149
s,8.047316928,158.771,0.0149
s,8.047099326,158.386,0.0148
s,8.046580304,157.875,0.0146
s,8.046496612,157.238,0.0145
s,8.046496612,157.671,0.0145
s,8.046362711,157.313,0.0145
s,8.051301753,158.534,0.0135
s,8.051167824,160.299,0.0135
s,8.051167824,157.439,0.0135
s,8.050899965,158.75,0.0135
s,8.050899965,157.95,0.0135
s,8.050531779,159.926,0.0135
s,8.050397715,159.917,0.0136
s,8.050397575,158.071,0.0137
s,8.050263652,158.607,0.0137
s,8.050213502,159.665,0.0137
s,8.050112943,158.725,0.0139
s,8.050112943,158.703,0.0139
s,8.050112943,159.196,0.0139
s,8.050112943,158.506,0.0139
s,8.049962033,160.781,0.0143
s,8.049827991,158.549,0.0144
s,8.049643975,156.964,0.0144
s,8.049509938,159.504,0.0145
s,8.049376032,158.562,0.0145
s,8.04900766,160.4,0.0148
s,8.048739859,158.053,0.0148
s,8.048739859,158.361,0.0148
s,8.048605959,157.592,0.0148
s,8.048471935,157.785,0.0149
s,8.048020052,156.275,0.015
s,8.048020175,159.491,0.0149
s,8.047886157,157.903,0.015
s,8.047668428,157.563,0.015
s,8.046965429,158.619,0.0148
s,8.046881599,158.998,0.0148
s,8.046881726,157.995,0.0147
s,8.046747829,157.238,0.0147
s,8.046580304,158.858,0.0146
s,8.046279021,157.14,0.0144
s,8.046279021,157.919,0.0144
s,8.046279153,155.146,0.0143
s,8.046061435,157.133,0.0143
s,8.046061435,156.441,0.0143
s,8.046061567,156.258,0.0142
s,8.046061567,156.987,0.0142
s,8.045977887,157.38,0.0141
s,8.045977887,157.183,0.0141
s,8.045977887,157.995,0.0141
s,8.045810679,155.845,0.0138
s,8.045810679,157.873,0.0138
s,8.045810679,155.425,0.0138
s,8.045810817,156.364,0.0137
s,8.045810817,155.794,0.0137
s,8.045944725,155.666,0.0137
s,8.045860922,156.101,0.0137
s,8.045860922,155.628,0.0137
s,8.045860922,155.27,0.0137
s,8.046178997,154.84,0.0136
s,8.046178997,157.655,0.0136
s,8.046178997,158.563,0.0136
s,8.046178997,158.143,0.0136
s,8.046312908,157.802,0.0136
s,8.046496946,155.543,0.0136
s,8.046630862,157.411,0.0136
s,8.046630862,156.974,0.0136
s,8.046630862,157.074,0.0136
s,8.046764778,156.352,0.0136
s,8.047300874,157.322,0.0133
s,8.047434938,155.746,0.0132
s,8.047569003,156.211,0.0131
s,8.047569003,154.499,0.0131
m,8.04797106,156.273,0.0129
m,8.04797106,154.954,0.0129
m,8.048021364,156.422,0.0128
m,8.048105131,151.139,0.0128
m,8.048104981,146.567,0.0129
m,8.055611748,157.628,0.0132
m,8.05792559,151.522,0.0135
m,8.060240538,157.544,0.0136
m,8.064873024,149.788,0.0137
m,8.067274753,153.398,0.0137
s,8.045760307,156.324,0.014
s,8.045760307,156.105,0.014
s,8.045894349,155.066,0.0139
s,8.045894486,155.631,0.0138
s,8.045944725,157.592,0.0137
s,8.045944725,157.027,0.0137
s,8.045944725,155.803,0.0137
s,8.045944725,156.755,0.0137
s,8.045944725,155.934,0.0137
s,8.045994831,157.56,0.0137
s,8.045994831,155.457,0.0137
s,8.046128741,155.796,0.0137
s,8.046044945,156.629,0.0137
s,8.046045085,156.275,0.0136
s,8.046363033,156.974,0.0136
s,8.046363033,156.858,0.0136
s,8.046363033,156.904,0.0136
s,8.046496946,156.865,0.0136
s,8.046764919,157.481,0.0135
s,8.046764919,154.963,0.0135
s,8.046898835,155.795,0.0135
s,8.047166813,158.056,0.0134
s,8.047166813,154.56,0.0134
s,8.047702922,155.061,0.0131
s,8.04770307,156.141,0.013
m,8.04783699,155.418,0.013
m,8.04783699,157.528,0.013
m,8.04797106,156.526,0.0129
m,8.048104981,156.714,0.0129
m,8.049260619,153.946,0.013
m,8.051153461,156.799,0.0131
m,8.053382319,153.016,0.0131
m,8.067274615,152.589,0.0138
m,8.072882915,153.095,0.0139
m,8.075688316,155.725,0.0139
m,8.078578373,157.823,0.0143
m,8.08125163,150.637,0.0144
m,8.086467167,152.7,0.0145
m,8.089360995,154.884,0.0147
m,8.092522814,146.688,0.0149
m,8.095685439,153.479,0.0151
m,8.118576278,155.497,0.0156
m,8.121479269,155.878,0.0155
m,8.12451612,154.703,0.0157
m,8.127420618,159.739,0.0158
m,8.133146986,157.253,0.0159
m,8.14808119,154.882,0.0164
m,8.151297403,160.487,0.0164
m,8.154248281,162.072,0.0166
m,8.157466637,156.793,0.0166
m,8.16368752,152.447,0.0166
m,8.181537411,156.238,0.0166
m,8.184632253,153.034,0.0165
m,8.187728077,155.451,0.0165
m,8.194228903,144.252,0.0164
m,8.213233639,143.671,0.0161
m,8.219578914,144.277,0.016
m,8.219578809,154.457,0.0161
m,8.22632569,150.31,0.0161
m,8.229700688,149.753,0.016
m,8.249221314,141.202,0.0158
m,8.25225081,148.445,0.0158
m,8.252251027,147.406,0.0156
m,8.259015854,143.533,0.0156
m,8.26279616,147.254,0.0156
m,8.288677155,140.515,0.0156
m,8.288677264,147.12,0.0155
m,8.295995226,150.152,0.0156
m,8.299744732,146.353,0.0155
m,8.323735318,150.28,0.0156
m,8.327584604,157.145,0.0156
m,8.331346447,156.835,0.0156
m,8.335020644,159.159,0.0156
m,8.342330359,148.629,0.0157
m,8.098933763,153.742,0.0152
m,8.105518251,156.799,0.0152
m,8.108987723,153.991,0.0153
m,8.112154745,155.116,0.0154
m,8.11215463,157.672,0.0155
m,8.136053954,157.693,0.0161
m,8.138962014,152.961,0.0161
m,8.14208967,157.264,0.0161
m,8.145084885,157.022,0.0163
m,8.166775981,145.773,0.0166
m,8.169912437,158.657,0.0166
m,8.172783834,148.863,0.0167
m,8.175656351,150.972,0.0167
m,8.17866288,150.208,0.0166
m,8.197414763,146.751,0.0163
m,8.200734433,145.925,0.0163
m,8.203835948,143.534,0.0162
m,8.207025214,142.704,0.0162
m,8.210128942,141.116,0.0161
m,8.23316379,143.571,0.016
m,8.236408237,154.217,0.016
m,8.239566343,145.584,0.016
m,8.242812865,141.786,0.0159
m,8.266797875,152.929,0.0155
m,8.270668633,138.775,0.0155
m,8.27454078,152.676,0.0155
m,8.278106028,143.326,0.0156
m,8.285108223,144.684,0.0156
m,8.303275271,144.834,0.0154
m,8.306718516,147.249,0.0154
m,8.313520135,144.636,0.0153
m,8.316835064,142.844,0.0154
m,8.320108164,145.509,0.0156
m,8.342330359,152.575,0.0157
m,8.350087317,152.603,0.0158
m,8.353857351,160.63,0.016
m,8.357628896,153.39,0.0161
m,8.361533403,149.915,0.0161
m,8.365218131,155.277,0.0162
m,8.368904131,154.498,0.0163
m,8.372681213,152.54,0.0163
m,8.380149613,154.185,0.0164
m,8.402117991,158.497,0.0177
m,8.405684835,150.414,0.018
m,8.412682704,150.752,0.0182
m,8.416424934,156.736,0.0185
m,8.443308956,151.356,0.0197
m,8.446617219,150.826,0.0198
m,8.44992642,156.79,0.0199
m,8.453236563,161.24,0.02
m,8.453236412,153.346,0.0203
m,8.478183654,155.354,0.0214
m,8.481410269,156.262,0.0216
m,8.484507197,155.063,0.0217
m,8.487604998,159.077,0.0218
m,8.487604941,158.205,0.022
m,8.517379686,158.347,0.0228
m,8.520892894,161.345,0.0227
m,8.52427699,159.857,0.0226
m,8.527792444,154.556,0.0228
m,8.554474061,157.714,0.0235
m,8.558444231,157.718,0.0235
m,8.562230075,157.689,0.0237
m,8.569544991,160.997,0.0238
m,8.573167107,160.786,0.0238
m,8.591592195,158.399,0.0241
m,8.599075217,162.603,0.0242
m,8.599075217,158.154,0.0242
m,8.606786405,159.5,0.0241
m,8.610773537,160.44,0.0241
m,8.642867385,160.017,0.0241
m,8.64686571,159.5,0.0242
m,8.650994569,159.927,0.0243
m,8.658679388,160.107,0.0243
m,8.380149517,157.157,0.0165
m,8.3877471,154.065,0.0166
m,8.391391888,153.089,0.0166
m,8.394996321,157.292,0.0168
m,8.398511759,159.022,0.017
m,8.416424728,153.731,0.0188
m,8.423881936,160.517,0.019
m,8.427899655,155.597,0.0192
m,8.431918761,161.676,0.0195
m,8.435979571,152.714,0.0196
m,8.460132976,155.477,0.0205
m,8.463759174,159.881,0.0207
m,8.46747776,152.712,0.0209
m,8.471328216,152.793,0.0211
m,8.494600185,158.105,0.0221
m,8.498328568,161.64,0.0223
m,8.502188544,160.832,0.0227
m,8.506141627,157.9,0.0228
m,8.51373732,162.327,0.0227
m,8.531308998,161.628,0.0233
m,8.534919109,159.365,0.0234
m,8.542756028,161.747,0.0235
m,8.54275602,159.524,0.0236
m,8.550467672,158.834,0.0237
m,8.576827309,159.498,0.0239
m,8.580544878,159.326,0.0239
m,8.584300478,162.19,0.0239
m,8.587834282,157.613,0.0239
m,8.614538701,159.877,0.0242
m,8.618269152,161.994,0.0242
m,8.622259987,159.354,0.0241
m,8.626475336,162.484,0.0241
m,8.63468653,162.304,0.0241
m,8.658679388,161.377,0.0243
m,8.666309113,158.567,0.0244
m,8.670125451,159.65,0.0246
m,8.673942756,157.159,0.0246
m,8.677726445,161.629,0.0245
m,8.68151129,155.617,0.0247
m,8.689273827,155.529,0.0248
m,8.692933202,160.977,0.0252
m,8.70019462,155.335,0.0254
m,8.700194653,157.74,0.0256
m,8.719226009,159.094,0.0261
m,8.722289643,158.427,0.0261
m,8.728833816,159.004,0.0262
m,8.728833816,161.836,0.0262
m,8.736597453,160.162,0.0263
m,8.761702729,161.188,0.0281
m,8.765640938,159.96,0.0284
m,8.765641041,161.679,0.0286
m,8.773712431,158.325,0.0289
m,8.800330558,163.606,0.0306
m,8.803958086,155.863,0.0304
m,8.803958086,157.727,0.0304
m,8.811184492,160.673,0.0305
m,8.814783376,163.296,0.0306
m,8.837840998,156.369,0.0313
m,8.841574967,161.333,0.0314
m,8.84157514,160.55,0.0316
m,8.848887048,155.836,0.0316
m,8.852496055,159.041,0.0316
m,8.880302585,163.098,0.0325
m,8.884723633,160.855,0.0326
m,8.889018172,157.877,0.0327
m,8.893284276,159.445,0.0331
m,8.920711162,156.369,0.0338
m,8.924535944,156.455,0.0342
m,8.928489068,161.177,0.0344
m,8.935947507,150.723,0.0347
m,8.939452958,154.743,0.035
m,8.954123583,160.303,0.0348
m,8.959966149,158.649,0.035
m,8.962911612,155.196,0.035
m,8.965632491,161.677,0.035
m,8.968452666,154.678,0.0351
m,8.706727386,159.546,0.0257
m,8.709978087,160.197,0.0258
m,8.713134595,157.247,0.0259
m,8.716291887,162.022,0.0259
m,8.740304397,158.045,0.0265
m,8.743821253,158.203,0.0267
m,8.747081686,155.037,0.027
m,8.750695957,162.728,0.0275
m,8.754311021,161.438,0.0277
m,8.7777499,157.783,0.0291
m,8.781884627,163.082,0.0293
m,8.785796315,162.078,0.0298
m,8.789645008,161.831,0.0301
m,8.796735574,158.998,0.0304
m,8.818511415,162.537,0.0307
m,8.82236853,160.923,0.0308
m,8.826195312,161.869,0.031
m,8.834011158,162.093,0.0312
m,8.855978402,157.01,0.0318
m,8.859814705,161.693,0.032
m,8.863846546,157.729,0.0321
m,8.872072113,157.729,0.0322
m,8.876138081,157.41,0.0324
m,8.897581352,161.661,0.0333
m,8.90165415,160.499,0.0334
m,8.909352294,161.161,0.0336
m,8.913104987,155.198,0.0337
m,8.916956638,161.681,0.0338
m,8.939452832,155.769,0.0349
m,8.945695568,154.705,0.035
m,8.94855934,158.45,0.035
m,8.951382592,161.007,0.0352
m,8.971303153,159.141,0.0353
m,8.974056392,160.212,0.0353
m,8.98004674,157.38,0.0353
m,8.983029162,156.538,0.0355
m,8.983029295,157.733,0.0356
m,8.98902688,162.224,0.0357
m,8.992012597,157.101,0.0358
m,8.995126902,157.459,0.0358
m,8.997859719,157.274,0.036
m,9.017799909,160.109,0.0366
m,9.024149946,161.107,0.0366
m,9.027310963,161.583,0.0367
m,9.027310963,160.249,0.0367
m,9.034116191,158.562,0.037
m,9.050712348,158.567,0.0381
m,9.056406184,161.364,0.0381
m,9.058933983,156.532,0.0382
m,9.058934308,161.263,0.0384
m,9.064184593,153.959,0.0385
m,9.079177936,159.799,0.0387
s,9.079081332,158.462,0.0386
s,9.079081499,158.938,0.0387
s,9.078921498,160.687,0.0387
s,9.078633459,158.938,0.0388
s,9.078505244,158.471,0.0388
s,9.078505244,159.093,0.0388
s,9.078376863,158.468,0.0387
s,9.078376863,157.438,0.0387
s,9.078217059,162.098,0.0388
s,9.078089017,158.197,0.0389
s,9.078089017,157.855,0.0389
s,9.078089017,157.757,0.0389
s,9.078057266,159.045,0.0389
s,9.077672814,158.489,0.039
s,9.077544608,157.951,0.039
s,9.077416403,160.862,0.039
s,9.077416403,161.529,0.039
s,9.077128265,161.269,0.039
s,9.077128265,159.265,0.039
s,9.077128436,158.059,0.0391
s,9.077224912,158.584,0.0391
s,9.077224912,159.217,0.0391
m,9.003365209,157.909,0.0362
m,9.006168027,159.689,0.0364
m,9.008971457,158.237,0.0365
m,9.011903397,159.698,0.0366
m,9.014836133,162.69,0.0367
m,9.037535511,160.247,0.0372
m,9.041052465,161.536,0.0373
m,9.044442637,161.929,0.0377
m,9.047577343,160.503,0.038
m,9.066938484,156.338,0.0385
m,9.069821196,161.07,0.0386
m,9.072800788,161.364,0.0386
m,9.075428125,158.593,0.0387
m,9.077639347,161.313,0.0387
s,9.078921331,159.886,0.0386
s,9.078793279,159.224,0.0387
s,9.078793279,157.311,0.0387
s,9.078665062,156.521,0.0387
s,9.078537013,158.753,0.0388
s,9.078248649,158.307,0.0387
s,9.078248649,158.906,0.0387
s,9.078216891,158.667,0.0387
s,9.078217059,159.639,0.0388
s,9.077929058,160.194,0.0389
s,9.077929058,160.029,0.0389
s,9.077800851,158.951,0.0389
s,9.077800851,159.839,0.0389
s,9.077672814,160.351,0.039
s,9.077288198,159.265,0.039
s,9.077288028,160.074,0.0389
s,9.077288198,160.625,0.039
s,9.077159994,159.57,0.039
s,9.077128265,157.607,0.039
s,9.077225084,159.899,0.0392
s,9.077353285,160,0.0392
s,9.077353285,158.036,0.0392
s,9.077449935,160.837,0.0393
s,9.077449935,159.759,0.0393
s,9.077578135,159.155,0.0393
s,9.077578309,157.748,0.0394
s,9.077578309,159.392,0.0394
s,9.077578309,158.836,0.0394
s,9.077513563,160.105,0.0394
s,9.077513563,158.593,0.0394
s,9.077513389,158.185,0.0393
s,9.077513389,157.793,0.0393
s,9.077704559,157.413,0.039
s,9.077704389,160.23,0.0389
s,9.077832597,159.309,0.0389
s,9.077832597,158.809,0.0389
s,9.077960807,160.058,0.0389
s,9.078217227,159.147,0.0389
s,9.078248986,156.692,0.0389
s,9.078248986,159.412,0.0389
s,9.078248986,159.552,0.0389
s,9.078248986,158.837,0.0389
s,9.078024491,160.462,0.039
s,9.078024491,159.302,0.039
s,9.078024662,160.101,0.0391
s,9.078024662,159.405,0.0391
s,9.077928043,160.983,0.039
s,9.077928043,159.167,0.039
s,9.077928043,159.031,0.039
s,9.077928043,160.33,0.039
s,9.077799828,159.165,0.039
s,9.07747889,159.269,0.0391
s,9.07747889,159.281,0.0391
s,9.077254229,159.507,0.0391
s,9.077254401,160.645,0.0392
s,9.077254401,158.524,0.0392
s,9.076965257,160.02,0.0393
s,9.07699722,160.884,0.0394
s,9.07699722,159.435,0.0394
s,9.076997396,157.242,0.0395
s,9.077481834,160.278,0.0394
s,9.077482009,160.721,0.0395
s,9.077481834,158.294,0.0394
s,9.077481834,159.675,0.0394
s,9.07738536,159.203,0.0394
s,9.077544951,159.759,0.0392
s,9.077544951,156.095,0.0392
s,9.077672985,159.651,0.0391
s,9.077672985,159.511,0.0391
s,9.077672985,157.273,0.0391
s,9.078089017,159.217,0.0389
s,9.078089017,158.69,0.0389
s,9.078089017,160.983,0.0389
s,9.078217227,159.087,0.0389
s,9.078249156,159.342,0.039
s,9.078249156,157.406,0.039
s,9.078249156,158.285,0.039
s,9.078152705,159.112,0.039
s,9.078152705,160.011,0.039
s,9.078024662,159.623,0.0391
s,9.077928214,158.449,0.0391
s,9.078024662,160.706,0.0391
s,9.078024662,158.888,0.0391
s,9.077928043,158.962,0.039
s,9.077703381,159.658,0.039
s,9.077703552,159.57,0.0391
s,9.077575165,158.352,0.039
s,9.077478719,158.673,0.039
s,9.077157959,158.934,0.0392
s,9.077061521,155.714,0.0392
s,9.077061521,159.18,0.0392
s,9.077061521,160.332,0.0392
s,9.076965257,159.413,0.0393
s,9.076997396,158.402,0.0395
s,9.077029369,160.63,0.0396
s,9.077029369,159.278,0.0396
s,9.077157593,160.58,0.0396
s,9.077157593,159.94,0.0396
s,9.077285997,159.987,0.0397
s,9.077285997,159.411,0.0397
s,9.077285997,159.315,0.0397
s,9.077286176,158.885,0.0398
s,9.077286176,159.67,0.0398
s,9.077414583,159.652,0.0399
s,9.077511007,159.264,0.0399
s,9.077511007,157.738,0.0399
s,9.077511007,158.238,0.0399
s,9.077511187,159.94,0.04
s,9.077414764,158.763,0.04
s,9.077414764,159.998,0.04
s,9.077414583,160.805,0.0399
s,9.077414583,157.049,0.0399
s,9.077061526,157.653,0.0398
s,9.077061526,156.594,0.0398
s,9.077061526,156.951,0.0398
s,9.07693312,161.374,0.0397
s,9.07693312,161.009,0.0397
s,9.07690132,159.444,0.0397
s,9.07690132,159.349,0.0397
s,9.076901143,158.153,0.0396
s,9.076901143,158.042,0.0396
s,9.076772919,161.114,0.0396
s,9.076644343,158.971,0.0394
s,9.076740776,157.076,0.0394
s,9.076740776,158.709,0.0394
s,9.076740776,161.514,0.0394
m,9.076708991,160.774,0.0394
m,9.076965257,156.168,0.0393
m,9.077253494,154.89,0.0393
m,9.078279312,161.89,0.0393
m,9.080234683,161.204,0.0393
m,9.095661124,160.283,0.0394
m,9.097939723,162.147,0.0395
m,9.100443276,155.599,0.0396
m,9.105580725,159.464,0.0396
m,9.105580725,155.907,0.0396
s,9.077414403,158.48,0.0398
s,9.077414403,159.221,0.0398
s,9.077414583,158.675,0.0399
s,9.077414583,157.652,0.0399
s,9.077414764,158.385,0.04
s,9.077414764,156.733,0.04
s,9.077414764,159.501,0.04
s,9.077414764,159.159,0.04
s,9.077414764,158.191,0.04
s,9.077286356,158.024,0.0399
s,9.077286356,159.756,0.0399
s,9.077189933,158.66,0.0399
s,9.077061526,160.099,0.0398
s,9.077061526,158.286,0.0398
s,9.077029546,159.686,0.0397
s,9.076804894,158.002,0.0397
s,9.07690132,157.788,0.0397
s,9.07690132,158.632,0.0397
s,9.076772919,158.187,0.0396
s,9.076772743,159.119,0.0395
s,9.076772743,159.838,0.0395
s,9.076772743,158.719,0.0395
s,9.076644343,159.709,0.0394
s,9.076740776,159.652,0.0394
s,9.076740776,159.261,0.0394
m,9.076740776,155.803,0.0394
m,9.076837211,158.288,0.0394
m,9.076708991,156.881,0.0394
m,9.085557048,161.941,0.0393
m,9.088058345,157.692,0.0393
m,9.090784631,159.02,0.0393
m,9.093286924,160.829,0.0394
m,9.110818272,159.705,0.0396
m,9.113358715,161.64,0.0396
m,9.115771664,155.569,0.0396
m,9.118218159,160.226,0.0395
m,9.120537214,161.7,0.0394
m,9.122761843,154.233,0.0394
m,9.126799332,160.885,0.0394
m,9.128741181,151.304,0.0394
m,9.128741181,146.528,0.0394
m,9.145382726,158.494,0.0391
m,9.147690956,151.561,0.0391
m,9.149811028,152.049,0.0391
m,9.149811028,147.847,0.0391
m,9.154633189,142.662,0.0391
m,9.16768461,155.18,0.0388
m,9.169879436,151.588,0.0388
m,9.172075556,160.136,0.0387
m,9.174238071,151.168,0.0387
m,9.176437018,156.128,0.0386
m,9.190353764,150.225,0.0385
m,9.192656177,149.12,0.0384
m,9.19496008,150.462,0.0384
m,9.199665312,150.574,0.0384
m,9.201843438,146.105,0.0384
m,9.220093684,147.748,0.038
m,9.222709514,155.516,0.0379
m,9.225327124,148.878,0.0379
m,9.227816511,153.361,0.038
m,9.24595194,150.635,0.0379
m,9.251645946,150.721,0.0378
m,9.254671922,153.348,0.0377
m,9.25764607,159.525,0.0376
m,9.260491993,150.388,0.0375
m,9.275407213,149.764,0.037
m,9.2812289,148.675,0.0368
m,9.284050973,154.307,0.0367
m,9.286835505,145.833,0.0366
m,9.289490984,148.315,0.0365
m,9.307650673,153.566,0.0358
m,9.310056657,146.337,0.0357
m,9.312594938,159.839,0.0355
m,9.315004001,157.456,0.0355
m,9.132915603,143.672,0.0394
m,9.134828423,145.664,0.0394
m,9.136776167,153.677,0.0394
m,9.138820283,146.893,0.0392
m,9.140899747,154.09,0.0391
m,9.156982368,158.671,0.0391
m,9.159203973,151.857,0.039
m,9.161298078,159.427,0.0389
m,9.165715011,159.227,0.0389
m,9.181027479,153.451,0.0386
m,9.183324708,146.389,0.0386
m,9.183324708,152.097,0.0386
m,9.188052681,146.194,0.0386
m,9.204245879,146.039,0.0384
m,9.206556254,149.568,0.0384
m,9.209257285,152.55,0.0384
m,9.214737057,152.115,0.0382
m,9.21747948,148.225,0.0381
m,9.232892558,151.665,0.0382
m,9.232892558,146.058,0.0382
m,9.238012056,152.883,0.0383
m,9.240601104,147.386,0.0381
m,9.243321919,149.263,0.038
m,9.263654092,150.734,0.0374
m,9.266595684,152.902,0.0372
m,9.269592413,149.895,0.0372
m,9.275407362,154.409,0.0371
m,9.29214777,158.648,0.0362
m,9.29467566,150.242,0.0361
m,9.297296093,151.559,0.036
m,9.302621214,152.359,0.0359
m,9.302621078,149.656,0.0358
m,9.317504632,146.652,0.0352
m,9.319916287,147.338,0.035
m,9.32514653,155.819,0.035
m,9.327652767,146.15,0.0349
m,9.327652767,148.053,0.0349
m,9.33275961,146.613,0.0349
m,9.335269888,151.174,0.0349
m,9.337781363,151.608,0.0348
m,9.340072932,155.587,0.0347
m,9.342587087,157.323,0.0346
m,9.357568358,160.737,0.0341
m,9.359960215,153.354,0.034
m,9.362574376,151.386,0.034
m,9.365058185,149.833,0.034
m,9.369808508,147.384,0.0341
m,9.385091482,153.643,0.0336
m,9.387411346,150.569,0.0335
m,9.387411346,156.263,0.0335
m,9.392360856,151.863,0.0335
m,9.408639628,155.984,0.0337
m,9.410748765,155.944,0.0336
m,9.410748542,159.345,0.0334
m,9.415013755,161.679,0.0333
m,9.41939397,153.803,0
m,9.43119372,149.132,0.033
m,9.433405041,150.557,0.0329
m,9.435705759,154.647,0.0328
m,9.440005119,157.341,0.0328
m,9.442178529,154.606,0.0327
m,9.455316516,157.805,0.0325
m,9.456540378,160.937,0.0325
m,9.457852878,159.062,0.0324
m,9.459167495,157.013,0.0325
m,9.467742421,157.689,0.0323
m,9.468977625,159.726,0.0323
m,9.470300227,152.727,0.0322
m,9.471624309,158.293,0.0322
m,9.474409614,149.25,0.0321
m,9.479990962,155.938,0.0317
m,9.482114664,157.689,0.0316
m,9.48311274,155.121,0.0315
m,9.48311274,160.731,0.0315
m,9.485114756,160.964,0.0314
m,9.347660944,149.318,0.0344
m,9.350047879,158.142,0.0344
m,9.352657017,160.233,0.0343
m,9.352657017,158.237,0.0343
m,9.371943228,151.731,0.034
m,9.374299989,156.372,0.034
m,9.376394384,154.747,0.0339
m,9.378489771,153.324,0.0338
m,9.380717752,159.437,0.0336
m,9.394947331,160.436,0.0334
m,9.397314458,155.65,0.0334
m,9.399771433,156.307,0.0336
m,9.404247185,155.532,0.0337
m,9.406574937,160.641,0.0337
m,9.421706035,153.155,0.0331
m,9.421706143,148.627,0.0332
m,9.426688637,159.43,0.0332
m,9.428984209,155.822,0.0331
m,9.446310755,161.531,0.0328
m,9.44813694,154.606,0.0328
m,9.449832216,158.903,0.0328
m,9.451309351,153.671,0.0327
m,9.452788122,155.163,0.0326
m,9.460351249,158.11,0.0326
m,9.461450099,161.54,0.0324
m,9.462856746,153.417,0.0324
m,9.465276748,157.223,0.0325
m,9.465276648,157.862,0.0324
m,9.475566316,151.228,0.032
m,9.476638911,154.857,0.0318
m,9.477751474,158.71,0.0318
m,9.478779967,154.631,0.0318
m,9.486252025,157.809,0.0313
m,9.487257825,162.275,0.0312
m,9.488265724,160.126,0.0313
m,9.490068855,161.688,0.0313
m,9.491082468,161.538,0.0313
m,9.491964394,160.287,0.0313
m,9.492932665,160.912,0.0313
m,9.493684567,152.765,0.0313
m,9.495851956,153.127,0.0313
m,9.500984004,149.012,0.0308
m,9.503078844,158.236,0.0306
m,9.504221764,155.434,0.0304
m,9.505316492,159.815,0.0303
m,9.506413269,161.815,0.0301
m,9.512209391,159.05,0.0286
m,9.516021493,156.205,0.0284
m,9.518240857,163.293,0.0282
m,9.520514132,155.153,0.0279
m,9.522954966,161.626,0.0274
m,9.540216991,162.012,0.026
m,9.542866275,160.463,0.0259
m,9.54551703,157.23,0.0257
m,9.548034673,162.032,0.0257
m,9.567609083,159.536,0.0244
m,9.571002153,157.584,0.024
m,9.577119451,159.981,0.0236
m,9.577119431,158.691,0.0233
m,9.583082207,160.426,0.0232
m,9.599925716,162.406,0.0218
m,9.60328355,155.448,0.0217
m,9.606697797,162.968,0.0216
m,9.610194475,162.411,0.0214
m,9.613692934,158.112,0.0213
m,9.636746449,153.182,0.0207
m,9.639819734,156.051,0.0207
m,9.642974039,162.85,0.0206
m,9.645914034,160.745,0.0206
m,9.667983775,159.745,0.0205
m,9.671475279,154,0.0204
m,9.674832314,161.759,0.0204
m,9.678269798,157.768,0.0204
m,9.49669489,160.325,0.0312
m,9.496694803,158.15,0.0311
m,9.498267651,150.483,0.0311
m,9.499081809,155.466,0.031
m,9.499981815,154.316,0.0309
m,9.507378044,159.726,0.0299
m,9.508427954,161.269,0.0295
m,9.510751151,158.904,0.0292
m,9.512209576,160.12,0.0289
m,9.527904241,158.636,0.0271
m,9.530277295,162.319,0.0269
m,9.532651756,160.78,0.0267
m,9.53510984,161.513,0.0264
m,9.535109804,162.014,0.0263
m,9.55299247,158.462,0.0256
m,9.555432782,160.287,0.0256
m,9.558009423,156.418,0.0255
m,9.560910435,160.823,0.025
m,9.564083097,160.67,0.0245
m,9.585836307,158,0.023
m,9.588456703,161.436,0.0228
m,9.591213498,157.589,0.0224
m,9.596839884,158.577,0.0221
m,9.617218548,157.449,0.0212
m,9.620610313,159.063,0.021
m,9.62386814,157.529,0.0208
m,9.630332481,156.654,0.0208
m,9.633458832,160.606,0.0208
m,9.648934873,158.735,0.0206
m,9.651821164,156.262,0.0205
m,9.654979518,158.023,0.0205
m,9.661411463,159.501,0.0205
m,9.66476484,156.341,0.0205
m,9.681629231,159.157,0.0203
m,9.688566543,159.268,0.0203
m,9.688566543,162.307,0.0203
m,9.695157935,153.919,0.0203
m,9.698602225,159.438,0.0203
m,9.702047608,155.207,0.0203
m,9.705594506,159.014,0.0203
m,9.712711978,158.58,0.0203
m,9.716439663,161.516,0.0203
m,9.720110409,152.938,0.0203
m,9.743391571,157.119,0.0201
m,9.743391546,155.121,0.0202
m,9.752159936,156.109,0.0202
m,9.756398023,159.293,0.0202
m,9.760714713,157.61,0.0203
m,9.788385584,150.809,0.021
m,9.792333372,156.848,0.0211
m,9.796553802,153.968,0.0212
m,9.800910777,152.73,0.0214
m,9.830506578,158.478,0.0226
m,9.838097902,155.709,0.0229
m,9.842069071,152.94,0.0232
m,9.845826371,151.515,0.0232
m,9.849720232,151.339,0.0235
m,9.874800451,142.027,0.025
m,9.879474183,145.801,0.0253
m,9.884070522,144.185,0.0255
m,9.888589717,144.024,0.0261
m,9.897510752,157.124,0.0263
m,9.924898005,138.061,0.0277
m,9.933840227,139.389,0.028
m,9.933840405,152.909,0.0283
m,9.942646854,148.063,0.0287
m,9.973183525,151.51,0.0303
m,9.977510956,154.533,0.0305
m,9.977511125,144.112,0.0307
m,9.986302946,145.978,0.0309
m,9.99063105,142.082,0.0312
m,10.01950595,139.097,0.032
m,10.02453537,139.277,0.032
m,10.02976109,142.32,0.0317
m,10.03506396,140.998,0.0315
m,10.04608056,145.055,0.0314
m,9.723781458,157.258,0.0203
m,9.727395404,157.403,0.0203
m,9.731224142,158.026,0.0202
m,9.739290182,159.413,0.0202
m,9.764817188,155.58,0.0204
m,9.772614602,160.115,0.0205
m,9.776445557,152.274,0.0206
m,9.780334539,158.32,0.0208
m,9.784359919,154.427,0.0209
m,9.805346235,156.531,0.0216
m,9.814062234,150.391,0.0218
m,9.818362606,155.936,0.0219
m,9.822585374,151.469,0.022
m,9.826613956,148.303,0.0222
m,9.853614408,156.624,0.0241
m,9.857586486,151.946,0.0243
m,9.866017886,145.617,0.0246
m,9.866017933,153.274,0.0248
m,9.901971627,143.659,0.0265
m,9.906646554,140.002,0.0267
m,9.911185197,140.905,0.0268
m,9.91118529,145.506,0.027
m,9.920281412,139.933,0.0273
m,9.947186852,150.261,0.029
m,9.951649657,143.547,0.0291
m,9.956053658,150.222,0.0296
m,9.960243913,149.984,0.0298
m,9.968779144,139.259,0.0301
m,9.995173208,156.927,0.0318
m,9.999715063,143.474,0.0319
m,10.00932835,142.726,0.0321
m,10.01441708,141.289,0.0321
m,10.05179414,155.9,0.0313
m,10.05179396,148.714,0.0311
m,10.06328208,144.262,0.0311
m,10.06899645,148.204,0.031
m,10.0740876,146.471,0.0309
m,10.07896575,148.01,0.0309
m,10.0837839,144.582,0.0308
m,10.08852561,153.165,0.0306
m,10.09334417,157.09,0.0305
m,10.12103776,151.041,0.0302
m,10.12514223,146.215,0.0301
m,10.13411277,158.421,0.03
m,10.13868951,156.825,0.0299
m,10.14334293,156.235,0.0298
m,10.1653393,157.59,0.0298
m,10.17127421,156.955,0.0298
m,10.17332867,154.282,0.0298
m,10.17462245,152.683,0.0298
m,10.17544428,153.836,0.0298
s,10.17517058,152.774,0.0301
s,10.17517058,152.635,0.0301
s,10.1749577,155.842,0.0301
s,10.1748208,155.476,0.0302
s,10.17392323,155.932,0.0304
s,10.17392323,155.292,0.0304
s,10.17392323,157.268,0.0304
s,10.17378625,157.67,0.0304
s,10.17378625,155.381,0.0304
s,10.17357329,156.252,0.0303
s,10.17357329,157.217,0.0303
s,10.17357329,156.577,0.0303
s,10.17343632,156.441,0.0303
s,10.17343623,158.591,0.0302
s,10.17317723,155.678,0.0303
s,10.17317723,156.066,0.0303
s,10.17317723,156.401,0.0303
s,10.17317723,155.381,0.0303
s,10.17311644,155.459,0.0306
s,10.17297947,156.495,0.0306
s,10.17297956,154.449,0.0307
s,10.17297956,155.763,0.0307
s,10.17284259,156.762,0.0307
m,10.10212895,147.827,0.0304
m,10.10212887,154.361,0.0303
m,10.10994125,154.578,0.0304
m,10.11371097,156.705,0.0304
m,10.11734411,148.758,0.0304
m,10.14334286,148.666,0.0297
m,10.15263585,151.521,0.0297
m,10.15735158,158.302,0.0297
m,10.16158103,146.793,0.0297
s,10.17544436,152.438,0.0299
s,10.17530747,153.005,0.03
s,10.17530755,153.254,0.0301
s,10.17530755,153.611,0.0301
s,10.17530755,153.247,0.0301
s,10.17468383,154.623,0.0302
s,10.17454686,157.253,0.0302
s,10.17433406,155.727,0.0303
s,10.17419709,155.132,0.0303
s,10.1740602,156.415,0.0304
s,10.17364928,156.827,0.0304
s,10.17364928,157.138,0.0304
s,10.1736492,156.865,0.0303
s,10.17357329,155.479,0.0303
s,10.17329926,160.512,0.0302
s,10.17337526,156.548,0.0303
s,10.17337526,157.307,0.0303
s,10.17323829,154.18,0.0303
s,10.17323829,157.403,0.0303
s,10.17317723,154.25,0.0303
s,10.17317723,155.014,0.0303
s,10.17325324,155.723,0.0304
s,10.17325332,154.401,0.0305
s,10.17311635,154.492,0.0305
s,10.17284259,155.321,0.0307
s,10.17284259,155.711,0.0307
s,10.17284259,157.035,0.0307
s,10.17270562,155.401,0.0307
s,10.17262961,155.839,0.0306
s,10.17262961,156.184,0.0306
s,10.17262961,156.736,0.0306
s,10.17262961,153.666,0.0306
s,10.17262953,155.232,0.0305
s,10.17241656,155.738,0.0304
s,10.17234055,156.658,0.0303
s,10.17234055,155.09,0.0303
s,10.1722035,156.621,0.0302
s,10.1721275,156.599,0.0301
s,10.17205151,157.249,0.03
s,10.17191454,156.007,0.03
s,10.17191454,155.472,0.03
s,10.17191446,156.259,0.0299
s,10.17164044,154.061,0.0298
s,10.17164036,154.888,0.0297
s,10.17164036,155.358,0.0297
s,10.17164036,154.658,0.0297
s,10.17164036,155.368,0.0297
s,10.1715643,154.149,0.0295
s,10.17164014,156.712,0.0294
s,10.17156422,155.567,0.0294
s,10.17156415,155.827,0.0293
s,10.17156408,154.046,0.0292
s,10.17177696,156.643,0.0292
s,10.17177703,152.874,0.0293
s,10.17170105,156.07,0.0292
s,10.17177696,155.425,0.0292
s,10.17177696,155.162,0.0292
s,10.17177689,157.71,0.0291
s,10.17177689,156.521,0.0291
s,10.17177689,155.447,0.0291
s,10.17177689,154.274,0.0291
s,10.17212674,156.085,0.0291
s,10.17212674,156.84,0.0291
s,10.17212674,155.479,0.0291
s,10.17212674,154.037,0.0291
s,10.17262953,155.054,0.0305
s,10.17262953,154.736,0.0305
s,10.17241664,155.567,0.0305
s,10.17241656,157.865,0.0304
s,10.17241656,156.753,0.0304
s,10.1722035,154.707,0.0302
s,10.1721275,155.145,0.0301
s,10.1721275,156.706,0.0301
s,10.1721275,154.935,0.0301
s,10.1721275,156.037,0.0301
s,10.17177749,158.42,0.0299
s,10.17177749,155.504,0.0299
s,10.17177741,155.728,0.0298
s,10.17177741,154.986,0.0298
s,10.17164036,154.815,0.0297
s,10.17177726,155.325,0.0296
s,10.17177726,153.985,0.0296
s,10.17177726,154.094,0.0296
s,10.17177718,154.847,0.0295
s,10.17170112,155.092,0.0293
s,10.17156415,153.882,0.0293
s,10.17164006,154.158,0.0293
s,10.17163999,155.014,0.0292
s,10.17156408,155.187,0.0292
s,10.17177696,155.387,0.0292
s,10.17177696,155.285,0.0292
s,10.17177696,155.128,0.0292
s,10.17177696,155.05,0.0292
s,10.17185281,157.83,0.0291
s,10.17198977,154.321,0.0291
s,10.17198977,155.039,0.0291
s,10.17198977,156.807,0.0291
s,10.17212674,156.033,0.0291
s,10.17212674,156.935,0.0291
s,10.17212667,156.074,0.029
s,10.17212667,155.083,0.029
s,10.17212674,157.743,0.0291
s,10.17220266,155.553,0.0291
s,10.17233963,156.376,0.0291
s,10.17233963,157.259,0.0291
s,10.17255252,156.138,0.0291
s,10.17255252,156.04,0.0291
s,10.17255252,156.652,0.0291
s,10.17262851,155.008,0.0292
s,10.17276548,154.529,0.0292
s,10.17276548,156.556,0.0292
s,10.17276548,154.904,0.0292
s,10.17276541,155.993,0.0291
s,10.17255259,155.126,0.0292
s,10.17255259,155.274,0.0292
s,10.17255259,155.464,0.0292
s,10.17255259,155.364,0.0292
s,10.17247674,155.246,0.0293
s,10.17233977,156.134,0.0293
s,10.1723397,156.447,0.0292
s,10.17226379,156.488,0.0292
s,10.17226379,153.654,0.0292
s,10.17240083,156.603,0.0293
s,10.17240083,156.669,0.0293
s,10.17240083,154.711,0.0293
s,10.17240083,156.436,0.0293
s,10.17240083,153.74,0.0293
s,10.17261394,160.201,0.0296
s,10.17281196,152.996,0.0296
s,10.17520162,149.202,0.0296
s,10.17801715,157.943,0.0296
s,10.2054685,156.122,0.0292
s,10.20546842,149.395,0.0291
s,10.21415161,146.87,0.0292
s,10.21860023,146.892,0.0292
s,10.2226995,148.693,0.0291
s,10.2481289,157.518,0.029
s,10.25223172,154.427,0.029
s,10.25612273,145.807,0.0292
s,10.25993897,141.087,0.0292
s,10.26374289,146.537,0.0293
s,10.17255259,155.775,0.0292
s,10.17255252,157.111,0.0291
s,10.17255252,157.617,0.0291
s,10.17255259,155.434,0.0292
s,10.17268949,156.557,0.0291
s,10.17268949,155.488,0.0291
s,10.17255252,155.189,0.0291
s,10.17255252,155.659,0.0291
s,10.17255259,155.65,0.0292
s,10.17255259,153.967,0.0292
s,10.17255266,154.234,0.0293
s,10.17255266,155.283,0.0293
s,10.17247674,156.743,0.0293
s,10.17247674,156.141,0.0293
s,10.17226379,153.27,0.0292
s,10.17226379,155.895,0.0292
s,10.17226379,155.031,0.0292
s,10.17226386,155.364,0.0293
s,10.17240083,155.22,0.0293
s,10.1724009,155.814,0.0294
s,10.1724009,154.006,0.0294
s,10.1724009,151.625,0.0294
s,10.1724009,161.177,0.0294
s,10.18130491,150.762,0.0296
s,10.18500382,152.837,0.0295
s,10.18884002,146.042,0.0294
s,10.19273777,156.708,0.0293
s,10.20115836,157.732,0.0292
s,10.22693654,156.116,0.0292
s,10.23527477,151.714,0.0291
s,10.23943783,151.523,0.029
s,10.24388937,144.459,0.029
s,10.26768484,138.476,0.0293
s,10.27563363,143.764,0.0293
s,10.27957827,138.08,0.0294
s,10.28366104,157.99,0.0294
s,10.28759505,146.238,0.0294
s,10.29153031,147.138,0.0296
s,10.29560406,141.188,0.0298
s,10.29946688,152.626,0.03
s,10.30719596,144.795,0.0302
s,10.32868775,136.458,0.0319
s,10.3353346,135.88,0.0321
s,10.33858576,132.964,0.0324
s,10.34797673,128.1,0.0332
s,10.36749415,153.166,0.0349
s,10.3708056,147.06,0.0354
s,10.3744032,154.85,0.0357
s,10.38118081,155.714,0.036
s,10.38457247,148.878,0.0363
s,10.40501031,150.56,0.0379
s,10.40821101,145.993,0.0382
s,10.41113721,150.677,0.0387
s,10.41707818,150.221,0.0389
s,10.42002077,146.589,0.0391
s,10.43452708,155.183,0.0397
s,10.43641363,149.736,0.0397
s,10.4384351,156.069,0.0397
s,10.44241333,147.629,0.0398
s,10.45331068,149.979,0.04
s,10.45500718,154.009,0.04
s,10.45916373,151.894,0.04
s,10.46121167,151.686,0.04
s,10.46545288,149.786,0.0399
s,10.477398,154.168,0.0398
s,10.47925864,153.104,0.0399
s,10.48105093,153.619,0.0399
s,10.48305461,149.184,0.04
s,10.48533935,153.104,0.0401
s,10.50381652,143.651,0.0406
s,10.50708763,140.789,0.0406
s,10.51056886,148.667,0.0406
s,10.51398208,143.077,0.0406
s,10.30719622,144.919,0.0305
s,10.31465509,149.729,0.0307
s,10.31838635,144.827,0.0309
s,10.32198131,138.49,0.0312
s,10.32544002,139.795,0.0317
s,10.35114912,130.643,0.0335
s,10.354387,129.909,0.0337
s,10.35762672,136.458,0.034
s,10.36086818,151.038,0.0343
s,10.3642492,151.545,0.0346
s,10.38789289,146.238,0.0366
s,10.39121522,142.61,0.0369
s,10.39460465,145.731,0.0372
s,10.40161744,143.574,0
s,10.42289816,144.036,0.0392
s,10.4228985,153.219,0.0394
s,10.4279456,145.981,0.0395
s,10.43018818,153.685,0.0396
s,10.4323599,146.938,0.0397
s,10.44430321,153.709,0.0398
s,10.44430321,150.451,0.0398
s,10.44795125,147.163,0.0399
s,10.44978057,150.984,0.0399
s,10.45154481,151.478,0.04
s,10.46764639,156.749,0.0399
s,10.46970339,157.704,0.0399
s,10.47368527,154.566,0.0399
s,10.47368527,156.531,0.0399
s,10.48755676,158.725,0.0402
s,10.48998508,150.39,0.0405
s,10.49248399,149.453,0.0404
s,10.49505422,151.837,0.0404
s,10.50075514,143.569,0.0404
s,10.5173968,141.49,0.0406
s,10.520743,141.801,0.0406
s,10.52681221,148.638,0.0407
s,10.5268124,151.545,0.0408
s,10.53253731,140.699,0.0409
s,10.53560979,146.486,0.041
s,10.53861433,144.415,0.0411
s,10.54162034,141.215,0.0414
s,10.54680025,142.413,0.0416
s,10.54911401,143.748,0.0417
s,10.55722592,144.679,0.0424
s,10.56013467,149.455,0.0425
s,10.56013508,146.239,0.0427
s,10.56332852,150.29,0.0427
s,10.56482356,147.868,0.0427
s,10.57581092,137.674,0.0438
s,10.57951988,150.539,0.0437
s,10.58144882,148.728,0.0436
s,10.5853067,140.225,0.0436
s,10.59961286,155.262,0.0441
s,10.60266311,147.169,0.0441
s,10.60556851,140.529,0.0442
s,10.61166211,144.324,0.0442
s,10.61166232,144.844,0.0443
s,10.6318741,142.072,0.0451
s,10.63498753,143.795,0.0453
s,10.64100157,145.489,0.0453
s,10.64405038,141.787,0.0453
s,10.64405038,137.394,0.0453
s,10.65972119,154.207,0.0445
s,10.65954834,148.266,0.0448
s,10.65917109,148.853,0.0449
s,10.65917154,153,0.0451
s,10.65287866,155.538,0.046
s,10.65237988,147.625,0.046
s,10.65194854,152.343,0.0462
s,10.65103215,155.066,0.0463
s,10.65005354,160.754,0.0466
s,10.64521425,154.862,0.048
s,10.64480103,153.641,0.0484
s,10.64467233,155.028,0.0491
s,10.64455895,157.218,0.0493
s,10.64449905,155.704,0.0495
s,10.55115002,143.025,0.0418
s,10.55297905,152.873,0.0419
s,10.55446174,141.802,0.042
s,10.55601708,145.285,0.0423
s,10.56638832,151.826,0.0428
s,10.56795485,147.155,0.0431
s,10.56938244,152.438,0.0431
s,10.57088429,159.227,0.0436
s,10.57581029,139.831,0.0435
s,10.58530691,140.448,0.0437
s,10.58937243,152.622,0.0438
s,10.59158334,156.917,0.0438
s,10.5939356,151.03,0.0438
s,10.59670349,148.5,0.0439
s,10.61852067,149.982,0.0444
s,10.62184457,149.05,0.0445
s,10.62523588,142.026,0.0446
s,10.62869469,141.524,0.0448
s,10.65037249,144.193,0.0452
s,10.65309232,142.929,0.0447
s,10.65532686,143.521,0.0443
s,10.65693668,146.705,0.0444
s,10.65827549,144.129,0.0444
s,10.6574403,147.786,0.0453
s,10.65664839,140.623,0.0456
s,10.65579299,144.412,0.0458
s,10.65500454,146.861,0.0458
s,10.65358497,156.714,0.0459
s,10.64843638,155.33,0.0469
s,10.64759268,157.069,0.0471
s,10.64759367,161.453,0.0475
s,10.64584701,160.334,0.0477
s,10.6445046,152.18,0.0496
s,10.64485761,149.695,0.0497
s,10.64543069,154.166,0.0498
s,10.64627417,147.578,0.05
s,10.64859312,162.157,0.0501
s,10.6498647,147.738,0.0502
s,10.64986497,145.063,0.0503
s,10.65289966,147.14,0.0503
s,10.65444416,138.262,0.0504
s,10.66452936,131.012,0.0506
s,10.66835121,134.693,0.0506
s,10.67025646,130.008,0.0506
s,10.67257052,134.939,0.0505
s,10.67494856,133.542,0.0505
s,10.69083994,153.568,0.0511
s,10.69813237,147.44,0.0512
s,10.70194392,142.169,0.0514
s,10.7058971,144.997,0.0514
s,10.71005497,146.769,0.0516
s,10.73388784,147.501,0.05
s,10.73703511,160.203,0.0498
s,10.73990006,157.978,0.0496
s,10.74288865,152.403,0.0494
s,10.76340384,155.371,0.0486
s,10.76633819,160.892,0.0486
s,10.76941413,155.796,0.0482
s,10.77255283,157.888,0.0482
s,10.77877145,160.332,0.0481
s,10.79254289,155.23,0.048
s,10.79481846,160.326,0.048
s,10.79914948,159.379,0.048
s,10.79914873,155.152,0.0477
s,10.8032813,153.759,0.0475
s,10.82114628,161.645,0.0486
s,10.82349583,162.882,0.0487
s,10.826048,161.204,0.0487
s,10.8286006,160.454,0.0485
s,10.84465009,162.169,0.0486
s,10.84622634,161.826,0.048
s,10.84760338,161.472,0.0476
s,10.84883988,157.206,0.0472
s,10.85022021,161.94,0.0467
s,10.65592659,141.326,0.0503
s,10.65739615,151.003,0.0504
s,10.6602915,150.678,0.0504
s,10.66176549,134.064,0.0505
s,10.6630366,136.52,0.0505
s,10.67781431,138.042,0.0505
s,10.68082267,142.57,0.0505
s,10.68409891,144.449,0.0508
s,10.68729661,147.018,0.051
s,10.7139466,145.051,0.0512
s,10.71777675,144.426,0.0506
s,10.72132634,152.438,0.0506
s,10.72759603,156.365,0.0503
s,10.72759576,154.078,0.0502
s,10.74581615,148.836,0.049
s,10.74888723,152.295,0.049
s,10.75474851,149.98,0.049
s,10.75747702,146.323,0.0488
s,10.75747702,153.838,0.0488
s,10.78173027,159.136,0.0481
s,10.78468989,150.895,0.048
s,10.78765107,151.926,0.0481
s,10.79018738,152.615,0.0481
s,10.80556249,157.119,0.0475
s,10.80778472,160.931,0.0475
s,10.81029304,162.555,0.0478
s,10.81266039,160.343,0.048
s,10.81816827,161.2,0.048
s,10.8312153,161.485,0.0489
s,10.83368687,162.065,0.0486
s,10.83604104,158.485,0.0486
s,10.84049148,160.784,0.0486
s,10.84267085,154.378,0.0486
s,10.85302225,156.271,0.0465
s,10.85302177,159.284,0.0463
s,10.8561485,162.326,0.0461
s,10.85785609,161.936,0.0459
s,10.85956484,161.981,0.0456
s,10.86135914,157.269,0.0454
s,10.863071,161.402,0.0452
s,10.86492629,161.295,0.0448
s,10.86890155,161.086,0.0446
s,10.88482125,161.561,0.0441
s,10.88846633,161.651,0.0441
s,10.89593166,161.946,0.0441
s,10.89969364,162.633,0.044
s,10.9241971,162.28,0.043
s,10.93287283,162.531,0.0429
s,10.93735349,162.425,0.0428
s,10.94197678,162.954,0.0426
s,10.94660064,162.621,0.0426
s,10.96761631,160.843,0.0417
s,10.97610279,160.504,0.0414
s,10.98064626,157.682,0.0411
m,10.98559061,160.208,0.0409
m,10.99016429,160.35,0.0405
m,11.01934538,160.85,0.0397
m,11.02297304,162.524,0.0397
m,11.0267432,162.289,0.0396
m,11.02674286,160.797,0.0394
m,11.05640093,160.659,0.0405
m,11.05805606,161.261,0.0407
m,11.05899699,162.341,0.0405
m,11.05899718,161.015,0.0406
s,11.05936715,162.183,0.0403
s,11.05913557,160.757,0.0396
s,11.05907783,161.824,0.0395
s,11.0588772,161.136,0.0393
s,11.05896217,161.459,0.0392
s,11.05890443,160.548,0.0391
s,11.05844599,162.434,0.0389
s,11.05838843,160.995,0.0389
s,11.05838843,160.548,0.0389
s,11.05833087,162.312,0.0389
s,10.87107864,161.625,0.0444
s,10.87107864,162.479,0.0444
s,10.87581201,160.558,0.0444
s,10.87845154,161.398,0.0442
s,10.88163614,160.866,0.0442
s,10.9035714,163.114,0.0438
s,10.90357119,162.401,0.0437
s,10.91172896,161.024,0.0436
s,10.9158656,160.161,0.0434
s,10.920002,161.01,0.043
s,10.95128184,158.007,0.0424
s,10.95553406,161.349,0.0417
s,10.96358771,159.688,0.0415
s,10.96761593,162.853,0.0415
m,10.99839652,161.158,0.0403
m,11.0020851,160.767,0.0404
m,11.00543058,161.798,0.0404
m,11.01191721,161.362,0.0399
m,11.01566015,160.957,0.0398
m,11.03488141,158.129,0.0394
m,11.03919196,161.725,0.0394
m,11.04344646,161.036,0.0403
m,11.04744199,163.264,0.0406
m,11.05403276,161.284,0.0405
s,11.05930902,161.702,0.04
s,11.05939396,161.291,0.0399
s,11.05933621,161.63,0.0398
s,11.05913575,160.213,0.0397
s,11.05870399,162.141,0.039
s,11.05864642,162.582,0.039
s,11.05864642,162.743,0.039
s,11.05858886,158.887,0.039
s,11.05858886,160.767,0.039
s,11.05827315,162.321,0.0388
s,11.05827315,161.795,0.0388
s,11.05827315,161.826,0.0388
s,11.05821544,161.51,0.0387
s,11.05815773,159.956,0.0386
s,11.05815773,162.831,0.0386
s,11.05810002,162.428,0.0385
s,11.05795714,163.218,0.0384
s,11.05795714,161.65,0.0384
s,11.05789944,159.982,0.0383
s,11.05786906,161.356,0.038
s,11.0578689,160.592,0.0379
s,11.05786875,161.448,0.0378
s,11.05786859,161.791,0.0377
s,11.05792612,162.018,0.0377
s,11.05772525,162.326,0.0373
s,11.0577251,162.341,0.0372
s,11.0577251,162.095,0.0372
s,11.05786782,162.185,0.0372
s,11.05775276,162.577,0.0372
s,11.05769524,159.514,0.0372
s,11.05769524,161.185,0.0372
s,11.05769524,161.435,0.0372
s,11.05763787,161.049,0.0373
s,11.05763802,161.485,0.0374
s,11.05763802,161.604,0.0374
s,11.05763802,161.344,0.0374
s,11.05763817,160.235,0.0375
s,11.05763817,161.939,0.0375
s,11.05749545,160.051,0.0375
s,11.05741026,162.049,0.0375
s,11.05741026,161.256,0.0375
s,11.05741026,161.149,0.0375
s,11.05752516,160.89,0.0374
s,11.05752516,161.706,0.0374
s,11.05758254,161.26,0.0373
s,11.05758254,160.814,0.0373
s,11.05758238,161.659,0.0372
s,11.05749705,160.954,0.0371
s,11.05755474,162.73,0.0372
s,11.05755459,162.075,0.0371
s,11.05755459,161.444,0.0371
s,11.05755459,161.996,0.0371
s,11.0578419,162.439,0.0383
s,11.05784173,159.874,0.0382
s,11.05792675,161.103,0.0381
s,11.05786906,162.389,0.038
s,11.05778325,162.225,0.0376
s,11.05778309,162.371,0.0375
s,11.05778309,162.544,0.0375
s,11.05778294,162.044,0.0374
s,11.05778294,161.791,0.0374
s,11.05781029,162.627,0.0372
s,11.05781029,159.221,0.0372
s,11.05781029,160.411,0.0372
s,11.05781029,161.24,0.0372
s,11.05775276,161.789,0.0372
s,11.05763787,161.494,0.0373
s,11.05763787,161.503,0.0373
s,11.05769554,161.311,0.0374
s,11.05763802,162.41,0.0374
s,11.05749545,162.095,0.0375
s,11.05749545,160.086,0.0375
s,11.05749545,162.593,0.0375
s,11.05749545,160.246,0.0375
s,11.05749545,160.255,0.0375
s,11.05741026,161.835,0.0375
s,11.05746763,160.206,0.0374
s,11.05746763,161.411,0.0374
s,11.05746763,162.782,0.0374
s,11.05746763,161.311,0.0374
s,11.05758238,162.172,0.0372
s,11.05743967,162.24,0.0372
s,11.0574972,160.444,0.0372
s,11.0574972,161.061,0.0372
s,11.0574969,161.09,0.037
s,11.05735418,161.95,0.037
s,11.05735403,162.58,0.0369
s,11.0572965,161.595,0.0369
s,11.0572965,161.058,0.0369
s,11.0572965,160.464,0.0369
s,11.0572965,159.776,0.0369
s,11.0572965,162.989,0.0369
s,11.05723882,162.227,0.0368
s,11.05675284,162.908,0.0366
s,11.05675284,162.517,0.0366
s,11.05660998,162.831,0.0365
s,11.05660983,162.371,0.0364
s,11.05646697,160.303,0.0363
s,11.05606633,161.191,0.0362
s,11.0560088,161.595,0.0362
s,11.05600866,160.748,0.0361
s,11.05580827,161.734,0.036
s,11.05580827,163.065,0.036
s,11.05566556,161.791,0.036
s,11.05566556,161.599,0.036
s,11.05580827,161.004,0.036
s,11.05586594,160.09,0.0361
s,11.05592333,161.93,0.036
s,11.05592333,161.508,0.036
s,11.05606605,162.325,0.036
s,11.05606605,160.844,0.036
s,11.05612358,161.189,0.036
s,11.05632382,161.646,0.036
s,11.05632382,161.313,0.036
s,11.05632368,160.041,0.0359
s,11.05632368,161.041,0.0359
s,11.05632368,161.187,0.0359
s,11.05612288,161.481,0.0355
s,11.05606522,159.674,0.0354
s,11.05606522,161.109,0.0354
s,11.0559225,162.174,0.0354
s,11.05586483,159.545,0.0353
s,11.05566459,162.129,0.0353
s,11.05566446,161.971,0.0352
s,11.05566446,161.645,0.0352
s,11.05566446,160.954,0.0352
s,11.0570961,162.328,0.0368
s,11.0570961,163.273,0.0368
s,11.05709595,162.491,0.0367
s,11.05695323,161.599,0.0367
s,11.05689556,162.571,0.0366
s,11.05626672,162.097,0.0363
s,11.05626672,161.608,0.0363
s,11.05606633,162.031,0.0362
s,11.05606633,160.511,0.0362
s,11.05580827,161.833,0.036
s,11.05580813,161.725,0.0359
s,11.05566541,161.804,0.0359
s,11.05566541,158.797,0.0359
s,11.05566541,161.899,0.0359
s,11.0558658,161.98,0.036
s,11.0558658,161.645,0.036
s,11.0558658,161.494,0.036
s,11.0558658,161.991,0.036
s,11.0558658,161.998,0.036
s,11.05612358,160.71,0.036
s,11.05626629,161.657,0.036
s,11.05632382,162.674,0.036
s,11.05632368,163.198,0.0359
s,11.05632368,160.659,0.0359
s,11.05632354,161.052,0.0358
s,11.05632341,161.252,0.0357
s,11.05626574,161.695,0.0356
s,11.05626574,161.75,0.0356
s,11.0559225,161.003,0.0354
s,11.05586497,161.3,0.0354
s,11.05586497,159.938,0.0354
s,11.05586497,162.571,0.0354
s,11.05586497,160.101,0.0354
s,11.05566446,162.194,0.0352
m,11.05572185,162.376,0.0351
m,11.05566419,160.937,0.035
m,11.05566406,161.116,0.0349
m,11.05552121,162.618,0.0348
m,11.05546356,161.063,0.0347
m,11.05546356,161.313,0.0347
m,11.05546343,161.01,0.0346
m,11.05532071,162.949,0.0346
m,11.06576944,162.321,0.0346
m,11.06959545,161.738,0.0346
m,11.0736493,160.086,0.0344
m,11.07778883,159.043,0.0344
m,11.10874643,163.46,0.0338
m,11.11303189,161.298,0.0338
m,11.11728927,160.741,0.0337
m,11.12154674,160.648,0.0336
m,11.1257765,161.455,0.0336
m,11.14936554,162.625,0.0333
m,11.15297102,162.591,0.0332
m,11.15637652,160.936,0.033
m,11.15955517,162.679,0.0331
m,11.1628769,157.105,0.0331
m,11.18361567,161.289,0.0328
m,11.18714136,162.696,0.0326
m,11.19060981,157.081,0.0326
m,11.19786514,156.539,0.0326
m,11.2015096,156.142,0.0325
m,11.22259584,160.695,0.0321
m,11.22797811,159.266,0.032
m,11.23074144,160.193,0.032
m,11.23330422,157,0.0319
m,11.24853544,159.028,0.0319
m,11.25341967,161.699,0.0318
m,11.25582122,161.098,0.0318
m,11.26056759,161.336,0.0319
m,11.26056759,162.095,0.0319
m,11.2751912,159.314,0.0324
m,11.27768217,161.185,0.0325
m,11.28286782,161.832,0.0328
m,11.28536074,163.169,0.0329
m,11.2853604,162.829,0.0326
m,11.05526319,161.049,0.0346
m,11.05546382,160.846,0.0349
m,11.05546382,161.981,0.0349
m,11.05654794,160.213,0.0348
m,11.06242944,161.094,0.0348
m,11.08241381,162.432,0.0341
m,11.08709683,162.425,0.0342
m,11.0916942,162.383,0.034
m,11.1001196,161.604,0.0339
m,11.10437571,163.091,0.0339
m,11.12992091,162.701,0.0334
m,11.13392316,162.67,0.0335
m,11.14190036,161.901,0.0334
m,11.14567528,161.202,0.0333
m,11.16952196,161.288,0.0331
m,11.16952173,161.734,0.0329
m,11.17659664,162.544,0.0328
m,11.18006359,159.982,0.0328
m,11.20529733,161.437,0.0324
m,11.20529733,161.996,0.0324
m,11.21250597,157.057,0.0324
m,11.21606932,160.806,0.0323
m,11.21949105,162.118,0.0322
m,11.2359263,155.762,0.0319
m,11.2385489,159.567,0.0318
m,11.24117233,162.188,0.0319
m,11.24605254,159.334,0.0319
m,11.24853544,160.894,0.0319
m,11.26531678,161.194,0.032
m,11.2677221,155.585,0.0321
m,11.27006891,162.418,0.0322
m,11.27255862,160.354,0.0323
m,11.2902285,162.289,0.0324
m,11.29280565,161.001,0.0324
m,11.29518141,162.484,0.0323
m,11.29758049,161.135,0.0323
m,11.30273823,161.258,0.0323
m,11.30557974,160.455,0.0324
m,11.30842181,160.952,0.0324
m,11.31138447,160.945,0.0325
m,11.31426587,161.928,0.0326
m,11.33468972,159.596,0.0327
m,11.33765994,159.488,0.0327
m,11.34077306,162.04,0.0328
m,11.34685939,161.645,0.0326
m,11.35005613,161.289,0.0325
m,11.36686117,155.171,0.0321
m,11.37002153,157.894,0.0321
m,11.37002153,161.085,0.0321
m,11.37731607,159.884,0.032
m,11.38116674,161.989,0.032
m,11.40772746,159.193,0.0322
m,11.40772714,155.972,0.0319
m,11.41523037,161.289,0.0318
m,11.41912401,160.542,0.0317
m,11.44088598,157.306,0.0315
m,11.44088598,160.963,0.0315
m,11.44638208,156.342,0.0317
m,11.44907849,154.212,0.0319
m,11.45185505,161.036,0.0319
m,11.46626903,162.332,0.0322
m,11.46887649,157.132,0.0323
m,11.47134312,153.447,0.0323
m,11.47395277,150.502,0.0325
m,11.47642155,157.324,0.0326
m,11.48989851,156.771,0.0331
m,11.49172564,155.221,0.0332
m,11.49584988,161.608,0.0333
m,11.49826858,158.527,0.0335
m,11.5147627,159.532,0.0326
m,11.5206857,161.804,0.0325
m,11.52386144,162.674,0.0323
m,11.52709809,159.8,0.0322
m,11.52709799,161.637,0.0321
m,11.31970906,162.672,0.0325
m,11.32267517,159.734,0.0326
m,11.32564213,160.848,0.0327
m,11.32564213,160.511,0.0327
m,11.33172023,161.692,0.0326
m,11.35305111,161.144,0.0324
m,11.35572314,158.171,0.0324
m,11.35847662,154.333,0.0322
m,11.36114936,162.231,0.0321
m,11.38515972,159.281,0.032
m,11.3890114,158.441,0.032
m,11.39294459,156.46,0.0322
m,11.39653343,158.631,0.0322
m,11.40026441,156.672,0.0322
m,11.42281496,158.604,0.0316
m,11.42656731,153.808,0.0315
m,11.43319979,155.35,0.0315
m,11.43587669,159.685,0.0315
m,11.43855365,158.087,0.0315
m,11.45438628,160.356,0.0319
m,11.45885493,157.723,0.0319
m,11.46107646,156.028,0.032
m,11.46366261,158.792,0.0321
m,11.47868855,158.138,0.0326
m,11.48284088,158.502,0.0327
m,11.48466498,157.996,0.0327
m,11.48640879,157.242,0.0328
m,11.48815326,157.545,0.0329
m,11.49826846,160.102,0.0334
m,11.50345285,163.056,0.0333
m,11.50627896,160.864,0.0332
m,11.50904561,162.679,0.0329
m,11.51187357,162.319,0.0327
m,11.53365615,161.599,0.032
m,11.5372392,161.58,0.0318
m,11.5406812,161.928,0.0319
m,11.54404137,159.178,0.0319
m,11.55056174,161.162,0.0318
m,11.55398339,160.257,0.0318
m,11.55740548,161.645,0.0317
m,11.5610298,158.401,0.0316
m,11.56465462,157.006,0.0315
m,11.5911214,158.647,0.0309
m,11.59497574,161.202,0.0308
m,11.59883069,161.038,0.0307
m,11.60268626,161.298,0.0306
m,11.63063081,159.522,0.0305
m,11.63469258,161.704,0.0305
m,11.63861239,161.86,0.0304
m,11.6468809,157.151,0.0302
m,11.65108721,161.236,0.0301
m,11.67250321,161.083,0.0295
m,11.68032715,160.195,0.0295
m,11.68032707,159.168,0.0294
m,11.68818512,160.181,0.0295
m,11.69165771,161.81,0.0293
m,11.72193235,161.335,0.028
m,11.72193228,160.168,0.0279
m,11.72914244,160.126,0.0278
m,11.73250733,162.5,0.0279
m,11.75491233,162.25,0.0266
m,11.76329601,162.725,0.0262
m,11.76754615,161.434,0.0261
m,11.77153863,160.966,0.0259
m,11.77564707,160.924,0.0263
m,11.79638966,160.889,0.0263
m,11.8041532,161.032,0.0264
m,11.8080643,160.727,0.0266
m,11.8121756,161.332,0.0264
m,11.81628726,161.799,0.0263
m,11.84242115,160.914,0.0258
m,11.84559257,160.86,0.026
m,11.84804984,162.154,0.0261
m,11.8501645,160.758,0.0262
m,11.56827993,158.317,0.0314
m,11.57204787,162.086,0.0312
m,11.5795856,159.375,0.0311
m,11.5795856,158.999,0.0311
m,11.58726767,161.89,0.031
m,11.61025708,160.082,0.0306
m,11.61425681,158.178,0.0305
m,11.61839962,155.824,0.0305
m,11.61839962,161.497,0.0305
m,11.62662829,162.213,0.0304
m,11.65529399,159.54,0.0299
m,11.65984486,157.308,0.0298
m,11.66425379,158.573,0.0297
m,11.66852075,160.937,0.0296
m,11.69504629,162.655,0.0291
m,11.69843513,162.829,0.0289
m,11.70196669,160.54,0.0286
m,11.70977013,161.443,0.0284
m,11.7138995,162.614,0.0283
m,11.735841,161.018,0.0276
m,11.73937561,160.523,0.0275
m,11.74299535,161.732,0.0275
m,11.74675779,160.738,0.0271
m,11.75066324,160.933,0.0267
m,11.77992585,162.786,0.0262
m,11.78440534,162.092,0.0261
m,11.78868516,161.814,0.0262
m,11.79253717,160.824,0.0262
m,11.8200564,161.632,0.0262
m,11.82396869,160.684,0.0261
m,11.82779558,162.353,0.0258
m,11.83525061,162.19,0.0258
m,11.8352505,161.627,0.0256
m,11.85322293,161.207,0.0259
m,11.85419591,162.257,0.0258
m,11.85471267,161.152,0.0257
m,11.85320792,160.897,0.0257
m,11.85164306,160.456,0.0253
m,11.84945063,159.008,0.0247
m,11.84714609,162.45,0.0246
m,11.84415758,162.086,0.0243
m,11.83792882,160.771,0.0245
m,11.83488791,161.124,0.0243
m,11.81890277,161.975,0.0247
m,11.81257788,159.957,0.0247
m,11.81257783,161.947,0.0246
m,11.80645678,161.171,0.0246
m,11.80354115,161.613,0.0246
m,11.78034279,159.762,0.0247
m,11.7754993,160.896,0.0249
m,11.77028184,160.848,0.0253
m,11.75958358,162.002,0.0255
m,11.72774446,158.26,0.0267
m,11.72329926,162.548,0.0268
m,11.71874329,159.117,0.0267
m,11.7104364,159.654,0.0266
m,11.70674091,161.923,0.0266
m,9.788894498,147.124,0.0206
m,9.785885391,149.974,0.0204
m,9.78295923,152.447,0.0201
m,9.780011302,144.798,0.0196
m,9.775763045,156.361,0.0193
m,9.764566714,141.246,0.0195
m,9.762756748,149.174,0.0195
m,9.758705458,157.37,0.0194
m,9.756567955,147.173,0.0194
m,9.74064634,147.897,0.0196
m,9.740646371,154.104,0.0195
m,9.736058388,143.462,0.0194
m,9.733738444,146.232,0.0193
m,9.731464538,141.084,0.0193
m,9.717852099,144.161,0.019
m,9.715408232,143.223,0.019
m,9.713258747,156.192,0.0189
m,9.710921935,144.497,0.0188
m,9.706737513,152.475,0.0187
m,11.83170551,158.26,0.0244
m,11.8286675,162.134,0.0244
m,11.82548789,161.618,0.0245
m,11.82216659,162.248,0.0246
m,11.8006825,162.461,0.0246
m,11.79782497,162.048,0.0247
m,11.79199361,162.232,0.0248
m,11.78850209,160.704,0.0247
m,11.78458146,161.998,0.0246
m,11.75430174,162.133,0.0259
m,11.75430186,160.374,0.0261
m,11.74317401,160.919,0.0262
m,11.73772578,161.95,0.0264
m,11.7326195,161.791,0.0265
m,9.806778447,138.49,0.0214
m,9.798129122,143.407,0.0208
m,9.798129122,139.255,0.0208
m,9.791693887,143.414,0.0207
m,9.773941972,150.38,0.0191
m,9.772205501,146.479,0.019
m,9.772205431,147.333,0.0192
m,9.768319347,142.052,0.0193
m,9.766567228,142.416,0.0194
m,9.754475243,148.974,0.0192
m,9.752007497,156.352,0.0194
m,9.749876784,147.255,0.0194
m,9.747602225,146.558,0.0195
m,9.742913976,148.907,0.0196
m,9.729296093,148.864,0.019
m,9.724718871,145.589,0.019
m,9.722456344,143.278,0.019
m,9.720152866,150.45,0.019
m,9.706737554,153.725,0.0186
m,9.702563385,155.726,0.0186
m,9.700530703,156.989,0.0185
m,9.698399565,153.69,0.0185
m,9.696271162,146.645,0.0184
m,9.69207779,155.543,0.0185
m,9.689866869,149.336,0.0186
m,9.68770361,156.778,0.0185
m,9.685442605,146.257,0.0185
m,9.669777397,143.794,0.0179
m,9.667393485,139.201,0.0179
m,9.665104816,135.225,0.0179
m,9.662773019,138.918,0.0179
m,9.658263781,141.699,0.0178
m,9.647256676,148.376,0.0174
m,9.644705914,153.705,0.0174
m,9.639661663,135.032,0.0174
m,9.639661555,138.342,0.0176
m,9.634485892,137.908,0.0176
m,9.617059641,135.396,0.0174
m,9.614548827,132.817,0.0174
m,9.612089808,136.034,0.0175
m,9.609730588,135.639,0.0176
m,9.593065313,138.072,0.018
m,9.590972227,138.829,0.0182
m,9.586646342,138.016,0.0183
m,9.584512385,153.11,0.0183
m,9.582286496,135.827,0.0183
m,9.568865196,137.562,0.0182
m,9.568865196,139.171,0.0182
m,9.564265968,146.765,0.0181
m,9.562068371,144.87,0.0182
m,9.559967411,149.345,0.0182
m,9.547091773,142.096,0.0183
m,9.542851518,142.743,0.0183
m,9.540736368,140.669,0.0183
m,9.536464008,134.645,0.0184
m,9.521859756,136.24,0.0186
m,9.51963314,136.617,0.0185
m,9.517356975,139.133,0.0185
m,9.515137044,137.354,0.0184
m,9.513011186,142.477,0.0184
m,9.683184384,141.086,0.0184
m,9.680974486,141.311,0.0182
m,9.676663175,142.437,0.018
m,9.674461895,143.759,0.018
m,9.674461944,147.543,0.0179
m,9.655940964,139.305,0.0178
m,9.653621202,137.26,0.0177
m,9.651496523,139.982,0.0176
m,9.649229788,144.971,0.0175
m,9.632049379,140.895,0.0175
m,9.629615883,136.193,0.0175
m,9.627040435,142.952,0.0175
m,9.621898157,130.993,0.0175
m,9.619380591,134.974,0.0175
m,9.607229882,140.608,0.0176
m,9.60238336,134.881,0.0175
m,9.602383253,129.098,0.0177
m,9.597549888,134.894,0.0179
m,9.595306095,136.795,0.0179
m,9.580063682,131.686,0.0183
m,9.577749389,138.372,0.0184
m,9.575488622,139.147,0.0184
m,9.573231448,135.061,0.0183
m,9.557920311,135.499,0.0181
m,9.555536479,143.559,0.0182
m,9.553444319,138.799,0.018
m,9.549124028,139.095,0.0182
m,9.547091821,142.378,0.0182
m,9.536463962,135.038,0.0185
m,9.532296356,139.714,0.0186
m,9.530289236,138.686,0.0186
m,9.528141191,142.002,0.0186
m,9.526087724,139.652,0.0187
m,9.510888423,148.513,0.0185
m,9.508715499,145.064,0.0186
m,9.506545613,137.754,0.0185
m,9.504378628,140.929,0.0185
m,9.499999858,134.406,0.0184
m,9.497931495,141.493,0.0184
m,9.495865945,135.564,0.0182
m,9.493749033,136.698,0.0182
m,9.491778296,142.337,0.0181
m,9.478292115,142.941,0.0181
m,9.476451578,145.873,0.0181
m,9.474757298,135.776,0.0181
m,9.473209258,140.68,0.018
m,9.463032499,156.238,0.0177
m,9.462888452,154.839,0.0175
m,9.462109558,154.492,0.0175
m,9.457141439,151.327,0.0177
m,9.443475955,152.746,0.0185
m,9.439708901,153.48,0.0186
m,9.439708949,151.558,0.0185
m,9.435865308,159.342,0.0185
m,9.434118504,148.87,0.0185
m,9.426020726,144.122,0.0182
m,9.422446426,140.661,0.0183
m,9.422446377,150.253,0.0184
m,9.418513402,145.688,0.0184
m,9.416422235,145.776,0.0183
m,9.40381569,149.162,0.0185
m,9.40381569,141.228,0.0185
m,9.400181016,151.685,0.0184
m,9.39836695,144.674,0.0183
m,9.384863376,139.362,0.0176
m,9.384863376,143.791,0.0176
m,9.381152307,148.102,0.0175
m,9.379299821,138.104,0.0174
m,9.377568758,147.524,0.0174
m,9.36739117,143.886,0.0175
m,9.365819066,143.849,0.0174
m,9.364391008,151.644,0.0176
m,9.362620954,143.868,0.0177
m,9.359431879,143.272,0.0178
m,9.489953619,149.559,0.018
m,9.488077089,141.925,0.018
m,9.484261531,132.775,0.018
m,9.48426148,134.462,0.0181
m,9.480278981,141.786,0.0181
m,9.4697796,151.424,0.018
m,9.468129267,142.037,0.0179
m,9.466481297,148.186,0.0179
m,9.46495582,150.928,0.0179
m,9.463806365,143.462,0.0178
m,9.454535328,144.548,0.0175
m,9.452075467,153.289,0.0177
m,9.449848755,156.821,0.0179
m,9.447568722,142.988,0.0181
m,9.445577573,157.139,0.0182
m,9.43251711,148.748,0.0183
m,9.431060911,144.939,0.0182
m,9.429464334,146.366,0.0181
m,9.427812733,141.008,0.0182
m,9.414618957,145.187,0.0184
m,9.412617791,145.303,0.0184
m,9.410819974,159.004,0.0184
m,9.407342305,148.268,0.0184
m,9.405636297,151.817,0.0185
m,9.39635375,144.499,0.0183
m,9.394544012,144.446,0.0181
m,9.392677313,140.475,0.018
m,9.388866869,142.526,0.0179
m,9.386864124,148.312,0.0177
m,9.375697897,148.263,0.0175
m,9.372285571,148.91,0.0175
m,9.370624341,138.675,0.0175
m,9.368905454,155.306,0.0175
m,9.359431767,147.796,0.018
m,9.356393416,142.315,0.0181
m,9.355059703,157.764,0.0182
m,9.353525307,146.112,0.0182
m,9.352134577,148.593,0.0182
m,9.350604041,143.194,0.0182
m,9.347832173,142.721,0.0181
m,9.346387624,147.749,0.0181
m,9.345086387,140.121,0.0182
m,9.335591562,137.563,0.0185
m,9.334162008,139.876,0.0186
m,9.332937849,134.957,0.0186
m,9.331370448,137.662,0.0187
m,9.329946281,137.372,0.0187
m,9.321234012,136.706,0.019
m,9.319743622,143.446,0.0192
m,9.318192356,141.304,0.0192
m,9.316564756,151.503,0.0191
m,9.314954081,141.912,0.0192
m,9.302117137,154.183,0.0191
m,9.300250733,157.267,0.0192
m,9.298040007,143.401,0.0195
m,9.296176467,155.259,0.0195
m,9.281191006,138.355,0.0193
m,9.279034502,142.706,0.0195
m,9.276739641,145.728,0.0193
m,9.271875296,144.144,0.0191
m,9.269381901,140.565,0.019
m,9.25783556,149.151,0.0184
m,9.253308967,151.454,0.0183
m,9.253308967,143.229,0.0183
m,9.249145868,157.041,0.0183
m,9.247104471,153.171,0.0182
m,9.23257286,146.069,0.0179
m,9.23257292,135.253,0.0178
m,9.228238603,136.866,0.0178
m,9.226007745,138.235,0.0178
m,9.211903426,145.827,0.0179
m,9.209612003,141.646,0.0179
m,9.207249265,143.643,0.018
m,9.204961526,162.255,0.018
m,9.202675582,138.215,0.018
m,9.34358378,141.527,0.0181
m,9.342224245,135.916,0.0182
m,9.34086627,140.953,0.0183
m,9.338093188,141.643,0.0184
m,9.338093188,140.753,0.0184
m,9.328665235,139.269,0.0187
m,9.327182046,138.029,0.0188
m,9.325700467,132.374,0.0189
m,9.324283155,132.563,0.0189
m,9.313140854,144.861,0.0191
m,9.311265921,141.705,0.0191
m,9.307442585,145.639,0.0191
m,9.307442541,158.748,0.0192
m,9.303702789,147.018,0.0192
m,9.291953918,143.332,0.0194
m,9.289736125,147.68,0.0193
m,9.287584132,147.932,0.0191
m,9.287584223,145.521,0.0189
m,9.283208829,142.248,0.0193
m,9.266955543,138.443,0.0188
m,9.264736963,141.85,0.0188
m,9.262315309,142.084,0.0187
m,9.260036572,149.354,0.0186
m,9.245064699,142.844,0.0182
m,9.24324173,144.546,0.0181
m,9.24127991,143.683,0.0179
m,9.237062887,142.342,0.0179
m,9.234816967,145.65,0.0178
m,9.224125135,137.689,0.0179
m,9.222104135,137.248,0.0178
m,9.218074022,137.043,0.0178
m,9.215991212,142.213,0.0178
m,9.21398329,138.007,0.0178
m,9.200458613,142.657,0.018
m,9.196248149,150.476,0.018
m,9.194181565,142.862,0.0181
m,9.192116599,142.679,0.0181
m,9.189913388,144.342,0.0181
m,9.187639562,142.423,0.0182
m,9.185295538,142.283,0.0182
m,9.180825084,143.385,0.0182
m,9.178630472,141.722,0.0182
m,9.161966171,138.84,0.0184
m,9.159642093,142.083,0.0184
m,9.157183021,136.698,0.0185
m,9.154865558,140.753,0.0184
m,9.140303895,137.006,0.0187
m,9.138350357,133.572,0.0187
m,9.136398223,142.326,0.0187
m,9.134377853,137.769,0.0186
m,9.130341783,135.856,0.0186
m,9.120766652,147.667,0.0184
m,9.11875899,140.299,0.0184
m,9.114540787,148.785,0.0184
m,9.114540787,151.192,0.0184
m,9.109985023,149.939,0.0184
m,9.096576908,143.699,0.0184
m,9.094314536,142.003,0.0185
m,9.092121936,145.831,0.0185
m,9.090002361,149.722,0.0184
m,9.085697963,149.623,0.0183
m,9.074119354,146.866,0.0178
m,9.073308669,146.358,0.0177
m,9.072898275,145.418,0.0179
m,9.072826478,144.23,0.018
s,9.072964675,145.047,0.0184
s,9.072964675,145.524,0.0184
s,9.072892944,145.175,0.0184
s,9.072892944,144.981,0.0184
s,9.072821218,144.45,0.0184
s,9.07295954,145.371,0.0186
s,9.072887819,146.186,0.0186
s,9.072887819,145.177,0.0186
s,9.072887819,145.418,0.0186
s,9.072887819,145.448,0.0186
m,9.178630472,140.908,0.0182
m,9.174521879,143.889,0.0182
m,9.172121107,141.751,0.0183
m,9.169579506,151.768,0.0184
m,9.167040257,145.81,0.0184
m,9.152550021,146.887,0.0185
m,9.14834447,141.257,0.0186
m,9.146175376,140.17,0.0185
m,9.144216189,139.431,0.0187
m,9.144216189,138.646,0.0187
m,9.128465247,137.424,0.0186
m,9.126590311,139.232,0.0185
m,9.124716872,150.671,0.0185
m,9.122705941,147.572,0.0185
m,9.107639838,146.271,0.0183
m,9.105505813,145.148,0.0184
m,9.103235051,155.703,0.0184
m,9.098770513,143.556,0.0184
m,9.083651602,141.414,0.0182
m,9.081607002,143.897,0.0182
m,9.079564279,143.94,0.0181
m,9.077451747,151.226,0.0181
m,9.0756847,142.467,0.018
m,9.072826418,145.109,0.0181
s,9.072826418,145.743,0.0181
s,9.072826359,146.164,0.0182
s,9.072826359,146.017,0.0182
s,9.072826359,146.451,0.0182
s,9.072959652,145.344,0.0184
s,9.072959595,145.138,0.0185
s,9.072959595,145.371,0.0185
s,9.07295954,145.155,0.0186
s,9.072887819,145.519,0.0186
s,9.072887819,144.579,0.0186
s,9.073026255,144.701,0.0186
s,9.072887765,145.26,0.0187
s,9.073026201,145.198,0.0187
s,9.073026201,145.248,0.0187
s,9.073026201,144.612,0.0187
s,9.073026201,145.519,0.0187
s,9.073026255,146.1,0.0186
s,9.073231466,145.704,0.0185
s,9.073231466,145.134,0.0185
s,9.073231466,145.297,0.0185
s,9.073231466,144.974,0.0185
s,9.07336996,145.54,0.0184
s,9.073508398,145.118,0.0184
s,9.073646837,144.914,0.0184
s,9.073646837,144.959,0.0184
s,9.073646837,144.777,0.0184
s,9.073646837,144.821,0.0184
s,9.073646837,145.348,0.0184
s,9.073646837,145.672,0.0184
s,9.073785276,145.657,0.0184
s,9.073785334,144.857,0.0183
s,9.074200831,144.166,0.018
s,9.074339272,145.018,0.018
s,9.074339272,144.982,0.018
s,9.074477713,145.449,0.018
s,9.074477713,145.496,0.018
s,9.074826363,145.163,0.0179
s,9.074826425,144.641,0.0178
s,9.074964865,144.853,0.0178
s,9.074964865,144.647,0.0178
s,9.075103307,145.224,0.0178
s,9.075452022,145.2,0.0176
s,9.075590464,145.073,0.0176
s,9.075728971,145.364,0.0175
s,9.075728971,145.21,0.0175
s,9.076077625,145.467,0.0174
s,9.076077625,146.107,0.0174
s,9.076216067,144.686,0.0174
s,9.076216135,145.061,0.0173
s,9.076144434,145.442,0.0173
s,9.073092973,145.226,0.0186
s,9.073092973,145.81,0.0186
s,9.073093028,145.795,0.0185
s,9.073093028,145.077,0.0185
s,9.073093028,145.695,0.0185
s,9.07336996,145.249,0.0184
s,9.07336996,145.38,0.0184
s,9.073508455,145.426,0.0183
s,9.073508398,145.321,0.0184
s,9.073646781,144.818,0.0185
s,9.073575071,144.777,0.0185
s,9.073575127,145.527,0.0184
s,9.073646837,144.692,0.0184
s,9.073646781,145.119,0.0185
s,9.073785334,145.435,0.0183
s,9.073923773,144.941,0.0183
s,9.073923773,145.246,0.0183
s,9.073923831,145.787,0.0182
s,9.074062331,144.341,0.0181
s,9.074549419,145.315,0.018
s,9.07468786,144.728,0.018
s,9.074687921,145.301,0.0179
s,9.074687921,144.807,0.0179
s,9.075103371,145.584,0.0177
s,9.075313516,144.803,0.0177
s,9.075313516,145.581,0.0177
s,9.075313516,144.905,0.0177
s,9.075452022,145.441,0.0176
s,9.075867413,144.803,0.0175
s,9.07586748,145.182,0.0174
s,9.07586748,145.081,0.0174
s,9.07586748,145.189,0.0174
s,9.076077625,145.321,0.0174
s,9.076282877,145.618,0.0173
s,9.076282877,144.988,0.0173
s,9.076282877,144.659,0.0173
s,9.076354577,145.18,0.0173
s,9.076354577,145.329,0.0173
s,9.076354646,143.987,0.0172
s,9.076493089,145.615,0.0172
s,9.076493159,145.265,0.0171
s,9.076631602,144.444,0.0171
s,9.07669842,146.114,0.017
s,9.076698492,145.181,0.0169
s,9.076698492,145.147,0.0169
s,9.076837011,145.363,0.0168
s,9.076832153,146.045,0.0167
s,9.076832153,144.815,0.0167
s,9.076760393,145.492,0.0168
s,9.076760393,145.361,0.0168
s,9.076760393,144.339,0.0168
s,9.075509082,144.82,0.0173
s,9.075509151,144.841,0.0172
s,9.075437469,145.508,0.0172
s,9.07529902,145.873,0.0172
s,9.075227337,145.397,0.0172
s,9.074811854,145.542,0.0174
s,9.074673405,145.26,0.0174
s,9.074601791,144.966,0.0173
s,9.07460186,145.686,0.0172
s,9.074100102,145.078,0.0173
s,9.074100102,144.937,0.0173
s,9.074028445,146.211,0.0173
s,9.073818332,145.511,0.0173
s,9.07374675,144.79,0.0172
s,9.073321783,144.374,0.0171
s,9.073250146,143.887,0.0171
s,9.073111753,143.974,0.017
s,9.073040191,144.539,0.0169
s,9.07296856,144.833,0.0169
s,9.072749149,144.564,0.0166
m,9.072749304,144.864,0.0164
m,9.072677694,144.153,0.0164
m,9.072606165,142.789,0.0163
s,9.076631674,145.399,0.017
s,9.076631674,145.012,0.017
s,9.076631674,145.201,0.017
s,9.076631674,145.459,0.017
s,9.076559975,144.691,0.017
s,9.07676532,145.827,0.0168
s,9.076765395,145.459,0.0167
s,9.076832153,145.587,0.0167
s,9.076832153,145.212,0.0167
s,9.076832153,146.207,0.0167
s,9.076621871,144.915,0.0169
s,9.07641174,145.044,0.0169
s,9.076273219,144.737,0.017
s,9.07613477,144.537,0.017
s,9.075088888,145.169,0.0172
s,9.075088819,145.681,0.0173
s,9.075088819,145.162,0.0173
s,9.07474024,145.451,0.0173
s,9.074811854,145.576,0.0174
s,9.07460186,144.814,0.0172
s,9.07439173,146.211,0.0172
s,9.074386831,145.765,0.0172
s,9.074315162,145.356,0.0172
s,9.074171763,145.643,0.0173
s,9.07374675,144.359,0.0172
s,9.073603456,144.909,0.0172
s,9.073531814,144.43,0.0172
s,9.073531885,144.405,0.0171
s,9.073035474,145.123,0.0168
s,9.07296385,144.726,0.0168
s,9.072963925,144.307,0.0167
s,9.072892304,144.157,0.0167
s,9.072820764,144.664,0.0166
m,9.072606246,143.316,0.0162
m,9.071846939,145.763,0.0163
m,9.071574771,148.135,0.0163
m,9.070963709,153.226,0.0163
m,9.069665404,139.33,0.0164
m,9.068305917,143.135,0.0164
m,9.065179153,147.565,0.0165
m,9.065179232,146.512,0.0164
m,9.061856976,144.338,0.0164
m,9.06002615,150.255,0.0163
m,9.048956299,141.858,0.0156
m,9.046865488,148.788,0.0155
m,9.044914595,155.934,0.0153
m,9.04303782,143.344,0.0153
m,9.038867884,141.426,0.0153
m,9.025877661,140.197,0.0151
m,9.023520323,138.665,0.015
m,9.018663097,135.775,0.0149
m,9.016162948,136.137,0.0149
m,8.999111949,143.024,0.0149
m,8.992722671,143.252,0.0149
m,8.989598454,148.539,0.0148
m,8.986337607,145.829,0.0147
m,8.982866044,147.398,0.0146
m,8.964313741,148.645,0.0145
m,8.956522807,161.32,0.0145
m,8.952410574,151.91,0.0145
m,8.948436325,155.271,0.0145
m,8.944113115,151.415,0.0145
m,8.911255815,150.546,0.0141
m,8.906574131,155.144,0.0142
m,8.901955119,149.31,0.0143
m,8.897199146,150.893,0.0143
m,8.865587364,155.682,0.0143
m,8.861244971,148.315,0.0144
m,8.851936828,153.289,0.0145
m,8.851936828,149.596,0.0145
m,8.842643161,147.254,0.0144
m,8.818621952,149.015,0.0141
m,8.808646736,150.293,0.014
m,8.803409254,158.587,0.0139
m,8.803409141,155.072,0.014
m,8.792188086,147.633,0.0139
m,9.058268599,146.932,0.0163
m,9.056440447,141.02,0.0161
m,9.052932277,146.514,0.016
m,9.05104871,148.907,0.0158
m,9.036923489,142.074,0.0153
m,9.036923489,148.451,0.0153
m,9.032609547,141.843,0.0153
m,9.030458761,140.336,0.0153
m,9.028098519,139.705,0.0152
m,9.013599748,149.304,0.0149
m,9.013599748,139.92,0.0149
m,9.007916753,139.1,0.015
m,9.005072409,141.729,0.015
m,9.002091522,139.725,0.015
m,8.979321232,139.178,0.0145
m,8.975639611,146.449,0.0145
m,8.96806725,143.02,0.0144
m,8.964313844,141.47,0.0144
m,8.939641073,152.33,0.0145
m,8.930085931,149.127,0.0144
m,8.925340385,156.004,0.0143
m,8.920532693,152.628,0.0142
m,8.920532693,154.66,0.0142
m,8.888187611,147.978,0.0143
m,8.883919433,147.014,0.0142
m,8.879514247,162.012,0.0141
m,8.87503399,151.223,0.0142
m,8.870279578,146.405,0.0142
m,8.838027601,153.611,0.0144
m,8.833275117,161.297,0.0144
m,8.828522999,153.588,0.0143
m,8.823572292,148.426,0.0142
m,8.78654022,149.547,0.0139
m,8.780892687,153.128,0.0139
m,8.775321451,150.148,0.0137
m,8.770024416,150.958,0.0137
m,8.759842621,147.487,0.0135
m,8.754957796,146.272,0.0133
m,8.74999725,149.949,0.0132
m,8.749997374,152.807,0.0131
m,8.740289866,154.917,0.0129
m,8.707811986,156.245,0.0123
m,8.703477312,150.622,0.0123
m,8.69927984,150.456,0.0122
m,8.694945708,154.311,0.0121
m,8.690748766,159.217,0.0119
m,8.665964545,156.571,0.0114
m,8.661708345,153.321,0.0113
m,8.657239356,153.09,0.0111
m,8.65298398,152.761,0.0108
m,8.648728568,161.598,0.0107
m,8.619170511,147.594,0.0106
m,8.611056505,151.104,0.0107
m,8.607349906,146.601,0.0107
m,8.603643494,149.455,0.0107
m,8.579831956,151.935,0.0093
m,8.571876067,153.301,0.0092
m,8.567548607,147.186,0.009
m,8.563298415,148.767,0.0088
m,8.558971246,149.456,0.0087
m,8.538057574,145.568,0.0079
m,8.530302111,143.644,0.0078
m,8.526308244,142.318,0.008
m,8.522314314,150.211,0.0083
m,8.518261407,150.389,0.0086
m,8.488614538,152.132,0.0099
m,8.484349508,143.903,0.01
m,8.480298536,154.552,0.0101
m,8.476247583,146.567,0.0103
m,8.446104032,157.448,0.0126
m,8.441782278,148.931,0.0127
m,8.437460752,150.813,0.0128
m,8.433197742,151.018,0.013
m,8.429012747,151.858,0.0132
m,8.735406001,154.647,0.0128
m,8.730507483,152.211,0.0126
m,8.725761045,151.403,0.0125
m,8.716679668,150.887,0.0123
m,8.712283891,152.892,0.0122
m,8.686612447,150.26,0.0118
m,8.682552683,158.546,0.0116
m,8.674433248,151.076,0.0115
m,8.670160563,146.407,0.0115
m,8.640278571,150.875,0.0106
m,8.640278728,145.517,0.0105
m,8.631889438,154.67,0.0106
m,8.627558463,150.657,0.0106
m,8.62336439,152.18,0.0106
m,8.599937117,152.333,0.0108
m,8.599937431,146.544,0.0106
m,8.59211619,146.615,0.0103
m,8.588001079,141.59,0.0101
m,8.583809312,155.226,0.0099
m,8.554721583,153.001,0.0085
m,8.550472015,145.664,0.0084
m,8.546223101,149.244,0.0081
m,8.542110771,147.814,0.0079
m,8.514208875,153.965,0.0088
m,8.509942371,150.723,0.0092
m,8.501410909,142.3,0.0094
m,8.497204361,156.509,0.0095
m,8.497204014,146.712,0.0097
m,8.471494845,155.067,0.0114
m,8.466898801,155.238,0.0117
m,8.458311858,146.128,0.012
m,8.454261903,150.36,0.0122
m,8.454261617,150.875,0.0124
m,8.420565747,157.528,0.0134
m,8.416459288,150.444,0.0136
m,8.412275139,146.415,0.0138
m,8.412275013,147.715,0.0139
m,8.404121675,143.952,0.0142
m,8.399801655,146.869,0.0147
m,8.395618508,150.839,0.0148
m,8.391513556,152.937,0.015
m,8.382797851,156.471,0.0153
m,8.355955326,150.812,0.0157
m,8.35185263,141.352,0.0158
m,8.348022306,147.917,0.0159
m,8.340147995,147.45,0.016
m,8.311027498,146.556,0.0167
m,8.307120762,141.618,0.0168
m,8.303078358,142.408,0.0168
m,8.299443852,137.996,0.0169
m,8.295945696,139.649,0.0167
m,8.274357655,141.425,0.0168
m,8.270802976,136.841,0.0171
m,8.26697706,143.778,0.0171
m,8.258817447,139.758,0.0171
m,8.254698333,142.53,0.0172
m,8.22846001,144.532,0.0169
m,8.219082016,148.645,0.017
m,8.214557464,148.731,0.017
m,8.210248172,148.346,0.0169
m,8.186403534,148.607,0.0158
m,8.178440165,147.673,0.0156
m,8.174659127,143.536,0.0154
m,8.170879373,150.552,0.0152
m,8.167236784,149.729,0.0147
m,8.146256584,144.301,0.0138
m,8.142919018,152.032,0.0137
m,8.139718766,149.194,0.0132
m,8.133237538,148.114,0.0131
m,8.133237828,148.567,0.0129
m,8.108464865,147.267,0.0118
m,8.105280409,149.147,0.0117
m,8.102043498,141.71,0.0117
m,8.102042546,138.392,0.0123
m,8.378265045,160.007,0.0155
m,8.373868767,150.484,0.0155
m,8.369258341,146.083,0.0155
m,8.364804565,152.562,0.0155
m,8.360272763,148.693,0.0155
m,8.335831731,154.656,0.0162
m,8.331165021,146.876,0.0166
m,8.326634829,147.87,0.0167
m,8.32259143,150.902,0.0167
m,8.314855738,146.956,0.0167
m,8.289028034,137.198,0.0168
m,8.289028034,138.981,0.0168
m,8.2817604,143.181,0.0169
m,8.277990964,144.911,0.0169
m,8.250658444,138.289,0.0172
m,8.246403941,141.071,0.0172
m,8.242013904,144.329,0.0171
m,8.237703116,142.364,0.017
m,8.22846001,143.091,0.0169
m,8.206018494,152.616,0.0167
m,8.202060619,142.726,0.0164
m,8.198102807,139.29,0.0163
m,8.190313655,142.922,0.0161
m,8.186403426,142.572,0.0159
m,8.160409425,151.334,0.0145
m,8.15693051,151.629,0.0142
m,8.153533039,156.649,0.014
m,8.15000186,148.532,0.0138
m,8.127007833,145.303,0.0129
m,8.123949743,146.729,0.0128
m,8.120838994,147.244,0.0125
m,8.117783735,138.346,0.0124
m,8.114730315,143.099,0.012
m,8.095357361,145.367,0.0123
m,8.09226001,146.702,0.0124
m,8.089299376,148.992,0.0123
m,8.086422017,144.565,0.0121
m,8.080724377,150.63,0.0123
m,8.077688153,148.128,0.0122
m,8.074518166,154.344,0.0124
m,8.071513998,150.957,0.0123
m,8.068242017,143.902,0.0124
m,8.065241401,144.726,0.0123
m,8.048080278,154.091,0.0121
m,8.045277701,147.912,0.0121
m,8.042393903,143.897,0.0121
m,8.03919143,147.711,0.012
m,8.032305306,145.745,0.0121
m,8.008841069,141.216,0.0114
m,8.008841583,150.766,0.0111
m,8.004831378,138.289,0.0109
m,8.003222292,141.174,0.0107
s,8.001478943,147.154,0.0111
s,8.00147877,146.702,0.0112
s,8.001394779,146.773,0.0114
s,8.001445106,147.059,0.0114
s,8.001361296,147.084,0.0115
s,8.001244204,145.602,0.0116
s,8.001244037,145.588,0.0117
s,8.001244037,145.774,0.0117
s,8.001160411,145.589,0.0117
s,8.001160246,145.877,0.0118
s,8.001161085,145.927,0.0113
s,8.001161257,146.605,0.0112
s,8.001161257,145.665,0.0112
s,8.00129541,145.849,0.0111
s,8.001346121,146.397,0.0109
s,8.001262504,146.588,0.0109
s,8.001262504,146.087,0.0109
s,8.001178716,146.211,0.011
s,8.001178542,146.448,0.0111
s,8.001279304,147.025,0.0111
s,8.001279131,146.114,0.0112
s,8.001279131,146.215,0.0112
s,8.00127896,145.874,0.0113
s,8.001195361,146.025,0.0113
m,8.059409643,149.498,0.0123
m,8.056548925,141.945,0.0122
m,8.056548925,152.21,0.0122
m,8.050832252,151.583,0.0122
m,8.028839417,145.799,0.012
m,8.025343351,142.194,0.0119
m,8.021899589,152.919,0.0119
m,8.018540468,147.142,0.0118
m,8.011525448,148.345,0.0117
m,8.002200191,146.656,0.0105
m,8.001513348,146.278,0.0105
m,8.001512811,146.411,0.0108
m,8.001512635,146.857,0.0109
m,8.001428801,146.356,0.011
s,8.001361296,146.045,0.0115
s,8.001411634,145.548,0.0115
s,8.001328001,145.632,0.0115
s,8.001327833,146.323,0.0116
s,8.001160246,146.25,0.0118
s,8.001076624,145.488,0.0118
s,8.001077123,145.098,0.0115
s,8.001077292,147.952,0.0114
s,8.001161085,147.182,0.0113
s,8.00129541,146.836,0.0111
s,8.001295584,145.174,0.011
s,8.00129576,146.002,0.0109
s,8.00129576,146.12,0.0109
s,8.001212139,145.943,0.0109
s,8.001178542,146.195,0.0111
s,8.00122892,146.688,0.0111
s,8.00122892,146.336,0.0111
s,8.00122892,145.843,0.0111
s,8.001195361,145.971,0.0113
s,8.001195532,145.74,0.0112
s,8.001145142,146.413,0.0112
s,8.001279304,146.574,0.0111
s,8.001279304,145.271,0.0111
s,8.001279478,146.177,0.011
s,8.001413468,146.671,0.011
s,8.001413468,146.965,0.011
s,8.00154746,147.144,0.011
s,8.001547635,146.639,0.0109
s,8.001547635,145.676,0.0109
s,8.001547635,146.022,0.0109
s,8.001681625,146.574,0.0109
s,8.001681625,146.337,0.0109
s,8.001849182,146.729,0.0107
s,8.001932787,146.565,0.0107
s,8.001798801,146.504,0.0107
s,8.001798801,146.247,0.0107
s,8.001798801,146.825,0.0107
s,8.002150383,147.115,0.0107
s,8.002150205,146.024,0.0108
s,8.002150205,147.164,0.0108
s,8.002150205,146.463,0.0108
s,8.002367802,146.322,0.0108
s,8.002501788,146.352,0.0108
s,8.002501788,146.161,0.0108
s,8.002635774,146.512,0.0108
s,8.002635774,145.676,0.0108
s,8.003070791,145.857,0.0109
s,8.003070791,146.442,0.0109
s,8.003070616,146.49,0.011
s,8.003154231,146.43,0.011
s,8.003154231,146.281,0.011
s,8.0035389,146.394,0.0111
s,8.0035389,146.78,0.0111
s,8.003672708,147.131,0.0112
s,8.003756333,147.503,0.0112
s,8.003923767,146.848,0.0111
s,8.003923767,146.93,0.0111
s,8.003923941,146.224,0.011
s,8.004007577,145.513,0.011
s,8.004007577,146.556,0.011
s,8.00154746,146.851,0.011
s,8.001547635,146.951,0.0109
s,8.001547635,147.179,0.0109
s,8.001547635,147.461,0.0109
s,8.001547635,147.458,0.0109
s,8.001765401,145.601,0.0108
s,8.001765401,145.741,0.0108
s,8.001849182,146.181,0.0107
s,8.001849182,147.021,0.0107
s,8.001798801,147.507,0.0107
s,8.001798801,147.248,0.0107
s,8.001932787,146.049,0.0107
s,8.001932787,147.279,0.0107
s,8.002150383,146.988,0.0107
s,8.002150205,146.168,0.0108
s,8.002150205,146.303,0.0108
s,8.002150205,145.717,0.0108
s,8.00236798,145.902,0.0107
s,8.00236798,146.469,0.0107
s,8.002635774,146.208,0.0108
s,8.002853193,145.758,0.0109
s,8.002853193,146.379,0.0109
s,8.002853193,145.541,0.0109
s,8.003288215,146.513,0.011
s,8.003371657,147.749,0.0111
s,8.003371657,146.918,0.0111
s,8.003455277,145.857,0.0111
s,8.003455277,146.501,0.0111
s,8.003756506,146.125,0.0111
s,8.003839963,146.811,0.0112
s,8.003839963,145.977,0.0112
s,8.003839963,146.669,0.0112
s,8.003840135,146.46,0.0111
s,8.004007577,146.076,0.011
s,8.004007577,146.351,0.011
s,8.004007403,145.973,0.0111
s,8.004091043,146.238,0.0111
s,8.004091043,146.185,0.0111
s,8.004091043,146.611,0.0111
s,8.004174685,146.784,0.0111
s,8.004308657,146.982,0.0111
s,8.004526274,146.283,0.0111
s,8.004877863,146.128,0.0111
s,8.004877863,147.091,0.0111
s,8.005095481,146.226,0.0111
s,8.005095481,146.515,0.0111
s,8.005581391,146.337,0.0109
s,8.005581391,146.671,0.0109
s,8.005581567,146.695,0.0108
s,8.005715538,146.21,0.0108
s,8.005715538,145.065,0.0108
s,8.006200923,147.247,0.0109
s,8.006200923,146.359,0.0109
s,8.006200923,145.969,0.0109
s,8.006284746,146.666,0.0108
s,8.006284746,147.072,0.0108
s,8.006720163,145.156,0.0107
s,8.006720342,146.119,0.0106
s,8.006720342,146.655,0.0106
s,8.006670208,146.581,0.0105
s,8.006888014,146.871,0.0104
s,8.006888014,146.383,0.0104
s,8.006888014,147.232,0.0104
m,8.006888014,146.256,0.0104
m,8.006888014,146.499,0.0104
m,8.005514134,142.05,0.0107
m,8.0046937,140.517,0.0107
m,8.003555353,140.037,0.0107
m,7.999806657,147.303,0.0106
m,7.99741439,146.727,0.0105
m,7.979253989,137.677,0.0104
m,7.979253806,138.968,0.0105
m,7.974051747,149.285,0.0105
m,7.971420823,147.259,0.0105
s,8.004526274,146.281,0.0111
s,8.00479422,146.444,0.0111
s,8.004743719,146.548,0.0112
s,8.00487769,145.925,0.0112
s,8.00487769,145.707,0.0112
s,8.005229452,147.393,0.0111
s,8.005229626,146.315,0.011
s,8.005363597,145.607,0.011
s,8.005363597,145.818,0.011
s,8.005363772,146.763,0.0109
s,8.005933156,146.046,0.0108
s,8.005933156,145.113,0.0108
s,8.006067127,145.25,0.0108
s,8.006067127,145.782,0.0108
s,8.006368395,146.346,0.0108
s,8.006502364,146.014,0.0108
s,8.006502364,145.965,0.0108
s,8.006502364,145.381,0.0108
s,8.006636512,145.871,0.0107
s,8.00667039,145.758,0.0104
s,8.006804356,146.436,0.0104
s,8.006888196,150.365,0.0103
s,8.006888014,145.4,0.0104
s,8.006888014,144.127,0.0104
m,8.007022162,141.562,0.0103
m,8.006888196,143.88,0.0103
m,8.006251206,138.711,0.0106
m,8.006066966,143.716,0.0106
m,7.994754856,145.179,0.0105
m,7.991912512,145.955,0.0104
m,7.98933852,146.955,0.0104
m,7.986631552,145.313,0.0104
m,7.981656081,144.894,0.0104
m,7.968573242,143.748,0.0105
m,7.965811824,139.934,0.0104
m,7.960573334,139.05,0.0103
m,7.957913434,143.438,0.0103
m,7.954854448,143.517,0.0102
m,7.951748444,153.489,0.01
m,7.948510168,158.918,0.01
m,7.945091404,148.017,0.0102
m,7.941589728,143.167,0.0102
m,7.935028876,155.536,0.0101
m,7.92034181,152.431,0.0097
m,7.917386251,144.536,0.0097
m,7.914431979,146.725,0.0098
m,7.90879427,147.14,0.0098
m,7.906024493,149.401,0.0098
m,7.883910988,146.449,0.0097
m,7.880973331,140.143,0.0098
m,7.878037172,143.423,0.0099
m,7.875281863,145.069,0.0096
m,7.855218611,142.283,0.011
m,7.85211795,140.011,0.0114
m,7.849109386,141.333,0.0116
m,7.846101697,148.37,0.0121
m,7.843050966,144.481,0.0124
m,7.824296487,139.988,0.0135
m,7.820949488,138.213,0.0135
m,7.817736056,141.114,0.0138
m,7.81465683,135.069,0.0139
m,7.808636086,136.839,0.0139
m,7.788825125,142.909,0.0139
m,7.785980729,145.188,0.0139
m,7.785980729,140.232,0.0139
m,7.780474409,147.938,0.0138
m,7.761470114,143.909,0.0137
m,7.755554854,153.843,0.0139
m,7.75255501,144.748,0.0139
m,7.749736841,140.849,0.0138
m,7.74413942,143.567,0.0137
m,7.731095821,147.575,0.0141
m,7.728452995,156.538,0.0141
m,7.726163557,144.752,0.0143
m,7.721457476,149.743,0.0145
m,7.718739043,147.932,0.0144
m,7.935029065,156.973,0.01
m,7.929093768,145.158,0.0099
m,7.926352454,144.221,0.0098
m,7.923346193,146.382,0.0098
m,7.906024882,145.109,0.0096
m,7.899950229,155.038,0.0095
m,7.896825483,146.144,0.0095
m,7.893483519,144.249,0.0094
m,7.890142641,141.624,0.0096
m,7.872527414,140.464,0.0095
m,7.869814217,140.574,0.01
m,7.867149193,142.131,0.01
m,7.861466885,147.083,0.0103
m,7.86146651,138.956,0.0105
m,7.836778588,139.284,0.0123
m,7.833600692,147.261,0.0125
m,7.830423826,135.762,0.0131
m,7.830423369,140.635,0.0134
m,7.805650921,138.828,0.0139
m,7.802711207,138.872,0.0138
m,7.799904956,137.035,0.0138
m,7.797232217,139.123,0.0138
m,7.794383394,144.532,0.0139
m,7.77785516,144.414,0.0137
m,7.774974066,153.577,0.0137
m,7.772226066,141.983,0.0137
m,7.769611067,150.865,0.0137
m,7.764122504,141.547,0.0137
m,7.744139271,155.116,0.0138
m,7.739022987,152.365,0.0139
m,7.736376521,149.001,0.0139
m,7.733821386,159.925,0.014
m,7.718738762,157.849,0.0146
m,7.712873463,151.846,0.0148
m,7.709807247,145.843,0.0147
m,7.70657192,137.996,0.0147
m,7.70338952,144.013,0.015
m,7.69701895,145.286,0.0155
m,7.694313387,141.877,0.0157
m,7.691609619,151.378,0.0157
m,7.688868228,137.649,0.0158
m,7.667345483,139.428,0.0157
m,7.664358781,140.111,0.0156
m,7.661373754,140.703,0.0157
m,7.658558815,135.678,0.0157
m,7.653063954,141.688,0.0157
m,7.641091674,136.391,0.0149
m,7.636415097,147.28,0.0149
m,7.633781786,141.794,0.0149
m,7.631020152,147.18,0.0148
m,7.628316288,147.346,0.0148
m,7.609418856,157.477,0.0142
m,7.606894466,141.85,0.0142
m,7.606894614,154.472,0.0141
m,7.601720983,136.207,0.0141
m,7.584268319,143.498,0.0145
m,7.581665252,141.029,0.0144
m,7.57906301,149.597,0.0147
m,7.5762389,150.867,0.0147
m,7.573381738,147.541,0.0147
m,7.555085742,142.899,0.0135
m,7.551601415,155.721,0.0133
m,7.547894213,158.71,0.0131
m,7.544221251,152.531,0.0131
m,7.536172585,157.006,0.013
m,7.510189451,146.988,0.0123
m,7.501578434,148.048,0.0121
m,7.497242443,152.584,0.0121
m,7.492778593,154.447,0.0122
m,7.463671549,153.334,0.0127
m,7.453602705,147.983,0.0129
m,7.448409024,159.662,0.0132
m,7.442960179,150.151,0.0134
m,7.437416047,148.556,0.0135
m,7.685867694,145.643,0.0158
m,7.679741921,139.83,0.0158
m,7.676524803,141.043,0.0159
m,7.67340156,140.261,0.0159
m,7.673401809,135.071,0.0157
m,7.650346691,141.185,0.0155
m,7.647798685,143.195,0.0153
m,7.645419255,141.48,0.0153
m,7.643431419,139.588,0.015
m,7.625744134,147.264,0.0147
m,7.623007706,149.611,0.0145
m,7.62030949,150.549,0.0144
m,7.614824826,151.862,0.0143
m,7.612167954,146.346,0.0142
m,7.59942474,149.157,0.014
m,7.596871062,140.52,0.0141
m,7.594189512,143.653,0.0144
m,7.589255426,146.64,0.0145
m,7.586743705,143.312,0.0145
m,7.567896008,142.691,0.0146
m,7.567896595,145.727,0.0142
m,7.561901676,148.693,0.014
m,7.558476019,150.834,0.0138
m,7.532149547,151.728,0.013
m,7.532149547,150.291,0.013
m,7.523496127,157.418,0.013
m,7.51915673,148.465,0.0126
m,7.514784683,152.969,0.0125
m,7.488187499,147.274,0.0121
m,7.483692798,154.114,0.0123
m,7.479007406,152.253,0.0122
m,7.47406574,150.665,0.0123
m,7.468867971,145.699,0.0126
m,7.431969552,159.052,0.0136
m,7.426842816,148.687,0.0139
m,7.417778668,147.904,0.0141
m,7.413135027,143.942,0.0143
m,7.413134722,141.991,0.0145
m,7.403946922,141.495,0.0145
m,7.39943308,141.495,0.0148
m,7.394950917,139.813,0.015
m,7.390597287,147.836,0.0151
m,7.361388045,140.339,0.0154
m,7.357616291,139.06,0.0153
m,7.353844882,140.809,0.0153
m,7.349818548,136.215,0.0153
m,7.318048819,139.169,0.0158
m,7.309085305,140.554,0.0159
m,7.304781148,148.297,0.016
m,7.304781148,149.905,0.016
m,7.296302848,147.626,0.0161
m,7.270761173,138.037,0.0156
m,7.266747765,151.978,0.0156
m,7.26283357,141.656,0.0155
m,7.258948557,141.255,0.0155
m,7.250868959,151.241,0.0155
m,7.221303086,144.862,0.0144
m,7.213011393,147.432,0.0142
m,7.208979795,143.342,0.014
m,7.204921483,148.316,0.0137
m,7.161724538,142.975,0.0125
m,7.161724727,144.611,0.0124
m,7.153960412,146.37,0.0124
m,7.150092536,144.141,0.0124
m,7.146325518,144.496,0.0122
m,7.124266799,141.401,0.0121
m,7.120782592,151.908,0.0121
m,7.117146364,143.97,0.0122
m,7.113410656,142.784,0.0122
m,7.109675489,145.079,0.0122
m,7.085005502,142.386,0.0122
m,7.077393511,147.379,0.0122
m,7.073764668,147.154,0.0123
m,7.07003562,150.466,0.0124
m,7.386371985,136.238,0.0152
m,7.381891211,146.506,0.0154
m,7.373412358,149.108,0.0154
m,7.3694141,138.402,0.0153
m,7.369413959,139.015,0.0154
m,7.340903825,147.517,0.0155
m,7.336240995,149.661,0.0156
m,7.331804373,143.678,0.0156
m,7.327270926,139.194,0.0156
m,7.32270831,142.342,0.0157
m,7.292128655,137.522,0.0161
m,7.283655704,137.065,0.0158
m,7.283655842,136.222,0.0157
m,7.274803949,138.405,0.0157
m,7.246830272,146.413,0.0155
m,7.238275688,148.214,0.0152
m,7.234112702,147.988,0.0149
m,7.225689608,155.703,0.0147
m,7.22130277,149.168,0.0146
m,7.200638243,151.684,0.0133
m,7.196355176,155.737,0.0133
m,7.188326179,145.677,0.0131
m,7.184326341,154.243,0.013
m,7.165594397,144.089,0.0124
m,7.142685413,141.076,0.0121
m,7.135433229,141.955,0.012
m,7.131668373,142.257,0.012
m,7.128030526,140.641,0.012
m,7.106293849,152.187,0.0121
m,7.09940564,144.403,0.0121
m,7.096000037,145.075,0.012
m,7.092267473,150.06,0.0121
m,7.088636268,148.154,0.0121
m,7.065929125,156.919,0.0126
m,7.061571518,160.066,0.0128
m,7.057442165,155.163,0.0127
m,7.053313671,148.009,0.0126
m,7.049689527,149.574,0.0124
m,7.045108744,146.645,0.0123
m,7.044228573,147.758,0.0121
m,7.043750637,147.37,0.0118
s,7.043498257,148.054,0.0122
s,7.043271102,147.602,0.0123
s,7.043043371,149.87,0.0127
s,7.042917392,150.253,0.0128
s,7.042791415,148.552,0.0129
s,7.042665626,148.611,0.0129
s,7.042665626,148.518,0.0129
s,7.042665254,148.255,0.0131
s,7.042665254,148.287,0.0131
s,7.042665254,148.384,0.0131
s,7.042539467,147.128,0.0131
s,7.042640459,148.045,0.0132
s,7.042640277,148.224,0.0133
s,7.042640096,147.321,0.0134
s,7.042640096,148.118,0.0134
s,7.042640096,147.21,0.0134
s,7.042790315,147.797,0.0135
s,7.042916104,147.179,0.0135
s,7.043041894,148.377,0.0135
s,7.043041894,147.645,0.0135
s,7.043167684,147.922,0.0135
s,7.043419449,148.513,0.0134
s,7.043419449,147.236,0.0134
s,7.043545243,148.276,0.0134
s,7.043545243,147.74,0.0134
s,7.043545063,147.62,0.0135
s,7.043544885,146.718,0.0136
s,7.043544885,147.682,0.0136
s,7.043544885,148.52,0.0136
s,7.043544885,148.057,0.0136
s,7.043418914,149.02,0.0137
s,7.043418914,148.86,0.0137
s,7.043544708,147.752,0.0137
s,7.043544885,148.524,0.0136
s,7.043544708,148.365,0.0137
s,7.043270713,147.118,0.0125
s,7.043144924,149.041,0.0125
s,7.04327052,148.718,0.0126
s,7.04327052,148.328,0.0126
s,7.042665626,148.401,0.0129
s,7.042665626,147.882,0.0129
s,7.042791415,147.741,0.0129
s,7.042791228,148.766,0.013
s,7.042791228,148.914,0.013
s,7.042539283,147.927,0.0132
s,7.042539283,147.761,0.0132
s,7.042539283,148.656,0.0132
s,7.04266507,147.186,0.0132
s,7.042766244,147.576,0.0132
s,7.042640096,147.342,0.0134
s,7.042640096,147.677,0.0134
s,7.042765881,148.214,0.0134
s,7.042891667,147.761,0.0134
s,7.043167684,147.126,0.0135
s,7.043167684,147.752,0.0135
s,7.043167684,147.732,0.0135
s,7.043293476,148.278,0.0135
s,7.043293476,148.253,0.0135
s,7.043545063,147.901,0.0135
s,7.043545063,148.451,0.0135
s,7.043545063,148.382,0.0135
s,7.043545063,148.009,0.0135
s,7.043545063,147.703,0.0135
s,7.043544885,147.916,0.0136
s,7.043544885,149.303,0.0136
s,7.043419091,149.367,0.0136
s,7.043317754,148.272,0.0137
s,7.043544708,148.594,0.0137
s,7.043544708,148.686,0.0137
s,7.043544708,148.25,0.0137
s,7.043645694,147.682,0.0138
s,7.04364587,148.579,0.0137
s,7.04364587,149.026,0.0137
s,7.04364587,148.363,0.0137
s,7.04364587,149.535,0.0137
s,7.04364587,147.936,0.0137
s,7.043519729,147.048,0.0139
s,7.043495106,149.447,0.0139
s,7.043620895,148.19,0.0139
s,7.043620895,149.056,0.0139
s,7.043620723,149.197,0.014
s,7.043620723,147.672,0.014
s,7.043495106,147.553,0.0139
s,7.043596106,147.492,0.014
s,7.043596106,147.199,0.014
s,7.043596106,147.09,0.014
s,7.043620723,147.956,0.014
s,7.043620723,147.009,0.014
s,7.043620723,146.079,0.014
s,7.043495106,147.237,0.0139
s,7.043519903,147.467,0.0138
s,7.043519903,148.478,0.0138
s,7.043519903,147.89,0.0138
s,7.043293121,148.657,0.0137
s,7.043292946,147.283,0.0138
s,7.043418738,148.009,0.0138
s,7.043418914,148.064,0.0137
s,7.043418914,147.439,0.0137
s,7.043418914,146.9,0.0137
s,7.043418914,148.412,0.0137
s,7.043342219,147.905,0.0138
s,7.043468017,148.172,0.0138
s,7.043342219,147.842,0.0138
s,7.043342219,148.097,0.0138
s,7.043342045,148.506,0.0139
s,7.043341872,148.508,0.014
s,7.043341872,148.803,0.014
s,7.043341872,147.594,0.014
s,7.043467499,148.9,0.0141
s,7.043520078,148.059,0.0137
s,7.043519903,149.427,0.0138
s,7.043519903,147.41,0.0138
s,7.043519903,147.685,0.0138
s,7.043519729,147.315,0.0139
s,7.043620723,148.493,0.014
s,7.043620723,147.234,0.014
s,7.043620723,147.442,0.014
s,7.043620723,146.393,0.014
s,7.043596106,147.156,0.014
s,7.043596106,147.667,0.014
s,7.043721894,147.466,0.014
s,7.043721894,146.461,0.014
s,7.043721894,147.197,0.014
s,7.043519729,147.498,0.0139
s,7.043519903,147.521,0.0138
s,7.043519903,148.1,0.0138
s,7.043519903,147.807,0.0138
s,7.043519903,147.781,0.0138
s,7.043418738,148.255,0.0138
s,7.043292946,148.122,0.0138
s,7.043293121,148.027,0.0137
s,7.043418738,147.935,0.0138
s,7.043317754,147.832,0.0137
s,7.043317754,147.832,0.0137
s,7.043317754,148.052,0.0137
s,7.043317754,147.683,0.0137
s,7.043443373,147.005,0.0138
s,7.043342219,148.535,0.0138
s,7.043342219,147.817,0.0138
s,7.043216421,147.845,0.0138
s,7.043216421,148.545,0.0138
s,7.043216247,148.896,0.0139
s,7.043341701,148.188,0.0141
s,7.043215903,148.189,0.0141
s,7.043215903,148.175,0.0141
s,7.043215903,148.422,0.0141
s,7.043215903,147.918,0.0141
s,7.043215903,148.108,0.0141
s,7.043215903,146.472,0.0141
s,7.043215734,147.284,0.0142
s,7.043215734,148.374,0.0142
s,7.042862649,147.233,0.0144
s,7.042963806,147.041,0.0144
s,7.042838012,146.428,0.0144
s,7.042838012,146.202,0.0144
s,7.042711726,147.958,0.0147
m,7.042585933,147.416,0.0147
m,7.042460141,147.71,0.0147
m,7.042460141,146.175,0.0147
m,7.042460141,147.623,0.0147
m,7.029756551,149.875,0.0145
m,7.029756717,145.949,0.0144
m,7.022892896,153.266,0.0143
m,7.019374783,149.039,0.0143
m,7.016108807,147.378,0.0142
m,6.992199249,157.765,0.0138
m,6.984744716,146.257,0.0138
m,6.980904927,142.377,0.0137
m,6.973454596,150.485,0.0135
m,6.945111312,148.205,0.0134
m,6.941130746,157.358,0.0133
m,6.937151025,146.104,0.0132
m,6.933047307,146.193,0.013
m,6.929069501,154.114,0.0128
m,6.905739595,153.832,0.0127
m,6.901664356,155.864,0.0126
m,6.897817506,146.003,0.0126
m,6.890001486,150.895,0.0126
m,6.886032376,142.711,0.0126
m,6.858895479,141.64,0.0125
m,6.858895278,144.611,0.0126
m,6.851614628,154.559,0.0125
m,6.848027051,148.544,0.0125
s,7.043215734,146.632,0.0142
s,7.043089769,148.118,0.0143
s,7.043089769,148.498,0.0143
s,7.042963973,147.891,0.0143
s,7.042963806,147.261,0.0144
s,7.042837846,147.33,0.0145
s,7.042837846,147.369,0.0145
s,7.042837682,146.937,0.0146
s,7.042711888,146.158,0.0146
s,7.042711888,148.213,0.0146
m,7.042082773,156.48,0.0147
m,7.041579627,152.166,0.0147
m,7.039490724,151.619,0.0146
m,7.036371186,152.763,0.0146
m,7.009641008,146.585,0
m,7.006236694,152.774,0.0141
m,7.002996864,147.54,0.0141
m,6.999506567,148.517,0.0141
m,6.995915455,142.693,0.0139
m,6.969342566,145.718,0.0136
m,6.965129445,150.001,0.0136
m,6.961019325,142.831,0.0136
m,6.957035483,146.111,0.0135
m,6.949195276,150.175,0.0134
m,6.921365558,142.893,0.0128
m,6.917639694,154.99,0.0128
m,6.913914568,143.052,0.0128
m,6.909837554,147.685,0.0128
m,6.882064129,147.74,0.0126
m,6.877972313,142.861,0.0125
m,6.874006027,139.873,0.0124
m,6.87016498,144.156,0.0124
m,6.866324341,142.3,0.0126
m,6.844191418,147.023,0.0125
m,6.840128412,144.522,0.0125
m,6.836170273,151.729,0.0124
m,6.832337106,156.709,0.0124
m,6.824444956,141.04,0.0124
m,6.816556014,142.085,0.0124
m,6.812498572,147.127,0.0124
m,6.808670707,152.23,0.0122
m,6.804595082,151.469,0.0122
m,6.800540098,144.174,0.0122
m,6.776398206,147.498,0.012
m,6.772596728,139.551,0.012
m,6.765100676,145.186,0.012
m,6.761406421,141.959,0.0119
m,6.761406636,144.754,0.0118
m,6.730996993,141.363,0.0116
m,6.726957592,140.904,0.0116
m,6.722795326,150.271,0.0117
m,6.718739661,138.451,0.0117
m,6.688967998,149.221,0.012
m,6.684690995,143.928,0.0121
m,6.680291819,146.969,0.0122
m,6.671849251,146.774,0.0122
m,6.66757639,141.607,0.0122
m,6.642738228,141.829,0.0121
m,6.638824589,145.462,0.0121
m,6.638824807,147.88,0.012
m,6.630771161,150.767,0.0119
m,6.62661478,147.138,0.012
m,6.597750342,152.682,0.0124
m,6.597750342,145.261,0.0124
m,6.590082441,150.017,0.0126
m,6.586303679,143.03,0.0126
m,6.561020391,140.416,0.0127
m,6.557615034,143.801,0.0126
m,6.554209779,141.838,0.0128
m,6.550805484,144.611,0.0129
m,6.543647329,162.629,0.013
m,6.523856694,143.714,0.013
m,6.519972205,153.443,0.0129
m,6.512192582,138.633,0.0129
m,6.508067633,137.979,0.0129
m,6.504065502,141.787,0.0129
m,6.796590325,142.765,0.0122
m,6.792517451,137.669,0.0122
m,6.784374588,140.485,0.0122
m,6.78032385,137.887,0.0122
m,6.754001592,148.672,0.0117
m,6.750186123,143.075,0.0116
m,6.746476412,142.504,0.0116
m,6.742662487,144.608,0.0116
m,6.73480859,146.84,0.0115
m,6.714702822,141.491,0.0117
m,6.706120388,144.626,0.0118
m,6.701821841,146.853,0.0119
m,6.701821625,145.949,0.012
m,6.693139877,150.766,0.012
m,6.663287557,149.582,0.0123
m,6.65912305,140.574,0.0123
m,6.654959844,148.21,0.0122
m,6.650813947,149.011,0.0122
m,6.622337065,148.781,0.012
m,6.618075997,141.131,0.0121
m,6.61404571,145.086,0.0121
m,6.605773823,143.222,0.0122
m,6.60176165,140.973,0.0123
m,6.582540527,143.477,0.0127
m,6.578885815,144.651,0.0127
m,6.571593616,139.675,0.0127
m,6.568063604,142.899,0.0127
m,6.56453439,139.027,0.0127
m,6.543647329,139.383,0.013
m,6.535516644,142.589,0.0131
m,6.531629126,148.788,0.013
m,6.527742406,137.868,0.013
m,6.499942843,141.672,0.0129
m,6.495699348,138.572,0.0131
m,6.491457311,140.935,0.0132
m,6.487216522,142.998,0.0133
m,6.483111413,143.044,0.0132
m,6.475121794,145.099,0.0132
m,6.471128642,143.5,0.0132
m,6.467136808,148.025,0.0131
m,6.463036652,141.026,0.0131
m,6.43654242,141.217,0.0131
m,6.432922363,145.445,0.0131
m,6.429314307,140.692,0.0132
m,6.425707208,147.879,0.0132
m,6.418726015,142.342,0.0132
m,6.39536681,137.679,0.0127
m,6.391164038,143.183,0.0127
m,6.387193546,140.068,0.0126
m,6.383344789,140.198,0.0125
m,6.37949711,137.617,0.0124
m,6.350815373,154.901,0.0127
m,6.346624753,141.591,0.0128
m,6.342546291,141.276,0.0129
m,6.338358202,140.648,0.0129
m,6.311077404,147.652,0.0132
m,6.307129597,151.254,0.0132
m,6.302951724,150.114,0.0131
m,6.294239529,137.073,0.0132
m,6.289945296,142.219,0.0132
m,6.270040058,141.326,0.0127
m,6.266111499,140.954,0.0126
m,6.258362017,142.46,0.0127
m,6.254429709,137.273,0.0126
m,6.250617946,137.966,0.0125
m,6.225997802,141.913,0.0119
m,6.21827913,135.272,0.0118
m,6.214834973,138.222,0.0117
m,6.211153418,136.486,0.0118
m,6.181513913,136.844,0.0123
m,6.177491537,136.788,0.0123
m,6.173820864,139.391,0.0124
m,6.170270037,137.946,0.0124
m,6.166720009,138.526,0.0125
m,6.458937069,138.078,0.0133
m,6.451226468,149,0.0133
m,6.447493827,137.427,0.0132
m,6.443882902,152.339,0.0132
m,6.440151621,139.84,0.0132
m,6.415000511,141.968,0.0131
m,6.411385571,142.131,0.0131
m,6.407529934,140.194,0.0131
m,6.40355502,154.885,0.0129
m,6.375539763,138.78,0.0124
m,6.371573488,142.296,0.0124
m,6.367376837,145.528,0.0126
m,6.358857833,146.473,0.0126
m,6.35477573,135.53,0.0127
m,6.33058563,140.462,0.013
m,6.326872176,142.741,0.013
m,6.326872176,135.079,0.013
m,6.319088427,145.165,0.013
m,6.315026621,153.269,0.0131
m,6.285891843,149.272,0.0131
m,6.281951448,144.325,0.013
m,6.278012262,146.163,0.0129
m,6.273969409,138.68,0.0129
m,6.246681544,134.262,0.0123
m,6.24263375,134.941,0.0122
m,6.238355638,140.229,0.012
m,6.230153291,137.785,0.012
m,6.225997802,143.155,0.0119
m,6.207467494,139.073,0.0118
m,6.203907307,137.04,0.0118
m,6.196670977,135.998,0.0119
m,6.192881495,137.723,0.012
m,6.185419008,140.729,0.0122
m,6.163289915,137.656,0.0124
m,6.156668619,140.183,0.0125
m,6.153359432,143.903,0.0125
m,6.153359197,150.855,0.0126
m,6.146507246,139.748,0.0125
m,6.142850394,142.347,0.0124
m,6.139545125,147.077,0.0123
m,6.136008265,144.95,0.0122
m,6.129287505,145.61,0.0121
m,6.109727173,147.193,0.0125
m,6.103605705,149.054,0.0126
m,6.103605705,156.547,0.0126
m,6.097602116,141.206,0.0128
m,6.07386187,138.467,0.0129
m,6.070692875,140.087,0.0129
m,6.067524274,144.945,0.0131
m,6.064239414,151.631,0.0132
m,6.057319326,143.874,0.0133
m,6.036702715,148.773,0.0137
m,6.036702715,144.512,0.0137
m,6.030501753,154.685,0.0137
m,6.027578642,155.465,0.0137
m,6.024890416,148.668,0.0136
s,6.019867528,141.375,0.0134
s,6.019867943,141.536,0.0134
s,6.019867943,141.165,0.0134
s,6.019867943,141.256,0.0134
s,6.019867528,142.254,0.0134
s,6.019867528,141.817,0.0134
s,6.019867757,142.047,0.0133
s,6.019867757,141.753,0.0133
s,6.019867528,141.503,0.0134
s,6.019633445,141.395,0.0136
s,6.019516632,141.342,0.0136
s,6.019516632,141.298,0.0136
s,6.019399597,141.445,0.0137
s,6.019399822,141.474,0.0136
s,6.019749634,141.414,0.0137
s,6.019866446,141.598,0.0137
s,6.01986685,140.913,0.0137
s,6.01986685,141.098,0.0137
m,6.125985294,136.247,0.0122
m,6.122684235,143.102,0.0122
m,6.119384327,140.726,0.0121
m,6.116202774,141.618,0.0122
m,6.112903689,150.851,0.0125
m,6.094190969,138.507,0.0129
m,6.090663164,143.314,0.013
m,6.087136667,144.716,0.013
m,6.080322212,142.56,0.0129
m,6.077033871,145.672,0.0129
m,6.050286442,149.911,0.0135
m,6.050286442,151.299,0.0135
m,6.04677243,144.43,0.0136
m,6.039981013,146.712,0.0137
m,6.022436878,140.79,0.0134
m,6.020918527,141.828,0.0132
m,6.019984574,141.269,0.0133
m,6.019984345,140.977,0.0134
s,6.019984345,141.207,0.0134
s,6.019867943,141.815,0.0134
s,6.019984345,142.231,0.0134
s,6.019984345,142.03,0.0134
s,6.019984345,142,0.0134
s,6.019984345,141.82,0.0134
s,6.019750484,141.45,0.0135
s,6.019750484,141.758,0.0135
s,6.019633671,141.927,0.0135
s,6.019633445,142.064,0.0136
s,6.019516015,141.349,0.0137
s,6.019516015,141.465,0.0137
s,6.019632824,141.927,0.0137
s,6.019632824,142.167,0.0137
s,6.019633221,141.501,0.0137
s,6.019983891,140.521,0.0136
s,6.02010071,141.267,0.0136
s,6.02010071,142.329,0.0136
s,6.02010071,141.143,0.0136
s,6.02021753,140.948,0.0136
s,6.02021753,141.835,0.0136
s,6.020217756,141.465,0.0135
s,6.020450751,141.325,0.0136
s,6.020450977,141.933,0.0135
s,6.020450977,141.929,0.0135
s,6.02021753,141.625,0.0136
s,6.02021753,141.771,0.0136
s,6.02021753,141.746,0.0136
s,6.020333932,141.252,0.0136
s,6.020333932,141.718,0.0136
s,6.020334615,141.37,0.0133
s,6.020334615,141.937,0.0133
s,6.020334846,142.256,0.0132
s,6.020334846,141.838,0.0132
s,6.019984117,141.665,0.0135
s,6.019983891,141.479,0.0136
s,6.020100936,141.617,0.0135
s,6.02010071,141.407,0.0136
s,6.020100936,141.29,0.0135
s,6.020217984,141.944,0.0134
s,6.020217984,141.612,0.0134
s,6.020101393,141.446,0.0133
s,6.020334615,141.517,0.0133
s,6.020334615,142.155,0.0133
s,6.020568534,141.146,0.013
s,6.020685588,141.068,0.0129
s,6.020685588,141.464,0.0129
s,6.02091881,141.243,0.0129
s,6.020919468,141.144,0.0128
s,6.020919468,141.092,0.0128
s,6.021036052,141.026,0.0129
s,6.021036052,141.063,0.0129
s,6.021153114,141.993,0.0128
s,6.021153114,140.959,0.0128
s,6.021153114,141.765,0.0128
s,6.021153114,141.595,0.0128
s,6.02126994,141.196,0.0128
s,6.021153551,141.791,0.0128
s,6.020334577,141.583,0.0135
s,6.020334577,140.986,0.0135
s,6.020334577,141.324,0.0135
s,6.02021753,140.904,0.0136
s,6.020334158,141.746,0.0135
s,6.020334158,141.975,0.0135
s,6.020334158,141.604,0.0135
s,6.020334385,141.713,0.0134
s,6.020334385,141.54,0.0134
s,6.020334615,141.57,0.0133
s,6.020334385,140.918,0.0134
s,6.020101164,141.665,0.0134
s,6.020101164,141.661,0.0134
s,6.020101164,141.44,0.0134
s,6.020101164,141.471,0.0134
s,6.020217984,141.515,0.0134
s,6.020217984,141.252,0.0134
s,6.020334615,141.688,0.0133
s,6.020334846,141.184,0.0132
s,6.020335078,141.151,0.0131
s,6.020451483,141.077,0.0131
s,6.0205683,140.788,0.0131
s,6.020568534,141.661,0.013
s,6.02091881,141.31,0.0129
s,6.02091881,141.314,0.0129
s,6.020919468,141.661,0.0128
s,6.020919468,141.511,0.0128
s,6.020919468,141.394,0.0128
s,6.021153114,141.48,0.0128
s,6.021153114,141.64,0.0128
s,6.021153354,141.722,0.0127
s,6.021153114,140.823,0.0128
s,6.021036486,141.584,0.0129
s,6.021036486,141.03,0.0129
s,6.021036486,141.496,0.0129
s,6.021036486,141.873,0.0129
s,6.020919659,142.061,0.0129
s,6.02091923,142.02,0.0129
s,6.020802598,141.252,0.013
s,6.020801938,142.038,0.0131
s,6.020568718,142.003,0.0131
s,6.020334615,142.048,0.0133
s,6.020218213,141.318,0.0133
s,6.020218213,140.909,0.0133
s,6.020101393,141.325,0.0133
s,6.020101393,141.5,0.0133
s,6.019751544,141.584,0.0134
s,6.019751544,141.804,0.0134
s,6.019751544,142.411,0.0134
s,6.019518325,142.093,0.0134
s,6.019518325,141.898,0.0134
s,6.019401502,141.393,0.0134
s,6.019401502,141.526,0.0134
s,6.019401502,141.231,0.0134
s,6.019401502,141.087,0.0134
s,6.019284878,142.441,0.0135
s,6.019284652,142.655,0.0136
s,6.019401703,142.915,0.0135
s,6.019401703,142.588,0.0135
s,6.019401703,142.165,0.0135
s,6.019285312,142.309,0.0135
s,6.019401914,142.297,0.0136
s,6.019401914,141.628,0.0136
s,6.019518743,141.973,0.0136
s,6.019518969,142.482,0.0135
m,6.019752861,141.752,0.0134
m,6.019752861,143.416,0.0134
m,6.019752861,141.823,0.0134
m,6.019403978,144.32,0.0129
m,6.003411443,145.476,0.013
m,5.997115205,151.837,0.013
m,5.994318848,144.857,0.0129
m,5.994318611,152.454,0.013
m,5.987795994,155.156,0.013
s,6.020568718,141.516,0.0131
s,6.020451665,141.557,0.0132
s,6.020451434,141.669,0.0133
s,6.020451434,141.524,0.0133
s,6.020451434,142.649,0.0133
s,6.019984993,141.526,0.0133
s,6.019867943,141.458,0.0134
s,6.019867715,141.949,0.0135
s,6.019751544,141.853,0.0134
s,6.019401502,141.714,0.0134
s,6.019401502,141.436,0.0134
s,6.019401502,141.531,0.0134
s,6.019401502,141.198,0.0134
s,6.019401502,141.923,0.0134
s,6.019401502,141.1,0.0134
s,6.019285105,141.775,0.0134
s,6.019284878,141.151,0.0135
s,6.019284878,140.87,0.0135
s,6.019284878,141.854,0.0135
s,6.019401703,141.779,0.0135
s,6.019285312,142.279,0.0135
s,6.019285312,141.946,0.0135
s,6.019285312,142.489,0.0135
s,6.019518969,141.904,0.0135
s,6.019636028,142.077,0.0134
m,6.019636028,142.259,0.0134
m,6.019636028,142.017,0.0134
m,6.019752633,142.206,0.0135
m,6.017419068,152.575,0.0128
m,6.014966277,151.196,0.0128
m,6.012280637,148.925,0.0128
m,6.009479063,147.661,0.0128
m,6.00644475,147.885,0.0129
m,5.984420296,150.706,0.0129
m,5.981046641,156.405,0.0128
m,5.977558188,145.277,0.0127
m,5.970818219,154.23,0.0126
m,5.967567783,152.94,0.0126
m,5.964433706,149.709,0.0126
m,5.961185141,153.794,0.0125
m,5.95805215,147.26,0.0125
m,5.954686859,154.798,0.0124
m,5.929793297,153.149,0.0121
m,5.926327517,160.501,0.0121
m,5.9193982,150.202,0.012
m,5.915822024,160.95,0.0119
m,5.891164272,146.631,0.0124
m,5.891164272,157.663,0.0124
m,5.884380472,149.246,0.0125
m,5.881050291,151.115,0.0126
m,5.8777178,146.577,0.0125
m,5.856509477,161.884,0.0124
m,5.856508971,155.842,0.0126
m,5.849756709,154.68,0.0125
m,5.846557146,153.307,0.0125
m,5.843358826,154.665,0.0126
m,5.820980731,152.687,0.0132
m,5.814595703,155.391,0.0132
m,5.811639734,149.841,0.0132
m,5.808571217,151.595,0.0132
m,5.785032366,157.787,0.0139
m,5.781521448,158.195,0.0139
m,5.778117842,149.416,0.0139
m,5.774602131,160.61,0.014
m,5.771096263,158.538,0.0141
m,5.751326623,157.831,0.0142
m,5.74794556,154.224,0.0145
m,5.74456674,159.043,0.0146
m,5.740954417,161.258,0.0148
m,5.737456855,157.36,0.0149
m,5.714207634,157.961,0.0152
m,5.710835688,157.961,0.0154
m,5.707465729,154.998,0.0154
m,5.704219766,152.973,0.0157
m,5.947613246,149.328,0.0124
m,5.944021753,148.094,0.0123
m,5.944022005,150.58,0.0122
m,5.936845231,146.098,0.0122
m,5.933376143,156.273,0.0122
m,5.912243909,146.396,0.012
m,5.908785663,148.101,0.0122
m,5.905210623,159.709,0.0123
m,5.901756113,154.776,0.0123
m,5.898299602,150.174,0.0123
m,5.87427154,149.704,0.0125
m,5.870482562,147.982,0.0124
m,5.863377599,155.965,0.0125
m,5.859942567,151.889,0.0125
m,5.840041918,157.879,0.0127
m,5.833761418,155.826,0.0127
m,5.830568871,151.117,0.0128
m,5.827365675,150.586,0.0128
m,5.824290017,157.919,0.0129
m,5.805269226,157.086,0.0133
m,5.802089521,151.223,0.0134
m,5.798797382,160.29,0.0136
m,5.79549975,153.899,0.0137
m,5.792210768,157.134,0.0139
m,5.767584135,151.344,0.0141
m,5.764308544,154.557,0.0141
m,5.761147549,157.631,0.0142
m,5.757988576,163.17,0.0141
m,5.733970584,156.546,0.015
m,5.730476016,153.79,0.0153
m,5.723851121,158.109,0.0152
m,5.723851121,156.783,0.0152
m,5.717345487,155.303,0.0152
m,5.697140124,148.034,0.0158
m,5.693552156,152.966,0.0159
m,5.689854153,155.727,0.0159
m,5.686157858,155.314,0.016
m,5.682698719,154.58,0.0162
m,5.679118338,151.626,0.0162
m,5.675763371,147.463,0.0162
m,5.672161919,147.482,0.0165
m,5.665658725,148.892,0.0164
m,5.661825814,150.691,0.0166
m,5.642039229,158.261,0.0171
m,5.634529268,158.007,0.0173
m,5.63452945,156.146,0.0172
m,5.627012586,153.486,0.0171
m,5.622957891,153.472,0.0172
m,5.595581245,160.706,0.0169
m,5.595581437,160.758,0.0168
m,5.587353325,158.434,0.0168
m,5.583531991,153.077,0.0169
m,5.559147507,153.965,0.0172
m,5.55498691,157.309,0.0179
m,5.551048979,161.611,0.0181
m,5.547253289,161.313,0.0184
m,5.54344377,157.273,0.0184
m,5.520059929,156.014,0.0192
m,5.516494693,160.708,0.0193
m,5.512567789,157.765,0.0196
m,5.504607304,155.304,0.0203
m,5.504606913,154.28,0.0206
m,5.477839323,149.865,0.021
m,5.469680522,156.857,0.0208
m,5.465530858,157.929,0.0204
m,5.465530858,155.111,0.0204
m,5.43682301,159.301,0.02
m,5.433283177,151.698,0.0198
m,5.429380117,147.873,0.0198
m,5.425388392,154.54,0.0198
m,5.421161276,158.515,0.02
m,5.397299699,155.685,0.019
m,5.393062574,155.574,0.0189
m,5.388846849,148.974,0.0187
m,5.384632211,148.359,0.0187
m,5.380547478,143.301,0.0187
m,5.657882817,151.895,0.0167
m,5.65381714,150.391,0.0168
m,5.649765387,155.988,0.0169
m,5.645839156,160.998,0.0171
m,5.6190159,155.344,0.0171
m,5.615185924,153.442,0.0171
m,5.611121636,153.317,0.0169
m,5.603341842,151.691,0.0171
m,5.599516574,154.26,0.0169
m,5.580169288,160.843,0.0168
m,5.577263862,161.419,0.0171
m,5.571633029,162.115,0.017
m,5.568810805,155.98,0.017
m,5.565878392,152.161,0.0171
m,5.535607654,156.273,0.0186
m,5.531455193,158.427,0.0188
m,5.527540071,160.254,0.019
m,5.523862488,157.388,0.0191
m,5.497343347,158.075,0.0207
m,5.493641165,158.672,0.0208
m,5.489940113,157.63,0.0207
m,5.486020573,155.256,0.0209
m,5.481992645,155.527,0.0211
m,5.458070101,159.703,0.0203
m,5.454395934,155.808,0.0203
m,5.450941159,162.022,0.0202
m,5.447250752,157.3,0.0202
m,5.440255279,149.885,0.0201
m,5.417172812,152.95,0.0197
m,5.40941652,148.266,0.0196
m,5.409416823,158.29,0.0194
m,5.401409691,162.223,0.0192
m,5.376464143,151.427,0.0188
m,5.368821608,149.168,0.019
m,5.368821286,141.819,0.0192
m,5.361507634,150.814,0.0192
m,5.357970759,151.294,0.0192
m,5.354542795,150.299,0.0192
m,5.351115967,150.524,0.0191
m,5.347560926,146.852,0.0191
m,5.343899203,147.504,0.019
m,5.314836147,162.711,0.0183
m,5.314836147,152.89,0.0183
m,5.307576521,146.538,0.0182
m,5.304055781,156.384,0.0181
m,5.300536142,152.974,0.018
m,5.281175139,154.55,0.0172
m,5.281175341,157.628,0.0171
m,5.274127723,149.977,0.017
m,5.270617314,157.538,0.0169
m,5.266932914,157.227,0
m,5.243458472,155.002,0.0162
m,5.23613806,150.667,0.0163
m,5.232533018,150.861,0.0163
m,5.229272585,157.248,0.0163
m,5.209795191,152.312,0.0156
m,5.202765053,153.741,0.0154
m,5.199276667,152.542,0.0155
m,5.195658595,157.228,0.0153
m,5.192041088,148.389,0.0153
m,5.169437793,156.626,0.0153
m,5.166276419,160.65,0.0154
m,5.162878793,157.873,0.0154
m,5.159509293,152.137,0.0153
m,5.155930345,156.065,0.0153
m,5.133804216,152.646,0.0161
m,5.130416291,155.959,0.0162
m,5.127189954,151.262,0.0164
m,5.123831551,151.354,0.0168
m,5.100225864,151.667,0.0173
m,5.096640083,154.269,0.0171
m,5.093188193,153.202,0.0172
m,5.08649673,156.671,0.0172
m,5.082840177,156.935,0.0174
m,5.336255777,152.067,0.0188
m,5.332489505,153.791,0.0187
m,5.328960968,157.973,0.0187
m,5.325433686,144.87,0.0186
m,5.321885833,150.751,0.0183
m,5.297361665,147.413,0.0179
m,5.294166128,151.602,0.0174
m,5.290970666,158.474,0.0173
m,5.284475127,152.327,0.0172
m,5.26301949,160.398,0.0165
m,5.259168797,161.399,0.0164
m,5.251470804,150.243,0.0163
m,5.247410625,153.326,0.0163
m,5.243458472,161.046,0.0162
m,5.225882925,150.821,0.016
m,5.222705813,158.073,0.016
m,5.216223208,151.641,0.0159
m,5.213179937,147.84,0.0159
m,5.209794493,149.641,0.0159
m,5.188556563,150.533,0.0152
m,5.181907114,159.449,0.0152
m,5.178636671,155.13,0.0152
m,5.172468082,150.62,0.0152
m,5.152351734,158.857,0.0157
m,5.149040196,152.047,0.0157
m,5.142785841,158.86,0.0159
m,5.142785377,160.351,0.0161
m,5.136850719,150.578,0.016
m,5.120370765,153.921,0.0167
m,5.113974899,156.829,0.0167
m,5.110858868,154.955,0.0169
m,5.110858868,155.078,0.0169
m,5.103680371,155.369,0.0171
m,5.078947867,159.543,0.0174
m,5.075428201,155.069,0.0175
m,5.07201401,153.23,0.0176
m,5.068809327,157.486,0.0175
m,5.065575521,159.258,0.0175
m,5.058977019,156.271,0.0175
m,5.058977019,158.889,0.0175
m,5.05183412,157.751,0.0175
m,5.048295125,156.543,0.0175
m,5.024117805,147.116,0.0169
m,5.020724109,156.456,0.0169
m,5.017332634,155.178,0.0166
m,5.014282342,158.342,0.0168
m,4.995140724,153.022,0.0167
m,4.992816926,155.087,0.0169
m,4.990494663,154.071,0.0171
m,4.985924396,159.878,0.0171
m,4.983504572,152.53,0.0172
m,4.970343175,160.116,0.0183
m,4.965323505,156.752,0.0185
m,4.96278163,155.514,0.0186
m,4.960276178,149.21,0.0187
m,4.957807394,150.35,0.0189
m,4.948145942,151.222,0.0187
s,4.948247089,150.28,0.0187
s,4.948210929,150.847,0.0189
s,4.948073814,150.206,0.019
s,4.948037329,151.328,0.0194
s,4.948138667,150.738,0.0193
s,4.948138491,150.769,0.0194
s,4.948138317,151.932,0.0195
s,4.948102394,152.335,0.0196
s,4.948232621,151.472,0.02
s,4.948196752,150.836,0.0201
s,4.948196752,150.743,0.0201
s,4.948196752,150.922,0.0201
s,4.948297783,151.637,0.0202
s,4.948529564,151.486,0.0205
s,4.948529412,150.644,0.0206
s,4.948493612,150.983,0.0207
s,4.948493612,151.853,0.0207
m,5.044860745,153.448,0.0176
m,5.041531441,150.169,0.0175
m,5.038307068,153.806,0.0172
m,5.031281692,157.165,0.0171
m,5.027647212,159.66,0.0171
m,5.008386712,158.342,0.0167
m,5.008386712,155.955,0.0167
m,5.002838586,153.226,0.0167
m,5.000202408,150.74,0.0167
m,4.997670908,159.968,0.0166
m,4.983504141,156.095,0.0174
m,4.97826171,156.747,0.0174
m,4.975438393,152.36,0.0179
m,4.972957615,161.987,0.0182
m,4.9553763,155.281,0.0189
m,4.952983022,153.35,0.0189
m,4.951270997,154.064,0.019
m,4.949794377,151.477,0.0187
m,4.94888978,151.847,0.0187
s,4.948073451,153.059,0.0192
s,4.948174609,152.139,0.0192
s,4.948174609,150.989,0.0192
s,4.948037506,152.242,0.0193
s,4.948037506,151.187,0.0193
s,4.948203565,151.402,0.0196
s,4.948304566,150.692,0.0197
s,4.948167491,151.821,0.0198
s,4.948232786,150.904,0.0199
s,4.948398976,150.93,0.0202
s,4.948363134,150.486,0.0203
s,4.948363134,150.88,0.0203
s,4.948464335,152.3,0.0203
s,4.948565382,150.308,0.0204
s,4.948493612,149.9,0.0207
s,4.948493463,151.079,0.0208
s,4.948493317,150.786,0.0209
s,4.948594389,151.561,0.021
s,4.948594389,150.804,0.021
s,4.948695467,151.43,0.0211
s,4.948695467,150.241,0.0211
s,4.948695327,151.078,0.0212
s,4.948695327,151.661,0.0212
s,4.948695189,150.893,0.0213
s,4.948968637,150.471,0.0215
s,4.948968637,150.542,0.0215
s,4.948968505,150.959,0.0216
s,4.948968505,151.107,0.0216
s,4.948968505,151.24,0.0216
s,4.949140897,151.508,0.0217
s,4.949140897,150.008,0.0217
s,4.949141027,151.24,0.0216
s,4.949140897,150.762,0.0217
s,4.94890282,152.194,0.0217
s,4.94890282,151.685,0.0217
s,4.948867033,151.73,0.0218
s,4.948867033,151.928,0.0218
s,4.948867033,151.867,0.0218
s,4.948729919,150.966,0.022
s,4.94869428,150.989,0.022
s,4.94869428,150.996,0.022
s,4.948694158,151.649,0.0221
s,4.948694158,150.738,0.0221
s,4.948152431,151.534,0.0221
s,4.948051218,150.975,0.0221
s,4.948051218,149.957,0.0221
s,4.948051218,153.216,0.0221
s,4.947711933,151.828,0.0221
s,4.947575066,151.67,0.0221
s,4.947336989,152.515,0.0221
s,4.947336989,150.886,0.0221
s,4.947200125,151.191,0.0221
s,4.947164362,151.674,0.0222
s,4.947027626,152.125,0.0221
s,4.946890776,150.867,0.0221
s,4.946753927,150.657,0.0221
s,4.946515853,151.265,0.0221
s,4.948695189,150.948,0.0213
s,4.948832045,150.996,0.0213
s,4.948832045,149.777,0.0213
s,4.948831909,150.793,0.0214
s,4.948968505,152.42,0.0216
s,4.948968505,152.244,0.0216
s,4.948968375,151.911,0.0217
s,4.949105238,150.099,0.0217
s,4.949105238,151.9,0.0217
s,4.949141027,152.127,0.0216
s,4.949039822,150.116,0.0216
s,4.948902949,151.769,0.0216
s,4.948902949,151.594,0.0216
s,4.94890282,151.38,0.0217
s,4.948730043,151.318,0.0219
s,4.948730169,150.143,0.0218
s,4.948730043,151.138,0.0219
s,4.948730043,151.745,0.0219
s,4.948456081,150.669,0.0221
s,4.948456081,150.921,0.0221
s,4.948354862,151.911,0.0221
s,4.948253646,150.411,0.0221
s,4.948152431,150.548,0.0221
s,4.948051218,150.296,0.0221
s,4.948051218,151.455,0.0221
s,4.948051218,150.636,0.0221
s,4.947950009,151.548,0.0221
s,4.947813141,151.06,0.0221
s,4.947200125,151.889,0.0221
s,4.94730134,151.028,0.0221
s,4.947164362,151.271,0.0222
s,4.947164362,150.514,0.0222
s,4.946652822,150.934,0.022
s,4.946414747,151.834,0.022
s,4.946414747,150.542,0.022
s,4.946551721,150.307,0.0219
s,4.946414871,151.792,0.0219
s,4.946414997,149.792,0.0218
s,4.946313773,150.171,0.0218
s,4.946313901,151.932,0.0217
s,4.946177049,150.058,0.0217
s,4.945873643,151.506,0.0215
s,4.945909288,150.498,0.0215
s,4.94577256,151.228,0.0214
s,4.945772696,151.203,0.0213
s,4.94553462,151.431,0.0213
s,4.945189806,152.97,0.0212
s,4.945154202,150.786,0.0212
s,4.945154202,151.258,0.0212
s,4.945154202,151.136,0.0212
s,4.945154342,150.765,0.0211
s,4.944779722,151.373,0.0209
s,4.944815318,152.181,0.0209
s,4.94471423,150.411,0.0208
s,4.944714378,152.068,0.0207
s,4.944410992,150.789,0.0205
s,4.94444662,150.372,0.0205
s,4.944345401,150.792,0.0205
s,4.944244184,150.644,0.0205
s,4.944142969,151.498,0.0205
s,4.943904894,151.615,0.0205
s,4.943666818,150.886,0.0205
s,4.943666818,152.071,0.0205
s,4.943529955,151.414,0.0205
s,4.943393097,152.73,0.0205
s,4.943286237,150.482,0.0205
s,4.943286392,150.786,0.0204
s,4.943250794,151.388,0.0204
s,4.943113962,150.229,0.0204
m,4.9407865,159.031,0.0201
m,4.9407865,152.947,0.0201
m,4.938401239,155.025,0.02
m,4.936689787,151.3,0.02
m,4.934914993,152.555,0.02
s,4.946075824,150.701,0.0217
s,4.946075954,150.669,0.0216
s,4.945974864,150.786,0.0215
s,4.945873643,149.625,0.0215
s,4.945873643,151.284,0.0215
s,4.94553462,152.116,0.0213
s,4.945362131,151.039,0.0213
s,4.94532651,151.203,0.0213
s,4.945189806,151.4,0.0212
s,4.945154342,150.952,0.0211
s,4.945017509,151.178,0.0211
s,4.945017651,150.025,0.021
s,4.945017651,150.815,0.021
s,4.944779577,151.242,0.021
s,4.944613147,150.308,0.0207
s,4.944375071,151.177,0.0207
s,4.944375071,151.526,0.0207
s,4.944375221,151.843,0.0206
s,4.944273992,150.961,0.0206
s,4.944178626,149.828,0.0205
s,4.944178626,150.787,0.0205
s,4.944041758,150.75,0.0205
s,4.944041758,150.831,0.0205
s,4.943494317,150.725,0.0205
s,4.943357466,150.207,0.0205
s,4.943321845,150.3,0.0205
s,4.943321845,150.684,0.0205
s,4.943321845,150.205,0.0205
m,4.943114118,150.97,0.0203
m,4.943114118,150.568,0.0203
m,4.943114277,154.699,0.0202
m,4.943114277,150.923,0.0202
m,4.942774962,155.697,0.0202
m,4.932875714,150.176,0.02
m,4.93080276,156.349,0.0199
m,4.928906203,153.461,0.0198
m,4.927012333,149.434,0.0198
m,4.924920202,151.591,0.0198
m,4.920883381,150.355,0.0198
m,4.91876338,153.943,0.0198
m,4.916922222,151.462,0.0198
m,4.914946383,149.835,0.0197
m,4.905210711,149.781,0.0204
m,4.901238283,144.278,0.0203
m,4.899127537,149.888,0.0204
m,4.896841794,155.533,0.0206
m,4.894718518,145.375,0.0211
m,4.879708075,149.191,0.0221
m,4.877582318,143.641,0.0219
m,4.872965317,149.317,0.0219
m,4.872965446,158.272,0.0218
m,4.854309993,146.95,0.0211
m,4.852179605,149.312,0.0209
m,4.850154584,155.511,0.0209
m,4.848319546,141.054,0.0207
m,4.846109377,150.984,0.0204
m,4.828700007,141.081,0.0209
m,4.82642971,141.48,0.0209
m,4.821903311,145.247,0.0208
m,4.819695824,146.038,0.0207
m,4.817396945,146.922,0.0205
m,4.801953793,148.839,0.0205
m,4.799644436,139.149,0.0206
m,4.797290535,147.236,0.0208
m,4.79513022,143.025,0.0209
m,4.781419869,136.281,0.0207
m,4.777819338,136.999,0.0206
m,4.775883924,145.791,0.0206
m,4.773807105,153.46,0.0206
m,4.773807266,150.849,0.0205
m,4.760086461,156.545,0.0202
m,4.758132272,153.344,0.0202
m,4.756088721,143.695,0.0204
m,4.754195394,151.416,0.0203
m,4.752544118,150.479,0.0203
m,4.912935092,148.32,0.0198
m,4.910726952,154.217,0.0197
m,4.907033843,156.883,0.0199
m,4.905210711,149.833,0.0204
m,4.89273991,153.695,0.0213
m,4.888479322,146.312,0.0213
m,4.885817274,155.886,0.022
m,4.88363652,151.192,0.0223
m,4.881599926,150.355,0.0224
m,4.868030091,141.76,0.0217
m,4.865449986,142.16,0.0217
m,4.863069618,139.809,0.0218
m,4.860986314,139.03,0.0217
m,4.856753036,150.983,0.0215
m,4.841121047,138.766,0.0204
m,4.836391731,148.899,0.0203
m,4.83382377,139.055,0.0204
m,4.831356265,140.652,0.0205
m,4.815102164,143.701,0.0204
m,4.812811646,145.144,0.0203
m,4.808624912,145.215,0.0203
m,4.80653903,157.382,0.0203
m,4.804268302,148.908,0.0203
m,4.793068805,143.846,0.0207
m,4.788856611,141.76,0.0207
m,4.786994236,137.743,0.0207
m,4.78499097,141.38,0.0206
m,4.783229495,135.699,0.0205
m,4.769820765,144.197,0.0205
m,4.767859965,150.947,0.0205
m,4.76581097,144.229,0.0203
m,4.763952025,144.939,0.0202
m,4.750604226,143.563,0.0201
m,4.747228605,152.934,0.0199
m,4.745262322,147.018,0.0198
m,4.745262682,142.36,0.0196
m,4.741452682,155.292,0.0195
m,4.739645687,150.309,0.0195
m,4.737696017,150.59,0.0194
m,4.735694375,148.054,0.0193
m,4.733843651,154.609,0.0192
m,4.721899042,154.809,0.0187
m,4.719929474,153.057,0.0188
m,4.718053923,155.17,0.0188
m,4.714133485,153.104,0.0187
m,4.71217867,159.996,0.0187
m,4.700767861,148.273,0.0181
m,4.698989299,149.96,0.0179
m,4.698988862,148.323,0.0181
m,4.695204368,154.079,0.0181
m,4.693437111,149.732,0.0181
m,4.680664509,158.377,0.0177
m,4.678690105,151.47,0.0177
m,4.677195666,148.067,0.0178
m,4.673242022,151.64,0.0179
m,4.671235403,147.371,0.0192
m,4.669802214,149.72,0.0191
m,4.668372172,153.851,0.0191
m,4.664872623,141.842,0.0196
m,4.663365908,139.747,0.02
m,4.654166258,148.743,0.0205
m,4.650794175,150.948,0.0205
m,4.649146958,158.677,0.0208
m,4.647351551,158.08,0.0209
m,4.645730037,153.011,0.0211
m,4.635204586,145.221,0.0221
m,4.633610117,141.404,0.0224
m,4.63169724,144.421,0.0228
m,4.630095563,141.794,0.0229
m,4.618405593,140.949,0.0243
m,4.614949734,153.534,0.0244
m,4.613150833,146.165,0.0246
m,4.613150676,155.785,0.0248
m,4.730369343,154.843,0.0192
m,4.728858921,150.387,0.019
m,4.727056763,149.411,0.0188
m,4.727056763,148.523,0.0188
m,4.723633713,152.927,0.0187
m,4.710227733,155.929,0.0186
m,4.70819106,156.883,0.0184
m,4.706217762,152.324,0.0181
m,4.704337346,151.882,0.0182
m,4.691585367,148.614,0.018
m,4.689676612,152.132,0.0179
m,4.686108248,147.959,0.0178
m,4.684298661,152.954,0.0178
m,4.682404298,158.702,0.0179
m,4.672424661,154.527,0.0185
m,4.672423442,149.584,0.0191
m,4.672449584,149.695,0.0193
m,4.672038409,155.253,0.0194
m,4.672241533,145.841,0.0191
m,4.663366087,144.533,0.0199
m,4.659717019,144.102,0.0199
m,4.65772591,141.842,0.0202
m,4.654166427,148.94,0.0204
m,4.644196801,162.907,0.0214
m,4.641124095,151.71,0.0215
m,4.639753853,158.308,0.0218
m,4.638080957,157.493,0.022
m,4.636564448,147.284,0.0221
m,4.627002153,147.051,0.0231
m,4.625188236,146.397,0.0233
m,4.623364694,147.918,0.0234
m,4.621782695,152.427,0.0236
m,4.62013376,147.471,0.0241
m,4.609957724,148.641,0.0249
m,4.608326278,152.481,0.0251
m,4.606699231,145.948,0.0253
m,4.604994321,143.903,0.0255
m,4.603695663,143.435,0.0256
m,4.600472433,155.881,0.0259
m,4.598867469,143.74,0.026
m,4.597266927,152.311,0.0261
m,4.595589279,137.809,0.0262
m,4.593916189,147.342,0.0266
m,4.584672971,147.233,0.0277
m,4.583033919,145.014,0.0278
m,4.581395439,145.047,0.0279
m,4.577661273,146.515,0.0279
m,4.575959379,155.058,0.0278
m,4.56389334,150.636,0.0286
m,4.563893354,157.081,0.0288
m,4.560742522,159.18,0.0289
m,4.559253978,156.336,0.0292
m,4.548893793,158.457,0.0301
m,4.548893832,147.39,0.0302
m,4.546232233,149.478,0.0301
m,4.544867406,149.405,0.0301
m,4.543506869,151.389,0.03
m,4.534949663,152.861,0.0308
m,4.534949663,159.033,0.0308
m,4.531980677,155.222,0.0309
m,4.530347124,144.246,0.031
m,4.528878328,159.145,0.0313
m,4.516871051,146.864,0.0318
m,4.514983017,140.163,0.032
m,4.513100542,141.155,0.0318
m,4.511149708,150.617,0.0318
m,4.498622356,148.544,0.0313
m,4.497102638,152.087,0.0311
m,4.495986063,147.971,0.032
m,4.492902572,157.81,0.0326
m,4.492902763,156.826,0.0328
m,4.482673192,149.68,0.0332
m,4.481231706,161.987,0.0338
m,4.479561419,156.246,0.0337
m,4.476219763,149.635,0.0336
m,4.47621988,149.041,0.0337
m,4.59224788,141.118,0.0268
m,4.589393442,148.924,0.027
m,4.587814726,141.642,0.0274
m,4.586085025,147.342,0.0276
m,4.574106255,148.477,0.0279
m,4.572338325,147.553,0.028
m,4.57057568,155.475,0.0282
m,4.56873897,150.765,0.0283
m,4.566987059,144.756,0.0284
m,4.557928677,149.371,0.0291
m,4.556450731,149.673,0.0291
m,4.554819853,148.425,0.0293
m,4.553194114,159.114,0.0297
m,4.551729085,154.816,0.0298
m,4.541991625,152.048,0.0301
m,4.540639861,153.24,0.0305
m,4.537942797,154.821,0.0305
m,4.536520587,145.702,0.0306
m,4.527178658,144.594,0.0315
m,4.523794045,141.652,0.0316
m,4.522034052,155.367,0.0318
m,4.520439538,146.907,0.0317
m,4.518615129,152.193,0.0318
m,4.50920506,149.256,0.0318
m,4.505583066,154.578,0.0319
m,4.503731014,150.772,0.0317
m,4.501972762,157.053,0.0315
m,4.500294488,154.24,0.0314
m,4.489624367,148.482,0.0328
m,4.4876876,155.668,0.0329
m,4.48590164,154.591,0.033
m,4.484284311,150.731,0.0331
m,4.472647142,158.933,0.0338
m,4.470964359,152.6,0.0337
m,4.469216208,157.402,0.0338
m,4.467848178,152.391,0.0338
m,4.46486867,152.688,0.0339
m,4.463420248,149.933,0.0338
m,4.462000268,151.149,0.0338
m,4.460655106,155.72,0.0339
m,4.459453894,157,0.034
m,4.449209174,154.689,0.0339
m,4.447534458,155.679,0.0339
m,4.445796672,151.004,0.0339
m,4.44406454,160.583,0.0339
m,4.440714531,153.956,0.0339
m,4.431865733,153.295,0.034
m,4.430478918,147.849,0.0339
m,4.429464155,149.362,0.0339
m,4.426417284,153.124,0.0339
m,4.42511815,148.746,0.0339
m,4.417213965,142.332,0.0344
m,4.415691464,153.66,0.0345
m,4.412562971,151.468,0.0344
m,4.411021535,150.487,0.0343
m,4.401128627,146.329,0.034
m,4.401128503,149.919,0.0339
m,4.398263994,150.134,0.0337
m,4.396839263,142.805,0.0333
m,4.39542002,156.151,0.0331
m,4.387327222,147.121,0.0319
m,4.387326999,145.441,0.0316
m,4.384548702,148.069,0.0314
m,4.383283616,141.417,0.0312
m,4.382086103,152.799,0.031
m,4.373349223,144.454,0.0308
m,4.372134893,148.293,0.0308
m,4.371095968,153.067,0.0307
m,4.368686275,154.969,0.0309
m,4.359538898,151.419,0.0299
m,4.357228964,159.353,0.0298
m,4.355972381,152.24,0.0295
m,4.354609991,154.176,0.0293
m,4.353137317,142.441,0.0293
m,4.458256432,158.749,0.0338
m,4.455476422,147.819,0.0339
m,4.4538243,157.13,0.0339
m,4.4538243,148.772,0.0339
m,4.450820253,155.013,0.0338
m,4.438766517,158.926,0.0339
m,4.43669646,158.512,0.0339
m,4.435158048,159.548,0.034
m,4.433827381,149.933,0.0339
m,4.423890508,146.788,0.034
m,4.423000374,141.521,0.0342
m,4.42151822,155.527,0.0343
m,4.420076899,152.915,0.0345
m,4.418475354,147.704,0.0344
m,4.409485339,150.839,0.034
m,4.407852497,150.137,0.0341
m,4.406289037,150.113,0.0341
m,4.404897628,156.548,0.034
m,4.403678786,141.252,0.034
m,4.394006038,147.9,0.0329
m,4.392723311,149.946,0.0327
m,4.390277847,153.614,0.0326
m,4.388884368,150.589,0.0325
m,4.381017579,144.879,0.0312
m,4.378541821,144.829,0.0313
m,4.377365724,160.508,0.0312
m,4.376134021,149.622,0.031
m,4.37479963,153.621,0.0308
m,4.368686275,150.326,0.0309
m,4.365782707,148.121,0.0305
m,4.364255929,155.299,0.0301
m,4.362447021,150.318,0.0301
m,4.361045063,145.588,0.0301
m,4.351900243,144.476,0.0291
m,4.350440888,160.433,0.0286
m,4.348344837,150.583,0.0284
m,4.348344841,150.699,0.0283
m,4.346271891,147.647,0.028
m,4.345242234,139.5,0.0279
m,4.344045687,145.375,0.0278
m,4.343025068,157.195,0.0277
m,4.341340798,145.445,0.0277
m,4.332397942,146.069,0.0263
m,4.329084247,140.602,0.0262
m,4.329084302,152.463,0.0261
m,4.325855286,149.252,0.026
m,4.313721453,142.869,0.025
m,4.312291738,157.155,0.0245
m,4.312291555,142.669,0.0247
m,4.308807891,144.851,0.0246
m,4.307326616,145.894,0.0244
m,4.298546139,146.949,0.0245
m,4.296639669,140.638,0.0242
m,4.29531116,143.526,0.0242
m,4.291991562,155.542,0.0243
m,4.290400738,138.631,0.0243
m,4.280973005,146.195,0.024
m,4.280972899,146.245,0.0241
m,4.277960036,144.962,0.0243
m,4.276747411,150.592,0.0247
m,4.2650861,143.568,0.0244
m,4.265086003,150.327,0.0245
m,4.262026132,145.479,0.0245
m,4.260465178,148.708,0.0244
m,4.258733087,141.377,0.025
m,4.248681179,143.974,0.0255
m,4.246915828,150.935,0.0255
m,4.245457429,143.751,0.0257
m,4.244049669,150.239,0.026
m,4.241818752,148.906,0.0262
m,4.232792096,142.335,0.0253
m,4.232367342,143.616,0.0251
m,4.231997955,139.747,0.0249
m,4.231637147,140.776,0.0247
m,4.340046972,149.287,0.0274
m,4.338700863,150.423,0.0273
m,4.337131096,151.661,0.0271
m,4.335565774,151.621,0.0269
m,4.33389329,149.225,0.0266
m,4.32416752,149.111,0.0259
m,4.322313694,154.479,0.0258
m,4.320520947,145.623,0.0254
m,4.318788458,144.483,0.0252
m,4.317170008,149.325,0.0251
m,4.305676482,147.063,0.0243
m,4.3041513,151.52,0.024
m,4.302283676,143.79,0.0241
m,4.300526075,146.286,0.0242
m,4.288989487,147.251,0.0242
m,4.287635281,140.903,0.0242
m,4.286286719,158.52,0.0239
m,4.284769093,145.504,0.0238
m,4.282076325,139.975,0.0237
m,4.275315304,156.202,0.0245
m,4.273513103,152.809,0.0247
m,4.269851713,146.275,0.0247
m,4.268341631,148.293,0.0245
m,4.266662023,149.73,0.0244
m,4.257260111,151.441,0.0252
m,4.253821362,145.195,0.0254
m,4.252157047,146.754,0.0255
m,4.250417297,140.871,0.0254
m,4.241818809,146.048,0.0261
m,4.239224552,142.807,0.0258
m,4.238101308,145.284,0.0257
m,4.236664684,141.939,0.0258
m,4.234962569,140.951,0.0255
m,4.231637147,140.41,0.0247
m,4.231813205,140.765,0.025
m,4.231989364,142.265,0.0252
m,4.232434097,142.13,0.0255
m,4.232433888,140.666,0.0258
m,4.233008888,140.479,0.026
m,4.233185094,140.78,0.0262
m,4.233407418,139.948,0.0265
m,4.233629646,142.747,0.0271
m,4.234250872,142.184,0.0273
m,4.234464859,153.044,0.0283
m,4.234326434,143.385,0.0283
m,4.233512627,141.404,0.0284
m,4.233512632,140.321,0.0283
m,4.231472447,150.754,0.0282
m,4.216303802,141.015,0.0266
m,4.215998651,144.908,0.0263
m,4.216012184,138.935,0.026
m,4.216252607,142.83,0.0258
m,4.217148333,141.061,0.0246
m,4.217729099,143.977,0.0245
m,4.432776353,152.148,0.0284
m,4.433384044,150.239,0.0287
m,4.435054491,152.739,0.0289
m,4.443495553,151.775,0.0293
m,4.445445959,154.858,0.0293
m,4.445446002,154.361,0.0295
m,4.448894768,152.631,0.0297
m,4.450555029,160.293,0.0299
m,4.461166164,148.55,0.0301
m,4.462546363,151.233,0.0301
m,4.463771225,157.933,0.0303
m,4.465830239,156.217,0.0305
m,4.47384053,142.048,0.0308
m,4.476734659,146.898,0.0308
m,4.478421133,152.974,0.0308
m,4.479945296,156.223,0.0308
m,4.481871812,161.183,0.0306
m,4.489179164,151.601,0.0293
m,4.492273554,160.025,0.029
m,4.493709704,155.322,0.0288
m,4.494832792,157.039,0.0286
m,4.496197103,158.551,0.0283
m,4.234250816,142.821,0.0275
m,4.234473221,136.018,0.0279
m,4.2346495,133.964,0.0282
m,4.234649486,148.176,0.0284
m,4.229933225,141.07,0.0281
m,4.2277817,138.54,0.0281
m,4.225199922,138.951,0.0277
m,4.222147516,141.415,0.0272
m,4.217371287,138.234,0.0268
m,4.216367995,144.101,0.0255
m,4.216214223,157.315,0.0253
m,4.216214385,152.138,0.0251
m,4.216479082,150.006,0.0249
m,4.216700031,147.306,0.0247
m,4.43637222,149.059,0.0288
m,4.437346952,155.234,0.029
m,4.43870282,151.834,0.0291
m,4.440043443,150.465,0.0293
m,4.452147761,153.339,0.0299
m,4.453745662,153.801,0.03
m,4.456795059,158.462,0.03
m,4.4579383,153.797,0.0301
m,4.459395175,149.643,0.0302
m,4.467308824,153.562,0.0305
m,4.467308778,151.77,0.0304
m,4.470112502,148.246,0.0305
m,4.471449284,142.984,0.0306
m,4.472481642,140.871,0.0307
m,4.483569188,155.297,0.0304
m,4.485356382,161.85,0.0301
m,4.487845895,154.651,0.0299
m,4.489179233,157.893,0.0296
m,4.498934905,150.123,0.0275
m,4.500471068,158.502,0.0271
m,4.501700928,157.695,0.0265
m,4.502933355,154.506,0.0261
m,4.504250816,158.738,0.0259
m,4.505652755,155.935,0.0256
m,4.506507678,152.825,0.0252
m,4.50728871,155.752,0.0246
m,4.508545988,153.351,0.0243
m,4.530316604,151.268,0.0249
m,4.53828206,151.913,0.025
m,4.545860922,161.745,0.0251
m,4.545860851,158.648,0.0252
m,4.553440975,160.06,0.0252
m,4.571166641,161.336,0.0253
m,4.574100671,161.517,0.0252
m,4.57798702,158.012,0.0251
m,4.581239295,160.272,0.0251
m,4.586653754,160.904,0.0252
m,4.605244146,161.544,0.0254
m,4.608445096,156.081,0.0253
m,4.615728068,160.758,0.0254
m,4.619492387,159.103,0.0254
m,4.640972459,161.83,0.025
m,4.640972459,161.358,0.025
m,4.646707115,157.615,0.025
m,4.649859446,157.759,0.025
m,4.653410048,158.957,0.0249
m,4.671825638,157.845,0.0248
m,4.675147976,156.132,0.0247
m,4.677990969,160.263,0.0247
m,4.681306476,151.316,0.0251
m,4.687397116,152.301,0.0252
m,4.706751176,154.273,0.0253
m,4.709774285,145.989,0.0252
m,4.712402685,159.719,0.0253
m,4.715032842,162.293,0.0254
m,4.732552298,156.671,0.0258
m,4.734684026,160.522,0.026
m,4.737230678,150.677,0.0265
m,4.739457475,150.118,0.0267
m,4.741379734,155.931,0.0268
m,4.512567143,152.938,0.0239
m,4.515330423,149.06,0.0238
m,4.518804081,151.774,0.0237
m,4.522827764,153.438,0.0238
m,4.526532607,151.783,0.0248
m,4.557468472,156.748,0.0252
m,4.562870906,154.644,0.0252
m,4.562870906,160.615,0.0252
m,4.56879,157.573,0.0252
m,4.58928385,160.772,0.0252
m,4.592392445,162.394,0.0251
m,4.592392376,161.781,0.0252
m,4.599250027,162,0.0252
m,4.602286574,156.441,0.0252
m,4.622622848,160.15,0.0253
m,4.625596526,153.778,0.0252
m,4.628732016,157.067,0.0251
m,4.63178697,154.576,0.0251
m,4.638382393,163.284,0.025
m,4.656567504,160.157,0.0248
m,4.659567307,161.019,0.0248
m,4.665253571,155.133,0.0248
m,4.668260376,153.008,0.0247
m,4.687397116,159.779,0.0252
m,4.693270805,160.447,0.0252
m,4.69628527,154.984,0.0252
m,4.698905326,153.104,0.0252
m,4.701515082,152.84,0.0253
m,4.717738742,157.928,0.0255
m,4.720298353,157.121,0.0257
m,4.722859932,153.095,0.0258
m,4.725349777,151.131,0.0257
m,4.728090939,157.922,0.0257
m,4.743849406,162.135,0.0271
m,4.744484762,155.241,0.0273
m,4.746087465,153.127,0.0279
m,4.747217433,157.562,0.028
m,4.747700736,156.751,0.0282
m,4.748041966,158.134,0.0285
m,4.748385963,157.383,0.0288
m,4.749316752,154.711,0.029
m,4.750750879,159.531,0.0295
m,4.774769287,162.159,0.0314
m,4.77859944,153.527,0.0314
m,4.78196083,157.642,0.0315
m,4.785016718,152.051,0.0321
m,4.810091521,159.805,0.0325
m,4.813668741,158.899,0.0332
m,4.817174089,160.995,0.0334
m,4.820913917,155.21,0.0336
m,4.828903524,155.022,0.0344
m,4.849205916,157.145,0.036
m,4.85752268,158.074,0.036
m,4.861681792,153.087,0.0363
m,4.866217256,160.648,0.0363
m,4.869908171,155.131,0.0367
m,4.900132777,156.877,0.0369
m,4.90459815,162.26,0.037
m,4.908899977,161.896,0.0369
m,4.913202061,150.1,0.0369
m,4.941982868,152.284,0.0361
m,4.946214723,154.354,0.0361
m,4.950680735,154.655,0.036
m,4.955146533,155.858,0.0357
m,4.964171575,154.664,0.0354
m,4.986036687,157.595,0.0351
m,4.990503615,159.099,0.035
m,4.994970775,160.056,0.035
m,4.999203887,160.571,0.035
m,5.007577447,159.724,0.035
m,5.033892934,159.329,0.0349
m,5.035179365,161.848,0.035
m,5.035179227,163.067,0.0349
m,5.035740569,162.359,0.0349
m,4.753268701,158.534,0.0298
m,4.75652448,156.939,0.0301
m,4.759976553,153.535,0.0306
m,4.767291335,161.529,0.0309
m,4.771030309,152.743,0.0312
m,4.791811606,158.901,0.0321
m,4.791811606,157.666,0.0321
m,4.798893049,154.157,0.0323
m,4.802540896,151.382,0.0322
m,4.806351797,155.368,0.0322
m,4.828904336,155.196,0.035
m,4.836822449,155.036,0.0352
m,4.840889005,156.163,0.0355
m,4.845118283,155.621,0.0355
m,4.873598946,152.085,0.0369
m,4.877992122,155.002,0.0367
m,4.882456881,156.833,0.0367
m,4.886758869,159.77,0.0369
m,4.891223812,154.831,0.0369
m,4.917340563,158.281,0.0367
m,4.921479475,159.776,0.0367
m,4.929544553,151.776,0.0366
m,4.933612438,155.372,0.0364
m,4.933612271,152.944,0.0363
m,4.968567277,152.789,0.0353
m,4.972799797,161.203,0.0353
m,4.977103122,157.966,0.0353
m,4.981570002,155.991,0.0353
m,5.01164714,160.065,0.0349
m,5.015553343,155.942,0.0348
m,5.019459608,157.73,0.0347
m,5.023529399,161.745,0.0345
m,5.027506557,159.659,0.0346
s,5.035740569,162.979,0.0349
s,5.035576942,161.567,0.0349
s,5.035647688,162.403,0.0351
s,5.035647688,162.042,0.0351
s,5.035647688,163.024,0.0351
s,5.035718158,163.363,0.0351
s,5.035881503,161.167,0.0349
s,5.035951976,161.775,0.0349
s,5.035788493,162.111,0.035
s,5.035390922,159.659,0.0351
s,5.035461687,162.06,0.0353
s,5.035461833,160.15,0.0354
s,5.035461833,160.6,0.0354
s,5.035298366,161.792,0.0355
s,5.035532463,163.072,0.0355
s,5.035276032,160.659,0.0357
s,5.035348065,160.714,0
s,5.035439794,160.897,0.0358
s,5.035510287,161.468,0.0358
s,5.035487835,161.329,0.0359
s,5.035651436,160.67,0.0359
s,5.035721939,162.877,0.0359
s,5.035722097,160.996,0.036
s,5.035558657,161.878,0.0361
s,5.035933785,161.401,0.0361
s,5.035770354,161.623,0.0362
s,5.036004463,162.075,0.0362
s,5.036004302,160.223,0.0361
s,5.036167734,160.143,0.036
s,5.036004463,160.722,0.0362
s,5.036074821,162.087,0.0361
s,5.036238411,159.514,0.0361
s,5.036238251,162.554,0.036
s,5.036074821,161.504,0.0361
s,5.036074821,162.657,0.0361
s,5.036308932,161.441,0.0361
s,5.036308932,160.826,0.0361
s,5.036308932,161.386,0.0361
s,5.036635949,160.936,0.036
s,5.036635949,161.345,0.036
s,5.036472359,160.685,0.036
s,5.036472519,162.902,0.0361
s,5.036472519,161.293,0.0361
s,5.035461543,161.883,0.0352
s,5.035461687,160.963,0.0353
s,5.035461687,161.826,0.0353
s,5.035461687,160.569,0.0353
s,5.035695929,162.616,0.0354
s,5.035695929,161.369,0.0354
s,5.035602801,162.109,0.0354
s,5.035439339,162.045,0.0355
s,5.03527588,160.359,0.0356
s,5.035510443,160.313,0.0359
s,5.035346994,161.024,0.036
s,5.035346994,162.105,0.036
s,5.035253888,161.522,0.036
s,5.035487835,160.818,0.0359
s,5.035558657,162.184,0.0361
s,5.035629166,160.584,0.0361
s,5.035863271,161.041,0.0361
s,5.035933785,162.559,0.0361
s,5.036331326,162.182,0.036
s,5.036331326,161.346,0.036
s,5.036331326,161.887,0.036
s,5.036331647,160.779,0.0362
s,5.036168055,159.843,0.0362
s,5.036004302,161.714,0.0361
s,5.036004302,160.87,0.0361
s,5.035840873,162.12,0.0362
s,5.035840873,162.902,0.0362
s,5.035840873,160.632,0.0362
s,5.036074821,161.755,0.0361
s,5.036238411,161.712,0.0361
s,5.036238251,162.354,0.036
s,5.036635949,162.697,0.036
s,5.036542883,160.837,0.036
s,5.03687006,161.18,0.036
s,5.03687006,161.885,0.036
s,5.03687006,161.968,0.036
s,5.03687006,160.045,0.036
s,5.036799543,162.078,0.036
s,5.036869903,161.185,0.0359
s,5.037196929,162.286,0.0358
s,5.037594477,161.882,0.0357
s,5.03768741,160.973,0.0356
s,5.03768741,162.719,0.0356
s,5.038014458,161.395,0.0355
s,5.038084963,159.765,0.0355
s,5.037850858,161.24,0.0355
s,5.037921218,162.561,0.0354
s,5.037921072,161.668,0.0353
s,5.038155179,161.873,0.0353
s,5.03808467,161.295,0.0353
s,5.03808467,161.655,0.0353
s,5.038716479,160.441,0.0353
s,5.038716479,161.778,0.0353
s,5.038716624,161.293,0.0354
s,5.038716624,161.307,0.0354
s,5.039114181,159.843,0.0353
s,5.039043678,160.417,0.0353
s,5.039043678,162.178,0.0353
s,5.039043678,161.753,0.0353
s,5.039043534,162.021,0.0352
s,5.039534063,161.253,0.035
s,5.039370459,161.97,0.035
s,5.039370459,162.135,0.035
s,5.039370459,161.603,0.035
s,5.039370459,160.439,0.035
s,5.039277358,161.661,0.035
s,5.039113896,160.929,0.0351
s,5.038950299,160.515,0.0351
s,5.038950299,162.617,0.0351
s,5.039091182,162.409,0.035
s,5.039091044,162.958,0.0349
s,5.039161561,161.597,0.0349
s,5.039559127,160.485,0.0348
s,5.039722718,162.142,0.0348
s,5.03775792,161.864,0.0356
s,5.03775792,161.495,0.0356
s,5.03775792,162.075,0.0356
s,5.037758071,160.92,0.0357
s,5.037758071,161.028,0.0357
s,5.037850858,161.873,0.0355
s,5.03768726,160.665,0.0355
s,5.03768726,160.39,0.0355
s,5.03775777,158.82,0.0355
s,5.037921218,160.036,0.0354
s,5.037921218,161.928,0.0354
s,5.038225837,161.461,0.0354
s,5.038389285,161.655,0.0353
s,5.038552881,161.092,0.0353
s,5.038716772,159.817,0.0355
s,5.038646267,161.665,0.0355
s,5.038646267,162.196,0.0355
s,5.038880223,157.049,0.0354
s,5.039114181,160.987,0.0353
s,5.039136638,161.549,0.0352
s,5.039370599,160.579,0.0351
s,5.039534063,160.365,0.035
s,5.039697669,161.914,0.035
s,5.03960456,160.844,0.035
s,5.039768028,161.926,0.0349
s,5.039604422,163.113,0.0349
s,5.039604422,162.124,0.0349
s,5.039277358,161.773,0.035
s,5.039020809,159.478,0.0351
s,5.03902067,161.513,0.035
s,5.03902067,162.087,0.035
s,5.03902067,160.987,0.035
s,5.03902067,162.346,0.035
s,5.039722718,160.025,0.0348
s,5.039722718,161.926,0.0348
s,5.039722718,161.71,0.0348
s,5.039559263,160.929,0.0349
s,5.039488746,161.285,0.0349
s,5.039488746,162.916,0.0349
s,5.039488746,160.58,0.0349
s,5.039722718,161.932,0.0348
s,5.039793235,161.619,0.0348
s,5.039161561,159.26,0.0349
s,5.039161699,161.86,0.035
s,5.039232083,161.025,0.0349
s,5.039232083,162.305,0.0349
m,5.038904909,160.98,0.0349
m,5.038904909,162.175,0.0349
m,5.039139021,157.594,0.0349
m,5.040309453,157.014,0.0348
m,5.044520531,159.412,0.0348
m,5.059374516,152.172,0.0351
m,5.06248611,152.434,0.0353
m,5.065761107,149.95,0.0353
m,5.073340822,157.056,0.0353
m,5.077575162,157.965,0.0353
m,5.100293771,146.516,0.0357
m,5.104107714,146.628,0.0357
m,5.111712493,154.079,0.0357
m,5.115737339,151.601,0.0357
m,5.143217204,152.638,0.0357
m,5.147199517,158.714,0.0358
m,5.151089269,154.627,0.0357
m,5.155284863,159.717,0.0357
m,5.159388441,151.112,0.0355
m,5.178226735,161.081,0.0358
m,5.181198948,155.954,0.036
m,5.184030202,161.298,0.036
m,5.187260516,157.429,0.036
m,5.190655084,150.174,0.0358
m,5.213435564,157.971,0.0362
m,5.216716409,155.055,0.0363
m,5.219528765,152.464,0.0363
m,5.225715786,161.383,0.0364
s,5.039956692,160.524,0.0347
s,5.039956826,160.77,0.0348
s,5.039722718,162.753,0.0348
s,5.039559263,160.196,0.0349
s,5.03939567,162.041,0.0349
s,5.039232083,160.715,0.0349
s,5.039232083,162.963,0.0349
m,5.039068495,160.236,0.0349
m,5.039068495,162.747,0.0349
m,5.038904909,162.749,0.0349
m,5.044520531,154.889,0.0348
m,5.050742875,154.18,0.0349
m,5.053947171,151.173,0.0349
m,5.056660825,155.429,0.035
m,5.077575162,151.502,0.0353
m,5.085482691,155.748,0.0353
m,5.089226328,153.409,0.0354
m,5.093204054,158.633,0.0355
m,5.096713734,154.457,0.0356
m,5.119598296,146.971,0.0356
m,5.123365981,155.839,0.0356
m,5.127274185,152.75,0.0355
m,5.131323454,154.844,0.0356
m,5.135279423,156.726,0.0356
m,5.16356436,150.698,0.0355
m,5.166570622,154.184,0.0355
m,5.172522735,156.726,0.0356
m,5.172523036,157.614,0.0358
m,5.197234407,149.455,0.0357
m,5.200633355,148.345,0.0356
m,5.203890518,156.514,0.0356
m,5.206986267,151.375,0.0357
m,5.210246025,155.732,0.0358
m,5.22939698,150.257,0.0364
m,5.233693095,147.998,0.0366
m,5.237665684,144.432,0.0369
m,5.241568359,157.783,0.0378
m,5.248507789,144.459,0.038
m,5.251870655,146.277,0.0382
m,5.255251381,155.122,0.0383
m,5.258940421,155.874,0.0385
m,5.262573847,157.25,0.0384
m,5.266515288,157.141,0.0383
m,5.2902424,158.248,0.0386
m,5.294147196,152.817,0.0388
m,5.297817886,148.931,0.0393
m,5.301414666,148.973,0.0393
m,5.309580007,146.043,0.0393
m,5.336986164,156.936,0.0397
m,5.341304818,153.19,0.04
m,5.349794895,147.754,0.0401
m,5.353731995,149.459,0.0402
m,5.376183467,149.906,0.0403
m,5.380241075,157.201,0.0406
m,5.388282342,153.015,0.0407
m,5.39242964,150.778,0.0412
m,5.396487468,157.937,0.0414
m,5.416370378,154.414,0.0414
m,5.425240032,153.732,0.0413
m,5.429799794,153.006,0.0408
m,5.433656552,152.951,0.0408
m,5.437189724,160.402,0.0409
m,5.46390087,153.429,0.0411
m,5.46837416,151.387,0.0408
m,5.47275794,159.757,0.0405
m,5.476743717,150.222,0.0397
m,5.507155859,144.46,0.0412
m,5.510891727,147.238,0.0411
m,5.514862125,149.014,0.0409
m,5.523922507,151.669,0.0407
m,5.52838003,145.803,0.0404
m,5.551522526,161.482,0.041
m,5.555096999,154.41,0.0411
m,5.555097489,156.328,0.0413
m,5.562733723,151.34,0.0414
m,5.566633041,152.506,0.0414
m,5.275031543,159.442,0.038
m,5.275031543,148.383,0.038
m,5.282465649,149.413,0.0381
m,5.286426664,154.156,0.0383
m,5.314367547,151.033,0.0393
m,5.314367117,151.148,0.0391
m,5.324031017,154.77,0.039
m,5.328203141,150.948,0.0392
m,5.332683519,154.423,0.0395
m,5.357595738,152.093,0.0402
m,5.357595507,155.434,0.0401
m,5.364779703,149.906,0.04
m,5.368496963,147.743,0.0399
m,5.37221446,154.324,0.0399
m,5.396487979,156.66,0.0416
m,5.404546191,153.787,0.0417
m,5.408457966,155.987,0.0417
m,5.412296998,149.866,0.0417
m,5.440796147,148.493,0.0411
m,5.44447575,151.009,0.0414
m,5.451761381,154.051,0.0414
m,5.455675618,158.14,0.0414
m,5.455675118,156.551,0.0412
m,5.480658965,161.324,0.0397
m,5.484105099,156.239,0.0398
m,5.494861666,161.491,0.0402
m,5.494862596,148.433,0.0406
m,5.502877458,152.217,0.041
m,5.532603424,146.478,0.0403
m,5.536664961,155.85,0.0404
m,5.540473977,148.716,0.0405
m,5.544211482,157.418,0.0409
m,5.574431626,149.775,0.0413
m,5.574431873,149.504,0.0414
m,5.582518968,146.282,0.0412
m,5.587266737,159.601,0.0412
m,5.591923873,151.759,0.0411
m,5.59648835,148.292,0
m,5.600788352,152.626,0.0414
m,5.605066856,151.34,0.0414
m,5.61353397,151.452,0.0416
m,5.638555321,150.828,0.0422
m,5.647219955,153.738,0.0422
m,5.651552023,148.139,0.0421
m,5.655956744,152.942,0.0422
m,5.660199233,148.135,0.0424
m,5.68258801,152.068,0.0438
m,5.690660946,160.356,0.0442
m,5.694616755,158.242,0.0444
m,5.698952235,162.276,0.0445
m,5.703522403,156.708,0.0444
m,5.730034302,155.784,0.0445
m,5.73303783,151.074,0.0447
m,5.736114288,153.133,0.0448
m,5.739369739,149.602,0.0449
m,5.770856822,154.281,0.045
m,5.776656825,150.68,0.0448
m,5.781663036,145.315,0.0445
m,5.785861097,153.743,0.0445
m,5.792378402,156.751,0.0445
m,5.811716991,157.211,0.0445
m,5.816152009,156.983,0.0442
m,5.824863014,152.439,0.0441
m,5.824862442,159.356,0.0439
m,5.833662808,155.688,0.0437
m,5.861910177,160.633,0.0427
m,5.865012893,161.449,0.0426
m,5.867880747,159.15,0.0425
m,5.870601265,157.302,0.0424
m,5.893697901,155.819,0.0422
m,5.897831418,156.365,0.042
m,5.902200724,149.007,0.0419
m,5.91210373,161.923,0.0417
m,5.916387103,162.033,0.0416
m,5.617488186,149.678,0.0419
m,5.617488443,152.817,0.042
m,5.625865158,156.66,0.0422
m,5.630053521,154.283,0.0423
m,5.634151177,158.558,0.0423
m,5.66433295,146.688,0.0425
m,5.668683671,149.731,0.0427
m,5.673107788,148.559,0.0432
m,5.678001169,153.467,0.0435
m,5.708020607,160.402,0.0443
m,5.712212239,153.763,0.0443
m,5.719746704,151.033,0.0442
m,5.723542368,153.979,0.0442
m,5.723542957,154.203,0.0444
m,5.742771169,159.163,0.045
m,5.746100754,155.46,0.0453
m,5.754104506,149.68,0.0453
m,5.759856976,145.34,0.0453
m,5.759856666,149.543,0.0452
m,5.795710987,155.196,0.0446
m,5.79944038,161.854,0.0446
m,5.803170089,154.497,0.0446
m,5.807208155,162.485,0.0445
m,5.838026451,162.069,0.0435
m,5.842625515,157.545,0.0433
m,5.847224641,162.04,0.043
m,5.855470024,160.713,0.0427
m,5.859116099,158.745,0.0426
m,5.872851855,155.61,0.0424
m,5.879295228,156.369,0.0423
m,5.879295742,160.684,0.0425
m,5.886062921,158.158,0.0424
m,5.889799645,151.731,0.0423
m,5.920435823,151.922,0.0416
m,5.920435823,155.317,0.0416
m,5.928125547,161.914,0.0416
m,5.935359068,155.763,0.0417
m,5.93536773,156.207,0.0449
m,5.935235483,153.43,0.046
m,5.940389897,159.966,0.0456
m,5.94487188,158.487,0.0449
m,5.949663835,156.725,0.0442
m,5.979569061,160.425,0.0416
m,5.986052073,150.938,0.0416
m,5.989411549,156.992,0.0416
m,5.992760408,154.616,0.0418
m,6.01526282,155.823,0.0445
m,6.018839689,156.997,0.0446
m,6.022181515,152.055,0.0447
m,6.02521287,157.023,0.0447
m,6.027547792,152.491,0.0446
m,6.028854203,153.155,0.0441
m,6.029014067,152.094,0.0439
s,6.029409787,151.729,0.0438
s,6.02956912,153.785,0.0434
s,6.02988944,152.803,0.0432
s,6.031244481,152.774,0.0418
s,6.031244239,153.29,0.0417
s,6.031404437,150.988,0.0416
s,6.03124376,151.848,0.0415
s,6.029733473,152.26,0.0409
s,6.029176811,153.504,0.0408
s,6.029176586,152.522,0.0407
s,6.028695076,151.643,0.0406
s,6.028534428,152.643,0.0405
s,6.027079297,151.347,0.0399
s,6.026918891,151.749,0.0399
s,6.026833456,152.054,0.0398
s,6.026587424,152.901,0.0396
s,6.026426823,151.86,0.0395
s,6.026290671,152.105,0.0389
s,6.02628059,151.922,0.0388
s,6.02635526,151.453,0.0385
s,6.026590672,152.52,0.0384
m,5.954112109,159.116,0.0441
m,5.954110438,156.903,0.0435
m,5.964465704,153.596,0.0427
m,5.968690501,159.125,0.0424
m,5.976359567,153.48,0.0417
m,5.992761649,161.722,0.0423
m,5.998817639,158.806,0.0427
m,6.001526277,155.655,0.0434
m,6.004630774,152.1,0.0438
m,6.007810391,156.898,0.0441
m,6.028479325,152.624,0.0444
m,6.02846918,153.616,0.0444
m,6.028544043,153.88,0.0443
m,6.028544043,152.611,0.0443
s,6.030284912,153.687,0.043
s,6.03044482,152.739,0.0428
s,6.03076517,151.633,0.0426
s,6.030925094,152.664,0.0424
s,6.031085029,152.349,0.0422
s,6.031007953,151.762,0.0414
s,6.030847279,151.557,0.0413
s,6.030451039,152.853,0.0412
s,6.030290371,151.338,0.0411
s,6.029894136,151.264,0.041
s,6.028298634,152.011,0.0404
s,6.028052503,152.834,0.0402
s,6.027400538,153.607,0.0401
s,6.02731509,152.452,0.04
s,6.026341418,154.283,0.0394
s,6.026331224,152.24,0.0393
s,6.026236087,151.849,0.0393
s,6.026225949,152.32,0.0392
s,6.026215635,152.765,0.039
s,6.026816049,152.563,0.0382
s,6.026815866,153.73,0.0381
s,6.027126366,152.798,0.0379
s,6.027361793,152.52,0.0378
s,6.027672307,151.443,0.0376
s,6.027907571,153.589,0.0374
s,6.028067248,152.71,0.037
s,6.028302531,152.124,0.0368
s,6.030529433,152.811,0.0378
s,6.031954565,154.938,0.0387
s,6.038214587,152.888,0.043
s,6.039714372,153.564,0.0434
s,6.040186656,152.71,0.0438
s,6.040658688,154.905,0.0441
s,6.040970372,153.285,0.0444
s,6.040453827,151.749,0.0457
s,6.040284026,153.283,0.0458
s,6.040199605,152.627,0.046
s,6.039954877,152.748,0.0462
s,6.038023727,152.734,0.0469
s,6.037788431,153.673,0.047
s,6.037467835,153.869,0.047
s,6.037467835,151.749,0.047
s,6.03730787,152.522,0.0471
s,6.03627942,152.209,0.0468
s,6.035968138,151.762,0.0467
s,6.034930084,153.366,0.0464
s,6.034769477,152.574,0.0463
s,6.03460919,152.452,0.0463
s,6.033410298,153.384,0.0458
s,6.033249713,152.482,0.0457
s,6.033249713,153.641,0.0457
s,6.033013773,153.329,0.0456
s,6.033976701,152.047,0.046
s,6.034051734,152.591,0.0459
s,6.034051734,153.419,0.0459
s,6.034051734,151.704,0.0459
s,6.034051734,152.376,0.0459
s,6.034438375,152.642,0.046
s,6.034513728,152.845,0.046
s,6.034353451,154.191,0.046
s,6.034353451,155.993,0.046
s,6.034192864,153.708,0.0459
s,6.031956151,153.458,0.0395
s,6.034804801,153.033,0.0403
s,6.036154614,152.785,0.041
s,6.037185516,153.158,0.0424
s,6.040886407,152.577,0.0448
s,6.04087713,152.625,0.045
s,6.040867881,152.26,0.0452
s,6.040783398,153.53,0.0454
s,6.040784006,152.834,0.0456
s,6.039143914,152.144,0.0463
s,6.038983926,152.588,0.0464
s,6.038663634,151.403,0.0465
s,6.038503976,152.507,0.0467
s,6.038343999,152.743,0.0468
s,6.037468165,152.174,0.0471
s,6.03730787,154.419,0.0471
s,6.037147577,151.981,0.0471
s,6.036911292,151.436,0.0469
s,6.034608873,154.966,0.0462
s,6.034127706,151.679,0.0461
s,6.033806831,152.418,0.046
s,6.03380652,152.288,0.0459
s,6.033645929,153.829,0.0458
s,6.033174357,155.452,0.0457
s,6.033495226,155.166,0.0458
s,6.03365582,152.864,0.0459
s,6.033816103,153.172,0.0459
s,6.033816103,153.724,0.0459
s,6.03389145,153.654,0.0459
s,6.034127081,152.836,0.0459
s,6.034362712,152.909,0.0459
s,6.034363024,153.181,0.046
s,6.034277783,153.774,0.0459
s,6.034278095,153.882,0.046
s,6.034117818,155.158,0.046
s,6.034117818,153.429,0.046
s,6.034277783,153.607,0.0459
s,6.034438375,152.629,0.046
s,6.034438063,151.49,0.0459
s,6.034673694,151.763,0.0459
s,6.034994567,152.47,0.046
s,6.038550104,154.233,0.0466
s,6.038550427,154.339,0.0467
s,6.039738171,153.404,0.0467
s,6.040294375,152.818,0.0467
s,6.041322161,153.241,0.0468
s,6.04560462,152.436,0.0476
s,6.04560496,152.591,0.0477
s,6.047113689,153.704,0.0478
s,6.047905887,154.077,0.0479
s,6.048386821,153.059,0.0479
s,6.053536414,154.014,0.0486
s,6.053772384,152.633,0.0487
s,6.053932709,152.577,0.0487
s,6.05416868,152.844,0.0488
s,6.05515206,153.384,0.0493
s,6.054991717,153.596,0.0493
m,6.054831376,153.688,0.0493
m,6.054595769,152.647,0.0493
m,6.05411475,152.383,0.0493
m,6.05369963,150.723,0.0494
m,6.055800737,155.511,0.0494
m,6.057515739,152.215,0.0494
m,6.057516107,161.34,0.0495
m,6.064010002,158.793,0.0496
m,6.090108035,154.336,0.0503
m,6.094410229,158.126,0.0508
m,6.098626813,156.938,0.0509
m,6.103004321,155.598,0.0511
m,6.131659918,155.72,0.0521
m,6.135422186,155.044,0.0516
m,6.139346902,154.607,0.0517
m,6.143431205,159.826,0.0517
m,6.150901057,160.225,0.0518
s,6.035305862,152.131,0.0461
s,6.035702088,153.121,0.0462
s,6.035702405,151.713,0.0463
s,6.036965809,152.653,0.0464
s,6.037362363,154.528,0.0466
s,6.042039318,153.507,0.047
s,6.042992449,154.171,0.0473
s,6.043784628,154.331,0.0474
s,6.044972736,152.296,0.0475
s,6.049179028,152.468,0.048
s,6.049810924,154.394,0.0481
s,6.05115939,152.917,0.0482
s,6.052026904,151.743,0.0483
s,6.053140477,153.241,0.0486
s,6.054489689,154.12,0.0489
s,6.05449005,153.561,0.049
s,6.054575823,153.763,0.0492
s,6.055056821,153.713,0.0492
s,6.055057186,153.38,0.0493
m,6.053718806,153.979,0.0493
m,6.05332286,155.484,0.0493
m,6.053002192,150.578,0.0493
m,6.053002559,152.909,0.0494
m,6.067610837,152.321,0.0497
m,6.07121185,155.348,0.0498
m,6.075049072,155.676,0.05
m,6.078641167,157.397,0.0501
m,6.086128426,161.939,0.0503
m,6.107146531,159.278,0.0513
m,6.111610774,158.062,0.0519
m,6.116074151,154.532,0.0522
m,6.124377058,156.793,0.0524
m,6.128056104,152.403,0.0522
m,6.154598274,155.412,0.0519
m,6.154598679,158.377,0.052
m,6.16120112,157.354,0.052
m,6.164503218,151.892,0.0522
m,6.167804134,156.704,0.0521
m,6.170941311,159.075,0.051
m,6.174328485,152.668,0.0515
m,6.181182727,160.681,0.0515
m,6.188280176,161.364,0.0514
m,6.211609984,148.466,0.0508
m,6.220602147,151.076,0.0508
m,6.225334434,151.253,0.0509
m,6.229991472,147.411,0.0512
m,6.259195681,150.69,0.0527
m,6.26314496,160.727,0.0529
m,6.267086443,142.754,0.0531
m,6.271187744,149.669,0.0533
m,6.27505366,156.642,0.0536
m,6.294807319,144.244,0.0548
m,6.297706132,148.959,0.0549
m,6.301001114,159.479,0.0551
m,6.304524091,149.938,0.0552
m,6.307966931,159.228,0.056
m,6.333434082,157.343,0.0564
m,6.337183063,160.87,0.0566
m,6.340931719,161.357,0.0566
m,6.348271453,160.663,0.0566
m,6.375639906,162.093,0.0575
m,6.379949657,162.808,0.0576
m,6.379949657,160.485,0.0576
m,6.388261462,161.234,0.0575
m,6.392264229,160.214,0.0575
m,6.415116798,155.48,0.0588
m,6.419046129,158.132,0.0592
m,6.419047143,161.301,0.0594
m,6.427220818,161.397,0.0595
m,6.431703755,158.122,0.0597
m,6.466012034,162.089,0.0585
m,6.475531148,157.98,0.0575
m,6.480571293,161.975,0.0573
m,6.485611483,160.683,0.0571
m,6.188279783,162.176,0.0513
m,6.195689856,161.099,0.0514
m,6.199470327,151.217,0.0513
m,6.203164354,160.431,0.0505
m,6.20718955,153.854,0.0507
m,6.234411925,149.261,0.0513
m,6.238597351,156.459,0.0516
m,6.242782796,155.283,0.0519
m,6.246809267,152.177,0.0524
m,6.250993528,155.335,0.0524
m,6.278523535,148.858,0.0538
m,6.282238771,148.31,0.0544
m,6.285860679,151.124,0.0546
m,6.289078784,152.156,0.0547
m,6.315554408,151.076,0.0561
m,6.319307222,158.951,0.0562
m,6.323060451,159.835,0.0563
m,6.323059987,153.911,0.0562
m,6.33016487,159.517,0.0563
m,6.352418269,160.384,0.0568
m,6.356246009,158.95,0.0568
m,6.360150175,161.149,0.0566
m,6.364140508,160.87,0.057
m,6.367972232,160.881,0.0574
m,6.396267737,160.876,0.0576
m,6.400272957,161.834,0.058
m,6.404202409,161.558,0.0586
m,6.411189183,158.85,0.0587
m,6.436421453,161.677,0.0596
m,6.441139823,160.317,0.0596
m,6.450975415,160.376,0.0594
m,6.456094055,162.035,0.0595
m,6.461132437,160.418,0.059
m,6.490729538,161.303,0.057
m,6.490725852,160.656,0.0562
m,6.499535674,162.607,0.0557
m,6.503863581,160.771,0.0555
m,6.507796612,159.877,0.0553
m,6.511806316,161.395,0.0549
m,6.52045989,162.813,0.0547
m,6.524865372,162.448,0.0544
m,6.529271825,160.838,0.0543
m,6.533837085,157.994,0.0542
m,6.557318085,162.339,0.054
m,6.567011052,160.707,0.0541
m,6.572129379,160.071,0.0538
m,6.576929674,160.876,0.0533
m,6.581654097,157.168,0.0532
m,6.59923217,160.033,0.06
m,6.601509146,159.94,0.0603
m,6.603628354,163.268,0.0607
m,6.605747861,162.194,0.0611
m,6.626190724,159.363,0.0556
m,6.629481131,162.024,0.0542
m,6.632688906,158.079,0.0513
m,6.636217855,160.779,0.0497
m,6.64265401,161.026,0.0481
m,6.656310965,162.752,0.0393
m,6.659219177,161.146,0.0374
m,6.662441397,159.025,0.0332
m,6.665747095,161.239,0.0309
m,6.672443847,161.889,0.0284
m,6.694407449,161.503,0.0084
m,6.697733273,156.904,0.0058
m,6.700992845,161.825,0.0005
m,6.704387529,159.727,0.0018
m,6.726368745,160.811,0.0107
m,6.729691713,160.407,0.0119
m,6.73634388,161.934,0.0125
m,6.739750045,160.375,0.0132
m,6.743313809,162.288,0.014
m,6.762951092,162.795,0.0167
m,6.767070675,159.58,0.0167
m,6.774364388,160.581,0.0166
m,6.77801188,160.46,0.0167
m,6.781816864,161.626,0.0166
m,6.538560701,158.605,0.054
m,6.542893898,159.508,0.054
m,6.547544887,162.458,0.0541
m,6.55235372,160.919,0.054
m,6.584428817,157.673,0.0557
m,6.589089011,162.4,0.0585
m,6.591923,162.774,0.059
m,6.594753293,161.809,0.0594
m,6.594754792,161.93,0.0597
m,6.608102902,160.079,0.0613
m,6.613270975,161.36,0.0603
m,6.616243781,159.274,0.0592
m,6.619531943,162.75,0.0581
m,6.619526793,161.252,0.057
m,6.645477193,161.939,0.0464
m,6.648223352,161.178,0.0447
m,6.65081278,161.836,0.043
m,6.653561305,157.524,0.0412
m,6.6757549,161.185,0.0257
m,6.678910401,163.3,0.0229
m,6.685149747,160.509,0.0168
m,6.688391849,162.332,0.0136
m,6.691398589,159.873,0.011
m,6.710867626,161.366,0.004
m,6.714030757,157.388,0.0044
m,6.717113836,159.982,0.0058
m,6.720198428,161.395,0.0071
m,6.723281341,161.051,0.0095
m,6.747192179,161.155,0.0148
m,6.751071397,161.6,0.0155
m,6.754951741,159.463,0.0159
m,6.758912261,162.908,0.0166
m,6.785702621,159.016,0.0165
m,6.789508661,160.358,0.0164
m,6.793708508,162.227,0.0164
m,6.798222644,157.676,0.0159
m,6.806924703,158.618,0.0158
m,6.806925336,156.595,0.0154
m,6.815932824,159.033,0.015
m,6.820590786,160.199,0.0149
m,6.824931934,161.369,0.0145
m,6.85373597,162.073,0.0129
m,6.857992338,159.078,0.0125
m,6.862169759,160.108,0.0114
m,6.870829235,162.159,0.0111
m,6.870830131,162.73,0.0107
m,6.897763457,161.382,0.0088
m,6.901603494,156.095,0.0086
m,6.908891955,157.241,0.0083
m,6.912261033,162.064,0.0079
m,6.915393802,161.596,0.0076
m,6.940413145,161.796,0.0056
m,6.944574962,159.445,0.0052
m,6.948343768,161.075,0.0049
m,6.952035458,161.21,0.0048
m,6.97750708,159.157,0.0037
m,6.981364148,160.26,0.0034
m,6.985458139,157.172,0.0033
m,6.989632494,161.891,0.0031
m,6.997431319,159.054,0.0029
m,7.014695104,158.281,0.0022
m,7.018244587,162.681,0.0019
m,7.021557253,159.901,0.0018
m,7.027868555,161.798,0.0016
m,7.030551633,162,0.0015
s,7.038923627,158.081,0.0003
s,7.039082262,161.789,0.0001
s,7.039239795,157.201,0.0002
s,7.039396965,161.068,0.0004
s,7.039630265,161.335,0.0015
s,7.040024309,160.463,0.0016
s,7.040339782,159.101,0.0017
s,7.040575576,162.371,0.0019
s,7.040811716,159.36,0.002
m,6.829273295,162.695,0.014
m,6.837556815,160.921,0.0138
m,6.841504304,160.693,0.0136
m,6.845451629,161.265,0.0135
m,6.849712251,161.159,0.0132
m,6.880344381,160.306,0.0103
m,6.884740619,160.001,0.0099
m,6.889213298,155.906,0.0096
m,6.893606492,161.581,0.0092
m,6.91868391,158.926,0.0074
m,6.922055382,159.439,0.007
m,6.925427637,160.411,0.0066
m,6.92911451,160.311,0.0062
m,6.936803505,161.895,0.0059
m,6.958789444,156.295,0.0045
m,6.962247219,160.513,0.0044
m,6.966020792,163.038,0.0042
m,6.966021108,161.636,0.0041
m,6.973571996,162.264,0.0039
m,7.000977065,160.641,0.0029
m,7.004445732,156.644,0.0026
m,7.004446069,160.899,0.0025
m,7.011383335,160.899,0.0023
m,7.033393293,162.475,0.0013
m,7.03591966,158.632,0.0011
m,7.03757835,158.742,0.0009
m,7.038606737,159.384,0.0006
s,7.038765362,159.85,0.0004
s,7.0393966,161.69,0.0005
s,7.039553779,161.242,0.0007
s,7.039710966,160.758,0.0009
s,7.03963203,159.967,0.001
s,7.03947306,159.09,0.0013
s,7.040969286,159.843,0.0021
s,7.041205429,160.054,0.0022
s,7.041362329,159.558,0.0025
s,7.041361662,161.223,0.0027
s,7.04167749,161.337,0.0027
s,7.041913641,161.227,0.0028
s,7.042229143,161.76,0.0029
s,7.042465297,161.791,0.003
s,7.042464969,161.183,0.0031
s,7.043644353,162.376,0.0043
s,7.043801352,159.345,0.0046
s,7.044116894,157.882,0.0047
s,7.044273914,161.442,0.005
s,7.044351809,161.759,0.0055
s,7.044509448,160.207,0.0056
s,7.044509448,160.058,0.0056
s,7.044430611,161.099,0.0057
s,7.044430611,159.667,0.0057
s,7.044272662,160.209,0.006
s,7.044509138,160.483,0.006
s,7.04466679,160.63,0.0061
s,7.04466679,161.079,0.0061
s,7.044666506,161.871,0.0062
s,7.045532476,160.562,0.0067
s,7.045532202,160.708,0.0068
s,7.045689594,159.936,0.007
s,7.045689323,159.776,0.0071
s,7.045767397,159.274,0.0076
s,7.045767135,161.342,0.0077
s,7.04553066,162.296,0.0077
s,7.04553066,160.829,0.0077
s,7.04553066,160.083,0.0077
s,7.045846808,158.203,0.0076
s,7.045768279,161.795,0.0076
s,7.045452652,159.62,0.0075
s,7.045374123,161.358,0.0075
s,7.045374388,161.64,0.0074
s,7.045375733,159.236,0.0069
s,7.045376006,158.291,0.0068
s,7.045376281,161.38,0.0067
s,7.045376557,160.08,0.0066
s,7.042700801,161.551,0.0033
s,7.042699836,161.45,0.0036
s,7.042699517,160.199,0.0037
s,7.042777449,160.919,0.0039
s,7.043092969,161.802,0.004
s,7.044273317,158.232,0.0052
s,7.044036542,160.003,0.0053
s,7.043799768,160.813,0.0054
s,7.043799768,162.011,0.0054
s,7.044193881,160.117,0.0055
s,7.044193843,161.34,0.0058
s,7.0441153,160.608,0.0058
s,7.044115012,162.075,0.0059
s,7.044193556,161.663,0.0059
s,7.044586831,161.184,0.0063
s,7.044586831,160.454,0.0063
s,7.04458655,160.384,0.0064
s,7.044744484,160.319,0.0064
s,7.045375094,159.782,0.0065
s,7.045689054,160.373,0.0072
s,7.045688787,160.712,0.0073
s,7.04568852,160.312,0.0074
s,7.045688256,162.173,0.0075
s,7.045767397,158.512,0.0076
s,7.045688601,160.784,0.0077
s,7.045925339,158.585,0.0076
s,7.046004752,159.933,0.0076
s,7.046004752,158.701,0.0076
s,7.045374654,159.183,0.0073
s,7.045611396,160.881,0.0072
s,7.04576961,162.672,0.0071
s,7.045611935,159.426,0.007
s,7.045612207,158.579,0.0069
s,7.045376834,160.837,0.0065
s,7.045219169,160.648,0.0064
s,7.045219169,161.589,0.0064
s,7.045061507,161.999,0.0063
s,7.044667372,161.007,0.0062
s,7.04458884,161.27,0.0062
s,7.044825598,162.166,0.0061
s,7.044825883,160.848,0.006
s,7.044825598,159.733,0.0061
s,7.044825883,161.983,0.006
s,7.044589694,161.902,0.0059
s,7.044589694,160.321,0.0059
s,7.044589981,160.391,0.0058
s,7.044589981,160.733,0.0058
s,7.044589408,159.23,0.006
s,7.044589408,159.487,0.006
s,7.044589408,162.274,0.006
s,7.044352934,158.105,0.006
s,7.044431466,161.037,0.006
s,7.044431181,161.2,0.0061
s,7.044589123,159.522,0.0061
s,7.04498354,159.643,0.0061
s,7.04498354,160.538,0.0061
s,7.044983825,161.117,0.006
s,7.045772949,160.515,0.0059
s,7.045772949,158.024,0.0059
s,7.046009709,160.414,0.0058
s,7.045773236,160.528,0.0058
s,7.045773236,158.425,0.0058
s,7.045851478,160.03,0.0059
s,7.045851478,159.87,0.0059
s,7.045851478,161.301,0.0059
s,7.045851478,161.161,0.0059
s,7.045930008,159.889,0.0059
s,7.045693533,158.795,0.0059
s,7.045693247,158.646,0.006
s,7.045535305,158.836,0.006
s,7.04537708,158.909,0.0061
s,7.045298546,160.95,0.0061
s,7.045298546,160.895,0.0061
s,7.045298831,159.209,0.006
s,7.045140889,159.727,0.006
s,7.045219425,157.604,0.006
s,7.044825883,161.936,0.006
s,7.044589408,160.645,0.006
s,7.044589408,161.014,0.006
s,7.044589408,161.167,0.006
s,7.044352934,161.83,0.006
s,7.044352934,161.371,0.006
s,7.044352934,160.328,0.006
s,7.044352934,160.024,0.006
s,7.044589408,160.96,0.006
s,7.044589408,161.771,0.006
s,7.044747351,160.78,0.006
s,7.044589123,159.063,0.0061
s,7.044431466,161.88,0.006
s,7.044509715,161.636,0.0061
s,7.044983825,159.886,0.006
s,7.045220015,159.823,0.0061
s,7.045456488,158.214,0.0061
s,7.045851192,161.216,0.006
s,7.045931182,160.818,0.0058
s,7.046009709,160.381,0.0058
s,7.046009422,161.987,0.0059
s,7.046009422,159.711,0.0059
s,7.045851478,159.561,0.0059
s,7.045851478,159.506,0.0059
s,7.045693533,158.566,0.0059
s,7.045693533,159.729,0.0059
s,7.045693533,160.875,0.0059
s,7.04608795,159.775,0.0059
s,7.045535021,157.04,0.0061
s,7.045535021,158.566,0.0061
s,7.045692962,159.504,0.0061
s,7.045693247,161.568,0.006
s,7.04521914,159.429,0.0061
s,7.045061202,158.606,0.0061
s,7.045139742,160.286,0.0061
s,7.045139742,161.57,0.0061
m,7.045455616,157.756,0.0061
m,7.045692091,160.569,0.0061
m,7.045692091,160.643,0.0061
m,7.045691808,156.525,0.0062
m,7.046402104,160.477,0.0062
m,7.062363183,161.638,0.0064
m,7.068216436,155.655,0.0064
m,7.071144897,161.429,0.0064
m,7.077164023,162.318,0.0065
m,7.080333095,161.061,0.0066
m,7.100160551,159.509,0.0072
m,7.103495172,159.273,0.0073
m,7.106908529,156.705,0.0074
m,7.110086576,158.518,0.0075
m,7.112948307,160.515,0.0076
m,7.13569975,159.743,0.0085
m,7.138804683,160.491,0.0086
m,7.141674523,159.33,0.0086
m,7.147965506,159.729,0.0088
m,7.167882612,162.249,0.0096
m,7.171231181,159.372,0.0098
m,7.174580742,160.181,0.0099
m,7.18135907,158.11,0.01
m,7.184947099,156.246,0.01
m,7.202009884,159.376,0.0106
m,7.205365641,156.983,0.0108
m,7.211760901,158.983,0.0109
m,7.215278477,156.276,0.0111
m,7.218873324,158.626,0.0112
m,7.244911762,161.794,0.0125
m,7.248285755,160.233,0.0126
m,7.254548492,161.606,0.0127
m,7.257681095,160.912,0.0127
m,7.27761368,162.134,0.0129
m,7.285313878,160.763,0.013
m,7.289320576,162.859,0.0131
m,7.293563642,160.488,0.0132
m,7.293563642,162.543,0.0132
m,7.046401822,162.409,0.0063
m,7.050745215,162.721,0.0063
m,7.053668262,161.032,0.0064
m,7.056434106,163.287,0.0064
m,7.05928012,161.137,0.0064
m,7.083741475,159.149,0.0068
m,7.087070715,161.623,0.007
m,7.090401543,163.241,0.007
m,7.096985441,161.616,0.0071
m,7.11604659,158.032,0.0079
m,7.122409402,157.048,0.008
m,7.12240915,159.619,0.0081
m,7.129093195,160.04,0.0083
m,7.132436765,159.819,0.0084
m,7.151309466,159.714,0.009
m,7.15425927,162.114,0.0091
m,7.154258801,160.877,0.0093
m,7.161028194,158.533,0.0094
m,7.164375191,160.343,0.0096
m,7.188370104,162.552,0.0101
m,7.188370104,161.391,0.0101
m,7.195306793,160.133,0.0103
m,7.19873785,161.492,0.0104
m,7.225684398,157.298,0.0114
m,7.229531938,160.961,0.0118
m,7.233297365,162.989,0.012
m,7.237459466,162.075,0.0122
m,7.241227179,161.327,0.0123
m,7.257681095,160.387,0.0127
m,7.263948587,159.755,0.0127
m,7.267243573,162.132,0.0127
m,7.27053938,162.636,0.0127
m,7.274156154,163.471,0.0128
m,7.301089857,160.752,0.0133
m,7.304928906,163.162,0.0134
m,7.309004192,161.604,0.0134
m,7.313315348,160.262,0.0135
m,7.321061662,160.976,0.0136
m,7.324807111,161.134,0.0137
m,7.328638274,161.896,0.0138
m,7.332705293,162.126,0.0139
m,7.336933326,161.945,0.0139
m,7.36484479,160.492,0.0148
m,7.369150029,162.487,0.0148
m,7.373690718,156.853,0.015
m,7.377835487,159.24,0.0152
m,7.405184772,157.21,0.0164
m,7.408452484,158.757,0.0167
m,7.411795118,161.094,0.0168
m,7.418641706,161.303,0.0169
m,7.422220169,161.047,0.0169
m,7.441263893,160.331,0.0178
m,7.448867644,161.671,0.018
m,7.448867542,163.412,0.0181
m,7.456720422,161.265,0.0183
m,7.460808334,163.163,0.0186
m,7.489209873,160.989,0.0201
m,7.489209729,161.099,0.0203
m,7.497749306,159.083,0.0205
m,7.501740433,159.903,0.0208
m,7.530281359,160.899,0.0223
m,7.530281275,162.262,0.0225
m,7.53885718,161.523,0.0227
m,7.543306541,162.279,0.0229
m,7.547433223,162.286,0.0233
m,7.571832116,163.605,0.0237
m,7.575531598,160.601,0.024
m,7.579157885,159.285,0.0241
m,7.586808514,159.991,0.0242
m,7.590597775,161.384,0.0242
m,7.612446949,161.263,0.0251
m,7.619709165,160.441,0.0252
m,7.623179189,158.347,0.0254
m,7.626811411,162.017,0.0256
m,7.34107607,160.103,0.0139
m,7.345057996,163.257,0.0142
m,7.348965551,160.949,0.0143
m,7.352637712,161.009,0.0145
m,7.360379471,161.737,0.0146
m,7.381658873,161.592,0.0155
m,7.390196904,162.762,0.0156
m,7.394342686,158.784,0.0158
m,7.394342553,160.654,0.0159
m,7.401991799,160.251,0.0161
m,7.426120314,160.143,0.0171
m,7.429785453,161.316,0.0171
m,7.433685888,159.899,0.0173
m,7.43751205,162.544,0.0175
m,7.46464892,159.7,0.0187
m,7.468886214,162.275,0.0188
m,7.472888102,160.133,0.0194
m,7.476655322,162.271,0.0197
m,7.484896952,162.336,0.0199
m,7.505879784,159.573,0.021
m,7.510254493,161,0.0212
m,7.514467934,162.159,0.0216
m,7.518358954,161.581,0.0219
m,7.526390079,159.836,0.0221
m,7.551486191,162.019,0.0235
m,7.55954624,161.726,0.0234
m,7.563876307,161.649,0.0234
m,7.567810158,160.744,0.0235
m,7.590597759,159.856,0.0243
m,7.598339387,161.539,0.0244
m,7.601806888,162.33,0.0246
m,7.605436462,161.47,0.0248
m,7.608816526,162.268,0.025
m,7.630444087,161.218,0.0257
m,7.633518581,159.384,0.0259
m,7.636828444,161.596,0.0261
m,7.639976805,160.906,0.0262
m,7.643198616,161.409,0.0266
m,7.646655624,161.002,0.0267
m,7.650274808,160.678,0.0268
m,7.658072852,155.757,0.0268
m,7.661927866,157.024,0.0269
m,7.661927887,160.668,0.027
m,7.69149751,160.571,0.0269
m,7.695841267,157.528,0.0269
m,7.700185389,159.846,0.0268
m,7.704926909,159.282,0.0268
m,7.704926891,159.478,0.0267
m,7.740835779,157.62,0.0262
m,7.745166049,159.278,0.0261
m,7.749496558,158.961,0.026
m,7.749496558,162.313,0.026
m,7.785413841,157.848,0.0256
m,7.789944815,156.968,0.0256
m,7.798844458,151.628,0.0257
m,7.803610262,159.57,0.0257
m,7.808448332,159.696,0.0256
m,7.834841512,160.739,0.0258
m,7.845565112,157.894,0.0258
m,7.84556512,153.583,0.0259
m,7.855332049,158.353,0.0259
m,7.860332912,154.182,0.026
m,7.894310806,157.421,0.0262
m,7.899474489,161.095,0.0262
m,7.904241007,150.052,0.0262
m,7.909332746,159.684,0.0264
m,7.945840443,156.038,0.0261
m,7.951708367,160.368,0.0259
m,7.957341728,162.224,0.0259
m,7.962577878,162.169,0.0259
m,7.997586326,162.042,0.0262
m,8.002569263,163.35,0.0263
m,8.00753342,161.423,0.0263
m,8.012660235,161.932,0.0263
m,8.022425941,159.627,0.0264
m,7.669962714,162.68,0.027
m,7.674377538,161.732,0.0271
m,7.678630606,157.866,0.027
m,7.682811148,161.403,0.0269
m,7.713617107,161.159,0.0267
m,7.718197576,157.822,0.0266
m,7.722778426,158.92,0.0266
m,7.727432134,161.109,0.0264
m,7.7319964,159.741,0.0263
m,7.757995928,157.158,0.0259
m,7.76247183,161.569,0.0259
m,7.766623088,156.768,0.0258
m,7.771171578,151.747,0.0257
m,7.776027204,157.205,0.0256
m,7.81352112,153.922,0.0255
m,7.818593935,153.4,0.0256
m,7.824063932,157.733,0.0257
m,7.829533949,153.907,0.0257
m,7.865261669,155.101,0.0261
m,7.870262627,159.746,0.0263
m,7.879704869,155.195,0.0264
m,7.884705892,162.218,0.0264
m,7.889544383,159.871,0.0263
m,7.914352475,160.776,0.0264
m,7.919444332,160.776,0.0264
m,7.930078887,161.35,0.0262
m,7.935224325,160.642,0.0262
m,7.940297763,161.246,0.0262
m,7.972490368,161.823,0.0259
m,7.972490357,161.745,0.0258
m,7.982944102,161.482,0.0259
m,7.988017721,162.357,0.026
m,7.992675343,160.851,0.0261
m,8.022425941,160.893,0.0264
m,8.032263627,162.164,0.0264
m,8.037697042,161.372,0.0264
m,8.04287718,162.162,0.0264
m,8.047985373,161.199,0.0264
m,8.052696352,160.583,0.0264
m,8.057082135,160.84,0.0264
m,8.060601492,160.927,0.0264
m,8.064211494,161.687,0.0265
s,8.06507815,160.386,0.0272
s,8.065240781,159.692,0.0273
s,8.065872638,162.382,0.0273
s,8.066107328,161.214,0.0275
s,8.067208619,161.628,0.028
s,8.067443286,162.319,0.0281
s,8.067840515,161.416,0.0281
s,8.068075184,161.423,0.0282
s,8.068075226,161.793,0.0283
s,8.069320491,161.264,0.0285
s,8.069555122,161.889,0.0285
s,8.070024429,161.725,0.0286
s,8.070024429,161.714,0.0286
s,8.070024475,160.941,0.0287
s,8.071360276,160.596,0.0288
s,8.071594906,161.642,0.0288
s,8.071829539,161.868,0.0288
s,8.071829539,162.026,0.0288
s,8.072840113,161.4,0.0288
s,8.072840113,161.851,0.0288
s,8.072749522,161.24,0.0287
s,8.072749522,162.226,0.0287
s,8.072821571,161.337,0.0287
s,8.073200265,159.904,0.0286
s,8.073200265,160.273,0.0286
s,8.073200265,160.057,0.0286
s,8.07320022,160.023,0.0285
s,8.073434857,160.881,0.0285
s,8.073903964,161.585,0.0281
s,8.073903925,161.031,0.028
s,8.073903925,160.373,0.028
s,8.074066467,158.423,0.0279
m,8.064211515,163.19,0.0266
m,8.064518192,160.842,0.0267
s,8.064843417,161.831,0.0268
s,8.06507807,161.883,0.0269
s,8.065240697,160.77,0.027
s,8.066107361,160.578,0.0276
s,8.066341989,160.937,0.0276
s,8.066504625,161.062,0.0277
s,8.066901891,161.405,0.0278
s,8.067136555,160.937,0.0279
s,8.068453917,159.572,0.0283
s,8.06868859,161.188,0.0284
s,8.069085817,159.795,0.0284
s,8.069320447,160.29,0.0284
s,8.070259108,159.626,0.0287
s,8.070493738,160.62,0.0287
s,8.070493738,161.777,0.0287
s,8.07072837,159.869,0.0287
s,8.070963049,160.295,0.0288
s,8.072064124,161.773,0.0287
s,8.072298756,162.121,0.0287
s,8.072533388,160.354,0.0287
s,8.072605479,161.764,0.0288
s,8.072605479,161.612,0.0288
s,8.072984157,161.814,0.0287
s,8.072821571,159.612,0.0287
s,8.072658986,161.438,0.0287
s,8.072965628,161.923,0.0286
s,8.073434813,161.033,0.0284
s,8.07343477,161.431,0.0283
s,8.073506785,159.905,0.0282
s,8.073506744,161.238,0.0281
s,8.073903964,160.398,0.0281
s,8.074138525,160.056,0.0279
s,8.073903887,160.266,0.0279
s,8.074066467,160.495,0.0279
s,8.074301106,160.258,0.0279
s,8.074301106,159.704,0.0279
s,8.074301144,159.297,0.028
s,8.0743732,159.404,0.028
s,8.07437324,161.22,0.0281
s,8.07437328,161.498,0.0282
s,8.074138684,157.879,0.0283
s,8.074048251,160.883,0.0285
s,8.074120359,160.526,0.0286
s,8.074120406,160.138,0.0287
s,8.074120454,159.825,0.0288
s,8.074192567,161.421,0.0289
s,8.074896491,160.737,0.0289
s,8.074733917,160.291,0.0289
s,8.074805938,161.943,0.0288
s,8.075203152,161.084,0.0288
s,8.075762989,160.19,0.0289
s,8.075762989,161.607,0.0289
s,8.075997733,159.529,0.0291
s,8.076467017,159.73,0.0291
s,8.076395001,160.662,0.0292
s,8.077099036,161.001,0.0294
s,8.077424239,160.533,0.0295
s,8.077496308,160.333,0.0295
s,8.077496365,160.474,0.0296
s,8.077496365,161.251,0.0296
s,8.07758693,160.788,0.0297
s,8.077514926,161.728,0.0298
s,8.077749628,161.556,0.0299
s,8.078218909,161.265,0.0299
s,8.078525944,161.884,0.0304
s,8.078688587,161.032,0.0305
s,8.078616521,161.509,0.0305
s,8.078851232,162.61,0.0306
s,8.078851232,161.669,0.0306
s,8.07885145,162.518,0.0309
s,8.07885145,160.086,0.0309
s,8.07885145,160.905,0.0309
s,8.079014025,161.529,0.0309
s,8.079014025,159.546,0.0309
s,8.074210742,161.623,0.0283
s,8.074048207,163.368,0.0284
s,8.074048207,161.814,0.0284
s,8.074048251,160.979,0.0285
s,8.074427208,159.418,0.0289
s,8.074427208,161.505,0.0289
s,8.074427208,160.572,0.0289
s,8.074661849,161.574,0.0289
s,8.074733917,161.652,0.0289
s,8.075600367,160.676,0.0288
s,8.075600367,160.953,0.0288
s,8.075600367,159.991,0.0288
s,8.07576294,160.181,0.0288
s,8.075925514,160.524,0.0288
s,8.07646707,161.992,0.0292
s,8.076864339,161.768,0.0293
s,8.076864339,160.071,0.0293
s,8.076864339,160.118,0.0293
s,8.077658938,161.055,0.0296
s,8.077424297,160.428,0.0296
s,8.077424297,159.643,0.0296
s,8.077749447,161.238,0.0296
s,8.07758693,161.652,0.0297
s,8.078218972,161.616,0.03
s,8.078453613,159.681,0.03
s,8.078453677,161.456,0.0301
s,8.078453742,160.939,0.0302
s,8.078525876,159.996,0.0303
s,8.078851303,161.759,0.0307
s,8.078616663,161.732,0.0307
s,8.078616735,160.138,0.0308
s,8.078616735,160.926,0.0308
s,8.079086091,158.978,0.0309
s,8.079248667,160.525,0.0309
s,8.079248667,161.574,0.0309
s,8.079483307,161.616,0.0309
s,8.079483307,159.832,0.0309
s,8.079483382,160.896,0.031
s,8.079718024,161.226,0.031
s,8.0797181,161.885,0.0311
s,8.079790168,160.298,0.0311
s,8.079880993,161.21,0.0315
s,8.079718501,158.98,0.0316
s,8.079718501,160.757,0.0316
s,8.079790568,161.511,0.0316
s,8.079627995,160.476,0.0316
s,8.080259452,160.13,0.0311
s,8.080259452,159.081,0.0311
s,8.080096879,160.44,0.0311
s,8.080096879,161.219,0.0311
s,8.080331522,160.432,0.0311
s,8.081125951,161.878,0.0311
s,8.081288523,160.006,0.0311
m,8.081288523,162.489,0.0311
m,8.081125951,161.724,0.0311
m,8.084483129,160.757,0.0312
m,8.091071594,162.678,0.0311
m,8.09899629,160.235,0.0314
m,8.098996371,162.218,0.0315
m,8.103310715,161.984,0.0316
m,8.130407284,161.139,0.0314
m,8.134739736,159.982,0.0312
m,8.138675009,161.356,0.031
m,8.14535426,161.329,0.0309
m,8.148025929,162.029,0.0308
m,8.162936753,161.862,0.0295
m,8.16687211,162.619,0.0293
m,8.17512195,161.916,0.029
m,8.179057253,161.753,0.0286
m,8.208103781,162.125,0.0266
m,8.208103737,161.2,0.0264
m,8.21765378,160.681,0.0265
m,8.222636393,162.503,0.0263
m,8.227474631,161.882,0.026
s,8.079952819,159.844,0.0312
s,8.079952898,161.155,0.0313
s,8.079718337,159.784,0.0314
s,8.079790486,160.441,0.0315
s,8.079953059,159.897,0.0315
s,8.079627831,161.667,0.0314
s,8.079627751,161.155,0.0313
s,8.079862394,161.78,0.0313
s,8.079862315,160.538,0.0312
s,8.080331522,160.948,0.0311
s,8.080494094,161.774,0.0311
s,8.080494094,162.048,0.0311
s,8.080891308,161.724,0.0311
s,8.080891308,160.843,0.0311
m,8.081523165,162.648,0.0311
m,8.081595236,162.897,0.0311
m,8.081667386,159.283,0.0312
m,8.081974107,162.845,0.0312
m,8.08291261,161.9,0.0311
m,8.111885473,161.825,0.0316
m,8.116687311,162.133,0.0315
m,8.116687311,162.405,0.0315
m,8.125840013,161.499,0.0314
m,8.149831006,161.707,0.0306
m,8.151491828,160.886,0.0305
m,8.15149169,161.452,0.0303
m,8.155842448,158.805,0.0302
m,8.159236269,162.041,0.03
m,8.182920436,161.073,0.0283
m,8.18654895,162.564,0.028
m,8.19057465,160.819,0.0277
m,8.194437869,160.463,0.0274
m,8.19869819,160.984,0.0268
m,8.232312903,160.32,0.0257
m,8.237620647,161.389,0.0261
m,8.248488975,161.882,0.0263
m,8.253742851,159.508,0.0265
m,8.258437015,156.962,0.0264
m,8.258436994,161.934,0.0263
m,8.267915944,157.96,0.0261
m,8.272682397,160.331,0.026
m,8.276781472,161.23,0
m,8.306462422,159.437,0.0255
m,8.316319064,161.091,0.0254
m,8.320488973,161.536,0.0253
m,8.32496559,161.015,0.025
m,8.361808674,161.081,0.0242
m,8.365725815,162.197,0.0242
m,8.369643001,160.465,0.0242
m,8.369643006,161.966,0.0241
m,8.377874692,163.107,0.024
m,8.40331094,156.384,0.0239
m,8.407770195,160.368,0.024
m,8.416851381,160.781,0.0243
m,8.41685138,161.347,0.0244
m,8.426167574,158.445,0.0242
m,8.452873823,160.634,0.023
m,8.457099291,158.545,0.0229
m,8.46564032,156.339,0.0229
m,8.469396457,162.514,0.0228
m,8.498055846,159.863,0.0232
m,8.498055802,159.685,0.0236
m,8.507229694,159.624,0.0241
m,8.511925523,160.429,0.0243
m,8.51622439,160.217,0.0244
m,8.540174889,161.661,0.0248
m,8.544166841,162.026,0.0247
m,8.547851398,163.284,0.0247
m,8.551535984,159.84,0.0246
m,8.559123249,160.874,0.0246
m,8.585638248,159.885,0.0247
m,8.590100498,160.843,0.0249
m,8.597923641,161.877,0.0251
m,8.601463247,162.923,0.0254
m,8.280898024,160.779,0.0256
m,8.285104819,161.095,0.0254
m,8.296027502,159.374,0.0256
m,8.301010329,161.3,0.0256
m,8.306462434,162.874,0.0256
m,8.329370175,162.012,0.0249
m,8.341248208,162.507,0.0246
m,8.345724939,156.612,0.0245
m,8.349804493,163.117,0.0243
m,8.353649422,160.456,0.0242
m,8.381792001,163.175,0.024
m,8.385944033,160.219,0.024
m,8.39016831,155.128,0.0239
m,8.394699547,159.727,0.0239
m,8.430537117,160.113,0.0239
m,8.43497912,162.666,0.0236
m,8.439511317,154.881,0.0235
m,8.444043632,157.393,0.0233
m,8.448576054,160.42,0.0231
m,8.473387392,152.461,0.0228
m,8.477378388,162.985,0.0228
m,8.481928802,162.472,0.023
m,8.486154653,158.979,0.0232
m,8.490073344,160.948,0.0232
m,8.520215989,157.324,0.0245
m,8.528741571,157.733,0.0247
m,8.532733364,162.02,0.0246
m,8.53625559,158.871,0.0247
m,8.559123249,160.481,0.0246
m,8.567197242,162.655,0.0246
m,8.57151387,161.942,0.0243
m,8.576138086,161.313,0.0244
m,8.58085179,161.926,0.0244
m,8.601463247,160.268,0.0254
m,8.608380306,161.258,0.0254
m,8.611668481,157.987,0.0254
m,8.615191585,157.58,0.0255
m,8.618641911,161.497,0.0254
m,8.625509788,160.765,0.0254
m,8.629178739,160.332,0.0254
m,8.632523701,161.926,0.0255
m,8.635779596,157.203,0.0254
m,8.638800791,160.07,0.0254
m,8.65915419,160.943,0.0255
m,8.662526726,162.732,0.0255
m,8.665811101,161.626,0.0255
m,8.668772545,157.849,0.0257
m,8.674713202,160.841,0.0262
m,8.694712838,162.678,0.0267
m,8.697888808,157.242,0.0263
m,8.701301319,159.533,0.0262
m,8.70448002,160.536,0.0261
m,8.726497768,159.514,0.0249
m,8.729464269,162.251,0.0249
m,8.73250592,155.242,0.0251
m,8.735474539,158.162,0.0254
m,8.756021268,158.246,0.026
m,8.758526626,158.405,0.0261
m,8.763959888,160.955,0.0262
m,8.766714912,161.634,0.0263
m,8.769545362,159.283,0.0265
m,8.787304977,160.16,0.0266
m,8.787304947,153.926,0.0265
m,8.793353719,159.55,0.0266
m,8.796502663,154.46,0.0266
m,8.799502404,161.661,0.0266
m,8.820966543,158.986,0.0269
m,8.824066469,155.559,0.0269
m,8.827477813,161.114,0.0267
m,8.83438703,157.235,0.0266
m,8.85485063,157.445,0.026
m,8.8587555,160.36,0.0261
m,8.862820736,162.291,0.0262
m,8.8713477,157.053,0.0263
m,8.871347728,155.992,0.0264
m,8.642364896,159.779,0.0254
m,8.645532337,160.785,0.0254
m,8.64861101,162.655,0.0253
m,8.65192499,158.56,0.0254
m,8.677912062,158.125,0.0266
m,8.681023267,158.572,0.0267
m,8.686469988,161.3,0.0269
m,8.689437137,162.25,0.027
m,8.691920195,160.825,0.0269
m,8.707660036,162.445,0.026
m,8.714111548,159.007,0.0259
m,8.714111527,162.666,0.0258
m,8.720420056,158.39,0.0256
m,8.7236936,160.119,0.0253
m,8.741414751,154.65,0.0255
m,8.744634213,154.486,0.0257
m,8.747532425,158.674,0.0258
m,8.75028287,159.12,0.0261
m,8.753195001,157.421,0.0262
m,8.772612073,161.202,0.0266
m,8.775679707,162.768,0.0269
m,8.778512659,162.447,0.027
m,8.784405525,158.391,0.027
m,8.802352742,153.871,0.0267
m,8.80868684,162.289,0.0267
m,8.81161428,158.782,0.0269
m,8.814702688,160.856,0.0268
m,8.817791803,162.202,0.0269
m,8.834387061,161.578,0.0267
m,8.841543135,159.851,0.0266
m,8.844806059,161.059,0.0267
m,8.847918288,160.1,0.0267
m,8.851266391,159.797,0.0262
m,8.880044228,157.505,0.0264
m,8.884354858,162.152,0.0264
m,8.892856485,161.58,0
m,8.896984475,163.181,0.0262
m,8.901228235,157.529,0.0261
m,8.909404383,158.818,0.0261
m,8.913892444,156.449,0.0261
m,8.913892499,156.884,0.0263
m,8.92231298,157.053,0.0264
m,8.95362094,159.33,0.029
m,8.957957607,157.124,0.0293
m,8.957957734,155.79,0.0295
m,8.966159212,162.085,0.0296
m,8.998477216,161.781,0.0303
m,8.998477216,158.169,0.0303
m,9.006283064,161.938,0.0305
m,9.010703915,161.952,0.0308
m,9.0147288,159.434,0.0308
m,9.038617639,162.608,0.031
m,9.038617721,162.083,0.0311
m,9.046743326,162.674,0.0311
m,9.051003913,159.65,0.031
m,9.059281278,161.776,0.0311
m,9.071575191,161.715,0.0311
s,9.071331156,160.56,0.0311
s,9.071331156,160.789,0.0311
s,9.071247154,160.789,0.0312
s,9.07187036,160.946,0.0311
s,9.07187036,161.927,0.0311
s,9.072106151,161.525,0.0311
s,9.071946218,160.856,0.0311
s,9.072022078,161.67,0.0311
s,9.072569608,161.373,0.0312
s,9.072729622,162.031,0.0313
s,9.072569693,161.735,0.0313
s,9.072645644,161.143,0.0314
s,9.072721598,161.419,0.0315
s,9.072797645,159.805,0.0317
s,9.07295757,158.964,0.0317
s,9.07295757,158.672,0.0317
s,9.073193453,160.349,0.0318
m,8.926565339,154.931,0.0265
m,8.930666105,161.886,0.0267
m,8.934606988,156.647,0.0271
m,8.938943547,159.742,0.0273
m,8.949124268,160.353,0.0286
m,8.970024207,158.775,0.0297
m,8.974124983,159.297,0.0298
m,8.978065872,159.236,0.03
m,8.986267362,159.722,0.0301
m,8.994460625,159.808,0.0303
m,9.018038048,159.078,0.0308
m,9.022138927,155.572,0.031
m,9.030576148,162.509,0.031
m,9.034516919,161.15,0.031
m,9.059281195,161.939,0.031
m,9.066531319,161.717,0.0311
m,9.068973199,160.948,0.031
m,9.070707805,161.224,0.031
m,9.071575191,161.987,0.0311
s,9.071247071,162.456,0.0311
s,9.071322924,159.553,0.0311
s,9.071322924,160.199,0.0311
s,9.07148286,161.53,0.0311
s,9.071558714,162.612,0.0311
s,9.072022078,160.949,0.0311
s,9.072022078,162.573,0.0311
s,9.072333816,160.54,0.0312
s,9.072333816,161.375,0.0312
s,9.072797467,161.018,0.0315
s,9.072881525,160.937,0.0315
s,9.072957481,161.43,0.0316
s,9.072881613,161.273,0.0316
s,9.072957481,161.824,0.0316
s,9.073429246,159.59,0.0318
s,9.073505117,159.285,0.0318
s,9.073505208,160.595,0.0319
s,9.073741003,159.095,0.0319
s,9.073816876,161.891,0.0319
s,9.073976798,160.34,0.0319
s,9.074052763,159.537,0.032
s,9.074052763,161.006,0.032
s,9.073892842,159.198,0.032
s,9.073732923,160.212,0.032
s,9.073253077,161.462,0.0319
s,9.073253077,162.26,0.0319
s,9.073252985,159.803,0.0318
s,9.073328867,159.486,0.0318
s,9.073328867,159.131,0.0318
s,9.073085017,160.157,0.0319
s,9.073084925,161.202,0.0318
s,9.072925014,160.996,0.0318
s,9.072924923,158.09,0.0317
s,9.072765013,160.86,0.0317
s,9.072765013,160.945,0.0317
s,9.072765013,161.519,0.0317
s,9.072924923,159.55,0.0317
s,9.072765013,157.4,0.0317
s,9.073161186,159.57,0.0322
s,9.073397082,160.588,0.0323
s,9.073632978,159.709,0.0324
s,9.073633077,160.359,0.0325
s,9.073633176,160.605,0.0326
s,9.0735578,161.53,0.0331
s,9.073953616,160.912,0.0332
s,9.073953616,162.728,0.0332
s,9.073953616,162.362,0.0332
s,9.074661119,160.097,0.0333
s,9.074585231,160.454,0.0333
s,9.074585231,162.64,0.0333
s,9.074821139,161.932,0.0334
s,9.074821139,160.173,0.0334
s,9.075301208,159.049,0.0337
s,9.075301208,161.124,0.0337
s,9.07530132,162.213,0.0338
s,9.075301434,159.055,0.0339
s,9.075225667,161.855,0.034
s,9.073497127,162.516,0.032
s,9.073337209,160.549,0.032
s,9.07317729,161.999,0.032
s,9.073253077,158.768,0.0319
s,9.073404842,159.588,0.0319
s,9.073404842,160.85,0.0319
s,9.073404934,158.73,0.032
s,9.073480727,162.057,0.0319
s,9.073085017,161.075,0.0319
s,9.072924923,160.608,0.0317
s,9.072765013,160.921,0.0317
s,9.072764924,160.407,0.0316
s,9.072764924,159.82,0.0316
s,9.072764924,160.864,0.0316
s,9.072925014,158.433,0.0318
s,9.072925105,160.062,0.0319
s,9.072925198,160.121,0.032
s,9.073161091,158.837,0.0321
s,9.073633276,159.026,0.0327
s,9.073481601,160.2,0.0328
s,9.073557591,160.101,0.0329
s,9.073557695,161.782,0.033
s,9.073557695,160.961,0.033
s,9.074189415,159.459,0.0332
s,9.074189522,159.183,0.0333
s,9.07442532,160.271,0.0333
s,9.07442532,160.295,0.0333
s,9.07442532,160.251,0.0333
s,9.07498116,161.267,0.0335
s,9.075141072,161.881,0.0335
s,9.075141182,159.952,0.0336
s,9.075301096,161.842,0.0336
s,9.075225667,161.479,0.034
s,9.075225783,161.048,0.0341
s,9.075225783,160.892,0.0341
s,9.075065984,161.098,0.0342
s,9.075226137,161.48,0.0344
s,9.075226137,158.278,0.0344
s,9.075462054,162.74,0.0345
s,9.075462054,161.486,0.0345
s,9.07562209,157.769,0.0346
s,9.076094182,161.691,0.035
s,9.076094182,160.306,0.035
s,9.076094309,160.912,0.0351
s,9.076329979,161.274,0.035
s,9.076489895,160.638,0.035
s,9.077593644,162.06,0.0355
s,9.078065504,162.623,0.0357
s,9.078065504,160.959,0.0357
s,9.078301302,162.845,0.0357
s,9.078461352,162.247,0.0358
s,9.078453343,160.809,0.0359
s,9.078689141,160.564,0.0359
s,9.078689141,161.849,0.0359
s,9.078529231,161.842,0.0359
s,9.078841056,161.695,0.036
s,9.078765167,162.471,0.036
s,9.078765167,162.105,0.036
s,9.078765167,161.569,0.036
s,9.078605257,159.919,0.036
s,9.077889871,160.711,0.0361
s,9.077889597,159.575,0.0359
s,9.077813703,162.476,0.0359
s,9.07765366,162.458,0.0358
s,9.07765366,162.036,0.0358
m,9.077257291,160.216,0.0353
m,9.077257291,162.105,0.0353
m,9.077181398,161.741,0.0353
m,9.077417069,160.312,0.0352
m,9.092009397,160.542,0.0351
m,9.09547876,162.043,0.0352
m,9.099343702,162.038,0.0352
m,9.103444446,162.011,0.0352
s,9.075622213,161.267,0.0347
s,9.07578213,161.959,0.0347
s,9.075622336,161.521,0.0348
s,9.075858259,160.689,0.0349
s,9.075858385,162.977,0.035
s,9.076490022,161.109,0.0351
s,9.076885862,160.695,0.0352
s,9.077121788,162.061,0.0353
s,9.077433598,160.846,0.0354
s,9.078301436,163.533,0.0358
s,9.078537234,160.709,0.0358
s,9.078301436,160.106,0.0358
s,9.078301572,162.006,0.0359
s,9.078613254,161.932,0.0359
s,9.07876503,161.381,0.0359
s,9.07876503,161.379,0.0359
s,9.078925076,161.541,0.036
s,9.078925076,163.195,0.036
s,9.078841056,161.098,0.036
s,9.078209686,158.622,0.0361
s,9.077973748,160.76,0.036
s,9.077973886,160.751,0.0361
s,9.077813978,161.892,0.0361
s,9.077417725,161.312,0.0357
s,9.077417592,161.158,0.0356
s,9.077417459,160.464,0.0355
s,9.077257422,161.371,0.0354
m,9.077257422,161.789,0.0354
m,9.077812777,161.479,0.0352
m,9.078680085,160.009,0.0352
m,9.082620918,158.989,0.0352
m,9.085618552,157.207,0.0352
m,9.088851858,159.857,0.0351
m,9.110938532,160.168,0.0352
m,9.110938532,161.104,0.0352
m,9.11834848,159.853,0.0351
m,9.121817846,160.347,0.0352
m,9.125683051,160.82,0.0354
m,9.129708033,160.613,0.0355
m,9.133733018,161.584,0.0356
m,9.138069303,157.505,0.0354
m,9.14658263,155.689,0.0355
m,9.150758889,160.613,0.0352
m,9.17047986,160.063,0.0356
m,9.178778938,159.087,0
m,9.183017924,160.957,0.0356
m,9.18727858,155.383,0.0356
m,9.19153937,157.297,0.0357
m,9.221895166,162.733,0.0356
m,9.22599606,160.758,0.0357
m,9.229776501,156.948,0.0353
m,9.233557218,160.062,0.0351
m,9.263036772,161.64,0.0342
m,9.267685091,161.673,0.0342
m,9.276981869,160.999,0.0343
m,9.276981869,155.865,0.0343
m,9.285646931,157.857,0.0342
m,9.311278434,159.904,0.0339
m,9.315219458,154.174,0.034
m,9.323185555,160.072,0.0343
m,9.323185436,161.381,0.0342
m,9.331463306,163.196,0.0345
m,9.3556619,156.434,0.0356
m,9.35914746,161.366,0.0357
m,9.362716681,160.463,0.0355
m,9.370167695,160.812,0.0356
m,9.396977486,153.968,0.0361
m,9.396977486,159.867,0.0361
m,9.404161856,162.94,0.036
m,9.40752337,158.366,0.0361
m,9.410885156,158.548,0.0361
m,9.432458299,156.183,0.0359
m,9.435937652,158.005,0.036
m,9.439342523,153.347,0.0359
m,9.446306852,159.899,0.0361
m,9.449640175,156.036,0.0361
m,9.150758889,158.987,0.0352
m,9.15888462,160.104,0.0353
m,9.162909471,159.131,0.0353
m,9.166774551,162.838,0.0354
m,9.200128492,162.432,0.0357
m,9.204625088,162.414,0.0358
m,9.209121684,162.373,0.0359
m,9.213458111,159.419,0.0358
m,9.217558735,161.425,0.0357
m,9.241279073,161.372,0.0351
m,9.245379585,161.258,0.0349
m,9.249480225,159.575,0.0348
m,9.253816677,159.951,0.0347
m,9.258388939,158.557,0.0346
m,9.289823534,155.168,0.0341
m,9.294084181,157.35,0.0341
m,9.298504586,159.26,0.034
m,9.302841062,160.705,0.0339
m,9.335884319,161.682,0.0349
m,9.340229149,158.638,0.0351
m,9.340229407,160.097,0.0353
m,9.348143497,157.78,0.0355
m,9.351940576,159.675,0.0355
m,9.373897479,158.316,0.0357
m,9.377551386,154.42,0.0357
m,9.381525338,160.502,0.0357
m,9.385499734,161.021,0.0359
m,9.393229818,161.432,0.036
m,9.414407462,149.214,0.0361
m,9.421489602,158.78,0.036
m,9.425116657,157.307,0.036
m,9.428904743,154.47,0.0359
m,9.449640314,161.889,0.0362
m,9.45646113,155.076,0.0363
m,9.459873395,160.226,0.0364
m,9.463126297,155.482,0.0365
m,9.46645571,150.736,0.0369
m,9.469711117,156.081,0.0372
m,9.476460198,158.723,0.0374
m,9.479718812,157.962,0.0376
m,9.482978547,155.83,0.0378
m,9.505345295,155.254,0.0393
m,9.508453055,157.026,0.0396
m,9.511722713,159.781,0.0398
m,9.514981191,155.888,0.0401
m,9.5184144,153.667,0.0405
m,9.538612883,159.463,0.0417
m,9.541979901,158.895,0.042
m,9.545347975,156.185,0.0422
m,9.548791353,158.64,0.0425
m,9.552148721,159.86,0.043
m,9.571859776,154.036,0.0443
m,9.575439792,152.52,0.0444
m,9.575440018,160.8,0.0445
m,9.579215628,150.152,0.0446
m,9.594117433,159.679,0.0454
m,9.596511413,157.778,0.0455
m,9.598745387,160.608,0.0457
m,9.600980783,161.644,0.0458
m,9.603129111,158.211,0.0461
m,9.617704328,160.223,0.0467
m,9.620187502,162.38,0.0467
m,9.622582597,157.798,0.0468
m,9.624977887,158.719,0.0464
m,9.629774506,158.688,0.0463
m,9.644524515,155.493,0.0462
m,9.647005639,160.924,0.0462
m,9.649651056,159.832,0.0463
m,9.65253243,161.063,0.0464
m,9.676776079,159.708,0.0467
m,9.680840009,161.285,0.0468
m,9.685139053,158.086,0.0467
m,9.689673661,159.855,0.0466
m,9.698634001,163.28,0.0465
m,9.48607863,158.351,0.038
m,9.489266258,151.252,0.0384
m,9.492368532,155.608,0.0386
m,9.495632896,150.867,0.0389
m,9.498898211,155.079,0.0391
m,9.521600397,159.253,0.0407
m,9.528471528,153.81,0.041
m,9.531821804,155.252,0.0412
m,9.531822191,155.653,0.0414
m,9.555170169,158.182,0.0434
m,9.561217366,156.181,0.0436
m,9.56434512,154.961,0.0438
m,9.564345561,154.452,0.044
m,9.569937717,153.128,0.044
m,9.581113084,157.649,0.0447
m,9.583158717,150.702,0.0448
m,9.585294143,161.276,0.0449
m,9.587358061,157.479,0.0451
m,9.591725189,154.644,0.0453
m,9.605675407,157.651,0.0462
m,9.608077735,160.354,0.0463
m,9.612742081,160.749,0.0464
m,9.615060032,158.975,0.0465
m,9.63210288,161.577,0.0463
m,9.63210288,160.639,0.0463
m,9.637070749,157.07,0.0462
m,9.639638298,156.961,0.0462
m,9.64211672,159.357,0.0462
m,9.658605237,160.871,0.0465
m,9.658605484,162.366,0.0466
m,9.665386703,163.49,0.0466
m,9.669283679,161.584,0.0465
m,9.673019332,162.722,0.0466
m,9.698634001,159.247,0.0465
m,9.707556691,160.344,0.0465
m,9.712197002,157.951,0.0465
m,9.716277104,157.71,0.0465
m,9.720826109,161.789,0.0464
m,9.725049069,160.569,0.0463
m,9.729670231,162.796,0.0463
m,9.738913508,159.624,0.0462
m,9.743769905,156.78,0.0461
m,9.774157972,160.525,0.0454
m,9.778526873,161.867,0.0454
m,9.78249792,162.07,0.0452
m,9.786306005,162.54,0.0451
m,9.817295494,159.868,0.0442
m,9.821994316,162.667,0.0442
m,9.826131921,162.124,0.0441
m,9.830035904,161.599,0.0441
m,9.83396262,158.993,0.044
m,9.856317514,162.64,0.0437
m,9.860294186,161.849,0.0436
m,9.864271118,161.55,0.0435
m,9.868552428,161.819,0.0433
m,9.876437716,159.41,0.0433
m,9.90333073,159.435,0.0428
m,9.903330523,160.438,0.0427
m,9.90717055,161.807,0.0427
m,9.914945393,161.535,0.0426
m,9.943927781,161.954,0.0425
m,9.948169367,161.771,0.0424
m,9.948169165,161.81,0.0423
m,9.95616143,159.106,0.0423
m,9.960075957,162.963,0.0423
m,9.983618685,161.346,0.0419
m,9.987465846,159.209,0.0419
m,9.99084559,161.91,0.0418
m,9.994693054,160.045,0.0416
m,9.998377143,162.029,0.0417
m,10.0263099,158.482,0.0415
m,10.03016067,158.009,0.0414
m,10.03852145,160.942,0.0414
m,10.04237328,161.606,0.0413
m,9.743769664,161.361,0.046
m,9.752830423,155.943,0.0459
m,9.757431805,162.009,0.0457
m,9.761636062,162.711,0.0456
m,9.765840572,161.032,0.0455
m,9.790675254,160.817,0.0449
m,9.794647327,157.22,0.0448
m,9.799087812,161.498,0.0446
m,9.808226377,160.665,0.0444
m,9.808226154,161.389,0.0443
m,9.837492237,159.935,0.044
m,9.845068486,161.915,0.044
m,9.848903512,161.902,0.0439
m,9.848903294,158.517,0.0438
m,9.88034546,161.958,0.0432
m,9.884253508,162.068,0.0431
m,9.887998015,162.402,0.043
m,9.891906861,162.327,0.043
m,9.895581596,161.503,0.0428
m,9.919442387,160.665,0.0426
m,9.923845816,161.865,0.0426
m,9.927945804,162.453,0.0426
m,9.935983139,159.215,0.0426
m,9.939920242,160.088,0.0425
m,9.963756735,149.077,0.0422
m,9.967671657,161.666,0.0421
m,9.975761574,163.021,0.0421
m,9.979772061,160.314,0.042
m,10.00607432,161.708,0.0416
m,10.00607432,161.46,0.0416
m,10.01410157,161.705,0.0415
m,10.01818518,158.951,0.0415
m,10.02213048,159.337,0.0415
m,10.04615611,158.064,0.0411
m,10.04970605,161.225,0.0411
m,10.05332531,162.347,0.041
m,10.05671148,160.924,0.041
m,10.06374487,159.781,0.0409
m,10.06374468,162.595,0.0408
m,10.0707533,162.941,0.0408
m,10.07444388,161.225,0.0408
m,10.07796994,160.22,0.0407
m,10.0809334,162.286,0.0406
s,10.08513703,160.465,0.0422
s,10.08508453,161.751,0.0428
s,10.08489387,162.39,0.0432
s,10.0848681,163.242,0.0437
s,10.08477412,163.001,0.0445
s,10.08427293,161.913,0.0463
s,10.08434284,163.347,0.0467
s,10.08450797,162.185,0.0469
s,10.08457741,161.956,0.0471
s,10.0850636,161.666,0.0485
s,10.08536666,161.644,0.0487
s,10.08553155,162.97,0.0488
s,10.08553209,163.044,0.049
s,10.08576593,161.983,0.0491
s,10.08633122,161.294,0.05
s,10.08663431,162.82,0.0502
s,10.08663487,162.386,0.0504
s,10.08663544,160.92,0.0506
s,10.08670496,160.665,0.0508
s,10.08707936,160.881,0.0518
s,10.0870107,162.297,0.0519
s,10.0870104,161.086,0.0518
s,10.08694174,161.766,0.0519
s,10.08720263,161.457,0.0521
s,10.08743651,162.353,0.0522
s,10.08743681,162.506,0.0523
s,10.08760144,161.234,0.0523
s,10.08760144,162.759,0.0523
s,10.0883298,161.293,0.0526
s,10.08849443,162.241,0.0526
s,10.08865936,162.181,0.0527
s,10.08929393,161.61,0.0536
s,10.08913681,161.046,0.0536
m,10.08340328,161.611,0.0406
m,10.08478987,159.332,0.0408
m,10.08516196,162.192,0.0412
s,10.08513605,160.738,0.0417
s,10.08465272,162.34,0.045
s,10.08472211,162.498,0.0452
s,10.08462709,160.615,0.0455
s,10.08429851,163.246,0.0458
s,10.08436792,161.332,0.046
s,10.08448221,161.127,0.0473
s,10.08478523,162.907,0.0475
s,10.08469006,161.861,0.0477
s,10.0849244,159.597,0.048
s,10.08492492,162.505,0.0482
s,10.0859311,161.485,0.0493
s,10.08593137,160.985,0.0494
s,10.08616522,162.377,0.0495
s,10.08616604,160.586,0.0498
s,10.08700779,161.969,0.0509
s,10.08700836,160.511,0.0511
s,10.08700982,160.471,0.0516
s,10.08691415,160.886,0.0516
s,10.08691445,162.286,0.0517
s,10.08694204,163.206,0.052
s,10.08694204,163.645,0.052
s,10.08694204,162.541,0.052
s,10.08703801,160.922,0.0521
s,10.08703801,162.791,0.0521
s,10.08786174,162.952,0.0523
s,10.08786204,162.241,0.0524
s,10.08816487,162.716,0.0525
s,10.08816517,159.589,0.0526
s,10.09012147,161.351,0.0536
s,10.09012147,161.338,0.0536
s,10.09120537,160.843,0.0536
s,10.09139702,161.876,0.0536
s,10.09189077,161.028,0.0535
s,10.0927136,160.888,0.0533
s,10.09257622,161.61,0.0534
s,10.09290561,161.192,0.0534
s,10.09337269,162.452,0.0534
s,10.09360654,160.87,0.0535
s,10.093373,162.434,0.0535
s,10.09344216,161.437,0.0536
s,10.09344216,162.271,0.0536
s,10.09327747,161.145,0.0536
s,10.09519177,162.586,0.0555
s,10.09514579,161.748,0.0559
s,10.095717,162.658,0.0566
s,10.0970313,161.67,0.057
s,10.0970327,162.533,0.0574
s,10.09687318,162.118,0.0588
s,10.09673531,161.852,0.0589
s,10.09659745,161.872,0.059
s,10.09652907,161.757,0.0592
s,10.09707791,161.757,0.0599
s,10.09693972,161.962,0.0599
s,10.09680191,161.923,0.06
s,10.09659502,162.073,0.0601
s,10.09648324,161.927,0.0601
s,10.09637378,159.494,0.0607
s,10.0965391,162.176,0.0609
s,10.0962368,163.008,0.061
s,10.09586544,161.306,0.0611
s,10.09572771,162.03,0.0612
s,10.09636185,162.08,0.0618
s,10.09636224,160.733,0.0619
s,10.09650116,162.277,0.0621
s,10.09657101,162.34,0.0623
s,10.09745671,161.028,0.0633
s,10.09745712,159.271,0.0634
s,10.09736247,162.66,0.0636
s,10.09743279,161.905,0.0639
s,10.09752826,161.701,0.0639
s,10.09344185,161.245,0.0535
s,10.09360654,162.602,0.0535
s,10.0935377,160.288,0.0535
s,10.09360654,160.577,0.0535
s,10.09360654,162.751,0.0535
s,10.09304424,161.88,0.0537
s,10.09301724,161.653,0.0537
s,10.09339373,162.299,0.0544
s,10.09400405,160.302,0.055
s,10.09674757,161.617,0.0577
s,10.09698227,162.031,0.058
s,10.09658483,162.82,0.0582
s,10.09668094,162.246,0.0584
s,10.09721844,161.5,0.0587
s,10.09655575,161.091,0.0593
s,10.09651446,161.132,0.0597
s,10.0970512,162.35,0.0598
s,10.09705158,162.015,0.0599
s,10.09738064,160.621,0.0599
s,10.09641454,159.763,0.0602
s,10.09627677,160.419,0.0603
s,10.09620808,163.295,0.0604
s,10.09637301,163.117,0.0605
s,10.09572771,162.458,0.0612
s,10.09612627,159.376,0.0613
s,10.09605722,161.39,0.0613
s,10.09642973,161.181,0.0615
s,10.09636106,162.398,0.0616
s,10.09664048,162.391,0.0624
s,10.09701263,162.641,0.0625
s,10.09708291,161.595,0.0628
s,10.09745549,162.853,0.063
s,10.09745589,161.362,0.0631
s,10.09746001,161.496,0.0641
s,10.09765097,161.773,0.0641
s,10.09774646,161.719,0.0641
s,10.09798007,161.194,0.0641
s,10.09793786,161.773,0.0642
s,10.0978688,160.881,0.0642
s,10.0979643,162.077,0.0642
s,10.09810283,160.378,0.0643
s,10.09819833,162.947,0.0643
s,10.09883139,160.437,0.0646
s,10.09913491,163.903,0.0648
s,10.09943801,160.242,0.0649
s,10.09943929,163.495,0.0652
s,10.09983205,161.629,0.0663
s,10.10006656,160.436,0.0665
s,10.10006833,161.001,0.0669
s,10.1001383,162.812,0.0671
s,10.10013919,162.616,0.0673
m,10.10051782,161.255,0.0688
m,10.10091692,162.399,0.069
m,10.10230329,162.038,0.0692
m,10.1034556,160.059,0.0693
m,10.10453937,159.603,0.0695
m,10.11820949,161.941,0.0691
m,10.12508199,161.06,0.069
m,10.12849673,162.52,0.0687
m,10.13224139,160.55,0.0684
m,10.15995169,161.054,0.0657
m,10.16412778,162.563,0.0655
m,10.16837149,161.038,0.0649
m,10.1771663,162.441,0.0645
m,10.17716422,161.168,0.064
m,10.20313648,162.131,0.0625
m,10.20775618,161.735,0.0619
m,10.21197961,160.112,0.0617
m,10.22013709,160.39,0.0613
m,10.22013555,162.089,0.0609
m,10.24785135,160.208,0.0589
m,10.25488868,158.117,0.0586
m,10.25829037,158.251,0.0582
m,10.25828826,162.502,0.0576
s,10.09806064,161.406,0.0644
s,10.09866598,161.858,0.0644
s,10.09876149,161.514,0.0644
s,10.09876149,160.718,0.0644
s,10.09876191,163.516,0.0645
s,10.09988096,161.709,0.0654
s,10.09978634,161.709,0.0656
s,10.09985584,161.873,0.0657
s,10.09985671,160.397,0.0659
s,10.0997621,161.561,0.0661
s,10.10013964,162.232,0.0674
m,10.10021098,160.986,0.0679
m,10.10028143,161.72,0.0682
m,10.10051597,160.962,0.0684
m,10.10604737,162.144,0.0696
m,10.10745948,162.877,0.0696
m,10.10936495,160.75,0.0695
m,10.11169534,161.563,0.0694
m,10.11512493,159.494,0.0693
m,10.13591785,161.53,0.0681
m,10.1399231,162.509,0.0675
m,10.14399786,161.676,0.0669
m,10.15182336,158.645,0.0665
m,10.15594208,161.305,0.0661
m,10.18563175,158.921,0.0636
m,10.18978394,161.319,0.0634
m,10.19426596,160.703,0.063
m,10.19881778,161.056,0.0628
m,10.22806211,162.964,0.0607
m,10.2320933,160.992,0.0604
m,10.23629042,161.458,0.0602
m,10.24018592,161.061,0.0598
m,10.24421824,161.991,0.0595
m,10.26582296,163.078,0.0571
m,10.26948867,161.93,0.0567
m,10.27388376,161.26,0.0562
m,10.27811472,160.642,0.0559
m,10.28264542,161.992,0.0551
m,10.28717789,159.203,0.0547
m,10.29577926,161.094,0.0543
m,10.30008002,157.686,0.0539
m,10.30007877,160.018,0.0535
m,10.30788549,162.834,0.053
m,10.33373774,160.746,0.0511
m,10.33814189,162.523,0.051
m,10.34254631,160.488,0.0508
m,10.34254575,161.708,0.0506
m,10.35135679,160.355,0.0504
m,10.38071448,161.415,0.0489
m,10.38495828,161.765,0.0486
m,10.3898344,161.98,0.0484
m,10.39480995,161.317,0.0482
m,10.42503813,160.808,0.0469
m,10.42872278,160.99,0.0468
m,10.43240715,160.703,0.0464
m,10.43639184,161.843,0.0462
m,10.4403098,159.447,0.0458
m,10.46515947,161.948,0.0449
m,10.46901374,161.319,0.0444
m,10.47303515,162.76,0.0441
m,10.48054883,162.512,0.0439
m,10.48404035,161.767,0.0436
m,10.50228009,161.688,0.0425
m,10.5075143,162.101,0.0424
m,10.51028315,162.032,0.0423
m,10.5131535,161.456,0.0422
m,10.53083802,158.84,0.0417
m,10.53656634,161.584,0.0417
m,10.53908378,160.317,0.0416
m,10.54170401,159.144,0.0416
m,10.55654257,162.153,0.041
m,10.5612858,161.428,0.0409
m,10.56359498,160.35,0.0407
m,10.56590636,159.658,0.0406
m,10.56828461,160.71,0.0405
m,10.31202213,161.374,0.0526
m,10.31649028,161.622,0.0522
m,10.32095806,161.71,0.0515
m,10.32949945,162.652,0.0511
m,10.35576231,161.526,0.05
m,10.3643077,161.776,0.0497
m,10.36430715,161.045,0.0495
m,10.37222786,161.519,0.0493
m,10.37653799,158.448,0.0491
m,10.40466404,161.213,0.0479
m,10.40924257,159.92,0.0477
m,10.40924207,161.264,0.0475
m,10.41790346,160.188,0.0473
m,10.42135418,161.476,0.0471
m,10.44854721,161.832,0.0456
m,10.44854675,162.031,0.0454
m,10.45655344,162.923,0.0453
m,10.46077319,161.413,0.0451
m,10.48706735,161.372,0.0433
m,10.49022796,161.122,0.0432
m,10.49365553,161.89,0.0431
m,10.49651817,160.759,0.0428
m,10.49931548,160.84,0.0426
m,10.51602495,155.578,0.0421
m,10.5189323,157.495,0.042
m,10.52521595,160.81,0.0419
m,10.52802639,159.288,0.0418
m,10.53083822,162.195,0.0418
m,10.54426006,162.819,0.0415
m,10.54658529,160.842,0.0413
m,10.54907938,160.595,0.0413
m,10.55410886,158.945,0.0412
m,10.55654276,160.295,0.0411
m,10.57033043,161.323,0.0404
m,10.57503192,162.875,0.0404
m,10.57758498,160.258,0.0403
m,10.57980558,162.51,0.0403
m,10.58209235,162.239,0.0402
m,10.584214,160.311,0.0404
m,10.58873197,161.226,0.0404
m,10.59106477,162.056,0.0405
m,10.59106477,162.004,0.0405
m,10.61034959,161.064,0.0413
m,10.61255621,160.117,0.0416
m,10.61493215,161.051,0.0419
m,10.617414,160.508,0.0423
m,10.63641118,162.521,0.0447
m,10.63941114,161.624,0.0449
m,10.6426441,160.952,0.045
m,10.64600612,162.266,0.0455
m,10.65323817,162.206,0.0458
m,10.67546547,160.586,0.0469
m,10.68030845,162.373,0.047
m,10.68511011,162.156,0.0474
m,10.69479633,161.659,0.0476
m,10.69961923,160.396,0.0479
m,10.72782936,161.976,0.049
m,10.73265567,157.851,0.0492
m,10.74277092,156.997,0.0493
m,10.74782943,162.868,0.0494
m,10.77553808,162.101,0.0508
m,10.77992552,156.699,0.0511
m,10.78910023,160.414,0.0514
m,10.79376401,161.791,0.0516
m,10.79865934,161.071,0.0519
m,10.82539913,158.19,0.0531
m,10.82539943,157.985,0.0532
m,10.83327527,162.734,0.0533
m,10.83676127,159.093,0.0536
m,10.84047762,157.77,0.0537
m,10.86197916,159.756,0.054
m,10.86667809,162.397,0.054
m,10.86815301,161.834,0.054
m,10.86870786,160.462,0.0542
m,10.59623875,160.897,0.0406
m,10.59884844,159.909,0.0406
m,10.60118943,159.393,0.0407
m,10.60359642,161.38,0.0408
m,10.60583798,162.629,0.0411
m,10.62006527,161.375,0.0426
m,10.62248773,162.057,0.0433
m,10.62769433,161.532,0.0436
m,10.62769518,162.878,0.044
m,10.63318158,161.32,0.0444
m,10.65723523,160.65,0.046
m,10.66146534,161.107,0.0463
m,10.66146605,163.072,0.0466
m,10.67074886,160.69,0.0467
m,10.7044424,161.51,0.0481
m,10.70903484,161.53,0.0482
m,10.70903535,162.299,0.0484
m,10.7182841,161.946,0.0485
m,10.72317185,158.145,0.0487
m,10.75305732,159.57,0.0496
m,10.75805486,160.741,0.0498
m,10.76277756,161.404,0.0499
m,10.76716388,162.16,0.0502
m,10.77138215,160.339,0.0506
m,10.80321754,160.855,0.0522
m,10.80794466,157.128,0.0524
m,10.81250398,159.964,0.0528
m,10.81689426,161.116,0.053
m,10.84379433,159.619,0.0537
m,10.85021371,156.218,0.0536
m,10.85353142,158.344,0.0537
m,10.85668011,160.15,0.0537
m,10.85930583,162.613,0.0536
m,10.86870847,161.411,0.0544
m,10.86831568,160.644,0.0542
m,10.86743136,161.885,0.0543
m,10.86621092,159.153,0.0545
m,10.86442347,162.557,0.0547
m,10.86028352,161.323,0.0546
m,10.85839254,160.898,0.0546
m,10.85639539,162.604,0.0548
m,10.85462908,163.271,0.0547
m,10.84118195,162.162,0.055
m,10.82556542,159.717,0.0559
m,10.8227299,157.512,0.056
m,10.81978697,160.348,0.0563
m,10.81695492,157.026,0.0565
m,10.81406579,162.256,0.0571
m,10.78845418,151.662,0.0591
m,10.78460948,151.626,0.0594
m,10.78087675,153.037,0.0596
m,10.77743673,153.899,0.0603
m,10.75587957,153.538,0.0626
m,10.75302807,158.215,0.063
m,10.7461863,155.543,0.0632
m,10.74253305,157.12,0.0636
m,10.73893998,153.922,0.0639
m,10.72065042,159.802,0.066
m,10.72065126,154.797,0.0662
m,10.71566933,160.635,0.0664
m,10.71300937,158.684,0.0665
m,10.70971461,161.778,0.067
m,10.68710338,162.103,0.0663
m,10.6842804,156.127,0.0655
m,10.68111675,151.661,0.0654
m,10.67444893,158.514,0.0652
m,10.656425,161.574,0.0648
m,10.6534445,158.557,0.0647
m,10.64697422,154.556,0.0648
m,10.64388331,152.987,0.0647
m,10.6438829,157.194,0.0646
m,10.62371501,157.889,0.0644
m,10.61698594,158.456,0.0644
m,10.61698594,162.583,0.0644
m,10.61026307,159.622,0.0644
m,10.61026307,159.282,0.0644
m,10.83873623,162.005,0.055
m,10.83368058,156.292,0.0552
m,10.83101058,157.81,0.0555
m,10.8310109,162.907,0.0556
m,10.80794918,160.403,0.0572
m,10.80483469,157.417,0.0576
m,10.79861963,150.614,0.0582
m,10.79528929,155.752,0.0585
m,10.79190111,156.301,0.0589
m,10.77044717,152.781,0.0607
m,10.76735912,161.72,0.0611
m,10.76736062,153.324,0.0615
m,10.76170473,146.991,0.0617
m,10.75879122,155.526,0.0621
m,10.73540692,157.128,0.0641
m,10.73233435,150.013,0.0644
m,10.72915377,157.624,0.0653
m,10.72337108,160.304,0.0656
m,10.70671237,153.177,0.0673
m,10.70330508,156.168,0.067
m,10.69672676,160.7,0.0669
m,10.69332456,158.412,0.0666
m,10.69038601,154.844,0.0665
m,10.67444851,159.538,0.0651
m,10.66835777,161.269,0.065
m,10.66537243,156.63,0.065
m,10.6622173,160.821,0.065
m,10.65934931,155.439,0.0649
m,10.63719215,152.462,0.0645
m,10.63370639,156.037,0.0645
m,10.63039361,161.017,0.0645
m,10.62691102,161.693,0.0645
m,10.60343271,158.022,0.0643
m,10.5999053,162.523,0.0641
m,10.59660821,161.244,0.064
m,10.59354095,161.499,0.0639
m,10.59041643,160.86,0.0638
m,10.57781613,157.573,0.0634
m,10.57781613,154.414,0.0634
m,10.57090185,158.461,0.0634
m,10.56744751,155.07,0.0635
m,10.54519888,154.972,0.0639
m,10.54519888,158.961,0.0639
m,10.53837832,161.895,0.064
m,10.53488478,161.01,0.0641
m,10.53162024,162.013,0.0641
m,10.51240803,154.074,0.0646
m,10.50926652,161.389,0.0649
m,10.5060706,160.187,0.065
m,10.50287627,157.486,0.0651
m,10.49968393,157.058,0.0653
m,10.47901323,162.951,0.0656
m,10.47605988,154.344,0.0657
m,10.47281586,156.183,0.0655
m,10.46696046,161.111,0.0655
m,10.45003065,157.732,0.0654
m,10.447134,159.526,0.0654
m,10.44158285,159.675,0.0656
m,10.43880914,154.362,0.0657
m,10.43880914,159.051,0.0657
m,10.42106886,159.617,0.0656
m,10.41520582,160.038,0.0655
m,10.41221669,162.777,0.0655
m,10.40917549,161.125,0.0655
m,10.40917507,154.38,0.0654
m,10.38412272,159.17,0.0647
m,10.38076203,152.593,0.0646
m,10.37740303,156.721,0.0645
m,10.3740449,159.213,0.0642
m,10.35097501,157.508,0.0636
m,10.34775289,156.592,0.0636
m,10.34465369,155.85,0.0635
m,10.3413828,160.091,0.0634
m,10.33484785,160.133,0.0634
m,10.5641659,156.874,0.0634
m,10.5609991,157.47,0.0636
m,10.5579494,156.801,0.0637
m,10.55467343,162.057,0.0638
m,10.54852556,162.05,0.0638
m,10.52830237,162.481,0.0642
m,10.52178218,153.575,0.0643
m,10.51869712,151.973,0.0644
m,10.51555185,156.743,0.0645
m,10.49672012,153.557,0.0654
m,10.49079624,157.871,0.0654
m,10.48789172,161.782,0.0655
m,10.48504287,161.44,0.0655
m,10.48214073,162.422,0.0655
m,10.46696004,163.186,0.0654
m,10.46110986,162.097,0.0654
m,10.45832693,158.118,0.0653
m,10.45560024,157.843,0.0654
m,10.45287427,158.57,0.0654
m,10.43309159,154.009,0.0657
m,10.43021325,150.255,0.0656
m,10.42716415,151.203,0.0657
m,10.42411601,158.59,0.0657
m,10.40292279,161.368,0.0652
m,10.39971125,153.043,0.0649
m,10.39690211,162.691,0.0649
m,10.39381432,159.42,0.0648
m,10.38731131,153.38,0.0647
m,10.37074203,155.403,0.0641
m,10.36756201,159.875,0.0641
m,10.36085923,156.633,0.0639
m,10.36085882,155.463,0.0638
m,10.35426857,155.588,0.0638
m,10.331635,161.808,0.0633
m,10.32819823,163.589,0.0632
m,10.32819823,161.407,0.0632
m,10.32122727,158.467,0.0631
m,10.31791826,161.6,0.0629
m,10.31454046,162.931,0.0626
m,10.31139094,160.398,0.0625
m,10.30487246,160.718,0.0625
m,10.30150238,162.663,0.0623
m,10.27866279,160.471,0.0614
m,10.27866241,162.293,0.0613
m,10.27230426,162.007,0.0613
m,10.26935328,161.749,0.0613
m,10.25076459,161.702,0.0611
m,10.25076383,160.98,0.0609
m,10.24619357,161.845,0.0608
m,10.24376173,161.385,0.0608
m,10.24128131,161.399,0.0608
m,10.22556346,159.635,0.0607
m,10.22556384,161.354,0.0608
m,10.22060985,162.806,0.0608
m,10.21802404,161.401,0.0607
m,10.21576433,161.87,0.0606
m,10.20115807,161.146,0.0617
m,10.19918975,160.879,0.0618
m,10.19739944,161.821,0.0621
m,10.19382395,161.339,0.0624
m,10.18476655,161.444,0.0641
m,10.18176827,161.747,0.0644
m,10.18049594,161.812,0.0646
m,10.1787286,160.64,0.0645
m,10.17718787,162.804,0.0646
m,10.16751877,155.357,0.0634
m,10.16597495,159.429,0.0626
m,10.16421208,160.878,0.0622
m,10.16267447,159.068,0.0616
m,10.15895199,158.309,0.0606
m,10.14699265,161.87,0.0585
m,10.14521263,161.291,0.0582
m,10.14343551,160.716,0.0579
m,10.14170723,160.19,0.0574
m,10.29830865,161.146,0.0622
m,10.29489133,162.339,0.0621
m,10.29170106,162.56,0.0619
m,10.28833774,161.1,0.0615
m,10.28520322,162.675,0.0615
m,10.26635297,163.883,0.0612
m,10.26375458,161.558,0.0612
m,10.26115816,161.587,0.0612
m,10.25851308,159.85,0.0612
m,10.25604382,162.806,0.061
m,10.23870274,160.74,0.0609
m,10.23612692,161.582,0.0612
m,10.23350116,162.337,0.061
m,10.22798257,162.491,0.0609
m,10.21360692,160.767,0.0608
m,10.20924717,162.5,0.0608
m,10.20722154,161.148,0.061
m,10.20537278,156.583,0.0611
m,10.2031768,161.44,0.0614
m,10.19382555,161.7,0.0628
m,10.19057944,162.276,0.063
m,10.18902305,160.419,0.0632
m,10.1876926,157.83,0.0634
m,10.18618915,160.661,0.0637
m,10.17560027,160.683,0.0645
m,10.1723353,159.07,0.0642
m,10.17078598,152.604,0.064
m,10.17078475,160.892,0.0637
m,10.15729475,156.493,0.0603
m,10.15563997,160.332,0.06
m,10.15403405,158.79,0.0595
m,10.15238339,161.536,0.059
m,10.14895123,158.363,0.0587
m,10.14026097,161.639,0
m,10.13911436,160.585,0.0568
m,10.13780194,162.909,0.0562
m,10.13511176,160.935,0.0559
m,10.13359308,160.633,0.0558
m,10.13171498,161.591,0.0557
m,10.12965484,160.419,0.0557
m,10.12772735,161.505,0.0556
m,10.12535731,156.592,0.0553
m,10.11996119,156.363,0.0552
m,10.10897765,155.668,0.0544
m,10.10689587,153.081,0.0542
m,10.10526083,159.606,0.0538
m,10.1036752,152.072,0.0537
m,10.10038471,149.882,0.0535
m,10.09133111,156.108,0.0522
m,10.0884372,146.965,0.0519
m,10.08692685,156.563,0.0515
m,10.0852421,151.421,0.0512
m,10.07540387,162.03,0.0502
m,10.07260046,159.848,0.0505
m,10.07133481,158.501,0.0504
m,10.06998051,159.754,0.05
m,10.06854137,162.806,0.0497
m,10.06536252,159.831,0.0491
s,10.06509875,161.042,0.0492
s,10.06514205,161.119,0.0492
s,10.06514232,159.623,0.0493
s,10.06514232,160.121,0.0493
s,10.06447511,158.525,0.049
s,10.06411998,157.559,0.0489
s,10.06411998,161.151,0.0489
s,10.06411998,159.529,0.0489
s,10.06363022,156.007,0.0486
s,10.06349611,158.592,0.0486
s,10.06353943,159.732,0.0486
s,10.06349611,159.471,0.0486
s,10.06336174,158.324,0.0485
s,10.0634484,158.189,0.0485
s,10.0634484,158.484,0.0485
s,10.0634484,158.419,0.0485
s,10.0634484,159.507,0.0485
s,10.06340507,158.34,0.0485
m,10.11702551,156.073,0.055
m,10.11702551,152.301,0.055
m,10.11292992,152.45,0.0549
m,10.11066425,149.923,0.0546
m,10.0988106,153.514,0.0533
m,10.0988103,154.681,0.0532
m,10.09624558,154.101,0.053
m,10.09463426,149.684,0.0528
m,10.09289238,156.718,0.0523
m,10.08338201,153.558,0.0507
m,10.08170215,152.182,0.0505
m,10.08006869,162.328,0.0503
m,10.07843797,158.823,0.0503
m,10.07540415,159.33,0.0503
m,10.0673256,156.775,0.0495
m,10.06591476,162.065,0.0495
m,10.06548886,162.799,0.0493
m,10.06536279,160.017,0.0492
s,10.06496489,163.048,0.0493
s,10.0648305,157.105,0.0492
s,10.06465307,158.523,0.0492
s,10.0646528,158.96,0.0491
s,10.06447537,158.246,0.0491
s,10.0639856,159.63,0.0488
s,10.0639856,158.899,0.0488
s,10.06380791,158.287,0.0487
s,10.06380791,160.759,0.0487
s,10.0636738,160.347,0.0487
s,10.06336174,156.797,0.0485
s,10.06340507,158.025,0.0485
s,10.06340507,158.651,0.0485
s,10.06340507,160.859,0.0485
s,10.06340507,158.34,0.0485
s,10.06340507,159.426,0.0485
s,10.06340507,158.364,0.0485
s,10.06358249,155.918,0.0485
s,10.06358249,157.844,0.0485
s,10.0635719,158.384,0
s,10.06353917,161.531,0.0485
s,10.06353917,157.101,0.0485
s,10.06358249,157.693,0.0485
s,10.06380299,158.187,0.0484
s,10.06380299,160.851,0.0484
s,10.06380299,159.293,0.0484
s,10.06402347,158.594,0.0483
s,10.06402347,160.048,0.0483
s,10.06388912,158.483,0.0482
s,10.06388912,158.021,0.0482
s,10.06388912,157.557,0.0482
s,10.06388886,158.456,0.0481
s,10.06388886,158.499,0.0481
s,10.06339993,159.744,0.0481
s,10.06357735,160.586,0.0481
s,10.06357735,157.719,0.0481
s,10.06339993,160.768,0.0481
s,10.06348661,158.421,0.0481
s,10.06348635,158.988,0.048
s,10.06348635,159.075,0.048
s,10.06330893,158.576,0.048
s,10.06330893,160.285,0.048
s,10.0631746,156.465,0.0479
s,10.0631746,158.676,0.0479
s,10.0631746,161.506,0.0479
s,10.06299718,162.084,0.0479
s,10.06281976,157.994,0.0479
s,10.0626426,156.958,0.048
s,10.0626426,158.054,0.048
s,10.06246518,159.6,0.048
s,10.06242184,160.171,0.048
s,10.06295032,160.882,0.0481
s,10.06290697,160.561,0.0481
s,10.06299367,157.089,0.0481
s,10.06295058,157.998,0.0482
s,10.06303755,159.685,0.0483
s,10.06358249,158.963,0.0485
s,10.06358249,160.046,0.0485
s,10.06358249,156.743,0.0485
s,10.06358249,157.049,0.0485
s,10.06358249,157.875,0.0485
s,10.06388938,158.388,0.0483
s,10.06388912,158.167,0.0482
s,10.06388912,157.807,0.0482
s,10.06388912,158.078,0.0482
s,10.06388886,158.183,0.0481
s,10.06371144,161.452,0.0481
s,10.06371144,161.191,0.0481
s,10.06371144,160.625,0.0481
s,10.06371144,159.334,0.0481
s,10.06362069,160.84,0.0481
s,10.06362069,159.021,0.0481
s,10.06366403,157.636,0.0481
s,10.06370737,158.572,0.0481
s,10.06362069,162.026,0.0481
s,10.06330867,159.174,0.0479
s,10.06330867,158.641,0.0479
s,10.06313125,159.49,0.0479
s,10.06313125,158.707,0.0479
s,10.06281976,158.034,0.0479
s,10.06281976,158.871,0.0479
s,10.062599,159.851,0.0479
s,10.06264234,159.183,0.0479
s,10.0626426,158.618,0.048
s,10.06242184,158.511,0.048
s,10.06242184,157.174,0.048
s,10.06246544,160.145,0.0481
s,10.0626862,160.928,0.0481
s,10.06272955,157.857,0.0481
s,10.06308143,156.989,0.0485
s,10.06312505,157.903,0.0486
s,10.06325567,159.729,0.0488
s,10.0632993,159.838,0.0489
s,10.06356371,160.952,0.049
s,10.06352061,160.123,0.0491
s,10.06387178,159.017,0.0492
s,10.06413235,159.006,0.0493
s,10.06386817,156.89,0.0493
s,10.06466564,157.318,0.0497
s,10.06418096,157.982,0.0498
s,10.0640942,158.665,0.0498
s,10.06440202,158.224,0.0499
s,10.07013622,159.746,0.0502
s,10.06670523,159.472,0.0502
s,10.06613353,159.378,0.0502
s,10.06564888,158.718,0.0503
s,10.07158232,157.248,0.0507
s,10.07235738,159.113,0.0509
s,10.06874905,158.187,0.0508
s,10.06923398,159.93,0.0508
s,10.06804734,159.284,0.0508
s,10.06888706,158.124,0.0508
s,10.06863101,158.262,0.0508
s,10.06911615,160.268,0.0509
s,10.06911615,161.575,0.0509
s,10.06911615,160.65,0.0509
s,10.06700295,162.277,0.0507
s,10.06678221,161.266,0.0507
s,10.0667389,161.628,0.0507
s,10.06634073,157.475,0.0507
s,10.0661197,159.593,0.0506
m,10.06470445,160.927,0.0506
m,10.064484,159.523,0.0507
m,10.06430628,156.706,0.0506
m,10.06434959,159.385,0.0506
m,10.06356145,163.462,0.0505
m,10.05509652,161.578,0.0498
m,10.05394456,161.467,0.0497
m,10.05394456,156.892,0.0497
m,10.05129225,158.126,0.0498
s,10.06408923,159.915,0.0494
s,10.06461787,158.581,0.0495
s,10.06505973,158.53,0.0496
s,10.06488233,158.483,0.0496
s,10.06479581,161.422,0.0497
s,10.06563615,160.807,0.0499
s,10.06563642,160.162,0.05
s,10.06845599,158.623,0.05
s,10.07012873,159.236,0.0501
s,10.06837687,160.121,0.0501
s,10.0715826,159.79,0.0508
s,10.07251642,159.729,0.0508
s,10.07361744,161.287,0.0509
s,10.07529387,159.818,0.0509
s,10.06827212,161.156,0.0508
s,10.06770057,159.586,0.0508
s,10.06831951,162.589,0.0508
s,10.06801208,159.989,0.0508
s,10.06792541,161.729,0.0508
s,10.0687651,158.97,0.0508
s,10.06823693,161.629,0.0508
s,10.06775182,159.23,0.0507
s,10.06726701,160.424,0.0507
s,10.06726701,159.104,0.0507
s,10.06589896,161.21,0.0506
s,10.06545748,160.461,0.0506
s,10.06510262,161.23,0.0506
s,10.06510262,157.39,0.0506
m,10.06269137,160.309,0.0504
m,10.06182638,161.427,0.0503
m,10.06056888,156.875,0.0502
m,10.0590537,161.729,0.05
m,10.05642834,161.889,0.05
m,10.04992627,162.115,0.0498
m,10.0485201,161.777,0.0499
m,10.04702349,161.386,0.05
m,10.04588487,158.244,0.0503
m,10.04443458,157.283,0.0504
m,10.0419458,157.185,0.0505
m,10.04063742,158.467,0.0508
m,10.0406377,156.184,0.0509
m,10.03785778,156.925,0.0512
m,10.03638736,157.905,0.0514
m,10.02588491,154.968,0.0534
m,10.02469852,156.967,0.0539
m,10.02351414,160.924,0.0543
m,10.022113,159.166,0.0548
m,10.02085037,162.279,0.055
m,10.01083267,155.85,0.0582
m,10.00967458,159.987,0.0585
m,10.00829994,151.321,0.0588
m,10.0070103,155.552,0.0596
m,9.998188479,151.312,0.0622
m,9.996757731,154.12,0.0629
m,9.995288804,151.74,0.0633
m,9.992317982,152.29,0.0636
m,9.990718051,161.281,0.0639
m,9.983884239,161.772,0.0659
m,9.982495997,157.527,0.0665
m,9.980929037,160.764,0.0667
m,9.978119602,152.699,0.067
m,9.976520227,149.434,0.0673
m,9.965739832,159.587,0.0691
m,9.965740775,161.565,0.0693
m,9.96261337,161.9,0.0694
m,9.961109195,160.97,0.0693
m,9.94895775,161.153,0.0701
m,9.948958715,159.742,0.0703
m,9.944604467,159.882,0.0703
m,9.942177205,159.363,0.0705
m,9.939931383,160.795,0.0706
m,9.929037252,157.976,0.0712
m,9.926589393,155.241,0.0713
m,9.921664711,158.199,0.0715
m,9.918939103,157.639,0.0716
m,9.91532137,153.456,0.0717
m,10.03500333,154.765,0.0516
m,10.0337167,158.133,0.0521
m,10.0296799,160.085,0.0526
m,10.02848556,156.543,0.0528
m,10.01955127,156.67,0.0558
m,10.01829496,154.754,0.0563
m,10.01582863,157.16,0.0566
m,10.01323654,159.646,0.0574
m,10.01203372,155.749,0.0579
m,10.00589985,157.224,0.06
m,10.00334485,149.707,0.0604
m,10.00202259,151.218,0.0608
m,10.00202453,150.649,0.0613
m,9.999444153,153.813,0.0617
m,9.989339432,158.559,0.0643
m,9.988042062,156.809,0.0647
m,9.986747429,152.877,0.0652
m,9.98531499,158.398,0.0656
m,9.975141156,157.675,0.0677
m,9.973545444,158.08,0.0679
m,9.971990876,159.773,0.0682
m,9.970578351,161.41,0.0684
m,9.968773112,162.055,0.069
m,9.959465685,162.039,0.0692
m,9.957824312,158.648,0.0692
m,9.956184604,161.994,0.0692
m,9.954547507,160.478,0.0694
m,9.952913036,160.548,0.0698
m,9.937904433,160.667,0.0706
m,9.935738682,160.026,0.0708
m,9.93379192,157.021,0.071
m,9.931413417,157.027,0.0711
m,9.910700801,155.67,0.0719
m,9.910796644,158.665,0.072
m,9.909665193,157.315,0.0721
m,9.908066071,154.834,0.0722
m,9.904044567,153.667,0.0724
m,9.904045581,160.08,0.0726
m,9.899633766,158.084,0.0728
m,9.897144284,161.182,0.0731
m,9.894835814,161.689,0.0732
m,9.876903692,158.875,0.074
m,9.874001663,155.57,0.0741
m,9.868634225,159.627,0.074
m,9.865809501,160.531,0.074
m,9.865810025,160.961,0.0741
m,9.850119418,159.343,0.0736
m,9.844998615,159.395,0.0732
m,9.842295616,159.419,0.073
m,9.839705681,158.166,0.0729
m,9.839704146,159.017,0.0726
m,9.818757863,153.564,0.0702
m,9.816072567,157.604,0.0698
m,9.813535428,158.972,0.0694
m,9.810424287,161.289,0.0689
m,9.791083471,161.886,0.0655
m,9.788382608,162.153,0.0649
m,9.785468756,157.118,0.0641
m,9.779828741,159.693,0.0627
m,9.776889069,158.254,0.0622
m,9.758339451,160.074,0.0578
m,9.755167491,162.01,0.0566
m,9.748866711,159.837,0.0551
m,9.745734037,160.608,0.0537
m,9.742604433,159.832,0.0525
m,9.725542926,160.667,0.0466
m,9.721089929,157.729,0.0464
m,9.718684971,160.469,0.0463
m,9.716399049,160.678,0.0461
m,9.700459646,157.498,0.0442
m,9.698220299,162.495,0.0438
m,9.695950615,160.603,0.0429
m,9.691994472,153.919,0.0421
m,9.691993481,157.492,0.0416
m,9.892350724,162.272,0.0735
m,9.889866784,156.006,0.0736
m,9.887240528,150.806,0.0736
m,9.882138717,156.101,0.0737
m,9.879627608,162.519,0.0738
m,9.860382296,162.017,0.0741
m,9.857813859,159.932,0.074
m,9.855247319,161.847,0.0739
m,9.852682156,159.027,0.0737
m,9.834211701,162.103,0.0724
m,9.831446788,156.029,0.0721
m,9.828863743,160.925,0.0717
m,9.826315171,158.232,0.0709
m,9.823771017,157.989,0.0706
m,9.807493749,155.726,0.068
m,9.804568026,161.109,0.0677
m,9.798936867,154.773,0.0671
m,9.798934602,160.557,0.0666
m,9.793605668,155.986,0.0661
m,9.770852413,155.821,0.0616
m,9.770849638,153.23,0.0609
m,9.764576022,157.855,0.0602
m,9.761368238,161.579,0.0596
m,9.739294821,162.639,0.0508
m,9.736201795,162.057,0.0494
m,9.733110056,156.81,0.0476
m,9.727921988,162.234,0.0471
m,9.725542926,161.081,0.0466
m,9.713964774,162.057,0.0455
m,9.711682577,158.521,0.0452
m,9.707219934,158.707,0.0451
m,9.704975046,162.435,0.0448
m,9.702732056,162.317,0.0445
m,9.688408728,162.411,0.0411
m,9.686331336,162.057,0.0405
m,9.684499158,161.408,0.04
m,9.682456569,160.422,0.0394
m,9.680415953,160.002,0.0388
m,9.678558093,162.372,0.0378
m,9.676764402,159.25,0.0375
m,9.672969155,161.371,0.0367
m,9.672968027,160.064,0.0359
m,9.659706618,160.247,0.0302
m,9.656044104,162.216,0.0297
m,9.654125237,161.571,0.0288
m,9.654124819,161.514,0.0281
m,9.639569574,161.713,0.0233
m,9.637644647,162.194,0.0228
m,9.635664505,158.706,0.0222
m,9.635664535,157.57,0.0218
m,9.633206812,161.117,0.0212
m,9.623374312,158.077,0.0179
m,9.62195022,155.513,0.0175
m,9.620528219,158.443,0.0171
m,9.619080084,161.994,0.0168
m,9.617577932,159.73,0.0166
m,9.606470283,152.288,0.0157
m,9.604805099,155.788,0.0158
m,9.603352159,154.505,0.0157
m,9.601664674,153.214,0.0156
m,9.590842229,150.215,0.0163
m,9.589383528,145.669,0.0178
m,9.586475125,153.371,0.0186
m,9.585806674,143.876,0.0215
m,9.584802987,143.105,0.0225
m,9.808952347,155.632,0.0384
m,9.804981908,153.878,0.0381
m,9.800572503,151.303,0.0379
m,9.795629254,154.262,0.0377
m,9.790644245,160.54,0.0373
m,9.753360659,154.456,0.0362
m,9.747666238,162.511,0.0362
m,9.736413945,155.467,0.036
m,9.731034074,154.788,0.0359
m,9.669241746,158.193,0.0348
m,9.66736645,161.729,0.0341
m,9.665644858,160.274,0.0335
m,9.663743725,162.698,0.0326
m,9.661814339,161.74,0.031
m,9.650447481,161.636,0.0277
m,9.64853608,162.894,0.0267
m,9.646597921,157.265,0.026
m,9.644632939,161.579,0.0247
m,9.642700132,160.054,0.024
m,9.631559796,162.264,0.0206
m,9.629551192,161.356,0.02
m,9.627965925,158.996,0.0188
m,9.626564296,155.462,0.0183
m,9.615952545,153.632,0.016
m,9.612861868,150.56,0.0158
m,9.612862015,157.291,0.0156
m,9.609780217,152.46,0.0157
m,9.608110219,158.037,0.0157
m,9.598479634,151.164,0.0157
m,9.596982191,155.656,0.0158
m,9.596982119,157.757,0.0159
m,9.593893962,150.79,0.016
m,9.59245803,147.629,0.0162
m,9.823391802,159.691,0.0392
m,9.821138928,163.361,0.039
m,9.818419225,159.837,0.0389
m,9.812442154,155.219,0.0387
m,9.780183716,160.486,0.0372
m,9.774843731,157.56,0.037
m,9.774843583,155.648,0.0369
m,9.764478762,154.586,0.0367
m,9.759097632,154.031,0.0365
m,9.725654139,155.248,0.0356
m,9.720274287,160.411,0.0352
m,9.714937193,160.449,0.0352
m,9.709600348,160.797,0.0352
m,9.699063186,158.024,0.0352
m,9.693862811,161.527,0.0352
m,9.693862427,159.183,0.0349
m,9.683055299,157.622,0.035
m,9.677364242,154.084,0.035
m,9.6716736,156.551,0.0351
m,9.63816168,153.651,0.0353
m,9.632472843,154.827,0.0353
m,9.626962189,159.018,0.0354
m,9.621451944,152.93,0.0356
m,9.610076137,158.134,0.0355
m,9.574762584,162.339,0.0358
m,9.563569372,157.894,0.0359
m,9.557884167,153.992,0.0358
m,9.552156804,154.825,0.0359
m,9.511398718,161.117,0.0365
m,9.505580972,154.973,0.036
m,9.500076742,154.99,0.0362
m,9.494395107,157.667,0.0363
m,9.488848029,160.233,0.0362
m,9.45649825,159.506,0.037
m,9.451351196,159.762,0.037
m,9.446382166,151.842,0.0372
m,9.441234872,153.771,0.0367
m,9.436132105,151.579,0.0369
m,9.393729804,150.826,0.0372
m,9.388452434,151.824,0.0375
m,9.383309113,157.237,0.0377
m,9.37798886,157.348,0.038
m,9.342748453,151.546,0.0398
m,9.337607878,160.484,0.0402
m,9.332510758,154.259,0.0403
m,9.327414137,159.488,0.0405
m,9.322496039,158.087,0.0412
m,9.295162447,152.809,0.0429
m,9.290334959,154.928,0.0433
m,9.285686435,155.571,0.0444
m,9.276741536,152.063,0.0448
m,9.272669356,149.977,0.0455
m,9.66616133,156.266,0.0354
m,9.654958881,159.116,0.0353
m,9.64944704,157.494,0.0353
m,9.643893138,158.871,0.0353
m,9.610076404,159.853,0.0357
m,9.598304346,154.498,0.036
m,9.592219696,153.27,0.0361
m,9.586355189,154.966,0.0359
m,9.580668962,158.463,0.0359
m,9.546472719,160.579,0.0362
m,9.540745742,160.731,0.0362
m,9.529200858,161.106,0.0364
m,9.523162626,162.831,0.0366
m,9.523162626,153.911,0.0366
m,9.483344641,156.36,0.0364
m,9.472338299,151.681,0.0365
m,9.466970176,161.623,0.0367
m,9.466970469,149.272,0.0369
m,9.42570602,150.118,0.0368
m,9.420517216,152.588,0.0368
m,9.410006632,155.266,0.0371
m,9.410006632,155.697,0.0371
m,9.399228611,153.361,0.0371
m,9.373023743,156.056,0.0384
m,9.36788155,151.971,0.0388
m,9.362916958,155.281,0.0392
m,9.352810009,161.064,0.0393
m,9.34788948,154.788,0.0395
m,9.313146525,153.41,0.0415
m,9.313147119,158.324,0.0418
m,9.304420133,152.59,0.0423
m,9.299768829,162.985,0.0424
m,9.268640777,159.753,0.046
m,9.264612039,154.793,0.0464
m,9.2606722,150.986,0.0471
m,9.256953731,151.181,0.0478
m,9.253546239,152.745,0.0487
m,9.250185012,154.367,0.0503
m,9.247663941,152.531,0.0513
m,9.245496665,151.436,0.0521
m,9.245454781,151.206,0.0528
m,9.244074621,150.745,0.0502
m,9.244074913,151.726,0.0503
m,9.24425205,150.427,0.0503
m,9.244209921,151.859,0.0504
m,9.244609164,150.647,0.0507
m,9.245185562,149.326,0.051
m,9.245185862,151.654,0.0511
m,9.245141796,149.683,0.0511
m,9.245275482,152.016,0.0513
m,9.245275785,149.86,0.0514
m,9.24540979,151.48,0.0517
m,9.245410097,153.196,0.0518
m,9.245410097,151.364,0.0518
m,9.245543189,151.931,0.0518
m,9.245500376,151.669,0.0522
m,9.245544744,152.762,0.0523
m,9.245722208,149.724,0.0524
m,9.245722208,152.827,0.0524
m,9.245589115,150.691,0.0524
m,9.232391721,152.687,0.0528
m,9.228761064,151.702,0.053
m,9.224909047,148.849,0.0531
m,9.217693932,153.786,0.0532
m,9.21433135,146.96,0.0533
m,9.189686381,148.752,0.0546
m,9.189687405,150.806,0.0549
m,9.1825036,149.955,0.0551
m,9.178714729,153.423,0.0551
m,9.150919042,155.388,0.0563
m,9.150919402,158.922,0.0564
m,9.142660373,156.617,0.0565
m,9.13844626,152.883,0.0569
m,9.129929015,156.448,0.057
m,9.244697479,150.623,0.0513
m,9.244297022,150.912,0.0506
m,9.244118712,150.936,0.0502
m,9.244118422,150.519,0.0501
m,9.244074331,151.19,0.0501
m,9.245140602,150.997,0.0507
m,9.245184668,150.83,0.0507
m,9.245184965,151.01,0.0508
m,9.245185263,150.776,0.0509
m,9.245098638,151,0.0514
m,9.245098943,151.936,0.0515
m,9.245232334,151.04,0.0516
m,9.245232641,151.209,0.0517
m,9.24540979,151.259,0.0517
m,9.245322293,150.85,0.0519
m,9.245720957,152.552,0.052
m,9.245720957,152.637,0.052
m,9.245721269,151.577,0.0521
m,9.245721581,151.685,0.0522
m,9.244658429,149.258,0.0524
m,9.242577119,150.434,0.0525
m,9.239476859,149.183,0.0525
m,9.23593397,153.311,0.0526
m,9.21105884,150.88,0.0535
m,9.207699384,151.647,0.0537
m,9.204164665,149.125,0.054
m,9.200675616,146.881,0.0542
m,9.19339235,148.743,0.0544
m,9.174751528,148.583,0.0553
m,9.170966552,153.369,0.0554
m,9.167052448,154.863,0.0557
m,9.159093237,150.225,0.056
m,9.155093787,152.293,0.0562
m,9.129929383,147.889,0.0571
m,9.122340425,153.653,0.0574
m,9.119008593,159.495,0.0576
m,9.116023554,151.795,0.0578
m,9.113653372,146.403,0.0581
m,9.112162702,152.32,0.0595
s,9.112071282,150.666,0.0596
s,9.112207432,152.807,0.0592
s,9.112252175,150.634,0.0589
s,9.113154604,150.75,0.0585
s,9.113200545,151.718,0.0585
s,9.113024126,152.062,0.0585
s,9.112848093,151.215,0.0586
s,9.111836704,150.084,0.0589
s,9.111836704,151.115,0.0589
s,9.111836704,150.536,0.0589
s,9.111837093,150.462,0.059
s,9.112059459,151.729,0.059
s,9.11215137,149.318,0.059
s,9.112197718,150.596,0.0591
s,9.112197718,149.179,0.0591
s,9.112197718,150.187,0.0591
s,9.111975347,149.537,0.0591
s,9.111975739,150.44,0.0592
s,9.11228882,150.675,0
s,9.112374521,152.226,0.0592
s,9.112550934,150.9,0.0592
s,9.113033826,150.588,0.0591
s,9.112987874,150.279,0.0591
s,9.112941925,150.188,0.0591
s,9.112987874,148.511,0.0591
s,9.112987874,150.618,0.0591
s,9.113248813,150.285,0.0591
s,9.113601649,151.127,0.0591
s,9.113555708,150.894,0.0591
s,9.113817066,150.413,0.0592
s,9.115074081,152.312,0.0592
s,9.116400492,150.116,0.0591
s,9.116177734,149.928,0.059
s,9.11573339,149.977,0.0591
s,9.11573339,149.812,0.0591
s,9.112251786,150.834,0.0588
s,9.112481001,149.756,0.0587
s,9.11274928,151.081,0.0587
s,9.112794825,151.036,0.0586
s,9.113016795,149.718,0.0585
s,9.112717621,151.067,0.0586
s,9.11254159,150.27,0.0587
s,9.112189146,150.147,0.0588
s,9.111966781,152.201,0.0588
s,9.111966781,150.817,0.0588
s,9.112105412,151.831,0.059
s,9.112105412,150.696,0.059
s,9.112112409,149.887,0
s,9.112105412,150.673,0.059
s,9.111975347,150.724,0.0591
s,9.111799326,151.527,0.0592
s,9.111799326,150.588,0.0592
s,9.111929782,152.024,0.0592
s,9.111975739,152.149,0.0592
s,9.112727346,152.217,0.0592
s,9.112726954,151.934,0.0591
s,9.112903367,152.792,0.0591
s,9.112903367,150.174,0.0591
s,9.113033826,150.815,0.0591
s,9.112941925,149.979,0.0591
s,9.113072396,151.012,0.0591
s,9.113248813,148.085,0.0591
s,9.113248813,151.404,0.0591
s,9.116231905,151.37,0.0592
s,9.116584332,149.861,0.0591
s,9.116538369,149.026,0.0591
s,9.116492408,151.048,0.0591
s,9.116446449,149.462,0.0591
s,9.11528866,150.555,0.0591
m,9.115112244,145.639,0.0591
m,9.11498178,149.668,0.0591
m,9.114544454,150.201,0.0591
m,9.113447491,150.14,0.0591
m,9.111952207,146.696,0.0592
m,9.107518966,147.492,0.0591
m,9.104000441,153.253,0.0594
m,9.100443796,144.184,0.0596
m,9.096756312,155.557,0.0595
m,9.068992382,148.209,0.0591
m,9.064176609,149.336,0.0589
m,9.059538366,145.319,0.059
m,9.054853521,149.316,0.059
m,9.050568738,152.181,0.0593
m,9.020306977,147.628,0.059
m,9.01612303,144.228,0.0588
m,9.007673039,144.961,0.0585
m,9.003582161,151.526,0.0581
m,8.975369524,144.274,0.0562
m,8.971551729,149.861,0.0559
m,8.96751119,144.246,0.0555
m,8.963294673,148.193,0.055
m,8.959208544,149.1,0.0547
m,8.936235961,151.402,0.0527
m,8.932057974,148.425,0.0523
m,8.92384565,147.019,0.052
m,8.919668559,146.811,0.0516
m,8.911667389,148.158,0.0509
m,8.884191722,149.52,0.0483
m,8.880241672,149.97,0.0482
m,8.876771749,160.649,0.048
m,8.873384394,154.458,0.0483
m,8.860877138,151.143,0.0463
m,8.8596466,148.65,0.0463
m,8.859024999,148.54,0.0466
m,8.859296825,149.988,0.047
m,8.859297087,148.516,0.0471
m,8.859248803,148.593,0.0468
m,8.859072755,150.684,0.0467
m,8.859072755,149.552,0.0467
m,8.859024999,150.212,0.0466
m,8.859024999,150.768,0.0466
m,9.092263489,158.113,0.0594
m,9.087808766,147.192,0.0593
m,9.083216015,148.376,0.0593
m,9.073761608,146.911,0.0592
m,9.046106535,150.605,0.0593
m,9.037543791,145.701,0.0593
m,9.037543791,147.191,0.0593
m,9.02899056,154.863,0.0593
m,9.024759784,153.061,0.0591
m,8.999492042,153.013,0.0578
m,8.995495043,150.167,0.0574
m,8.991358763,145.495,0.057
m,8.983228947,149.883,0.0567
m,8.979363914,157.475,0.0565
m,8.955428022,156.06,0.0544
m,8.947786637,144.356,0.0541
m,8.943924885,154.58,0.0538
m,8.940062882,141.809,0.0533
m,8.907842964,147.428,0.0505
m,8.904065396,147.627,0.0499
m,8.90015777,141.393,0.0487
m,8.896347346,148.887,0.0483
m,8.888538942,143.594,0.0476
m,8.870665237,141.627,0.048
m,8.867209039,143.196,0.0475
m,8.865720416,140.375,0.047
m,8.865719637,140.848,0.0467
m,8.862459794,143.116,0.0465
m,8.859472875,148.767,0.0471
m,8.859472613,149.623,0.047
m,8.859249324,148.626,0.047
m,8.859249063,149.148,0.0469
m,8.859024999,149.496,0.0466
m,8.858578423,151.006,0.0466
m,8.858801968,149.28,0.0467
m,8.858801711,149.626,0.0466
m,8.85862592,148.367,0.0466
m,8.85862592,149.418,0.0466
m,8.858450387,149.904,0.0467
m,8.858322097,149.99,0.0467
m,8.858274597,148.631,0.0467
m,8.857876036,151.023,0.0469
m,8.857828539,148.246,0.0469
m,8.857876036,148.49,0.0469
m,8.858052087,149.542,0.047
m,8.857923797,150.764,0.047
m,8.857349454,149.513,0.0472
m,8.857221433,150.366,0.0473
m,8.856486073,148.126,0
m,8.855349887,145.97,0.0474
m,8.853768166,144.582,0.0475
m,8.827487832,146.831,0.0451
m,8.82290338,147.099,0.0448
m,8.818223742,149.099,0.0444
m,8.80846817,147.41,0.044
m,8.774587047,138.347,0
m,8.769801354,149.619,0.0407
m,8.765255144,156.767,0.0399
m,8.756019852,152.332,0.0385
m,8.75075451,140.851,0.037
m,8.724865809,141.041,0.0363
m,8.714452045,149.266,0.0365
m,8.714452479,143.014,0.0368
m,8.704245188,143.533,0.0374
m,8.699269329,138.612,0.0382
m,8.668391886,147.284,0.0458
m,8.66434377,153.292,0.047
m,8.660605682,142.927,0.0509
m,8.653240542,147.119,0.053
m,8.631032279,144.672,0.066
m,8.627418131,148.671,0.0677
m,8.623892809,146.682,0.0714
m,8.616909657,141.842,0.073
m,8.613248755,140.572,0.0748
m,8.858051308,148.706,0.0467
m,8.858051308,150.009,0.0467
m,8.858051308,148.673,0.0467
m,8.858051567,150.861,0.0468
m,8.857876036,149.716,0.0469
m,8.85774827,149.597,0.0471
m,8.85752498,150.744,0.0471
m,8.857301954,151.966,0.0472
m,8.857349454,155.851,0.0472
m,8.848570184,143.092,0.0469
m,8.844731869,152.507,0.0464
m,8.840623511,142.868,0.046
m,8.836259785,141.757,0.0456
m,8.831849651,146.695,0.0454
m,8.803614881,153.931,0.0436
m,8.798810092,149.507,0.0431
m,8.793735244,153.894,0.043
m,8.788661022,148.613,0.0429
m,8.783937837,146.911,0.0425
m,8.745617206,145.748,0.0358
m,8.740480353,156.273,0.0346
m,8.735424322,152.738,0.035
m,8.730097112,142.204,0.0361
m,8.694390829,139.651,0.039
m,8.689641529,149.473,0.041
m,8.685241321,138.388,0.042
m,8.676663901,149.287,0.0433
m,8.672615536,145.891,0.0446
m,8.649674968,147.001,0.0554
m,8.64968359,143.247,0.0577
m,8.642066345,145.555,0.0596
m,8.638230373,143.265,0.0621
m,8.634519789,145.679,0.0642
m,8.613257702,148.602,0.0763
m,8.605495484,151.098,0.0777
m,8.601755336,154.741,0.0791
m,8.59802139,158.216,0.0814
m,8.59410395,154.559,0.0824
m,8.586231749,152.16,0.0831
m,8.582408851,144.253,0.0836
m,8.578105781,152.489,0.0836
m,8.569789379,147.904,0.083
m,8.544774951,152.962,0.0783
m,8.537198362,149.121,0.0777
m,8.53390989,154.849,0.0774
m,8.533908028,159.167,0.0771
m,8.510011757,155.223,0.0727
m,8.50725678,160.252,0.0716
m,8.504331726,156.325,0.0709
m,8.504328461,154.203,0.0703
m,8.498614133,151.891,0.0696
m,8.482802157,159.37,0.0654
m,8.480321089,159.637,0.065
m,8.474635544,155.223,0.0635
m,8.471882966,150.618,0.0628
m,8.469179507,159.33,0.0613
m,8.451785458,156.887,0.0575
m,8.449202775,149.484,0.0562
m,8.4465217,152.165,0.0555
m,8.440891058,155.127,0.0549
m,8.427256916,150.268,0.0516
m,8.42532364,155.056,0.0513
m,8.423513092,153.346,0.051
m,8.420190183,150.035,0.0505
m,8.418677969,153.111,0.0504
m,8.415581027,154.897,0.0488
m,8.414677223,154.018,0.0488
m,8.414173125,152.585,0.0488
m,8.41366875,153.182,0.0487
m,8.413442805,153.858,0.0487
m,8.412550403,155.133,0.0525
m,8.412674718,155.149,0.0533
m,8.412693762,154.904,0.0538
m,8.412766434,153.286,0.0547
m,8.56555228,149.573,0.0824
m,8.561363959,160.192,0.0817
m,8.557099062,158.384,0.081
m,8.552882653,150.444,0.0801
m,8.548893901,157.216,0.0796
m,8.527261237,160.83,0.0768
m,8.524376088,155.005,0.0764
m,8.521666751,153.833,0.0759
m,8.518554703,150.493,0.0746
m,8.51582014,148.986,0.0737
m,8.495895141,158.01,0.0689
m,8.493177561,157.113,0.0681
m,8.490410612,157.644,0.0671
m,8.485285688,159.928,0.0659
m,8.466532913,161.525,0.0607
m,8.464164213,151.652,0.06
m,8.459211653,161.77,0.0594
m,8.456799397,155.188,0.0589
m,8.454440142,148.679,0.0583
m,8.437887413,157.975,0.0544
m,8.437886353,148.931,0.0541
m,8.433154994,158.055,0.0536
m,8.431025261,149.6,0.053
m,8.428967659,161.672,0.0526
m,8.418675839,154.632,0.0497
m,8.416642718,154.16,0.0495
m,8.416329677,155.336,0.0493
m,8.415929099,154.28,0.049
m,8.413444261,153.408,0.0492
m,8.413063245,152.733,0.0497
m,8.412734463,155.563,0.0502
m,8.412511648,153.532,0.0512
m,8.412757408,153.938,0.052
m,8.412854762,155.605,0.0551
m,8.412874009,157.975,0.0556
m,8.413294516,154.664,0.0565
m,8.413698075,153.183,0.0574
m,8.413699652,152.641,0.0578
m,8.415630677,152.52,0.0582
m,8.416330402,153.477,0.0593
m,8.416856039,153.157,0.0603
m,8.41715593,153.777,0.0613
m,8.41715992,156.158,0.0622
m,8.419662115,151.7,0.0652
m,8.419508111,158.34,0.0656
m,8.417858412,148.929,0.0658
m,8.416990652,144.523,0.0661
m,8.414940182,143.327,0.0664
m,8.4094862,145.294,0.0683
m,8.40863335,145.122,0.0684
m,8.407384418,138.863,0.0686
m,8.404494583,147.034,0.0687
m,8.391185706,144.715,0.0692
m,8.389233375,138.524,0.0694
m,8.389234986,148.031,0.0697
m,8.385564651,140.558,0.07
m,8.383621585,134.742,0.0704
m,8.370168946,144.106,0.0701
m,8.367378578,140.201,0.07
m,8.364818444,149.832,0.0699
m,8.362260981,146.176,0.0697
m,8.359320704,140.112,0.0704
m,8.341991166,143.676,0.0737
m,8.339139102,148.431,0.0743
m,8.336517011,153.516,0.075
m,8.334016967,155.419,0.0762
m,8.317127462,148.378,0.0798
m,8.315278381,151.913,0.0803
m,8.313719057,148.908,0.0809
m,8.31268119,147.615,0.0815
m,8.31182924,146.684,0.0827
m,8.308604153,144.869,0.0855
m,8.308495601,144.742,0.0859
m,8.308270757,144.582,0.0863
m,8.307933705,144.246,0.0866
m,8.307826735,146.507,0.0872
m,8.417981036,153.576,0.0631
m,8.418470012,151.426,0.0635
m,8.418839162,156.268,0.0643
m,8.419380822,154.102,0.0648
m,8.412508411,140.11,0.067
m,8.411415785,143.945,0.0677
m,8.410203444,143.922,0.068
m,8.410203963,159.533,0.0681
m,8.410115585,146.855,0.0681
m,8.402868779,149.564,0.0687
m,8.401126215,150.277,0.0689
m,8.397234323,156.801,0.069
m,8.397233793,146.232,0.0689
m,8.39510007,144.467,0.0691
m,8.381225417,151.032,0.0704
m,8.379005297,152.252,0.0705
m,8.374667694,149.832,0.0703
m,8.3726173,152.346,0.0703
m,8.356781297,147.585,0.0708
m,8.35418983,145.874,0.0712
m,8.349537514,148.882,0.0716
m,8.347246021,142.851,0.0725
m,8.344845069,153.331,0.0731
m,8.331742582,147.349,0.0768
m,8.329413962,148.343,0.0773
m,8.32378655,152.838,0.0778
m,8.3214086,156.184,0.0785
m,8.319264548,151.399,0.0791
m,8.311376413,149.337,0.0831
m,8.310361255,153.358,0.0835
m,8.310027668,154.226,0.0843
m,8.309170251,147.269,0.0847
m,8.307261947,143.918,0.0875
m,8.306757833,143.095,0.0878
m,8.306420148,143.492,0.088
m,8.306255333,143.911,0.0883
m,8.306146243,144.421,0.0886
m,8.305809396,144.701,0.0889
m,8.305704254,145.077,0.0897
m,8.305366688,144.844,0.0899
m,8.305486258,144.439,0.0903
m,8.306423383,143.829,0.0929
m,8.306597951,143.663,0.0932
m,8.306945457,143.761,0.0936
m,8.307064386,143.439,0.0939
m,8.307239832,144.109,0.0943
m,8.308830019,143.745,0.0973
m,8.308894394,143.816,0.0977
m,8.308897923,143.669,0.0981
m,8.308967635,144.518,0.0985
m,8.309032118,144.443,0.0989
m,8.308412533,143.876,0.1023
m,8.308249643,143.279,0.1027
m,8.308032205,143.379,0.1032
m,8.308041573,143.869,0.1036
m,8.307595862,143.425,0.1068
m,8.307273876,143.603,0.1073
m,8.307172857,143.567,0.1077
m,8.30712836,144.066,0.1082
m,8.306855295,143.656,0.1086
m,8.306063302,144.35,0.1112
m,8.30584605,143.835,0.1116
m,8.305753069,144.114,0.1121
m,8.305535982,143.832,0.1125
m,8.305375332,142.918,0.113
m,8.304481859,144.441,0.1161
m,8.304548057,144.414,0.1165
m,8.304214446,143.068,0.1169
m,8.304225473,159.878,0.1173
m,8.299852795,151.007,0.1214
m,8.299019028,144.441,0.122
m,8.299825842,148.472,0.1222
m,8.29978743,152.703,0.1226
m,8.299800334,143.261,0.1229
m,8.305489433,144.701,0.0907
m,8.305492626,144.62,0.0911
m,8.305666324,144.569,0.0913
m,8.305844883,143.545,0.0921
m,8.306020239,144.552,0.0925
m,8.307589935,144.452,0.095
m,8.308053981,143.732,0.0954
m,8.308702235,143.843,0.0966
m,8.308705712,143.686,0.097
m,8.309096634,144.021,0.0993
m,8.308934363,143.91,0.0998
m,8.308830468,143.032,0.1006
m,8.30889511,144.27,0.101
m,8.308565362,143.09,0.1014
m,8.307879776,144.407,0.1041
m,8.307661559,144.114,0.1045
m,8.307616543,144.211,0.105
m,8.307626121,143.063,0.1054
m,8.307586152,143.314,0.1064
m,8.30685935,143.791,0.109
m,8.306309398,143.974,0.1094
m,8.306319564,143.827,0.1098
m,8.306047825,143.878,0.1103
m,8.30538067,143.317,0.1135
m,8.305114787,142.923,0.1139
m,8.305126581,144.414,0.1144
m,8.304969419,143.394,0.1152
m,8.304753786,144.281,0.1157
m,8.304416732,146.357,0.1184
m,8.303785007,150.246,0.1186
m,8.30291381,149.272,0.1189
m,8.302395403,143.027,0.1199
m,8.30162838,149.341,0.1207
m,8.29924739,140.958,0.1235
m,8.298409747,155.655,0.1238
m,8.294121197,142.743,0.1243
m,8.294127222,150.423,0.1248
m,8.289505738,150.416,0.1253
m,8.287028662,150.278,0.1258
m,8.282822672,154.919,0.127
m,8.282831354,148.656,0.1277
m,8.278510283,157.552,0.1283
m,8.273665862,149.143,0.1325
m,8.273041572,148.521,0.1331
m,8.273049461,152.442,0.1337
m,8.271469841,147.949,0.1344
m,8.25783796,150.365,0.14
m,8.255765288,147.367,0.141
m,8.255779442,153.752,0.142
m,8.252030655,149.805,0.1427
m,8.251349912,151.507,0.1438
m,8.243044033,149.77,0.1503
m,8.241398622,151.894,0.1512
m,8.241414035,160.069,0.1522
m,8.228485207,154.537,0.1371
m,8.218335158,152.808,0.1011
m,8.202257016,148.924,0.0903
m,8.198092111,150.682,0.0866
m,8.195344803,153.221,0.0854
m,8.191579303,154.342,0.0775
m,8.171490044,154.1,0.0651
m,8.166171417,149.211,0.0636
m,8.163514227,150.922,0.0625
m,8.16108989,161.7,0.0613
m,8.158712924,149.225,0.06
m,8.147728427,157.679,0.0566
m,8.143030755,159.045,0.0557
m,8.140674855,156.322,0.0549
m,8.138321572,155.793,0.0542
m,8.136112061,157.922,0.0526
m,8.120992247,158.68,0.051
m,8.118785187,151.347,0.0501
m,8.114614367,151.586,0.0497
m,8.114613756,143.363,0.0495
m,8.277123587,149.528,0.1289
m,8.276307692,150.319,0.1295
m,8.274243996,151.189,0.1302
m,8.27411934,153.5,0.1307
m,8.27395001,144.289,0.1318
m,8.270061709,152.643,0.1352
m,8.268426437,143.96,0.1359
m,8.266166762,149.599,0.1367
m,8.264032832,151.786,0.1382
m,8.260199966,143.697,0.139
m,8.250207061,160.377,0.1449
m,8.249308354,151.743,0.1462
m,8.248124178,149.052,0.148
m,8.244692954,148.011,0.1491
m,8.218432798,155.509,0.1031
m,8.21622202,150.216,0.0929
m,8.209682964,153.752,0.0947
m,8.208132974,158.517,0.0948
m,8.205516075,150.847,0.0936
m,8.186604079,157.861,0.0775
m,8.186585903,162.647,0.0746
m,8.18032415,153.993,0.0724
m,8.177227309,157.337,0.0702
m,8.174189285,151.283,0.0666
m,8.156555856,157.792,0.0596
m,8.154309773,161.077,0.0589
m,8.150138425,146.162,0.0581
m,8.14773159,157.146,0.0574
m,8.131652737,150.43,0.0524
m,8.129373332,152.82,0.0522
m,8.12715785,155.962,0.0516
m,8.125093675,151.406,0.0514
m,8.122883549,148.649,0.051
m,8.110934601,149.342,0.0492
m,8.10905553,155.63,0.0492
m,8.107201302,151.51,0.0492
m,8.105516616,147.878,0.049
m,8.103666121,142.656,0.0487
m,8.099908536,159.264,0.0482
m,8.09796192,153.009,0.0481
m,8.096017879,141.663,0.048
m,8.096018453,161.333,0.0482
m,8.092719677,154.151,0.0483
m,8.089019246,154.74,0.0492
s,8.089290963,154.08,0.0496
s,8.0894587,154.743,0.0497
s,8.089459317,153.796,0.0499
s,8.089666424,154.823,0.0502
s,8.090690137,152.253,0.052
s,8.09102537,152.892,0.0521
s,8.091128842,152.421,0.0522
s,8.091129181,151.895,0.0523
s,8.0920091,151.365,0.0534
s,8.092112968,153.239,0.0536
s,8.092177979,153.411,0.0538
s,8.092216847,151.563,0.0538
s,8.092320019,152.3,0.0538
s,8.092514339,152.68,0.0542
s,8.092514703,152.384,0.0543
s,8.092579001,152.947,0.0543
s,8.092579001,152.216,0.0543
s,8.092643301,152.567,0.0543
s,8.092708334,151.288,0.0545
s,8.092644766,151.611,0.0547
s,8.092709439,150.691,0.0548
s,8.092877639,152.377,0.055
s,8.093047353,150.537,0.0556
s,8.093112036,151.126,0.0557
s,8.092880658,151.189,0.0558
s,8.092778272,152.734,0.056
s,8.092778658,151.506,0.0561
s,8.092949638,152.005,0.057
s,8.093182196,152.372,0.0572
s,8.093182998,152.653,0.0574
s,8.093183804,152.789,0.0576
s,8.093184616,152.606,0.0578
m,8.091531189,144.706,0.0484
m,8.090421601,152.617,0.0484
m,8.089597231,150.612,0.0486
m,8.089120832,152.822,0.0487
s,8.089834489,154.776,0.0504
s,8.090002877,154.449,0.0507
s,8.090107589,156.56,0.0512
s,8.09054656,154.007,0.0515
s,8.090586344,153.918,0.0518
s,8.091233001,150.845,0.0525
s,8.091233687,152.13,0.0527
s,8.091234377,153.12,0.0529
s,8.091737436,152.605,0.0531
s,8.091905242,153.251,0.0532
s,8.0922815,152.271,0.0539
s,8.092217205,153.002,0.0539
s,8.09228186,152.865,0.054
s,8.092282582,152.805,0.0542
s,8.092642938,152.052,0.0542
s,8.092539785,153.495,0.0542
s,8.092540148,153.189,0.0543
s,8.092475844,153.097,0.0543
s,8.092708334,152.274,0.0545
s,8.092814084,152.709,0.0552
s,8.092981544,150.729,0.0552
s,8.09298192,152.451,0.0553
s,8.092750538,153.239,0.0554
s,8.092918376,151.978,0.0555
s,8.0929465,150.96,0.0562
s,8.092947277,152.707,0.0564
s,8.092947668,151.707,0.0565
s,8.093012758,153.814,0.0567
s,8.093288585,151.496,0.058
s,8.093289406,153.065,0.0582
s,8.093291481,153.577,0.0587
s,8.09352408,153.607,0.0589
s,8.093460622,154.866,0.0591
s,8.093628929,153.866,0.0593
s,8.093629355,153.206,0.0594
s,8.093630211,154.422,0.0596
s,8.093566343,152.121,0.0597
s,8.09430708,153.864,0.0612
s,8.09430798,151.13,0.0614
s,8.094374548,150.094,0.0619
s,8.094543387,151.864,0.0622
s,8.094711774,153.71,0.0624
s,8.095619516,151.855,0.0637
s,8.095620478,151.098,0.0639
s,8.095621445,153.024,0.0641
s,8.09562193,147.954,0.0642
s,8.095686708,155.862,0.0643
s,8.095717067,151.271,0.0653
s,8.095949827,153.337,0.0655
s,8.096015135,151.008,0.0657
s,8.096311706,154.562,0.0658
s,8.096883494,152.856,0.0668
s,8.09705147,150.989,0.0669
s,8.097116814,151.753,0.0671
s,8.097182167,149.935,0.0673
s,8.097350146,150.758,0.0674
s,8.097713168,150.666,0.0679
s,8.097779081,151.159,0.0682
s,8.098011381,151.098,0.0683
s,8.098076234,151.881,0.0684
s,8.098037966,151.359,0.0685
s,8.098002978,152.662,0.0692
s,8.098002978,150.177,0.0692
s,8.098004076,150.342,0.0694
s,8.09817262,150.144,0.0696
s,8.098512528,153.422,0.0705
s,8.09834565,153.034,0.0706
s,8.098346215,153.028,0.0707
s,8.098411109,150.798,0.0708
s,8.098244236,152.547,0.0709
s,8.093735535,151.1,0.0601
s,8.094071771,151.106,0.0604
s,8.094072651,150.374,0.0606
s,8.094073537,150.807,0.0608
s,8.094138722,152.637,0.061
s,8.094880167,152.433,0.0626
s,8.094881571,150.009,0.0629
s,8.095114269,150.785,0.0631
s,8.09521934,150.969,0.0635
s,8.095688175,154.151,0.0646
s,8.095585497,153.028,0.0647
s,8.095650286,151.614,0.0648
s,8.095651276,152.043,0.065
s,8.095716071,152.801,0.0651
s,8.096377027,148.171,0.066
s,8.096441844,152.872,0.0661
s,8.096610319,152.115,0.0663
s,8.096650186,153.048,0.0665
s,8.096650701,154.187,0.0666
s,8.097646741,151.02,0.0675
s,8.097647269,150.107,0.0676
s,8.097712107,150.608,0.0677
s,8.097648327,152.485,0.0678
s,8.098038506,150.798,0.0686
s,8.097871603,151.998,0.0687
s,8.098039589,150.946,0.0688
s,8.098104456,151.649,0.0689
s,8.098105546,152.446,0.0691
s,8.098173173,152.71,0.0697
s,8.09834117,152.224,0.0698
s,8.09844596,153.339,0.0701
s,8.098446519,152.968,0.0702
s,8.09844708,153.11,0.0703
s,8.098309707,151.359,0.0711
s,8.098310279,151.11,0.0712
s,8.098310851,151.837,0.0713
s,8.098311426,151.528,0.0714
s,8.098543772,151.705,0.0715
s,8.098544349,151.946,0.0716
s,8.098480595,150.969,0.0717
s,8.098714106,153.706,0.072
s,8.098882128,152.029,0.0721
s,8.09951663,151.313,0.0727
s,8.099684663,150.369,0.0728
s,8.099917025,153.495,0.0729
s,8.099981356,152.854,0.0729
s,8.100654097,154.132,0.0734
s,8.101053307,159.595,0.0734
s,8.101285676,151.137,0.0735
s,8.101285676,151.809,0.0735
s,8.101285676,154.003,0.0735
s,8.101516844,153.065,0.0734
m,8.101580576,150.707,0.0733
m,8.101644908,152.148,0.0733
m,8.101476874,152.11,0.0732
m,8.101540614,153.04,0.0731
m,8.097947593,156.888,0.0728
m,8.096328831,148.481,0.0728
m,8.092568517,145.826,0.0728
m,8.092569704,150.272,0.073
m,8.080497119,144.261,0.0733
m,8.079131349,150.934,0.0734
m,8.077636324,151.264,0.0734
m,8.075678622,149.044,0.0734
m,8.071952403,142.671,0
m,8.063571038,138.619,0.0744
m,8.061725724,138.366,0.0745
m,8.06001526,143.936,0.0747
m,8.058373408,139.952,0.0749
m,8.054760195,133.929,0.0745
m,8.0396513,140.605,0.0725
m,8.037538142,129.173,0.0721
m,8.035662217,120.547,0
m,8.033586461,134.91,0.0715
s,8.098818968,151.955,0.0723
s,8.098819555,151.166,0.0724
s,8.099051912,152.168,0.0725
s,8.099219353,152.883,0.0725
s,8.099284271,152.983,0.0726
s,8.100149388,151.922,0.073
s,8.100149983,151.208,0.0731
s,8.100254288,150.64,0.0733
s,8.100486057,152.517,0.0733
s,8.100654097,154.019,0.0734
s,8.101453117,152.844,0.0735
s,8.101517444,151.049,0.0735
s,8.101517444,152.145,0.0735
s,8.101516844,151.394,0.0734
m,8.101205743,148.428,0.0731
m,8.100870281,155.598,0.073
m,8.100586683,152.732,0.073
m,8.100328393,151.689,0.0729
m,8.099324408,143.907,0.0729
m,8.08907639,145.369,0.0731
m,8.087606209,146.669,0.073
m,8.086101993,150.983,0.0732
m,8.084765941,153.099,0.0733
m,8.083430927,143.475,0.0733
m,8.070101928,144.255,0.0734
m,8.068183633,144.357,0.0737
m,8.066600671,140.881,0.074
m,8.065251396,133.69,0.0742
m,8.053025313,136.661,0.0745
m,8.051058927,141.203,0.0742
m,8.049195722,137.424,0.074
m,8.047267385,140.398,0.0736
m,8.043621318,138.61,0.0733
m,8.031348939,130.133,0.0713
m,8.029215217,133.212,0.0707
m,8.027086683,132.038,0.0704
m,8.023437885,138.75,0.0704
m,8.021584984,131.178,0.0705
m,8.019168414,131.431,0.0701
m,8.01722192,128.93,0.0698
m,8.015210925,127.715,0.0695
m,8.013770718,130.772,0.0699
m,8.012661717,142.268,0.0699
m,8.00135133,140.412,0.069
m,7.997912139,139.95,0.0688
m,7.995796388,146.265,0.0683
m,7.991522189,139.156,0.0677
m,7.989390626,144.585,0.0675
m,7.975035954,148.642,0.0653
m,7.97346903,146.33,0.065
m,7.971904333,136.41,0.0647
m,7.970283802,135.237,0
m,7.956477072,135.087,0.0634
m,7.955047127,134.099,0.0628
m,7.953854349,136.724,0.0625
m,7.951591395,134.295,0.0622
m,7.950519322,140.27,0.0619
m,7.944617258,132.137,0.0606
m,7.944616365,149.929,0.0604
m,7.943083327,137.872,0.0601
m,7.943082447,140.664,0.0599
m,7.94222083,141.29,0.0597
m,7.93640895,136.27,0.0585
m,7.934892998,136.717,0.0584
m,7.932051049,147.259,0.0581
m,7.930633735,137.789,0.0581
m,7.921298652,132.039,0.0576
m,7.917825572,133.552,0.0574
m,7.915848709,138.031,0.0573
m,7.914181117,132.05,0.0572
m,7.914181117,147.546,0.0572
m,7.898883958,142.614,0.0568
m,7.897186345,139.617,0.057
m,7.895652213,138.715,0.057
m,7.894120221,147.305,0.057
m,7.890842752,137.718,0.0568
m,8.009325839,130.462,0.07
m,8.007495936,140.237,0.0698
m,8.005201316,141.197,0.0694
m,8.003143621,136.445,0.0691
m,7.987122088,149.603,0.0669
m,7.985117395,147.372,0.0665
m,7.983141807,142.933,0.0662
m,7.979250106,137.668,0.0659
m,7.977142544,133.041,0.0657
m,7.968407704,137.236,0.064
m,7.964452996,140.238,0.0636
m,7.964452512,139.851,0.0635
m,7.960905199,154.549,0.0634
m,7.958163893,135.527,0.0635
m,7.949378417,141.652,0.0617
m,7.948308758,144.328,0.0614
m,7.947262158,132.793,0.061
m,7.946146772,133.445,0.0608
m,7.942220394,141.901,0.0596
m,7.94101574,141.789,0.0593
m,7.940068354,138.368,0.0591
m,7.938915617,138.478,0.0589
m,7.937743038,133.074,0.0587
m,7.930633735,129.764,0.0581
m,7.927367381,133.75,0.058
m,7.925792779,133.293,0.0578
m,7.924383575,140.041,0.0577
m,7.922885689,128.944,0.0577
m,7.910439877,137.962,0.0572
m,7.906270654,140.914,0
m,7.902287488,145.139,0.0568
m,7.900584606,147.408,0.0568
m,7.889316584,135.635,0.0567
m,7.887719395,138.265,0.0566
m,7.885962841,137.281,0.0566
m,7.884370124,158.514,0.0566
m,7.88286814,153.899,0.0567
m,7.87957523,141.267,0.0568
m,7.87826855,139.235,0.0568
m,7.876889413,145.899,0.0568
m,7.875687077,151.909,0.0568
m,7.872540676,142.607,0.0577
m,7.872454192,141.461,0.058
m,7.872528327,142.183,0.0581
m,7.872676187,142.222,0.0582
m,7.872750332,144.116,0.0583
m,7.873119827,142.499,0.0585
m,7.873267303,141.508,0.0585
m,7.873341043,141.923,0.0585
m,7.873341043,141.995,0.0585
m,7.873179619,142.72,0.0585
m,7.873152202,141.697,0.0586
m,7.872990787,141.27,0.0586
m,7.873138305,143.256,0.0586
m,7.873138305,142.312,0.0586
m,7.873036362,142.998,0.0585
m,7.873110133,142.578,0.0585
m,7.873183484,142.312,0.0584
m,7.87325726,142.657,0.0584
m,7.87309586,141.977,0.0584
m,7.873316785,143.271,0.0583
m,7.873317207,144.01,0.0584
m,7.873316785,143.901,0.0583
m,7.873787144,144.275,0.0583
m,7.874022325,144.019,0.0583
m,7.874948405,142.323,0.0581
m,7.875109375,141.787,0.058
m,7.875183171,143.061,0.058
m,7.875183171,143.523,0.058
m,7.875638509,144.222,0.0577
m,7.875550934,144.469,0.0577
m,7.875624329,144.596,0.0576
m,7.875624329,142.755,0.0576
m,7.875624329,143.362,0.0576
m,7.874661139,132.988,0.0568
m,7.874046413,146.702,0.0568
m,7.87303579,143.727,0.0569
m,7.872787809,142.177,0.0572
m,7.872627587,141.93,0.0575
m,7.872750753,143.273,0.0584
m,7.872898207,140.898,0.0584
m,7.872898207,142.971,0.0584
m,7.873119827,144.559,0.0585
m,7.873384206,142.042,0
m,7.873253364,143.044,0.0585
m,7.873327111,141.999,0.0585
m,7.873166115,142.571,0.0586
m,7.873166115,141.575,0.0586
m,7.873050657,144.408,0.0586
m,7.873124423,143.65,0.0586
m,7.873124423,142.998,0.0586
m,7.873198191,142.165,0.0586
m,7.873036362,141.742,0.0585
m,7.87309586,142.253,0.0584
m,7.87316964,142.971,0.0584
m,7.873243422,142.919,0.0584
m,7.873243422,142.869,0.0584
m,7.874095693,143.707,0.0582
m,7.874330875,141.545,0.0582
m,7.874478459,141.219,0.0582
m,7.874713222,142.531,0.0581
m,7.874948405,141.653,0.0581
m,7.875256552,141.244,0.0579
m,7.875330351,142,0.0579
m,7.87549132,143.22,0.0578
m,7.87556512,142.746,0.0578
m,7.87556512,144.014,0.0578
m,7.875698139,141.456,0.0576
m,7.875698139,140.929,0.0576
m,7.875536351,159.481,0.0575
m,7.875610166,141.362,0.0575
m,7.875011089,138.842,0.0575
m,7.874573543,136.719,0.0575
m,7.87385983,138.992,0.0574
m,7.872871597,135.619,0.0574
m,7.871710119,152.367,0.0574
m,7.861373613,141.932,0.0571
m,7.85972032,140.074,0.057
m,7.857673055,141.578,0.0568
m,7.855789272,143.361,0.0566
m,7.839294473,140.981,0.0547
m,7.83687754,138.955,0.0542
m,7.834473084,152.526,0.0538
m,7.829841892,149.332,0.0534
m,7.827217095,147.474,0.0529
m,7.816691626,146.765,0.05
m,7.815554487,142.818,0.0494
m,7.814577792,144.531,0.0489
m,7.813852975,156.014,0.0484
m,7.813609837,149.302,0.0486
m,7.800654973,148.064,0.0458
m,7.792928838,146.725,0.0454
m,7.788440842,148.175,0.0453
m,7.783794105,153.21,0.0448
m,7.75055447,148.071,0.043
m,7.74608148,152.001,0.0426
m,7.741691284,158.404,0.0417
m,7.733400058,152.325,0.0411
m,7.733400058,151.142,0.0411
m,7.711973015,152.275,0.0388
m,7.708870152,154.155,0.0384
m,7.70274872,151.453,0.0381
m,7.699966069,145.335,0.0381
m,7.699965417,148.431,0.0377
m,7.68439998,152.319,0.0386
m,7.684241618,151.202,0.0387
m,7.683845451,151.193,0.0379
m,7.683686594,154.64,0.0377
m,7.87030194,145.211,0.0574
m,7.868660003,136.846,0.0573
m,7.867416787,134.935,0.0573
m,7.865927142,155.173,0.0572
m,7.863103969,142.978,0.0572
m,7.853908117,137.816,0.0564
m,7.849994295,147.963,0.0563
m,7.846325196,137.546,0.0558
m,7.844134559,142.774,0.0551
m,7.841873856,145.108,0.055
m,7.824518599,138.41,0.0524
m,7.821981642,146.281,0.0518
m,7.819622574,144.083,0.0511
m,7.817912746,145.84,0.0505
m,7.812793674,147.842,0.0482
m,7.811490466,147.912,0.0478
m,7.809379967,151.998,0.047
m,7.806792282,147.224,0.0466
m,7.800656039,159.407,0.0462
m,7.779072717,151.513,0.0443
m,7.769247335,147.44,0.0439
m,7.76453153,145.618,0.0436
m,7.759581441,155.478,0.0433
m,7.755105628,158.011,0.0432
m,7.725827637,158.586,0.0408
m,7.722322102,146.87,0.0405
m,7.71865835,147.939,0.04
m,7.715235829,147.916,0.0394
m,7.694482699,150.273,0.0375
m,7.692018931,157.606,0.0374
m,7.689636901,153.975,0.0375
m,7.687731628,150.127,0.038
m,7.685111536,151.797,0.0384
m,7.683686434,151.752,0.0376
m,7.683686275,152.656,0.0375
m,7.683763874,152.764,0.0374
m,7.683763718,151.238,0.0373
m,7.683763718,154.459,0.0373
m,7.683605032,153.575,0.0372
m,7.683605032,154.565,0.0372
m,7.68344635,152.327,0.0371
m,7.683604727,155.126,0.037
m,7.683604727,155.219,0.037
m,7.683604278,153.942,0.0367
m,7.683526521,153.4,0.0367
m,7.683448621,152.177,0.0366
m,7.683448621,153.642,0.0366
m,7.683684761,152.97,0.0365
m,7.683764698,152.791,0.0359
m,7.683686949,154.37,0.0359
m,7.683686813,152.961,0.0358
m,7.683528276,152.441,0.0358
m,7.671851256,144.237,0.0356
m,7.665587021,158.621,0.0355
m,7.66217959,154.391,0.0354
m,7.658616848,144.489,0.0353
m,7.654818312,147.217,0.0351
m,7.633151344,150.454,0.034
m,7.624304147,153.774,0.0343
m,7.61996055,153.817,0.0345
m,7.615855153,152.005,0.0348
m,7.611750073,152.394,0.035
m,7.584760148,158.606,0.0351
m,7.581209928,148.423,0.0348
m,7.577345377,145.481,0.035
m,7.573402075,148.191,0.035
m,7.544387403,151.299,0.0344
m,7.540525286,157.083,0.0343
m,7.536348467,151.092,0.0343
m,7.532014497,148.381,0.0343
m,7.522795131,145.632,0.034
m,7.500820153,159.356,0.0342
m,7.496332214,153.348,0.0342
m,7.491766131,158.102,0.0348
m,7.487276751,144.526,0.034
m,7.479565321,146.358,0.034
m,7.683604576,154.57,0.0369
m,7.683604576,154.83,0.0369
m,7.68352667,157.027,0.0368
m,7.683604427,153.608,0.0368
m,7.683684761,153.78,0.0365
m,7.683765257,153.059,0.0363
m,7.683765115,153.36,0.0362
m,7.683687226,152.94,0.0361
m,7.683687087,152.608,0.036
m,7.683366581,148.071,0.0357
m,7.682487118,148.099,0.0356
m,7.680659966,152.312,0.0356
m,7.677960065,157.798,0.0355
m,7.671851256,158.686,0.0356
m,7.650862141,157.435,0.0348
m,7.646906507,148.759,0.0343
m,7.642399393,148.418,0.0342
m,7.633151457,150.416,0.0341
m,7.607645955,152.712,0.0356
m,7.599754077,147.467,0.0357
m,7.595966103,160.396,0.0357
m,7.592178477,159.312,0.0357
m,7.588468756,147.555,0.0352
m,7.565122072,146.382,0.0351
m,7.560864225,155.75,0.0351
m,7.556685482,158.28,0.035
m,7.552428064,160.093,0.0348
m,7.548407441,152.666,0.0345
m,7.518146735,150.088,0.0341
m,7.513814297,150.516,0.034
m,7.509482293,150.247,0.0339
m,7.505150837,149.061,0.0339
m,7.475473387,151.546,0.0338
m,7.470908717,150.178,0.0338
m,7.466501772,151.548,0.0339
m,7.462409545,145.628,0.034
m,7.458397083,147.984,0.034
m,7.453991005,156.6,0.0339
m,7.444786289,150.161,0.0338
m,7.444786399,161.474,0.0339
m,7.436214175,160.733,0.0341
m,7.412099141,157.097,0.0367
m,7.405604832,148.833,0.0371
m,7.4056053,147.89,0.0374
m,7.400831781,145.685,0.0373
m,7.399735033,148.014,0.0376
m,7.397215409,149.116,0.0367
m,7.396661464,149.31,0.0366
m,7.39626412,148.586,0.0364
m,7.395233062,147.148,0.0363
m,7.3948359,147.526,0.0362
m,7.391973424,146.482,0.036
m,7.391973285,146.361,0.0359
m,7.391652986,147.021,0.0358
m,7.391649716,147.875,0.0358
m,7.390685664,147.036,0.0353
m,7.390685535,147.075,0.0352
m,7.390522391,147.639,0.0352
m,7.390442405,146.887,0.0352
m,7.390205588,146.949,0.0352
m,7.388541911,146.672,0.0354
m,7.388542043,146.969,0.0355
m,7.387908618,146.011,0.0356
m,7.387591978,146.805,0.0357
m,7.386881816,147.31,0.0359
m,7.383409433,153.811,0.0378
m,7.382933121,151.157,0.038
m,7.382622593,148.183,0.0381
m,7.381924626,151.624,0.0382
m,7.370415279,148.672,0.0391
m,7.365216643,149.121,0.0391
m,7.362188689,153.089,0.0391
m,7.359086507,148.254,0.0389
m,7.355825629,149.041,0.0388
m,7.431967287,157.208,0.0342
m,7.427721464,151.912,0.0349
m,7.423635402,159.844,0.0354
m,7.419472467,157.479,0.0357
m,7.415546784,155.708,0.0359
m,7.39895118,151.029,0.0375
m,7.398481141,148.901,0.0376
m,7.398007611,147.705,0.0377
m,7.397533126,148.106,0.0372
m,7.394202054,145.956,0.0362
m,7.393724982,145.864,0.0362
m,7.393011097,146.692,0.0362
m,7.392377299,146.545,0.0362
m,7.392133658,146.863,0.0361
m,7.391489524,147.168,0.0357
m,7.391406128,147.068,0.0356
m,7.391325978,146.511,0.0355
m,7.39116582,146.693,0.0354
m,7.390845664,146.963,0.0353
m,7.390045495,147.09,0.0351
m,7.389808808,148.37,0.0352
m,7.389332064,146.895,0.0352
m,7.389095378,147.477,0.0353
m,7.386328657,148.533,0.0362
m,7.385618656,147.877,0.0365
m,7.384908671,146.681,0.0368
m,7.38443582,146.623,0.0373
m,7.383409108,147.44,0.0376
m,7.380519784,155.036,0.0384
m,7.378728228,151.608,0.0386
m,7.377021123,156.233,0.0389
m,7.374921027,161.876,0.0389
m,7.370415098,154.833,0.039
m,7.352017714,153.217,0.039
m,7.344650162,148.714,0.039
m,7.341010456,148.854,0.039
m,7.337442601,149.87,0.039
m,7.33403284,149.892,0.0391
m,7.330700347,147.454,0.0395
m,7.327606305,155.284,0.0398
m,7.324438562,160.497,0.0398
m,7.321035351,155.536,0.0397
m,7.294831447,150.684,0.048
m,7.29112616,157.102,0.0488
m,7.284258445,161.939,0.0498
m,7.284261461,153.449,0.0507
m,7.260596498,152.91,0.0579
m,7.254580743,147.646,0.0604
m,7.251456595,153.428,0.0615
m,7.251463099,153.217,0.0628
m,7.24482546,154.413,0.0643
m,7.232148939,149.528,0.067
m,7.226127853,155.871,0.0677
m,7.222925579,157.773,0.0684
m,7.222929731,149.83,0.0691
m,7.216943436,152.757,0.0701
m,7.201147315,151.834,0.0736
m,7.198599235,148.21,0.0736
m,7.195832417,151.536,0.0741
m,7.192898655,152.644,0.0744
m,7.170336902,154.343,0.0767
m,7.166943782,153.258,0.0771
m,7.163708601,147.567,0.0779
m,7.16069344,148.565,0.0782
m,7.15622682,150.527,0.0783
m,7.140384941,152.811,0.0796
m,7.137329125,151.973,0.0797
m,7.134031521,157.209,0.079
m,7.131298731,157.416,0.0786
m,7.12584467,158.871,0.0785
m,7.10668676,149.099,0.0779
m,7.100340716,140.437,0.0777
m,7.097137683,147.484,0.0777
m,7.093717396,144.296,0.0776
m,7.313842581,149.996,0.0401
m,7.309974455,149.43,0.0419
m,7.306180534,157.735,0.0428
m,7.302395987,150.372,0.0438
m,7.298769003,146.988,0.0448
m,7.277335016,153.492,0.0517
m,7.273968186,150.914,0.053
m,7.270366133,148.567,0.0542
m,7.267004122,151.493,0.0555
m,7.263706909,146.724,0
m,7.242099049,147.449,0.0653
m,7.239616215,157.927,0.0651
m,7.23760255,153.627,0.0655
m,7.234880785,146.732,0.0663
m,7.214332087,149.781,0.0713
m,7.211943035,150.765,0.0717
m,7.20993801,146.059,0.0726
m,7.205295265,153.899,0.0731
m,7.203135829,140.167,0.0732
m,7.19028956,147.788,0.0749
m,7.184527788,154.957,0.0752
m,7.18452985,148.453,0.0755
m,7.177504737,149.042,0.0759
m,7.173885225,148.112,0.0763
m,7.15275796,147.491,0.0788
m,7.152761669,145.867,0.0793
m,7.146605226,144.398,0.0796
m,7.143446474,144.831,0.08
m,7.12295063,147.161,0.0785
m,7.122949159,147.732,0.0783
m,7.116623268,151.267,0.0782
m,7.113106159,150.21,0.0781
m,7.109981858,144.648,0.0781
m,7.09014866,145.693,0.0777
m,7.09014866,147.661,0.0777
m,7.083472686,144.474,0.0778
m,7.080300125,154.997,0.0779
m,7.076952969,142.771,0.0774
m,7.073782324,154.068,0.0772
m,7.06779685,141.597,0.0771
m,7.064847369,134.701,0.0767
m,7.06181321,148.646,0.0763
m,7.058865852,146.972,0.0757
m,7.043080489,143.084,0.0734
m,7.037192961,143.552,0.0731
m,7.034024123,138.733,0.0728
m,7.03085708,140.055,0.0725
m,7.028017036,147.451,0.0722
s,7.020404653,145.706,0.0713
s,7.02023003,145.583,0.0713
s,7.02007927,145.484,0.0713
s,7.019991961,145.225,0.0713
s,7.018864428,144.504,0.0712
s,7.018777125,143.538,0.0712
s,7.018627002,145.279,0.0713
s,7.0185397,146.093,0.0713
s,7.01821433,145.713,0.0713
s,7.01732747,146.468,0.0716
s,7.017240177,145.973,0.0716
s,7.01691482,147.454,0.0716
s,7.016915468,146.289,0.0717
s,7.016502826,146.758,0.0717
s,7.015375996,146.979,0.0717
s,7.015225212,146.833,0.0717
s,7.015225212,144.927,0.0717
s,7.014899865,145.633,0.0717
s,7.013774351,146.219,0.0719
s,7.013687731,148.467,0.072
s,7.013449666,145.785,0.072
s,7.013450321,147.632,0.0721
s,7.01336305,150.613,0.0721
s,7.0127137,147.869,0.0723
s,7.012714359,145.431,0.0724
s,7.012476957,144.937,0.0725
s,7.012152292,148.691,0.0726
s,7.011914891,145.586,0.0727
m,7.055835816,138.773,0.0754
m,7.052504092,139.822,0.075
m,7.049196439,140.666,0.0746
m,7.046103981,148.555,0.0738
m,7.025781654,141.405,0.0718
m,7.024212614,149.789,0.0711
m,7.021480631,144.478,0.0708
m,7.020876325,145.685,0.0706
m,7.02087887,145.304,0.071
s,7.01975389,145.124,0.0713
s,7.019515179,144.571,0.0712
s,7.019277109,145.203,0.0712
s,7.019189802,145.351,0.0712
s,7.019189802,146.14,0.0712
s,7.018127677,145.66,0.0714
s,7.017889609,146.44,0.0714
s,7.017652185,146.507,0.0715
s,7.01756489,144.973,0.0715
s,7.016352046,147.552,0.0717
s,7.016264759,146.195,0.0717
s,7.016026693,146.808,0.0717
s,7.015788627,145.77,0.0717
s,7.015701344,145.089,0.0717
s,7.014661799,144.002,0.0717
s,7.014575171,145.217,0.0718
s,7.014337105,144.797,0.0718
s,7.014011765,144.18,0.0718
s,7.013925143,144.739,0.0719
s,7.013125643,150.356,0.0722
s,7.013125643,147.048,0.0722
s,7.012951108,146.397,0.0722
s,7.012951766,146.654,0.0723
s,7.01128996,147.125,0.073
s,7.011290629,146.532,0.0731
s,7.010878715,145.741,0.0732
s,7.01079213,146.182,0.0733
s,7.010554741,145.664,0.0734
s,7.01046816,144.889,0.0735
s,7.010231452,145.658,0.0737
s,7.009906815,145.377,0.0738
s,7.009819566,146.091,0.0738
s,7.009235254,146.487,0.0742
s,7.008997194,147.417,0.0742
s,7.008997881,144.824,0.0743
s,7.009148701,145.472,0.0743
s,7.009149389,146.241,0.0744
s,7.008737546,145.597,0.0745
s,7.008737546,145.615,0.0745
s,7.008650314,145.997,0.0745
s,7.008650314,145.884,0.0745
s,7.008714603,150.472,0.0746
s,7.008455011,147.092,0.0749
s,7.008368487,146.361,0.075
s,7.008368487,146.362,0.075
s,7.008369185,146.216,0.0751
s,7.008110342,146.311,0.0755
s,7.00787299,146.582,0.0756
s,7.00787299,146.201,0.0756
s,7.007873697,146.863,0.0757
s,7.007873697,146.388,0.0757
s,7.007678557,146.103,0.0761
s,7.007592068,146.706,0.0762
s,7.007592783,146.054,0.0763
s,7.007505586,146.809,0.0763
s,7.007419822,146.765,0.0765
s,7.006599288,146.152,0.0771
s,7.006361961,145.997,0.0772
s,7.006126101,146.511,0.0775
s,7.00588878,146.89,0.0776
s,7.004940999,146.223,0.0782
s,7.00485456,146.356,0.0783
s,7.004767378,146.095,0.0783
s,7.004768123,145.231,0.0784
s,7.004680944,146.36,0.0784
s,7.009820246,146.706,0.0739
s,7.009495618,146.921,0.074
s,7.009258239,146.731,0.0741
s,7.009409055,145.856,0.0741
s,7.009322496,146.361,0.0742
s,7.009062152,145.161,0.0744
s,7.009062152,146.086,0.0744
s,7.008824092,145.676,0.0744
s,7.008824781,145.826,0.0745
s,7.008714603,148.245,0.0746
s,7.008714603,146.993,0.0746
s,7.008628069,146.336,0.0747
s,7.008541538,146.998,0.0748
s,7.008541538,147.68,0.0748
s,7.008281967,146.096,0.0751
s,7.008283367,146.704,0.0753
s,7.008196151,146.937,0.0753
s,7.008196853,146.733,0.0754
s,7.008109638,146.08,0.0754
s,7.007874405,146.634,0.0758
s,7.007787902,146.175,0.0759
s,7.007852253,145.561,0.076
s,7.00776576,145.834,0.0761
s,7.007333347,145.575,0.0766
s,7.007334068,147.24,0.0767
s,7.007009544,146.761,0.0768
s,7.006923078,146.96,0.0769
s,7.006685748,146.814,0.077
s,7.005413409,146.758,0.0777
s,7.005414146,146.288,0.0778
s,7.005176831,146.072,0.0779
s,7.005090385,145.757,0.078
s,7.004940257,145.9,0.0781
s,7.004680944,145.994,0.0784
s,7.004443639,145.743,0.0785
s,7.004356462,145.583,0.0785
s,7.004420166,145.346,0.0785
s,7.004420166,146.297,0.0785
s,7.004483878,145.628,0.0785
s,7.004547597,146.364,0.0785
s,7.004547597,146.459,0.0785
s,7.004461183,146.515,0.0786
s,7.002775928,146.306,0.0792
s,7.002538638,146.458,0.0793
s,7.002365095,145.915,0.0794
s,7.002365856,147.008,0.0795
s,7.001370733,145.621,0.08
s,7.001283598,146.438,0.08
s,7.001348151,145.447,0.0801
s,7.001348151,145.276,0.0801
s,7.001261793,144.768,0.0802
s,7.001154446,144.472,0.0806
s,7.001154446,143.785,0.0806
s,7.001068106,144.855,0.0807
s,7.001068886,146.328,0.0808
s,7.000982552,145.73,0.0809
m,7.001026228,142.768,0.0813
m,7.001027016,150.943,0.0814
m,7.000574999,152.65,0.0815
m,6.998445902,145.233,0.0816
m,6.98033094,147.306,0.0824
m,6.980332554,145.555,0.0826
m,6.9741704,143.705,0.0827
m,6.971122916,142.888,0.0828
m,6.967989663,145.447,0.083
m,6.947223916,142.888,0.0844
m,6.943586807,155.51,0.0847
m,6.940101242,147.239,0.085
m,6.936379757,145.465,0.0854
m,6.932903871,150.488,0.0865
m,6.911800857,149.481,0.0862
m,6.908476201,148.094,0.0863
m,6.901793512,144.592,0.086
m,6.898410559,148.022,0.0859
s,7.00374778,146.631,0.0787
s,7.003661372,146.212,0.0788
s,7.003336917,145.056,0.0789
s,7.00309962,147.705,0.079
s,7.002862326,146.149,0.0791
s,7.001953514,146.066,0.0795
s,7.001716228,146.389,0.0796
s,7.001629849,146.629,0.0797
s,7.001543474,145.247,0.0798
s,7.001369965,145.367,0.0799
s,7.001262566,143.968,0.0803
s,7.001176214,143.697,0.0804
s,7.00117699,143.681,0.0805
s,7.001240789,145.796,0.0805
s,7.001047151,143.637,0.081
s,7.001047935,145.146,0.0811
s,7.001047935,144.288,0.0811
m,7.000961611,144.581,0.0812
m,7.001112547,146.463,0.0812
m,6.996595863,147.542,0.0817
m,6.991841671,141.017,0.0819
m,6.991842469,143.702,0.082
m,6.989026115,151.162,0.0821
m,6.983118687,140.298,0.0822
m,6.964771333,156.932,0.0834
m,6.958383047,147.355,0.0836
m,6.954891788,147.874,0.0839
m,6.951012717,146.54,0.0841
m,6.929395937,146.343,0.0868
m,6.923186229,155.437,0.0874
m,6.920390015,149.057,0.087
m,6.918539898,147.728,0.0857
m,6.915063866,145.168,0.0859
m,6.898409696,143.331,0.0858
m,6.891621643,146.277,0.0858
m,6.888599476,151.162,0.0854
m,6.885434323,145.181,0.0856
m,6.882266941,144.539,0.0854
m,6.879249953,154.05,0.0852
m,6.873342636,150.118,0.0852
m,6.870150427,149.032,0.085
m,6.867287532,156.9,0.0849
m,6.864485353,148.801,0.0848
m,6.849330242,143.713,0.0846
m,6.84704077,148.07,0.0847
m,6.845169155,154.264,0.085
m,6.843773497,147.07,0.0852
m,6.843776084,149.263,0.0855
m,6.841585319,156.993,0.0865
m,6.841674963,159.945,0.0865
m,6.841675844,159.695,0.0866
m,6.841675844,158.407,0.0866
m,6.842064232,157.727,0.0865
m,6.842065112,154.562,0.0866
m,6.842154773,156.074,0.0866
m,6.842096685,153.598,0.0867
m,6.842247086,157.875,0.0869
m,6.842429971,155.199,0.0873
m,6.842430863,156.819,0.0874
m,6.842284021,154.414,0.0876
m,6.841988559,155.529,0.0878
m,6.841604337,157.032,0.0881
m,6.839388999,156.765,0.0899
m,6.839094573,154.508,0.0902
m,6.839006753,158.145,0.0904
m,6.838860961,154.639,0.0907
m,6.838811534,156.313,0.0917
m,6.83881249,153.788,0.0918
m,6.838668692,155.984,0.0923
m,6.83828469,154.143,0.0926
m,6.83751283,154.444,0.0928
m,6.838142909,152.86,0.0933
m,6.83814487,152.559,0.0935
m,6.838294454,151.884,0.0936
m,6.837079807,151.401,0.0941
m,6.836072696,153.542,0.0946
m,6.861684048,149.834,0.0847
m,6.858835253,143.833,0
m,6.856202085,151.479,0.0844
m,6.853850564,157.038,0.0844
m,6.842232862,155.345,0.0858
m,6.842323365,156.667,0.0859
m,6.841701602,156.422,0.0863
m,6.841553817,155.669,0.0864
m,6.841643455,153.874,0.0864
m,6.841675844,158.781,0.0866
m,6.841764609,157.085,0.0865
m,6.841764609,153.762,0.0865
m,6.84170561,156.283,0.0865
m,6.841974573,153.624,0.0865
m,6.842336751,155.897,0.0869
m,6.842337637,161.036,0.087
m,6.842338524,157.161,0.0871
m,6.842429081,155.699,0.0872
m,6.841518286,156.853,0.0885
m,6.841223769,157.12,0.0888
m,6.840928357,155.476,0.089
m,6.840009585,156.352,0.0894
m,6.839625444,156.85,0.0897
m,6.838773155,152.093,0.0909
m,6.838775047,154.184,0.0911
m,6.838775995,154.335,0.0912
m,6.838867585,156.721,0.0914
m,6.838958231,156.516,0.0915
m,6.837752105,155.558,0.0929
m,6.837753079,155.383,0.093
m,6.837902652,155.827,0.0931
m,6.837903629,152.311,0.0932
m,6.83568881,154.264,0.0949
m,6.835066638,158.134,0.0952
m,6.835009789,149.421,0.0954
m,6.833675663,153.097,0.0957
m,6.832255115,144.861,0.096
m,6.830416133,148.709,0.0962
m,6.825489979,149.859,0.0963
m,6.823031607,148.141,0.0965
m,6.819948196,155.827,0.0966
m,6.80760271,141.989,0.0959
m,6.802917613,154.715,0.0955
m,6.800681259,147.287,0.0954
m,6.798059174,149.319,0.0952
m,6.795202351,149.171,0.0952
m,6.779679898,150.838,0.095
m,6.772974245,149.795,0.0948
m,6.769650141,146.027,0.0945
m,6.765833481,151.672,0.0946
m,6.762551917,146.232,0.0947
m,6.741544273,140.199,0.0947
m,6.738437112,139.99,0.0944
m,6.735572702,141.458,0.0944
m,6.732706571,135.218,0.0941
m,6.707494065,146.126,0.0928
m,6.704199757,142.667,0.0923
m,6.697050865,138.925,0.0917
m,6.693764403,137.029,0.0915
m,6.690629545,138.941,0.0917
m,6.674199175,137.885,0.0916
m,6.67083328,139.899,0.0916
m,6.667859954,136.778,0.0923
m,6.662950072,141.624,0.0925
m,6.661392692,142.919,0.0929
m,6.657008109,143.51,0.0923
m,6.657007122,144.16,0.0922
m,6.657670007,143.639,0.0922
m,6.657761992,145.044,0.0921
m,6.657049879,136.492,0.0912
m,6.657048908,136.779,0.0911
m,6.657523921,136.162,0.0909
m,6.65752199,136.079,0.0907
m,6.657521027,136.683,0.0906
m,6.817760843,138.014,0.0967
m,6.815279286,146.696,0.0969
m,6.813952629,153.317,0.0965
m,6.811854208,150.634,0.0961
m,6.81020255,146.472,0.0958
m,6.792460374,148.196,0.0951
m,6.789369153,150.442,0.0952
m,6.786243692,145.796,0.0951
m,6.77968091,147.532,0.0951
m,6.759054674,153.764,0.0948
m,6.752556374,142.048,0.0945
m,6.749501163,147.193,0.0943
m,6.746926894,151.707,0.0944
m,6.744115317,153.36,0.0945
m,6.726805808,151.456,0.0946
m,6.723738009,147.282,0.0939
m,6.721062899,147.594,0.0938
m,6.71776393,141.826,0.0935
m,6.714557592,137.82,0.0931
m,6.68764127,146.474,0.0918
m,6.684265136,147.31,0.0914
m,6.680988944,149.212,0.0916
m,6.677566619,149.123,0.0916
m,6.6600722,145.257,0.0931
m,6.659000794,152.767,0.0931
m,6.658365105,135.413,0.093
m,6.657877998,143.803,0.0932
m,6.656771612,143.275,0.0925
m,6.657709466,144.767,0.0921
m,6.657708481,136.994,0.092
m,6.657800476,136.967,0.0919
m,6.657653018,137.242,0.0917
m,6.657504592,136.796,0.0914
m,6.657278713,136.119,0.0902
m,6.656945368,136.232,0.09
m,6.656851456,136.008,0.0899
m,6.656612028,136.914,0.0898
m,6.65661013,136.587,0.0896
m,6.65646272,136.726,0.0894
m,6.656367875,136.305,0.0892
m,6.656219539,136.126,0.0889
m,6.656217668,136.313,0.0887
m,6.655823492,136.37,0.0876
m,6.655676145,136.179,0.0874
m,6.655674318,135.787,0.0872
m,6.655527896,135.973,0.0871
m,6.655226957,139.184,0.086
m,6.655027136,155.283,0.0858
m,6.654682735,136.704,0.0857
m,6.653901033,141.938,0.0855
m,6.65253847,137.306,0.0854
m,6.638594457,139.016,0.0844
m,6.635055614,139.527,0.0842
m,6.631663265,145.677,0.084
m,6.628121077,139.34,0.0831
m,6.620815201,147.417,0.0828
m,6.597780696,145.267,0.0775
m,6.589817272,145.927,0.077
m,6.58981271,142.273,0.0764
m,6.581807718,140.966,0.0752
m,6.560998942,141.048,0.0709
m,6.559641581,135.007,0.07
m,6.559636989,146.543,0.0693
m,6.556688384,150.083,0.0686
m,6.555284308,141.798,0.0678
m,6.547778835,142.025,0.0637
m,6.547236868,152.783,0.0629
m,6.547234118,141.181,0.0624
m,6.546876773,137.669,0.0618
m,6.547056566,142.306,0.0612
m,6.546876001,150.624,0.0548
m,6.546732491,157.062,0.0548
m,6.546732491,152.446,0.0548
m,6.546637498,146.157,0.0548
m,6.656215803,136.21,0.0885
m,6.655976397,136.347,0.0884
m,6.65597454,135.949,0.0882
m,6.655828099,136.236,0.0881
m,6.655732369,136.652,0.0878
m,6.655526079,135.884,0.0869
m,6.655378756,135.718,0.0867
m,6.655377853,136.155,0.0866
m,6.655375152,138.453,0.0863
m,6.655227851,137.902,0.0861
m,6.650832902,142.596,0.0853
m,6.646893903,147.066,0.0851
m,6.644462221,141.506,0.0849
m,6.644460467,145.625,0.0847
m,6.616898017,134.195,0.0824
m,6.612982322,148.707,0.082
m,6.608920809,137.225,0.0813
m,6.605006531,145.569,0.0807
m,6.601276518,145.134,0.0795
m,6.577715321,143.247,0.0744
m,6.574062261,146.209,0.0743
m,6.57064581,143.54,0.0738
m,6.567658878,144.07,0.0735
m,6.56485737,142.647,0.0718
m,6.553786416,142.897,0.067
m,6.552145337,144.564,0.0662
m,6.550740007,159.417,0.0648
m,6.54962428,141.684,0.0642
m,6.546664502,137.722,0.0605
m,6.546033933,136.444,0.0593
m,6.547019942,152.961,0.0549
m,6.547019942,148.112,0.0549
m,6.546970994,155.432,0.0548
m,6.54649399,150.732,0.0548
m,6.546398568,150.396,0.0547
m,6.546065075,148.24,0.0547
m,6.546065075,148.526,0.0547
m,6.545826146,148.191,0.0546
m,6.545731157,147.644,0.0546
m,6.54563617,149.038,0.0546
m,6.545492655,147.668,0.0546
m,6.545064181,148.138,0.0546
m,6.545064181,148.202,0.0546
m,6.544348677,146.87,0.0546
m,6.544348677,148.788,0.0546
m,6.544110176,148.948,0.0546
m,6.544110604,149.639,0.0547
m,6.543967086,150.121,0.0547
m,6.543205565,152.559,0.0548
m,6.542967063,151.461,0.0548
m,6.542823973,152.42,0.0549
m,6.542585472,152.409,0.0549
m,6.541106795,150.704,0.0551
m,6.540963281,151.12,0.0551
m,6.540725215,152.637,0.0552
m,6.540725215,152.344,0.0552
m,6.540581703,149.925,0.0552
m,6.540106017,153.216,0.0555
m,6.540011027,153.164,0.0555
m,6.540011027,152.537,0.0555
m,6.540011469,153.956,0.0556
m,6.539916482,151.81,0.0556
m,6.539061334,151.982,0.056
m,6.538966357,151.598,0.056
m,6.538728305,149.975,0.0561
m,6.53863333,149.805,0.0561
m,6.53772924,150.92,0.0564
m,6.537729696,153.791,0.0565
m,6.537729696,150.603,0.0565
m,6.537729696,152.763,0.0565
m,6.537729696,152.523,0.0565
m,6.537302176,151.322,0.0567
m,6.537302636,153.74,0.0568
m,6.537064135,153.433,0.0568
m,6.536969171,152.205,0.0568
m,6.537064135,151.628,0.0568
m,6.544681737,149.666,0.0545
m,6.544586751,149.42,0.0545
m,6.544586751,148.471,0.0545
m,6.544348677,147.913,0.0546
m,6.543682137,148.912,0.0547
m,6.543777118,148.238,0.0547
m,6.543777548,148.142,0.0548
m,6.543395528,149.859,0.0548
m,6.543300546,150.543,0.0548
m,6.542346969,153.097,0.0549
m,6.541869966,150.675,0.0549
m,6.541631465,151.872,0.0549
m,6.541488379,152.018,0.055
m,6.541249878,151.14,0.055
m,6.54058214,153.328,0.0553
m,6.540343639,152.191,0.0553
m,6.540344078,153.859,0.0554
m,6.540105576,152.933,0.0554
m,6.539821941,153.977,0.0557
m,6.539726958,153.151,0.0557
m,6.539632421,152.891,0.0558
m,6.539632868,152.207,0.0559
m,6.539299387,151.988,0.0559
m,6.538538809,150.89,0.0562
m,6.538300307,151.098,0.0562
m,6.538062259,150.483,0.0563
m,6.537967742,149.459,0.0564
m,6.537824211,150.818,0.0564
m,6.537635186,149.023,0.0566
m,6.537540219,150.077,0.0566
m,6.537397142,150.519,0.0567
m,6.537397142,151.99,0.0567
m,6.536969171,152.836,0.0568
m,6.536969171,156.74,0.0568
m,6.536969633,152.548,0.0569
m,6.536826096,150.276,0.0569
m,6.536731131,151.044,0.0569
m,6.536636169,151.22,0.0569
m,6.536636169,152.77,0.0569
m,6.536541673,154.348,0.057
m,6.536541673,152.974,0.057
m,6.536208678,153.433,0.0571
m,6.536113721,151.573,0.0571
m,6.535970176,152.164,0.0571
m,6.53587522,151.975,0.0571
m,6.535875687,152.508,0.0572
m,6.535781201,151.897,0.0573
m,6.535876155,154.046,0.0573
m,6.535637653,154.19,0.0573
m,6.535781201,150.853,0.0573
m,6.535781201,151.966,0.0573
m,6.535877096,149.947,0.0575
m,6.535782615,150.838,0.0576
m,6.535877569,152.401,0.0576
m,6.535878043,154.725,0.0577
m,6.535976194,150.02,0.0579
m,6.535881728,153.903,0.058
m,6.535881728,150.106,0.058
m,6.535787265,155.768,0.0581
m,6.535787265,154.359,0.0581
m,6.535696098,149.215,0.0584
m,6.535696098,148.63,0.0584
m,6.535840157,150.434,0.0585
m,6.535840157,152.583,0.0585
m,6.535840645,154.077,0.0586
m,6.536034841,148.848,0.059
m,6.53593992,149.73,0.059
m,6.536083998,150.738,0.0591
m,6.535989579,150.776,0.0592
m,6.536278759,151.679,0.0596
m,6.536184354,154.708,0.0597
m,6.53618486,151.886,0.0598
m,6.53609046,153.156,0.0599
m,6.535851958,153.355,0.0599
m,6.536541673,152.415,0.057
m,6.536541673,151.949,0.057
m,6.536541673,152.082,0.057
m,6.536446713,151.836,0.057
m,6.536208213,153.582,0.057
m,6.535875687,151.646,0.0572
m,6.535875687,152.607,0.0572
m,6.535875687,152.717,0.0572
m,6.535780733,152.928,0.0572
m,6.535781671,152.198,0.0574
m,6.535876625,155.908,0.0574
m,6.535876625,153.27,0.0574
m,6.535877096,152.994,0.0575
m,6.535877096,151.919,0.0575
m,6.53602159,149.058,0.0577
m,6.53602159,148.928,0.0577
m,6.535927114,147.742,0.0578
m,6.535832163,150.267,0.0578
m,6.535832641,150.745,0.0579
m,6.535787265,152.46,0.0581
m,6.535836367,151.256,0.0582
m,6.535741429,150.802,0.0582
m,6.535552043,149.593,0.0583
m,6.53598422,152.302,0.0586
m,6.535984709,151.107,0.0587
m,6.535985201,151.916,0.0588
m,6.53612927,154.399,0.0589
m,6.536034347,149.237,0.0589
m,6.536133665,150.29,0.0593
m,6.53622908,154.235,0.0594
m,6.536277754,152.414,0.0594
m,6.536278256,154.523,0.0595
m,6.536278759,152.788,0.0596
m,6.535901159,151.489,0.06
m,6.535806256,154.878,0.06
m,6.535806768,154.584,0.0601
m,6.535568266,153.829,0.0601
m,6.53537898,152.414,0.0602
m,6.535379494,152.879,0.0603
m,6.535285114,154.516,0.0604
m,6.535428722,153.483,0.0604
m,6.535334348,151.944,0.0605
m,6.534956885,151.122,0.0609
m,6.534956885,152.228,0.0609
m,6.534911273,151.367,0.061
m,6.534767649,153.981,0.061
m,6.534580544,149.308,0.0615
m,6.534580544,150.416,0.0615
m,6.534437452,151.615,0.0616
m,6.534342577,155.339,0.0616
m,6.534343113,154.555,0.0617
m,6.534250397,151.736,0.0621
m,6.534250397,150.364,0.0621
m,6.534250941,151.03,0.0622
m,6.534251486,151.034,0.0623
m,6.534251486,149.609,0.0623
m,6.534347453,155.744,0.0625
m,6.534488464,153.932,0.0625
m,6.534439732,153.06,0.0625
m,6.534391558,149.108,0.0626
m,6.540633911,151.382,0.065
m,6.539729043,151.248,0.0651
m,6.538347775,155.24,0.0653
m,6.537394367,155.452,0.0654
m,6.536535933,153.593,0.0655
m,6.535297274,154.992,0.0659
m,6.535202898,157.324,0.066
m,6.534965002,156.181,0.0661
m,6.534727106,155.605,0.0662
m,6.534584189,158.547,0.0663
m,6.532965679,145.344,0.0667
m,6.531772919,152.526,0.067
m,6.530199027,147.326,0.0671
m,6.532940844,148.287,0.0667
m,6.535334348,151.813,0.0605
m,6.535239977,151.176,0.0606
m,6.535050203,150.292,0.0606
m,6.535050723,149.703,0.0607
m,6.53495584,151.098,0.0607
m,6.534816925,153.026,0.0611
m,6.534673826,153.279,0.0612
m,6.534578951,151.561,0.0612
m,6.534674355,150.321,0.0613
m,6.534674886,149.397,0.0614
m,6.534343113,155.398,0.0617
m,6.53434365,154.089,0.0618
m,6.534249315,153.348,0.0619
m,6.534249856,152.28,0.062
m,6.534252032,150.974,0.0624
m,6.534252032,151.525,0.0624
m,6.534012985,153.463,0.0623
m,6.534156614,153.711,0.0623
m,6.534346905,154.303,0.0624
m,6.534437739,151.89,0.0626
m,6.534245437,153.445,0.0626
m,6.546917157,150.954,0.0645
m,6.544300557,154.173,0.0647
m,6.541872273,156.171,0.0649
m,6.536393002,150.401,0.0656
m,6.536059527,158.997,0.0656
m,6.535773076,159.456,0.0657
m,6.535535174,157.162,0.0658
m,6.534584189,155.477,0.0663
m,6.534441275,157.891,0.0664
m,6.534346906,146.914,0.0665
m,6.534347516,141.22,0.0666
m,6.533394129,151.314,0.0667
m,6.536576915,148.58,0.0665
m,6.53858854,143.76,0.0665
m,6.540306381,146.173,0.0659
m,6.542791825,145.841,0.0658
m,6.543127685,139.014,0.0657
m,6.543659661,144.311,0.0656
m,6.544140628,143.132,0.0657
m,6.544667889,144.971,0.0659
m,6.544998333,142.147,0.066
m,6.544998935,142.38,0.0661
m,6.544709096,141.058,0.0668
m,6.544660724,141.086,0.0669
m,6.544518837,141.723,0.0672
m,6.544421516,144.61,0.0673
m,6.544422762,138.1,0.0675
m,6.537987647,152.724,0.0682
m,6.535639326,146.323,0.0682
m,6.532958977,153.009,0.0683
m,6.532960255,155.774,0.0685
m,6.516171503,138.409,0.069
m,6.516122513,138.832,0.0689
m,6.516027433,139.496,0.0689
m,6.516027433,139.853,0.0689
m,6.515931709,138.703,0.0688
m,6.515501771,139.839,0.0686
m,6.515501771,139.201,0.0686
m,6.515406699,139.926,0.0686
m,6.515167559,140.534,0.0685
m,6.515168202,139.57,0.0686
m,6.514833991,139.917,0.0685
m,6.514834634,139.947,0.0686
m,6.514834634,139.887,0.0686
m,6.514882358,139.648,0.0685
m,6.513972806,141.807,0.0684
m,6.512825533,135.053,0.0684
m,6.510771258,139.947,0.0684
m,6.508525684,141.567,0.0684
m,6.506041388,140.669,0.0683
m,6.488762254,141.859,0.0682
m,6.485661832,139.655,0.0681
m,6.482943762,136.732,0.068
m,6.479748214,142.481,0.0677
m,6.476697639,138.519,0.0676
m,6.544996213,141.287,0.0662
m,6.545043155,142.67,0.0664
m,6.544900009,140.417,0.0665
m,6.544851619,139.952,0.0666
m,6.544230703,148.325,0.0676
m,6.544518784,136.077,0.0677
m,6.544189321,152.792,0.0678
m,6.543812195,145.074,0.0681
m,6.542528859,147.759,0.0682
m,6.526882199,146.708,0.0685
m,6.524154638,151.455,0.0685
m,6.521858974,146.114,0.0686
m,6.519849508,153.235,0.0685
m,6.516983705,141.189,0.069
m,6.515931709,138.463,0.0688
m,6.515692564,140.634,0.0687
m,6.515597488,138.776,0.0687
m,6.515596844,139.815,0.0686
m,6.515073132,139.813,0.0686
m,6.514929703,139.878,0.0686
m,6.514929703,139.477,0.0686
m,6.514929703,139.477,0.0686
m,6.514929703,139.293,0.0686
m,6.514882358,140.058,0.0685
m,6.514882358,140.158,0.0685
m,6.514882358,140.442,0.0685
m,6.514882358,141.519,0.0685
m,6.514690562,146.405,0.0685
m,6.503414863,140.09,0.0683
m,6.497924157,142.207,0.0683
m,6.494965025,143.92,0.0683
m,6.491862892,137.063,0.0682
m,6.473598606,146.369,0.0672
m,6.46755032,143.668,0.0671
m,6.464549596,137.637,0.0667
m,6.461549847,142.957,0.0663
m,6.458456465,136.853,0.0661
m,6.45526809,157.853,0.0659
m,6.452173412,138.029,0.0652
m,6.448984905,140.29,0.0647
m,6.442475767,153.416,0.0645
m,6.421625022,147.13,0.0622
m,6.418161566,150.12,0.0619
m,6.411382359,152.565,0.0618
m,6.408302253,143.843,0.0615
m,6.408300635,140.014,0.0612
m,6.385281135,139.786,0.0588
m,6.382446137,143.187,0.0584
m,6.379373605,141.232,0.058
m,6.376114878,143.924,0.0574
m,6.372760899,144.466,0.0569
m,6.348276508,142.477,0.0563
m,6.345075201,141.063,0.0564
m,6.341873507,142.905,0.0562
m,6.335189918,140.098,0.0555
m,6.313753088,148.96,0.0546
m,6.31022499,134.27,0.0544
m,6.307175511,155.623,0.0544
m,6.300419642,139.439,0.0544
m,6.296853073,136.949,0.0542
m,6.279432975,141.15,0.0538
m,6.272695618,147.765,0.0539
m,6.272695189,144.353,0.0538
m,6.265402597,144.286,0.0539
m,6.261710097,140.047,0.0542
m,6.23811828,151.667,0.0549
m,6.238118729,150.615,0.055
m,6.231287469,144.137,0.055
m,6.228082042,146.369,0.0548
m,6.204135255,141.928,0.0545
m,6.200165393,135.636,0.0544
m,6.196297329,145.078,0.0546
m,6.192527219,149.04,0.0542
m,6.185131942,139.212,0.054
m,6.442475767,147.059,0.0645
m,6.435732382,142.853,0.0643
m,6.432121488,142.972,0.0638
m,6.42855829,134.828,0.0634
m,6.425092832,135.193,0.0631
m,6.40176333,142.259,0.0607
m,6.398210116,141.056,0.0606
m,6.394701364,144.561,0.0602
m,6.391383698,141.093,0.0592
m,6.369169599,139.987,0.0564
m,6.365818338,144.082,0.056
m,6.358886666,140.139,0.0565
m,6.358886201,142.906,0.0564
m,6.351717721,144.084,0.0563
m,6.331805795,144.757,0.055
m,6.328468033,140.777,0.0549
m,6.324892972,143.769,0.0548
m,6.324893414,138.465,0.0549
m,6.317466629,140.397,0.055
m,6.29338614,140.575,0.0541
m,6.290061149,146.363,0.0541
m,6.286498479,141.181,0.054
m,6.283036024,139.402,0.0541
m,6.258115256,141.919,0.054
m,6.254803427,146.739,0.0543
m,6.251352202,147.099,0.0544
m,6.24818106,139.528,0.0544
m,6.244871831,134.068,0.0545
m,6.224680201,140.244,0.0547
m,6.221518638,140.507,0.0548
m,6.218356803,145.576,0.0546
m,6.211481521,140.538,0.0545
m,6.207906167,145.66,0.0543
m,6.185131942,137.09,0.054
m,6.178218679,146.004,0.054
m,6.174694087,136.597,0.0539
m,6.17093289,141.744,0.0539
m,6.167273198,136.572,0.054
m,6.163613522,142.377,0.0538
m,6.160058191,139.132,0.0543
m,6.152608282,135.203,0.0541
m,6.148956676,134.938,0.0545
m,6.128643432,144.333,0.0546
m,6.122556792,148.793,0.0544
m,6.120391879,140.19,0.0545
m,6.118776559,137.869,0.0543
m,6.117163283,150.766,0.0545
m,6.117063157,150.885,0.0546
m,6.116925569,148.503,0.0546
m,6.116925569,149.892,0.0546
m,6.116824995,156.414,0.0546
m,6.116312107,149.538,0.0547
m,6.116312107,146.882,0.0547
m,6.116312107,147.332,0.0547
m,6.116174073,151.072,0.0546
m,6.116174073,151.985,0.0546
m,6.116373451,145.57,0.0542
m,6.116373451,146.465,0.0542
m,6.116373009,145.647,0.0541
m,6.116372567,148.009,0.054
m,6.116471405,144.483,0.0536
m,6.116471405,142.725,0.0536
m,6.116470972,146.072,0.0535
m,6.116608116,146.045,0.0534
m,6.116745696,145.591,0.0534
m,6.116745266,147.203,0.0533
m,6.116745266,146.161,0.0533
m,6.116607687,146.377,0.0533
m,6.116607687,147.592,0.0533
m,6.116607687,147.909,0.0533
m,6.116470111,146.01,0.0533
m,6.116470111,146.695,0.0533
m,6.116231949,144.395,0.0533
m,6.116231949,143.213,0.0533
m,6.14895623,142.965,0.0544
m,6.142267871,140.867,0.0544
m,6.138755478,140.426,0.0542
m,6.135382636,150.945,0.0541
m,6.13201269,137.708,0.0544
m,6.118088524,149.917,0.0543
m,6.118051048,148.774,0.0542
m,6.117913898,145.986,0.0543
m,6.11767618,146.62,0.0544
m,6.11767618,148.114,0.0544
m,6.116687856,148.074,0.0547
m,6.116550271,148.899,0.0547
m,6.116550271,153.919,0.0547
m,6.116550271,146.743,0.0547
m,6.116173624,147.037,0.0545
m,6.116173624,144.814,0.0545
m,6.116273758,149.333,0.0544
m,6.116273311,144.651,0.0543
m,6.116373896,147.862,0.0543
m,6.116372567,145.934,0.054
m,6.116234552,145.164,0.0539
m,6.116234114,146.079,0.0538
m,6.116234114,145.186,0.0538
m,6.116371254,146.151,0.0537
m,6.116745266,147.277,0.0533
m,6.116745266,147.733,0.0533
m,6.116745266,146.119,0.0533
m,6.116607687,146.919,0.0533
m,6.116507104,148.296,0.0533
m,6.116507104,148.347,0.0533
m,6.116507104,146.58,0.0533
m,6.116507104,147.658,0.0533
m,6.116470111,149.668,0.0533
m,6.116094374,142.929,0.0533
m,6.115993786,143.182,0.0533
m,6.115856212,143.853,0.0533
m,6.115718642,146.085,0.0533
m,6.115581072,147.005,0.0533
m,6.115581072,145.444,0.0533
m,6.115581072,144.533,0.0533
m,6.115581072,146.087,0.0533
m,6.115581072,145.955,0.0533
m,6.115581072,135.351,0.0533
m,6.116056542,135.814,0.0531
m,6.116056117,134.665,0.053
m,6.116431425,134.617,0.0529
m,6.116669586,135.796,0.0529
m,6.116669164,134.829,0.0528
m,6.117656715,141.275,0.0523
m,6.117757302,142.055,0.0523
m,6.117106017,137.714,0.0522
m,6.115528836,141.073,0.0521
m,6.095121262,145.932,0.0518
m,6.09121483,138.807,0.0517
m,6.087446715,141.988,0.0515
m,6.083781972,139.461,0.0515
m,6.080082207,134.157,0.0513
m,6.063960061,135.036,0.0511
m,6.062048102,143.172,0.0512
m,6.060273595,135.461,0.0514
m,6.058843774,137.443,0.0519
m,6.057515668,134.52,0.0524
s,6.055912287,132.91,0.0523
s,6.055912287,133.117,0.0523
s,6.056014268,131.978,0.0524
s,6.056014268,132.876,0.0524
s,6.05584289,132.571,0.0524
s,6.055706839,131.98,0.0525
s,6.055706839,132.131,0.0525
s,6.055706839,132.543,0.0525
s,6.055706839,132.415,0.0525
s,6.055707259,132.399,0.0526
s,6.055707681,132.347,0.0527
s,6.055571215,132.547,0.0527
s,6.055571215,132.064,0.0527
s,6.055707681,132.643,0.0527
m,6.115580644,135.937,0.0532
m,6.115681241,135.981,0.0532
m,6.115818807,135.635,0.0532
m,6.115818381,135.167,0.0531
m,6.116907326,135.503,0.0528
m,6.116906906,134.608,0.0527
m,6.11714465,135.17,0.0526
m,6.117281805,136.35,0.0525
m,6.11738198,135.721,0.0524
m,6.113777827,139.426,0.0521
m,6.111101559,144.299,0.0521
m,6.108288111,138.884,0.052
m,6.1020133,131.566,0.0518
m,6.102012896,141.77,0.0517
m,6.076621618,130.099,0.0509
m,6.073741883,130.119,0.0509
m,6.068606066,137.427,0.051
m,6.068606461,148.798,0.0511
m,6.056562729,134.175,0.053
m,6.056186086,133.916,0.0525
s,6.056048768,133.058,0.0523
s,6.056048768,133.641,0.0523
s,6.055912287,133.031,0.0523
s,6.056014268,133.621,0.0524
s,6.056014268,132.301,0.0524
s,6.055877792,133.051,0.0524
s,6.055877792,133.36,0.0524
s,6.05584289,133.073,0.0524
s,6.055707259,132.425,0.0526
s,6.055707259,132.603,0.0526
s,6.055707259,132.723,0.0526
s,6.055707259,132.725,0.0526
s,6.055708104,132.527,0.0528
s,6.055708104,132.739,0.0528
s,6.055708104,132.262,0.0528
s,6.055708104,132.338,0.0528
s,6.055708529,132.502,0.0529
s,6.055708529,132.412,0.0529
s,6.055743428,132.514,0.0529
s,6.055743428,132.48,0.0529
s,6.055743428,131.994,0.0529
s,6.055779189,132.109,0.0531
s,6.055779189,132.258,0.0531
s,6.055779619,132.568,0.0532
s,6.055779619,132.559,0.0532
s,6.055779619,132.116,0.0532
s,6.055882049,132.328,0.0534
s,6.05591696,132.101,0.0534
s,6.056018524,132.156,0.0534
s,6.056018524,131.838,0.0534
s,6.055917395,131.995,0.0535
s,6.056018959,133.103,0.0535
s,6.056120524,132.341,0.0535
s,6.056120089,132.641,0.0534
s,6.056018524,132.427,0.0534
s,6.056018524,132.601,0.0534
s,6.056018091,132.124,0.0533
s,6.056018091,131.893,0.0533
s,6.055881616,132.222,0.0533
s,6.055881616,132.434,0.0533
s,6.055779619,132.713,0.0532
s,6.055779619,132.471,0.0532
s,6.055915666,132.492,0.0531
s,6.055915666,132.554,0.0531
s,6.055814105,132.7,0.0531
s,6.055814105,132.976,0.0531
s,6.055849031,133.427,0.0531
s,6.055849031,133.467,0.0531
s,6.055848603,133.256,0.053
s,6.055747477,132.085,0.0531
s,6.055747477,133.016,0.0531
s,6.055645925,133.507,0.0531
s,6.055645925,133.692,0.0531
s,6.055645925,133.792,0.0531
s,6.055743428,132.478,0.0529
s,6.055743428,132.057,0.0529
s,6.055880326,131.915,0.053
s,6.055778761,131.878,0.053
s,6.055778761,132.129,0.053
s,6.05578005,131.933,0.0533
s,6.055881616,132.012,0.0533
s,6.055882049,132.303,0.0534
s,6.055882049,131.915,0.0534
s,6.055917395,132.09,0.0535
s,6.056053876,132.225,0.0535
s,6.056018959,132.189,0.0535
s,6.056018959,132.162,0.0535
s,6.056018959,132.466,0.0535
s,6.056018524,132.498,0.0534
s,6.056018524,132.612,0.0534
s,6.056018524,132.353,0.0534
s,6.056018524,132.347,0.0534
s,6.056018524,132.084,0.0534
s,6.055881616,132.673,0.0533
s,6.055881616,131.977,0.0533
s,6.055881616,132.512,0.0533
s,6.055881616,132.735,0.0533
s,6.055881184,132.557,0.0532
s,6.055915666,132.132,0.0531
s,6.055915666,132.442,0.0531
s,6.055814105,133.082,0.0531
s,6.055814105,132.336,0.0531
s,6.055814105,132.46,0.0531
s,6.055849031,133.191,0.0531
s,6.055849031,132.628,0.0531
s,6.055747477,132.928,0.0531
s,6.055747477,132.556,0.0531
s,6.055645925,133.747,0.0531
s,6.055509434,134.261,0.0531
s,6.05540788,134.714,0.0531
s,6.05540788,135.241,0.0531
s,6.05540788,133.573,0.0531
s,6.05540788,133.965,0.0531
s,6.055271392,132.814,0.0531
s,6.055271392,132.514,0.0531
s,6.055407452,133.447,0.053
s,6.055168984,132.689,0.0529
s,6.055168984,133.754,0.0529
s,6.055168984,133.552,0.0529
s,6.055067433,134.187,0.0529
s,6.055067433,133.81,0.0529
s,6.054896009,132.885,0.0529
s,6.054997567,133.798,0.0529
s,6.054997567,133.75,0.0529
s,6.054861085,133.55,0.0529
s,6.054759524,133.331,0.0529
s,6.054587705,133.015,0.0528
s,6.054587705,133.106,0.0528
s,6.054587705,133.181,0.0528
s,6.054486141,133.582,0.0528
s,6.054486141,132.417,0.0528
s,6.054486141,130.116,0.0528
s,6.054486141,133.265,0.0528
s,6.054486141,132.332,0.0528
s,6.054486141,133.234,0.0528
s,6.054247677,132.811,0.0527
s,6.054247677,132.663,0.0527
s,6.054247255,132.506,0.0526
s,6.054247255,134.124,0.0526
s,6.054247255,134.009,0.0526
s,6.054484876,133.644,0.0525
s,6.054484876,133.815,0.0525
s,6.054484458,132.957,0.0524
s,6.054620937,132.793,0.0524
m,6.054687172,149.04,0.0523
m,6.054004427,137.933,0.0522
m,6.052639548,146.725,0.0521
m,6.047355258,134.753,0.0521
m,6.044390606,147.702,0.052
s,6.055407452,133.412,0.053
s,6.055270964,132.475,0.053
s,6.055407452,133.321,0.053
s,6.055169411,132.946,0.053
s,6.055270537,132.71,0.0529
s,6.055168984,133.318,0.0529
s,6.055168984,133.704,0.0529
s,6.055168984,133.058,0.0529
s,6.055032496,132.725,0.0529
s,6.054759524,132.997,0.0529
s,6.054623045,132.889,0.0529
s,6.054623045,133.357,0.0529
s,6.054724608,133.568,0.0529
s,6.054724608,133.453,0.0529
s,6.054486141,133.604,0.0528
s,6.054724183,133.032,0.0528
s,6.054724183,132.587,0.0528
s,6.054724183,133.174,0.0528
s,6.05462262,134.782,0.0528
s,6.054384579,133.903,0.0528
s,6.054384579,134.788,0.0528
s,6.054384155,133.334,0.0527
s,6.054247677,133.74,0.0527
s,6.054247255,134.37,0.0526
s,6.054246835,133.679,0.0525
s,6.054246835,132.643,0.0525
s,6.0543484,133.434,0.0525
s,6.054484876,133.596,0.0525
m,6.054620937,133.4,0.0524
m,6.054620937,134.624,0.0524
m,6.054620937,134.681,0.0524
m,6.054620937,135.669,0.0524
m,6.05462052,135.037,0.0523
m,6.044390606,143.543,0.052
m,6.037886269,144.687,0.052
m,6.03461867,138.596,0.0519
m,6.031454941,131.052,0.0519
m,6.028053634,131.869,0.0516
m,6.021360116,137.635,0.0515
m,6.017828854,144.198,0.0514
m,6.014401625,139.546,0.0513
m,6.010873602,136.19,0.0511
m,5.987366879,131.945,0.0505
m,5.984607593,132.903,0.0506
m,5.982191507,141.569,0.0507
m,5.979778389,139.144,0.0509
m,5.967453953,144.857,0.0508
m,5.966336124,132.267,0.0506
m,5.964857366,131.777,0.0505
m,5.964857366,140.304,0.0505
m,5.964003807,129.319,0.0505
m,5.961877443,137.903,0.0496
m,5.961503205,143.416,0.0496
m,5.961230217,132.362,0.0495
m,5.961065334,130.147,0.0495
m,5.960903247,140.083,0.0494
m,5.959428799,140.939,0.0483
m,5.959085415,131.21,0.0481
m,5.958745868,135.683,0.0477
m,5.958107734,139.499,0.0474
m,5.956828236,129.902,0.0463
m,5.956743022,140.714,0.0462
m,5.956480657,140.792,0.046
m,5.956540059,133.794,0.0458
m,5.95649761,143.36,0.0457
m,5.955581564,132.961,0.0449
m,5.955581564,136.799,0.0449
m,5.955284988,133.425,0.0448
m,5.955047297,138.714,0.0448
m,5.954921907,139.766,0.0448
m,5.954974819,131.769,0.0444
m,5.954776424,137.372,0.0444
m,5.954691121,132.681,0.0444
m,5.954610536,134.397,0.0444
m,6.007314586,143.597,0.051
m,6.003757241,130.659,0.0508
m,6.000336986,131.202,0.0505
m,5.99333593,140.761,0.0503
m,5.993336317,142.209,0.0504
m,5.977572765,131.603,0.0508
m,5.973583763,133.249,0.0508
m,5.971831822,133.971,0.0508
m,5.970321605,142.484,0.051
m,5.9687817,148.967,0.0507
m,5.963545481,132.101,0.0505
m,5.96319408,140.179,0.0503
m,5.962741409,137.251,0.0499
m,5.962427482,136.563,0.05
m,5.960743963,146.774,0.0492
m,5.960560662,132.709,0.0491
m,5.960430839,136.384,0.0489
m,5.95983955,133.256,0.0485
m,5.959565295,137.132,0.0483
m,5.957913612,137.631,0.0472
m,5.957698549,138.47,0.047
m,5.957697888,131.907,0.0468
m,5.957095688,134.611,0.0468
m,5.956787773,137.317,0.0465
m,5.956222015,133.01,0.0454
m,5.956188561,130.956,0.0453
m,5.956159892,132.507,0.0453
m,5.956005363,135.012,0.0451
m,5.954843044,125.468,0.0447
m,5.954747229,147.536,0.0446
m,5.954975022,141.337,0.0445
m,5.95502006,134.88,0.0444
m,5.955049386,130.043,0.0444
m,5.95453467,140.152,0.0444
m,5.954397098,137.928,0.0444
m,5.9544818,129.751,0.0446
m,5.95456971,142.468,0.0445
m,5.954425609,137.406,0.0445
m,5.954303467,135.293,0.0445
m,5.954312352,129.143,0.0446
m,5.954324482,139.95,0.0446
m,5.954342545,133.441,0.0447
m,5.95434284,137.237,0.0448
m,5.954660322,139.406,0.0451
m,5.954704649,136.52,0.0452
m,5.954536111,146.299,0.0451
m,5.954701813,133.038,0.0452
m,5.954702116,134.061,0.0453
m,5.95506195,140.339,0.0453
m,5.955023844,144.178,0.0453
m,5.954945964,136.508,0.0454
m,5.955043942,144.205,0.0455
m,5.95518056,135.377,0.046
m,5.955223671,136.678,0.0466
m,5.955254379,144.91,0.0465
m,5.955636257,149.086,0.0466
m,5.95578527,140.536,0.0465
m,5.957153592,130.413,0.046
m,5.957153278,137.828,0.0459
m,5.957413297,134.361,0.0458
m,5.957722266,146.639,0.0461
m,5.957665152,132.842,0.0457
m,5.958855526,133.487,0.0459
m,5.959037092,130.071,0.0458
m,5.959215652,145.026,0.0458
m,5.959480036,133.056,0.0457
m,5.960807206,125.195,0.0457
m,5.961182747,136.76,0.0456
m,5.961321273,148.438,0.0458
m,5.961467629,133.911,0.0459
m,5.961467629,129.883,0.0459
m,5.962497757,129.215,0.0467
m,5.962814357,132.313,0.0468
m,5.962970435,136.451,0.0467
m,5.96324534,130.827,0.0467
m,5.963289724,132.939,0.0467
m,5.954265751,152.312,0.0448
m,5.954422795,142.901,0.045
m,5.954472681,138.929,0.045
m,5.954509261,143.059,0.0449
m,5.955154538,141.486,0.0453
m,5.955095185,132.697,0.0453
m,5.95530506,145.071,0.0455
m,5.95528083,132.649,0.0453
m,5.955104109,131.19,0.0454
m,5.955269084,134.638,0.0454
m,5.955386389,134.749,0.0454
m,5.955258183,134.068,0.0452
m,5.955371568,137.659,0.0458
m,5.955394287,132.31,0.046
m,5.955948539,125.188,0.0465
m,5.956282936,154.836,0.0463
m,5.956577455,133.707,0.0463
m,5.95686356,137.885,0.046
m,5.957969625,137.929,0.0457
m,5.958118474,143.372,0.046
m,5.95818837,133.934,0.046
m,5.958488454,136.978,0.0461
m,5.958791586,149.315,0.046
m,5.959480659,137.697,0.0459
m,5.959655278,140.525,0.0457
m,5.95987631,133.552,0.0457
m,5.960221991,135.262,0.0459
m,5.960570672,131.607,0.046
m,5.961767815,133.515,0.0462
m,5.961921327,142.342,0.0463
m,5.962072384,130.952,0.0464
m,5.962340595,130.189,0.0464
m,5.963338027,143.686,0.0468
m,5.963037013,131.49,0.0468
m,5.962675139,132.647,0.0469
m,5.96267547,135.188,0.047
m,5.962559489,134.893,0.0471
m,5.962276718,128.88,0.0471
m,5.962114412,128.308,0.0472
m,5.9617247,132.108,0.0473
m,5.960725486,130.468,0.0475
m,5.954670159,127.567,0.048
m,5.95373662,138.713,0.0481
m,5.953737325,130.049,0.0483
m,5.951647978,133.98,0.0486
m,5.950375003,133.225,0.0486
m,5.942569052,152.109,0.0493
m,5.941199633,137.242,0.0494
m,5.939715638,137.741,0.0495
m,5.938235783,133.353,0.0494
m,5.936642548,133.51,0.0496
m,5.923936054,133.998,0.0506
m,5.922012097,135.022,0.0508
m,5.917820476,144.308,0.051
m,5.915671432,126.563,0.0511
m,5.90281999,130.569,0.0522
m,5.900570886,141.183,0.0524
m,5.89833058,132.707,0.0528
m,5.896087205,136.628,0.0531
m,5.891600558,126.18,0.0533
m,5.880345295,133.63,0.0542
m,5.875795224,133.694,0.0543
m,5.873464978,125.959,0.0544
m,5.871025344,128.991,0.0545
m,5.868589648,137.569,0.0548
m,5.851551406,126.613,0.0558
m,5.849260016,134.298,0.0559
m,5.846852117,132.973,0.0561
m,5.844447264,139.228,0.0563
m,5.827881601,132.444,0.0575
m,5.822717558,133.983,0.0576
m,5.820145449,129.972,0.0573
m,5.820146482,134.604,0.0575
m,5.815348004,129.583,0.0577
m,5.95999952,125.514,0.0476
m,5.959160992,132.298,0.0477
m,5.958326332,125.922,0.0479
m,5.95749346,129.964,0.0478
m,5.95572427,130.254,0.048
m,5.948989472,130.148,0.0488
m,5.947723554,133.131,0.049
m,5.945198923,134.376,0.049
m,5.943824845,136.753,0.049
m,5.93334912,136.207,0.0498
m,5.933349501,132.938,0.0499
m,5.929717386,136.607,0.05
m,5.927788928,134.396,0.0503
m,5.925862594,137.992,0.0504
m,5.913525046,134.427,0.0512
m,5.91352586,134.177,0.0514
m,5.909236074,136.001,0.0515
m,5.907093603,135.61,0.0518
m,5.904957989,139.183,0.052
m,5.891601001,127.856,0.0534
m,5.887017274,131.886,0.0536
m,5.884791694,129.971,0.0536
m,5.882562969,130.378,0.0537
m,5.866156029,128.083,0.0549
m,5.863725895,135.023,0.0551
m,5.859001263,135.451,0.0552
m,5.856477266,136.349,0.0554
m,5.856478228,128.414,0.0556
m,5.839988598,124.703,0.0567
m,5.837591751,136.369,0.0567
m,5.835329917,132.59,0.057
m,5.832950063,130.426,0.0571
m,5.830354041,135.345,0.0574
m,5.812658184,139.649,0.0579
m,5.810080944,138.651,0.058
m,5.807726728,134.576,0.0583
m,5.803122075,135.967,0.0585
m,5.800872699,136.482,0.0587
m,5.798747435,141.623,0.0589
m,5.796964402,143.775,0.0592
m,5.794843847,144.439,0.0593
m,5.792725443,138.396,0.0593
m,5.776067028,133.821,0.059
m,5.773510491,136.369,0.0588
m,5.768516287,134.66,0.0589
m,5.766076779,132.582,0.0589
m,5.751192165,126.632,0.0594
m,5.751192722,124.467,0.0595
m,5.746957635,127.039,0.0594
m,5.744684727,123.241,0.0593
m,5.742325251,128.624,0.0591
m,5.7209018,129.617,0.0592
m,5.718829137,130.487,0.0592
m,5.716512403,132.462,0.0591
m,5.711909467,124.081,0.0588
m,5.709834634,135.969,0.059
m,5.692274875,124.208,0.0581
m,5.692275956,130.856,0.0583
m,5.687671044,137.241,0.0583
m,5.685487547,125.911,0.0583
m,5.671045247,130.939,0.0582
m,5.669090728,123.492,0.0581
m,5.666831689,123.177,0.0578
m,5.664578381,124.809,0.0579
m,5.659729303,127.812,0.058
m,5.648349577,130.444,0.0579
m,5.646123903,134.164,0.0579
m,5.643900241,138.078,0.0576
m,5.639391275,138.5,0.0575
m,5.637332186,138.02,0.0575
m,5.622496168,131.851,0.058
m,5.62044137,130.313,0.0579
m,5.618264188,129.45,0.0579
m,5.615992554,136.643,0.0581
m,5.79062257,133.975,0.0592
m,5.786183805,128.24,0.0593
m,5.786181612,141.692,0.0589
m,5.781064595,132.492,0.059
m,5.778625374,132.205,0.059
m,5.763870188,137.601,0.059
m,5.761788179,126.874,0.059
m,5.759724482,126.526,0.059
m,5.757648678,130.928,0.0591
m,5.75534725,121.622,0.0594
m,5.739847569,138.858,0.0591
m,5.73515091,128.164,0.0593
m,5.732702134,127.535,0.0593
m,5.730345061,127.673,0.0593
m,5.707428745,133.27,0.0588
m,5.704798154,126.765,0.0585
m,5.702172931,125.217,0.0584
m,5.699676319,127.396,0.0583
m,5.694675492,129.55,0.0581
m,5.683182556,124.442,0.0583
m,5.681210832,130.413,0.0582
m,5.677048868,128.137,0.0581
m,5.67508687,137.546,0.0582
m,5.673002102,131.602,0.0582
m,5.659728765,134.575,0.0579
m,5.655120598,130.502,0.0579
m,5.652962261,134.877,0.058
m,5.650705136,128.036,0.058
m,5.635050174,143.921,0.0574
m,5.632874281,139.581,0.0576
m,5.630702434,134.781,0.0578
m,5.626568935,145.817,0.0579
m,5.626568935,138.289,0.0579
m,5.611501959,134.809,0.0581
m,5.609338834,143.11,0.058
m,5.607179405,134.93,0.0579
m,5.604898188,138.384,0.0581
m,5.602944111,136.042,0.0582
m,5.60099325,137.351,0.0583
m,5.598945189,144.477,0.058
m,5.59482098,137.151,0.0575
m,5.594819913,135.205,0.0573
m,5.590488023,149.826,0.0571
m,5.580828633,141.631,0.0572
m,5.578915555,135.718,0.0572
m,5.575099706,133.998,0.0573
m,5.575101315,134.143,0.0576
m,5.571329191,138.485,0.0575
m,5.557295537,138.559,0.0569
m,5.553145772,138.019,0.0568
m,5.553144202,140.22,0.0565
m,5.549072849,145.587,0.0564
m,5.532789313,134.488,0.0546
m,5.530679618,145.742,0.0543
m,5.528832737,139.062,0.0539
m,5.526954085,138.502,0.0535
m,5.523022973,140.812,0.0528
m,5.512793684,136.558,0.0524
m,5.510726512,133.468,0.0522
m,5.508792872,136.575,0.0518
m,5.506550959,140.339,0.0518
m,5.50462706,132.032,0.0516
m,5.490477697,140.694,0.051
m,5.48858968,131.871,0.0509
m,5.484514433,139.433,0.0506
m,5.484513599,131.112,0.0504
m,5.471140137,128.937,0.0495
m,5.467684523,141.784,0.0495
m,5.466250118,129.286,0.0495
m,5.466249322,128.831,0.0493
m,5.46308273,135.486,0.0494
m,5.456912392,132.024,0.0499
m,5.456205238,137.237,0.0499
m,5.455896617,143.726,0.0502
m,5.455897446,150.116,0.0504
m,5.455632423,146.741,0.0504
m,5.588294429,138.288,0.057
m,5.586301135,143.364,0.0571
m,5.584408476,137.158,0.0571
m,5.582744433,135.616,0.0571
m,5.569561399,142.668,0.0576
m,5.567571955,138.585,0.0576
m,5.565583361,142.28,0.0571
m,5.561816539,143.697,0.0572
m,5.559458479,135.8,0.0571
m,5.547025346,135.694,0.0562
m,5.544886468,136.205,0.0559
m,5.542881313,144.853,0.0557
m,5.540880399,139.789,0.0555
m,5.536797176,137.775,0.0551
m,5.520934254,142.096,0.0525
m,5.518944387,132.825,0.0526
m,5.516901519,138.932,0.0524
m,5.514827149,135.963,0.0525
m,5.50070239,134.189,0.0516
m,5.498792488,135.623,0.0516
m,5.496795184,137.341,0.0515
m,5.494671809,138.129,0.0514
m,5.492683707,135.887,0.0513
m,5.480637417,135.858,0.0502
m,5.478639769,138.232,0.05
m,5.476737039,141.637,0.05
m,5.474837471,134.936,0.0498
m,5.472941892,151.457,0.0496
m,5.461569778,138.858,0.0493
m,5.460367683,130.163,0.0491
m,5.459083196,137.566,0.0495
m,5.458285164,134.306,0.0497
m,5.455322144,150.158,0.05
m,5.455233005,151.037,0.0498
m,5.455232197,148.822,0.0496
m,5.455055163,159.327,0.0495
m,5.454923187,147.417,0.0495
m,5.455055163,147.785,0.0495
m,5.454966854,140.207,0.0495
m,5.454834877,146.682,0.0495
m,5.454746171,147.792,0.0494
m,5.454657077,141.81,0.0492
m,5.454699499,134.639,0.0491
m,5.454699499,141.439,0.0491
m,5.453594426,135.205,0.049
m,5.452404846,132.012,0.049
m,5.444118276,140.172,0.0482
m,5.442375538,123.532,0.0481
m,5.438814726,127.558,0.048
m,5.436863972,128.903,0.0479
m,5.434916794,132.275,0.0477
m,5.421996479,141.787,0.0469
m,5.417630046,137.583,0.0468
m,5.415319445,127.218,0.0468
m,5.412964274,134.357,0.0467
m,5.396525763,133.268,0.0456
m,5.392092115,128.549,0.0453
m,5.389721639,132.686,0.0452
m,5.387403727,131.062,0.045
m,5.387403727,129.903,0.045
m,5.370230093,134.105,0.0437
m,5.36767023,126.302,0.0437
m,5.3651957,143.088,0.0435
m,5.362641417,138.972,0.0433
m,5.359956461,131.178,0.0433
m,5.340543521,126.259,0.0427
m,5.337748095,130.081,0.0426
m,5.334955116,124.782,0.0423
m,5.332246964,134.765,0.0422
m,5.312823067,140.269,0.0415
m,5.31008152,121.966,0.0415
m,5.307342179,126.627,0.0414
m,5.301870909,121.549,0.0412
m,5.299003295,125.902,0.041
m,5.454746171,145.583,0.0494
m,5.454746171,144.073,0.0494
m,5.454745773,143.693,0.0493
m,5.454657472,149.923,0.0493
m,5.454657077,144.131,0.0492
m,5.450952841,139.782,0.0489
m,5.450952453,143.561,0.0488
m,5.447749418,132.406,0.0486
m,5.445909881,128.01,0.0484
m,5.432754242,134.906,0.0475
m,5.430682645,150.721,0.0474
m,5.428528915,122.801,0.0474
m,5.42431915,130.634,0.0472
m,5.421997191,133.136,0.0471
m,5.410660412,133.912,0.0466
m,5.405978317,131.91,0.0463
m,5.403600718,135.351,0.0462
m,5.401312092,128.002,0.0462
m,5.398941892,129.411,0.046
m,5.382593638,130.064,0.0446
m,5.380151475,134.99,0.0444
m,5.377711935,132.233,0.044
m,5.375276546,127.797,0.0439
m,5.357408729,127.381,0.0432
m,5.354595143,132.152,0.0431
m,5.351702085,129.131,0.0429
m,5.34889428,121.37,0.0427
m,5.343341375,135.909,0.0426
m,5.32651499,126.592,0.042
m,5.32367956,130.339,0.0418
m,5.320927889,126.6,0.0417
m,5.318314059,144.581,0.0417
m,5.315432158,130.488,0.0416
m,5.296138327,120.551,0.0409
m,5.29327527,115.971,0.0406
m,5.290414864,117.491,0.0404
m,5.287421256,121.565,0.0402
m,5.28122678,116.38,0.0401
m,5.27802536,120.352,0.0399
m,5.278025132,122.981,0.0398
m,5.271709531,117.37,0.0398
m,5.268515663,115.379,0.0397
m,5.245195293,113.662,0.0385
m,5.241866644,109.307,0.0384
m,5.234750422,109.639,0.0381
m,5.230884816,110.569,0.0379
m,5.203364551,116.489,0.0365
m,5.199247654,122.206,0.0362
m,5.195057297,117.01,0.0361
m,5.187263025,121.685,0.0359
m,5.187262872,121.587,0.0358
m,5.163526319,116.339,0.035
m,5.15557132,115.758,0.0348
m,5.151422289,117.839,0.0346
m,5.147200479,120.35,0.0343
m,5.143056282,120.461,0.0342
m,5.114333578,125.2,0.0333
m,5.110207507,130.637,0.0331
m,5.106295298,127.556,0.0329
m,5.09799099,125.515,0.0329
m,5.074607554,123.218,0.0327
m,5.06696999,130.151,0.0325
m,5.06697008,135.108,0.0326
m,5.059195787,125.309,0.0326
m,5.045719485,122.818,0.0342
s,5.045647254,122.773,0.0341
s,5.045647254,122.964,0.0341
s,5.045785534,122.685,0.0341
s,5.045785534,122.907,0.0341
s,5.046200626,122.839,0.0343
s,5.046062343,122.893,0.0343
s,5.046200626,122.665,0.0343
s,5.046200751,122.594,0.0344
s,5.046200751,122.678,0.0344
m,5.265245398,116.254,0.0395
m,5.261920885,120.83,0.0395
m,5.255529751,119.585,0.0391
m,5.252192146,115.746,0.0389
m,5.248799449,117.166,0.0387
m,5.227080793,114.596,0.0376
m,5.223356802,118.441,0.0372
m,5.21955906,119.508,0.0371
m,5.211562817,111.264,0.0369
m,5.207500535,116.67,0.0367
m,5.179341417,121.713,0.0357
m,5.175391422,119.47,0.0356
m,5.171504943,121.751,0.0355
m,5.167620745,116.312,0.0353
m,5.138989356,122.691,0.0343
m,5.134711886,120.637,0.0339
m,5.126714324,118.329,0.0337
m,5.126714212,123.132,0.0336
m,5.118525399,121.401,0.0335
m,5.094021286,119.432,0.0329
m,5.089980117,123.507,0.0329
m,5.086152246,126.845,0.0329
m,5.082188376,120.965,0.0328
m,5.078502343,120.723,0.0327
m,5.05587175,130.299,0.033
m,5.052970715,127.381,0.0333
m,5.050426455,144.404,0.0337
m,5.048243873,122.325,0.0338
m,5.045719243,121.204,0.034
s,5.045923816,122.832,0.0341
s,5.045923938,123.072,0.0342
s,5.046062219,122.837,0.0342
s,5.046062219,122.828,0.0342
s,5.046200751,122.717,0.0344
s,5.046200751,122.669,0.0344
s,5.046200879,122.374,0.0345
s,5.046200879,122.449,0.0345
s,5.046200879,122.757,0.0345
s,5.046200879,122.816,0.0345
s,5.04627298,122.528,0.0345
s,5.046200879,122.539,0.0345
s,5.04627298,122.887,0.0345
s,5.046273109,122.57,0.0346
s,5.04613483,123.061,0.0346
s,5.04613483,122.563,0.0346
s,5.04613483,123.583,0.0346
s,5.04613483,122.569,0.0346
s,5.045858141,122.067,0.0345
s,5.045858141,122.026,0.0345
s,5.045719992,121.81,0.0346
s,5.045719992,122.215,0.0346
s,5.045719992,122.362,0.0346
s,5.045377281,121.92,0.0346
s,5.045377281,122.147,0.0346
s,5.045377281,122.333,0.0346
s,5.045311135,122.177,0.0346
s,5.045034594,122.217,0.0346
s,5.045034594,122.136,0.0346
s,5.045034726,122.266,0.0347
s,5.045034726,122.053,0.0347
s,5.045034726,122.45,0.0347
s,5.044968595,121.998,0.0347
s,5.044830328,122.058,0.0347
s,5.044902474,122.197,0.0347
s,5.044902474,122.478,0.0347
s,5.044764211,121.978,0.0347
s,5.044908529,122.027,0.0347
s,5.044770269,121.971,0.0347
s,5.044980695,121.933,0.0347
s,5.044842437,121.967,0.0347
s,5.044986794,122.261,0.0347
s,5.044986794,122.143,0.0347
s,5.044151291,121.914,0.0348
s,5.044079111,122.114,0.0348
s,5.044289546,122.036,0.0348
s,5.046200879,122.094,0.0345
s,5.046201009,122.621,0.0346
s,5.046201009,121.849,0.0346
s,5.046201009,122.769,0.0346
s,5.046201009,122.86,0.0346
s,5.04613483,122.155,0.0346
s,5.04613483,122.19,0.0346
s,5.045996419,122.75,0.0345
s,5.045858141,122.786,0.0345
s,5.045581714,122.28,0.0346
s,5.045515556,122.165,0.0346
s,5.045515556,121.985,0.0346
s,5.045515556,121.815,0.0346
s,5.045515556,121.739,0.0346
s,5.045311135,122.446,0.0346
s,5.045311135,122.583,0.0346
s,5.045172865,122.315,0.0346
s,5.045172865,122.13,0.0346
s,5.045172865,122.484,0.0346
s,5.045034726,122.449,0.0347
s,5.044896455,122.327,0.0347
s,5.044968595,122.534,0.0347
s,5.044968595,122.28,0.0347
s,5.044902474,122.067,0.0347
s,5.044836367,121.904,0.0347
s,5.044836367,121.949,0.0347
s,5.044836367,121.672,0.0347
s,5.044836367,121.839,0.0347
s,5.044842437,121.837,0.0347
s,5.044980695,122.067,0.0347
s,5.044980695,122.112,0.0347
s,5.044914611,121.734,0.0347
s,5.044914611,121.862,0.0347
s,5.044289546,122.087,0.0348
s,5.044361727,122.091,0.0348
s,5.044499982,121.9,0.0348
s,5.044361863,121.801,0.0349
s,5.044500118,121.949,0.0349
s,5.044500118,121.904,0.0349
s,5.044500118,122.076,0.0349
s,5.044500118,122.076,0.0349
s,5.044500118,122.027,0.0349
s,5.044572442,123.126,0.035
s,5.044434191,122.761,0.035
s,5.044434191,122.698,0.035
s,5.04436214,122.868,0.0351
s,5.044783025,122.63,0.0351
s,5.044921417,123.327,0.0352
s,5.044783167,122.843,0.0352
s,5.044710976,122.627,0.0352
s,5.044710976,122.875,0.0352
s,5.044573013,122.69,0.0354
s,5.044573013,122.64,0.0354
s,5.044500826,122.373,0.0354
s,5.044500974,122.672,0.0355
s,5.044362719,122.883,0.0355
s,5.04436302,122.782,0.0357
s,5.044363174,122.899,0.0358
s,5.044363174,122.89,0.0358
s,5.044363329,122.931,0.0359
s,5.044081031,123.045,0.0361
s,5.044081192,122.957,0.0362
s,5.044081192,122.898,0.0362
s,5.0439431,123.128,0.0363
s,5.0439431,122.672,0.0363
s,5.043245889,123.044,0.0364
s,5.043456488,123.092,0.0365
s,5.043739109,123.024,0.0365
s,5.043739109,122.998,0.0365
s,5.043390416,122.853,0.0365
s,5.043252505,123.696,0.0367
s,5.043252505,123.554,0.0367
s,5.043324869,123.237,0.0368
s,5.043324869,123.456,0.0368
s,5.044500118,122.064,0.0349
s,5.044434053,122.426,0.0349
s,5.044361863,122.013,0.0349
s,5.044500118,122.503,0.0349
s,5.044500255,123.09,0.035
s,5.04436214,122.77,0.0351
s,5.04436214,122.589,0.0351
s,5.04436214,122.754,0.0351
s,5.04436214,122.647,0.0351
s,5.044434873,122.765,0
s,5.044572723,123.233,0.0352
s,5.044572867,123.049,0.0353
s,5.044572867,122.751,0.0353
s,5.044572867,122.676,0.0353
s,5.044362719,122.707,0.0355
s,5.044152432,122.674,0.0356
s,5.044501123,122.852,0.0356
s,5.044501275,122.554,0.0357
s,5.044501275,122.781,0.0357
s,5.04415305,122.76,0.036
s,5.04415305,122.656,0.036
s,5.04415305,123.107,0.036
s,5.04415321,123.003,0.0361
s,5.04415321,123.202,0.0361
s,5.0439431,123.109,0.0363
s,5.043943266,123.41,0.0364
s,5.043943266,123.19,0.0364
s,5.043594577,123.004,0.0364
s,5.043390585,122.846,0.0366
s,5.043390585,123.221,0.0366
s,5.043390585,122.787,0.0366
s,5.043252334,122.575,0.0366
s,5.043252505,123.257,0.0367
s,5.043324869,123.156,0.0368
s,5.043324869,122.889,0.0368
s,5.043186619,123.299,0.0368
s,5.043186794,123.634,0.0369
s,5.043186794,123.275,0.0369
s,5.043186794,122.397,0.0369
s,5.043186972,123.092,0.037
s,5.04325917,122.931,0.037
m,5.04325917,122.92,0.037
m,5.043259349,122.477,0.0371
m,5.039231733,138.135,0.0371
m,5.036275458,117.614,0.037
m,5.033038339,116.463,0.037
m,5.025942951,123.419,0.037
m,5.022361336,117.707,0.0369
m,4.998729027,130.405,0.0368
m,4.995439785,129.338,0.0369
m,4.992080931,140.35,0.037
m,4.988723638,130.138,0.0372
m,4.964347991,132.2,0.0371
m,4.960444961,133.417,0.0371
m,4.952923337,128.121,0.0371
m,4.952923155,131.181,0.037
m,4.944714626,117.723,0.037
m,4.922715202,119.872,0.0378
m,4.919112479,123.094,0.0379
m,4.91544297,119.26,0.038
m,4.915443172,120.786,0.0381
m,4.908454916,118.342,0.0384
m,4.884776385,116.07,0.0395
m,4.88140028,117.077,0.0396
m,4.877957932,123.703,0.0395
m,4.874585515,116.577,0.0397
m,4.850895243,118.917,0.0393
m,4.847609959,124.207,0.0393
m,4.840698732,137.459,0.0393
m,4.837073349,125.422,0.0395
m,4.83338332,125.138,0.0394
m,4.812444438,110.304,0.0398
m,4.812444438,119.909,0.0398
m,4.805704836,116.363,0.0398
m,4.802510903,121.492,0.0398
m,4.799113276,121.109,0.0398
m,5.043259349,137.561,0.0371
m,5.043259349,141.702,0.0371
m,5.042687986,129.835,0.0371
m,5.041347325,125.847,0.0371
m,5.022361336,133.161,0.0369
m,5.015618411,117.994,0.0369
m,5.012389917,114.315,0.0369
m,5.009024097,117.374,0.0368
m,5.005521216,122.915,0.0368
m,4.985296367,131.778,0.037
m,4.982219183,124.931,0.037
m,4.975302827,127.823,0.037
m,4.971673136,130.35,0.037
m,4.96804385,126.175,0.037
m,4.94096167,126.762,0.0371
m,4.937350327,116.252,0.0373
m,4.933602161,117.652,0.0376
m,4.93006412,136.854,0.0377
m,4.904999125,121.67,0.0386
m,4.901613345,129.616,0.0388
m,4.898297502,125.043,0.0391
m,4.891601243,118.36,0.0392
m,4.888221921,123.171,0.0394
m,4.871213149,118.627,0.0392
m,4.864481444,113.737,0.0391
m,4.864481899,130.932,0.0393
m,4.857618154,124.21,0.0393
m,4.854255848,128.175,0.0393
m,4.829968213,138.325,0.0395
m,4.826555051,123.776,0.0396
m,4.822871609,125.16,0.0395
m,4.815914991,125.579,0.0397
m,4.795858014,110.663,0.0397
m,4.792323728,116.587,0.0397
m,4.788867229,116.895,0.0396
m,4.782371856,113.99,0.0397
m,4.779127394,114.941,0.0398
m,4.779127394,122.337,0.0398
m,4.772708474,122.818,0.0399
m,4.769675438,126.122,0.0402
m,4.76657954,125.658,0.0401
m,4.74390096,113.667,0.04
m,4.740714816,112.012,0.0399
m,4.73427388,133.163,0.0398
m,4.731097816,117.04,0.0398
m,4.731098061,121.742,0.0399
m,4.71410055,131.312,0.0401
m,4.711495061,123.408,0.0401
m,4.706657771,118.906,0.0402
m,4.704203793,112.471,0.0403
m,4.704203035,120.077,0.04
m,4.686148357,126.985,0.0393
m,4.684173482,120.144,0.0393
m,4.682083936,118.955,0.0392
m,4.67991589,119.167,0.039
m,4.666807903,132.065,0.0382
m,4.665103199,129.113,0.038
m,4.66152715,121.173,0
m,4.659503486,128.503,0.0375
m,4.657704636,135.373,0.0374
m,4.647209148,121.533,0.0367
m,4.645482407,125.388,0.0365
m,4.643849836,119.846,0.0362
m,4.642224454,119.677,0.036
m,4.640462902,127.73,0.0359
m,4.629277647,130.59,0.0368
m,4.627874531,120.097,0.0371
m,4.624744249,121.976,0.0372
m,4.623358542,119.509,0.0374
m,4.614475915,108.886,0.0379
m,4.611555902,109.517,0.038
m,4.609985466,111.122,0.0381
m,4.608564725,113.705,0.0382
m,4.607149609,117.68,0.0384
m,4.763422383,124.309,0.0401
m,4.756847417,125.16,0.0401
m,4.753634419,118.149,0.0401
m,4.750156939,114.332,0.0402
m,4.74682327,114.829,0.0401
m,4.725101154,120.77,0.04
m,4.721997203,124.022,0.0401
m,4.719179166,117.16,0.0401
m,4.716567521,114.185,0.0401
m,4.69944592,118.997,0.04
m,4.697142634,115.324,0.0398
m,4.6949848,114.328,0.0397
m,4.692709866,114.91,0.0395
m,4.688269703,119.85,0.0394
m,4.677895029,122.169,0.039
m,4.675878017,124.726,0.0387
m,4.672059598,123.453,0.0386
m,4.672059378,122.685,0.0385
m,4.668601791,135.662,0.0384
m,4.655911496,124.373,0.0374
m,4.654266796,127.004,0.0374
m,4.650881072,120.111,0.037
m,4.64914144,119.254,0.0369
m,4.63724779,120.027,0.0359
m,4.63724779,128.631,0.0359
m,4.633882321,121.054,0.0362
m,4.632209448,126.473,0.0364
m,4.630740617,127.597,0.0367
m,4.621926025,115.862,0.0375
m,4.621926225,112.272,0.0376
m,4.618935487,112.054,0.0376
m,4.617521688,111.932,0.0377
m,4.615970207,113.747,0.0379
m,4.605815631,116.535,0
m,4.604334526,111.45,0.0383
m,4.60293588,123.178,0.0386
m,4.600396962,114.801,0.0385
m,4.600396742,107.884,0.0384
m,4.597927339,108.258,0.0383
m,4.596699305,106.712,0.0384
m,4.59513822,114.463,0.0384
m,4.593631222,110.324,0.0383
m,4.584378432,106.06,0.0383
m,4.581732234,106.131,0.0382
m,4.580607712,112.703,0.0382
m,4.580607498,111.689,0.0381
m,4.569477474,109.558,0.0373
m,4.568304423,107.077,0.0373
m,4.567035761,110.312,0.0375
m,4.56587166,107.736,0.0373
m,4.56480172,102.469,0.0373
m,4.55915205,105.879,0.0377
m,4.558065918,110.334,0.0377
m,4.556838478,106.309,0.0378
m,4.554439378,105.237,0.0379
m,4.553224509,112.8,0.0378
m,4.545684784,102.405,0.0379
m,4.545684575,101.146,0.0378
m,4.543649792,101.43,0.0378
m,4.542546427,102.401,0.0378
m,4.534936135,121.871,0.038
m,4.533126247,120.099,0.038
m,4.532334765,112.246,0.038
m,4.531400751,104.386,0.038
m,4.530432258,106.002,0.038
m,4.526037132,101.581,0.0387
m,4.524452134,100.96,0.0386
m,4.523554523,103.096,0.0385
m,4.522624434,104.105,0.0386
m,4.521845979,109.142,0.0387
m,4.516106485,105.066,0.0393
m,4.514540664,102,0.0394
m,4.513763196,100.385,0.0395
m,4.513763196,100.677,0.0395
m,4.590875262,106.853,0.0384
m,4.589625433,106.182,0.0385
m,4.588282894,106.514,0.0385
m,4.587089697,111.101,0.0385
m,4.585900216,106.766,0.0382
m,4.577940476,109.216,0.038
m,4.576544465,120.101,0.038
m,4.575206416,114.026,0.0378
m,4.573874299,109.003,0.0376
m,4.570891818,109.303,0.0374
m,4.562952554,104.975,0.0374
m,4.561982617,102.385,0.0375
m,4.561983022,101.677,0.0377
m,4.560198922,102.891,0.0377
m,4.552117873,122.209,0.0378
m,4.551016064,113.351,0.0378
m,4.550065262,107.529,0.0378
m,4.548973371,105.618,0.0379
m,4.546908441,103.003,0.0379
m,4.541448101,102.893,0.0377
m,4.540249329,103.507,0.0378
m,4.538012337,105.108,0.0378
m,4.536947536,105.319,0.0379
m,4.53599322,110.587,0.0379
m,4.529507196,99.815,0.0382
m,4.528624187,96.525,0.0382
m,4.527745457,99.932,0.0384
m,4.526036681,98.916,0.0385
m,4.520044996,110.54,0.0388
m,4.519205803,112.902,0.0389
m,4.518370713,108.963,0.0391
m,4.517722558,109.936,0.0392
m,4.516894592,106.423,0.0392
m,4.512140682,106.047,0.0394
m,4.511407834,108.58,0.0393
m,4.510678465,110.849,0.0393
m,4.509986843,108.573,0.0393
m,4.508612414,110.545,0.0393
m,4.507929614,114.32,0.0393
m,4.507362918,105.851,0.0391
m,4.506766484,109.47,0.0392
m,4.506139842,112.963,0.0392
m,4.505221647,123.311,0.0391
m,4.500191988,103.462,0.0392
m,4.499302628,102.809,0.0394
m,4.498416168,104.389,0.0392
m,4.496940755,102.232,0.039
m,4.496089209,106.604,0.0389
m,4.490605889,105.961,0.0389
m,4.489917153,107.125,0.0389
m,4.489056576,103.281,0.0389
m,4.488202739,108.716,0.0391
m,4.482520001,107.361,0.0391
m,4.481833332,102.926,0.0391
m,4.480089579,103.656,0.0391
m,4.479328434,106.244,0.0391
m,4.478600523,106.333,0.0393
m,4.475007988,108.376,0.0391
m,4.473349488,108.719,0.039
m,4.472617074,105.787,0.039
m,4.471916165,106.946,0.0391
m,4.471370401,106.275,0.0394
m,4.46692527,120.742,0.0392
m,4.466149069,110.172,0.0391
m,4.465527282,115.068,0.039
m,4.465059971,107.18,0.0389
m,4.460056614,108.873,0.0385
m,4.459472505,114.513,0.0386
m,4.458873815,123.016,0.0387
m,4.458322181,118.822,0.0388
m,4.457755734,117.184,0.0388
m,4.454744492,106.256,0.0386
m,4.454050605,104.998,0.0386
m,4.453231982,105.539,0.0385
m,4.452569088,111.224,0.0386
m,4.450987284,116.323,0.0348
m,4.503626766,109.654,0.0392
m,4.502687872,107.953,0.0392
m,4.502687872,104.262,0.0392
m,4.501118216,101.39,0.0392
m,4.495243307,105.753,0.0389
m,4.494519759,109.384,0.0389
m,4.493684905,108.648,0.0389
m,4.492297382,108.928,0.039
m,4.491478806,102.719,0.0389
m,4.486570792,106.382,0.0391
m,4.486571031,109.779,0.0392
m,4.484928319,112.413,0.0392
m,4.484188904,104.367,0.0393
m,4.483305716,105.428,0.0392
m,4.477877362,106.382,0.0392
m,4.477159677,106.439,0.0391
m,4.475785618,112.324,0.0391
m,4.475007988,109.153,0.0391
m,4.470070654,104.906,0.0394
m,4.469440549,107.879,0.0393
m,4.468815794,115.754,0.0393
m,4.468344998,110.307,0.0393
m,4.467706463,109.021,0.0391
m,4.463777409,107.281,0.0388
m,4.463134216,106.902,0.0387
m,4.462519478,113.396,0.0387
m,4.461739764,107.598,0.0386
m,4.461115704,103.966,0.0386
m,4.457215169,107.156,0.0388
m,4.456189956,106.381,0.0389
m,4.456189722,104.955,0.0388
m,4.455295469,101.467,0.0386
m,4.450167868,116.528,0.0323
m,4.449717675,123.119,0.0322
m,4.449255486,106.126,0.0319
m,4.448931125,108.672,0.0309
m,4.448301464,104.419,0.0301
m,4.447914929,108.231,0.0284
m,4.447915234,104.987,0.0268
m,4.447797941,103.55,0.0256
m,4.44806609,106.901,0.0247
m,4.450139207,107.349,0.0213
m,4.448534713,105.557,0.023
m,4.447074479,115.362,0.0243
m,4.444378349,115.91,0.0249
m,4.442455945,115.749,0.0261
m,4.438184884,109.746,0.0287
m,4.437590468,111.561,0.0289
m,4.436841205,117.145,0.0291
m,4.436247784,119.408,0.0293
m,4.435670578,127.488,0.0296
m,4.431539351,117.093,0.0307
m,4.431014255,118.878,0.0309
m,4.430636123,122.685,0.0314
m,4.430062171,125.141,0.0317
m,4.427459705,125.82,0.0334
m,4.427296538,132.788,0.0335
m,4.427296653,121.523,0.0336
m,4.42655303,121.254,0.0338
m,4.426265327,115.506,0.0337
m,4.42443297,108.765,0.034
m,4.424466822,108.139,0.0342
m,4.424205067,110.969,0.0341
m,4.423943504,126.243,0.0336
m,4.423737176,112.329,0.0334
m,4.422187641,113.111,0.0317
m,4.421918466,118.631,0.0319
m,4.421565144,109.888,0.0317
m,4.421367148,122.263,0.0315
m,4.421174126,118.167,0.0313
m,4.421323073,115.873,0.0314
m,4.420876255,132.853,0.0314
m,4.420884214,114.066,0.0315
m,4.421047073,120.187,0.0312
m,4.448357748,109.695,0.0232
m,4.448491192,112.524,0.0226
m,4.449484385,117.226,0.0223
m,4.449598633,109.049,0.0218
m,4.449871124,106.044,0.0216
m,4.441516426,133.255,0.0268
m,4.440606709,114.65,0.0272
m,4.440151452,108.763,0.028
m,4.439551717,106.978,0.0283
m,4.434949151,117.223,0.03
m,4.434233144,132.663,0.0299
m,4.43282731,117.64,0.03
m,4.432827467,129.068,0.0304
m,4.431910778,114.929,0.0305
m,4.429558229,121.077,0.032
m,4.429374638,115.29,0.0324
m,4.429038101,114.142,0.0327
m,4.428713699,116.333,0.0331
m,4.428243585,117.007,0.0333
m,4.425982073,119.301,0.0339
m,4.425402398,116.053,0.0337
m,4.424840343,111.612,0.0337
m,4.424558725,116.07,0.0336
m,4.423495286,118.235,0.0332
m,4.423495076,114.426,0.033
m,4.422719603,120.487,0.0328
m,4.422333533,122.281,0.0324
m,4.422259344,110.194,0.0322
m,4.421473157,118.848,0.0315
m,4.421436007,118.992,0.0314
m,4.421227581,125.656,0.0315
m,4.421056824,114.512,0.0314
m,4.42118024,109.764,0.0314
m,4.420915521,127.533,0.031
m,4.420823437,112.966,0.031
m,4.420562785,112.213,0.0308
m,4.420562785,107.597,0.0308
m,4.420815486,107.064,0.0307
m,4.421027326,107.71,0.0306
m,4.421095962,109.737,0.0302
m,4.420721573,119.3,0.0302
m,4.420734727,115.524,0.03
m,4.421279251,117.697,0.0293
m,4.421399051,107.659,0.0293
m,4.421399071,115.647,0.0294
m,4.421494204,117.519,0.0295
m,4.422282978,111.915,0.0295
m,4.42244238,118.44,0.0296
m,4.422613236,114.85,0.0299
m,4.422788883,115.898,0.03
m,4.42346962,117.992,0.0301
m,4.424466402,114.657,0.03
m,4.424466337,110.501,0.0298
m,4.424881027,118.846,0.0296
m,4.425159564,118.909,0.0296
m,4.425594523,120.52,0.0298
m,4.427093962,116.123,0.0302
m,4.427403455,114.706,0.0303
m,4.427730317,128.57,0.0303
m,4.428051283,118.386,0.0304
m,4.430235886,127.723,0.0301
m,4.430469243,136.07,0.029
m,4.430534307,135.439,0.0291
m,4.430534294,125.052,0.029
m,4.431523124,137.916,0.0288
m,4.433302581,138.343,0.0314
m,4.435324328,132.785,0.032
m,4.435744882,134.949,0.0323
m,4.435744796,126.267,0.0322
m,4.436999869,139.968,0.0327
m,4.44100786,130.012,0.0343
m,4.441537415,129.879,0.0345
m,4.441537415,133.006,0.0345
m,4.44199918,124.673,0.0344
m,4.420520707,116.696,0.0298
m,4.420612472,111.738,0.0296
m,4.420556147,119.239,0.0294
m,4.42079743,128.321,0.0295
m,4.420905368,123.444,0.0294
m,4.421784638,125.932,0.0294
m,4.421786202,119.793,0.0292
m,4.421638155,116.858,0.0292
m,4.421802963,127.562,0.0294
m,4.422115333,120.109,0.0294
m,4.424086339,114.99,0.003
m,4.424013438,120.95,0.0303
m,4.424019194,117.485,0.0301
m,4.423964838,110.025,0.03
m,4.425715932,115.253,0.0299
m,4.425982483,119.073,0.03
m,4.426254266,113.905,0.0301
m,4.426502863,113.212,0.0301
m,4.426502863,109.42,0.0301
m,4.428390081,118.296,0.0305
m,4.428661866,112.184,0.0305
m,4.429032116,121.092,0.0305
m,4.429421916,137.494,0.0304
m,4.429519292,130.289,0.0303
m,4.431578898,126.295,0.0295
m,4.431803869,137.339,0.0301
m,4.432213638,134.385,0.0302
m,4.433212074,132.082,0.031
m,4.437401947,138.171,0.0332
m,4.437710243,136.78,0.0338
m,4.438638777,127.385,0.0341
m,4.439669574,126.718,0.0341
m,4.440054445,133.295,0.034
m,4.442359925,123.999,0.0341
m,4.442558197,126.139,0.0341
m,4.443209571,123.494,0.0342
m,4.444547393,130.325,0.0343
m,4.445065033,124.169,0.0343
m,4.445737142,131.778,0.0344
m,4.446264952,128.167,0.0343
m,4.446797921,136.49,0.0342
m,4.447324935,132.781,0.034
m,4.447767327,127.722,0.034
m,4.452642065,129.65,0.034
m,4.454604951,123.175,0.0341
m,4.455149537,121.088,0.0339
m,4.455975884,128.517,0.0342
m,4.45695742,125.092,0.0345
m,4.462091414,120.429,0.0348
m,4.462574426,119.37,0.0348
m,4.463509154,122.638,0.0355
m,4.464299668,125.916,0.036
m,4.468978489,124.938,0.037
m,4.469782989,127.632,0.0371
m,4.470415786,122.214,0.0372
m,4.471228897,136.409,0.0374
m,4.471869596,117.077,0.0374
m,4.476261466,115.804,0.0373
m,4.477049999,118.919,0.0374
m,4.477991937,126.316,0.0374
m,4.478968382,126.799,0.0371
m,4.480525016,123.68,0.0367
m,4.487114978,115.798,0.0369
m,4.48796833,124.455,0.0369
m,4.489755885,117.123,0.0371
m,4.490658391,129.3,0.0372
m,4.495884853,122.408,0.0367
m,4.497812158,131.653,0.0366
m,4.498506869,128.37,0.0365
m,4.499286285,135.423,0.0363
m,4.500071315,134.212,0.0362
m,4.504967146,123.555,0.0356
m,4.505717979,124.001,0.0352
m,4.506474077,126.118,0.0352
m,4.508404628,120.681,0.035
m,4.508404061,124.209,0.0346
m,4.449266315,122.323,0.034
m,4.450046574,121.512,0.034
m,4.450982442,125.389,0.0342
m,4.452642065,124.733,0.034
m,4.457498671,121.44,0.0347
m,4.458194712,134.042,0.0346
m,4.459952788,124.134,0.0346
m,4.46079253,123.132,0.0347
m,4.46079253,128.849,0.0347
m,4.465150558,123.954,0.0362
m,4.466077147,121.426,0.0365
m,4.466737066,131.574,0.0366
m,4.467523717,127.998,0.0368
m,4.468448142,122.567,0.0369
m,4.472542994,124.949,0.0377
m,4.473901732,124.101,0.0378
m,4.473901524,131.293,0.0377
m,4.47527278,119.204,0.0374
m,4.481637254,121.93,0.0366
m,4.48355137,125.54,0.0366
m,4.484500918,119.5,0.0367
m,4.48530751,116.812,0.0368
m,4.48629835,117.169,0.0369
m,4.491303395,126.052,0.0371
m,4.492398247,128.14,0.0372
m,4.493203343,134.157,0.037
m,4.494162559,124.324,0.0369
m,4.495885038,128.653,0.0368
m,4.501657833,134.345,0.0361
m,4.502529646,136.145,0.036
m,4.503372239,128.309,0.0359
m,4.504184831,129.547,0.0357
m,4.509947755,122.797,0.0343
m,4.510873386,129.942,0.034
m,4.512097945,119.689,0.034
m,4.512738747,128.106,0.0337
m,4.51360634,137.766,0.0332
m,4.51554343,128.67,0.0329
m,4.516536319,133.244,0.0328
m,4.517572515,129.107,0.0326
m,4.518359105,124.428,0.0323
m,4.525919553,124.393,0.0314
m,4.526921619,118.444,0.0312
m,4.527968758,129.559,0.0313
m,4.529020592,119.917,0.0311
m,4.531683769,118.968,0.0313
m,4.537398073,125.326,0.0315
m,4.53863505,128.882,0.0317
m,4.539876737,119.603,0.0318
m,4.542416889,119.599,0.0318
m,4.543526998,116.63,0.0318
m,4.552905445,118.383,0.0333
m,4.552905555,117.186,0.0334
m,4.555307217,121.437,0.0335
m,4.556565628,122.987,0.0337
m,4.565327597,119.783,0.0349
m,4.566523184,125.963,0.035
m,4.567869458,123.061,0.0355
m,4.570429486,124.794,0.0356
m,4.571934777,120.914,0.0359
m,4.577883985,118.316,0.0364
m,4.580375028,120.812,0.0363
m,4.581627726,123.37,0.0363
m,4.582885321,122.118,0.0364
m,4.584147638,120.672,0.0365
m,4.592032328,121.431,0.0363
m,4.593279858,121.824,0.0363
m,4.594481225,121.666,0.0361
m,4.595687263,123.953,0.0363
m,4.605053081,122.921,0.0369
m,4.607428039,125.512,0.0371
m,4.60856943,121.417,0.0374
m,4.608569234,126.194,0.0373
m,4.611056831,128.742,0.0372
m,4.519444995,120.281,0.032
m,4.520791028,122.259,0.0319
m,4.52195629,125.142,0.0318
m,4.52327301,119.992,0.0317
m,4.524961766,120.575,0.0315
m,4.532750028,128.349,0.0313
m,4.533821223,127.127,0.0314
m,4.533821223,120.378,0.0314
m,4.536166028,120.344,0.0315
m,4.544934039,116.409,0.032
m,4.546156607,118.909,0.0321
m,4.547383925,124.781,0.0326
m,4.548907219,119.082,0.0329
m,4.551660278,117.972,0.033
m,4.557772346,120.133,0.0339
m,4.558838669,116.714,0.0341
m,4.561478099,119.012,0.0343
m,4.562850405,116.409,0.0344
m,4.564182213,120.09,0.0346
m,4.571935282,121.111,0.0362
m,4.574280439,120.618,0.0363
m,4.575509248,119.295,0.0363
m,4.576597936,119.028,0.0364
m,4.585220743,119.688,0.0364
m,4.586588434,119.121,0.0367
m,4.588802806,122.046,0.0366
m,4.589649571,121.415,0.0365
m,4.589649395,120.346,0.0364
m,4.59844253,121.087,0.0364
m,4.599753419,124.882,0.0365
m,4.601118662,118.971,0.0365
m,4.602394869,119.505,0.0366
m,4.60381958,120.526,0.0367
m,4.612351651,123.173,0.0372
m,4.613505625,118.729,0.0371
m,4.614715233,121.419,0.0368
m,4.615929203,124.257,0.0369
m,4.618724262,128.317,0.037
m,4.620359994,120.837,0.037
m,4.621857142,123.103,0.0369
m,4.623252118,121.37,0.0368
m,4.624651878,121.163,0.0368
m,4.634964313,118.695,0.0365
m,4.636313773,118.953,0.0363
m,4.63914739,120.6,0.0363
m,4.640542988,119.222,0.0364
m,4.650828477,119.671,0.0366
m,4.650828477,121.516,0.0366
m,4.653724977,129.194,0.0367
m,4.655338146,127.387,0.0368
m,4.656871888,127.755,0.0369
m,4.66614611,120.166,0.0377
m,4.667376703,117.329,0.0377
m,4.670341442,118.33,0.0383
m,4.671565798,117.799,0.0381
m,4.674929262,117.872,0.0384
m,4.686209084,119.648,0.0381
m,4.688265025,114.004,0.0382
m,4.690026433,120.879,0.038
m,4.6941996,128.172,0.038
m,4.706651776,115.541,0.0381
m,4.710746033,120.91,0.0383
m,4.710746247,116.646,0.0384
m,4.715007432,116.614,0.0386
m,4.71701314,115.408,0.0389
m,4.728197625,113.495,0.0412
m,4.729986385,115.934,0.0413
m,4.731779289,116.244,0.0415
m,4.733435951,115.843,0.0417
m,4.73516306,125.897,0.0419
m,4.748398177,113.86,0.0426
m,4.752890344,113.733,0.043
m,4.754867439,112.597,0.0433
m,4.757125125,115.045,0.0433
m,4.626056231,123.05,0.0368
m,4.628735272,124.672,0.0368
m,4.62873509,125.457,0.0367
m,4.631794901,120.642,0.0365
m,4.633421389,124.266,0.0366
m,4.641998688,115.887,0.0364
m,4.643402859,116.91,0.0365
m,4.644754818,119.459,0.0366
m,4.646309572,117.577,0.0364
m,4.649231529,121.487,0.0365
m,4.658469612,121.985,0.0371
m,4.66168276,121.622,0.0372
m,4.663298549,117.983,0.0373
m,4.664719636,124.399,0.0376
m,4.676171648,121.17,0.0383
m,4.677785125,117.545,0.0382
m,4.680868038,120.647,0.0382
m,4.680868038,115.709,0.0382
m,4.684522953,114.085,0.0382
m,4.696203025,120.466,0.038
m,4.698354636,138.106,0.0382
m,4.700497298,119.835,0.0381
m,4.702725504,119.018,0.0382
m,4.704614525,116.691,0.038
m,4.719166478,114.691,0.0396
m,4.721119541,116.129,0.04
m,4.724919887,112.523,0.0403
m,4.726627383,116.721,0.041
m,4.738629226,114.779,0.042
m,4.738629811,114.674,0.0422
m,4.742387176,119.272,0.0423
m,4.744342706,120.425,0.0424
m,4.746297961,112.728,0.0425
m,4.759389637,119.235,0.0436
m,4.761522423,112.683,0.0439
m,4.763316229,119.963,0.0448
m,4.765112535,115.201,0.0449
m,4.768506349,118.803,0.0449
m,4.768506349,112.228,0.0449
m,4.772609892,113.618,0.0449
m,4.774772803,114.783,0.0448
m,4.777010859,119.837,0.0447
m,4.779324673,122.313,0.0451
m,4.789777458,117.019,0.0451
m,4.793626096,125.847,0.045
m,4.795485308,119.96,0.0449
m,4.799775121,119.501,0.0448
m,4.799774776,118.689,0.0447
m,4.817438866,120.638,0.0438
m,4.81977731,116.497,0.0435
m,4.822121363,118.453,0.0433
m,4.824608008,122.557,0.043
m,4.840463673,121.236,0.042
m,4.842490556,126.197,0.0417
m,4.844583797,127.031,0.0415
m,4.848631248,120.828,0.0413
m,4.850584316,121.038,0.0411
m,4.864253503,118.397,0.0393
m,4.866479585,127.496,0.0388
m,4.868924561,123.611,0.0385
m,4.871357041,123.622,0.0384
m,4.873579726,120.399,0.0381
m,4.890506234,123.055,0.0372
m,4.892842361,127.445,0.0373
m,4.8973475,121.135,0.0374
m,4.899809076,121.198,0.0374
m,4.913042864,118.112,0.0382
m,4.917235286,114.946,0.0383
m,4.919160973,120.937,0.0383
m,4.921225302,118.577,0.0384
m,4.923292788,134.82,0.0385
m,4.936708163,126.937,0.0383
m,4.940784248,128.871,0.0381
m,4.942909359,126.886,0.038
m,4.945120414,126.585,0.038
m,4.945120215,135.769,0.0379
m,4.783477176,133.188,0.045
m,4.785665715,122.781,0.045
m,4.787649036,129.901,0.0448
m,4.789777106,124.643,0.045
m,4.804015723,115.407,0.0446
m,4.806113256,117.337,0.0445
m,4.808353598,114.888,0.0443
m,4.810809676,113.64,0.0441
m,4.815178521,117.474,0.044
m,4.826962551,116.989,0.0428
m,4.831539307,122.532,0.0426
m,4.833697359,122.368,0.0424
m,4.835998326,117.416,0.0424
m,4.838229018,116.888,0.0423
m,4.852616333,123.193,0.0408
m,4.854728251,125.662,0.0406
m,4.856919266,127.321,0.04
m,4.861818732,119.196,0.0396
m,4.875943236,114.031,0.038
m,4.87838823,126.624,0.0378
m,4.883311652,120.098,0.0377
m,4.885712075,117.429,0.0375
m,4.887981267,120.362,0.0373
m,4.901923882,122.126,0.0375
m,4.904449101,119.553,0.0377
m,4.906547422,118.581,0.0379
m,4.910911431,117.668,0.038
m,4.91304266,117.679,0.0381
m,4.927652853,120.238,0.0386
m,4.929945374,116.157,0.0385
m,4.932160296,138.909,0.0385
m,4.934405689,123.545,0.0384
m,4.949688781,127.128,0.0378
m,4.951963946,124.523,0.0378
m,4.954108427,136.487,0.0378
m,4.95617417,126.764,0.0379
m,4.960283694,127.359,0.0378
m,4.962409926,125.419,0.0376
m,4.964622843,125.23,0.0376
m,4.966922268,135.191,0.0375
m,4.969174872,127.989,0.0374
m,4.985871449,122.593,0.0376
m,4.990758477,122.967,0.0376
m,4.990758477,130.535,0.0376
m,4.99552678,129.132,0.0376
m,1.394513484,121.803,0.033
m,1.39872339,122.292,0.0338
m,1.398218212,130.088,0.034
m,1.396711124,126.763,0.0341
m,1.396711747,124.736,0.0343
m,1.393222888,131.707,0.0344
m,1.392813017,126.733,0.0349
m,1.39233739,119.591,0.0349
m,1.391414618,121.546,0.035
m,1.390494552,121.435,0.0351
m,1.382771365,120.707,0.0356
m,1.381191644,122.238,0.0358
m,1.377667366,126.448,0.0358
m,1.375591984,121.018,0.0358
m,1.373597955,124.213,0.0359
m,1.362623897,126.828,0.0363
m,1.361206239,113.891,0.0363
m,1.359566815,117.241,0.0365
m,1.357794057,117.408,0.0366
m,1.354027603,120.723,0.0367
m,1.341580995,139.453,0.0374
m,1.33999036,127.182,0.0375
m,1.338330515,135.059,0.0376
m,1.336844027,135.123,0.0376
m,1.326366676,138.967,0.039
m,1.324757622,122.632,0.0394
m,1.321110779,128.934,0.0395
m,1.321110779,127.324,0.0395
m,1.31816524,131.637,0.0396
m,4.97374251,130.815,0.0374
m,4.975923363,132.492,0.0375
m,4.978459224,132.652,0.0375
m,4.980865196,121.577,0.0375
m,4.983324434,131.782,0.0376
m,1.395388467,135.107,0.0331
m,1.396163763,140.576,0.0332
m,1.396838741,120.24,0.0333
m,1.397784311,124.24,0.0337
m,1.392721149,117.089,0.0345
m,1.392850357,121.724,0.0346
m,1.393017693,115.096,0.0346
m,1.393726014,117.231,0.0347
m,1.393288659,122.527,0.0348
m,1.389707467,125.571,0.0352
m,1.387673724,124.806,0.0353
m,1.387673724,114.077,0.0353
m,1.385259144,116.219,0.0355
m,1.384094562,123.997,0.0355
m,1.371616529,130.265,0.0359
m,1.369838385,123.156,0.0361
m,1.368046258,117.463,0.0362
m,1.36437974,118.796,0.0362
m,1.354028112,116.102,0.0368
m,1.350453518,123.705,0.0369
m,1.348634515,118.67,0.037
m,1.346755267,124.192,0.0372
m,1.34495299,126.886,0.0373
m,1.335139995,124.847,0.0383
m,1.331847998,123.172,0.0384
m,1.330496821,128.759,0.0385
m,1.328843143,128.96,0.0386
m,1.328843804,129.108,0.0387
m,1.315619419,116.156,0.0397
m,1.314042144,130.307,0.0399
m,1.312877752,124.627,0.0404
m,1.311267272,125.999,0.0404
m,1.307397084,122.662,0.0405
m,1.305545822,126.017,0.0406
m,1.303176887,123.052,0.0408
m,1.301202029,119.334,0.0412
m,1.299247556,111.603,0.0415
m,1.286192151,121.112,0.0415
m,1.286192151,115.367,0.0415
m,1.282241084,115.857,0.0415
m,1.280730143,116.429,0.0416
m,1.270749836,127.694,0.0409
m,1.269452424,106.091,0.041
m,1.26821517,119.947,0.0408
m,1.267419377,99.257,0.0408
m,1.258975986,96.684,0
m,1.284279028,99.482,0.0234
m,0.933052483,97.843,0.2068
m,1.122721159,107.335,0.2055
m,1.16368623,106.203,0.0977
m,1.176242758,104.02,0.1036
m,1.18387061,100.04,0.0955
m,1.200478605,103.965,0.0918
m,1.209827186,101.31,0.0897
m,1.210268375,105.342,0.0865
m,1.217196792,109.901,0.0733
m,1.221238014,107.181,0.071
m,1.222444349,105.85,0.0696
m,1.223450439,102.577,0.0648
m,1.235321052,104.639,0.0489
m,1.238245948,95.969,0.0468
m,1.239483731,102.431,0.0453
m,1.240736405,107.834,0.0439
m,1.241293065,106.747,0.0413
m,1.246025674,105.451,0.0351
m,1.246482553,101.4,0.0345
m,1.247065699,103.97,0.0335
m,1.247807732,101.992,0.0325
m,1.248380051,95.376,0.0306
m,1.295611158,116.167,0.0417
m,1.293867273,117.613,0.0418
m,1.292144967,116.731,0.042
m,1.291154311,108.739,0.0418
m,1.289919636,123.991,0.0416
m,1.27865913,117.802,0.0419
m,1.276929146,107.743,0.0416
m,1.275568427,108.966,0.0414
m,1.273308217,111.652,0.0412
m,1.271924317,113.171,0.041
m,1.266678135,104.759,0.0405
m,1.265936352,105.783,0.0402
m,1.264543475,113.464,0.0403
m,1.263750124,107.927,0.0401
m,1.263129283,117.422,0.0401
m,1.138983237,109.721,0.0606
m,1.165645272,100.988,0.0644
m,1.16562476,102.07,0.0637
m,1.169088948,106.44,0
m,1.212018758,98.377,0.0837
m,1.213891066,108.398,0.0811
m,1.215550486,105.023,0.0776
m,1.215350179,114.289,0.0766
m,1.217269771,109.451,0.0753
m,1.225141867,111.775,0.0625
m,1.22876381,112.299,0.0598
m,1.230507781,100.139,0.0572
m,1.232271196,108.248,0.0552
m,1.233998254,103.9,0.0508
m,1.242112936,100.975,0.0402
m,1.243446953,100.52,0.0392
m,1.244818006,99.713,0.0368
m,1.245471367,96.322,0.0359
m,1.248565464,95.389,0.0298
m,1.248996555,102.772,0.0292
m,1.248997131,102.495,0.0285
m,1.249997776,100.97,0.0281
m,1.250471228,99.486,0.0275
m,1.251245693,106.945,0.0271
m,1.251246903,107.62,0.0266
m,1.251870029,110.692,0.0265
m,1.25241941,96.505,0.0256
m,1.258155763,110.259,0.0224
m,1.259607138,104.064,0.0221
m,1.260206687,107.425,0.0218
m,1.260794592,104.225,0.0214
m,1.261522236,101.643,0.0211
m,1.269768032,105.505,0.025
m,1.272627194,109.4,0.0249
m,1.273647947,97.2,0.0251
m,1.273787382,100.56,0.0252
m,1.273928335,104.876,0.0251
m,1.285379459,98.527,0.0236
m,1.28537995,106.498,0.0235
m,1.285473946,101.43,0.0233
m,1.286561901,96.811,0.0229
m,1.291637965,113.829,0.0223
m,1.291632747,107.358,0.0223
m,1.291862689,102.86,0.0224
m,1.291944745,104.382,0.0225
m,1.29202772,107.005,0.0226
m,1.292756422,108.31,0.0238
m,1.293072562,104.154,0.024
m,1.293265407,108.578,0.0242
m,1.293617109,113.107,0.0245
m,1.293918965,107.994,0.0246
m,1.295261342,101.995,0.0249
m,1.29646939,104.253,0.0252
m,1.296562753,102.297,0.0253
m,1.296669194,114.471,0.0255
m,1.298691635,116.533,0.0263
m,1.298948115,111.089,0.0262
m,1.299506927,107.801,0.026
m,1.30101555,121.805,0.0258
m,1.301820872,134.218,0.0259
m,1.253889705,99.033,0.0251
m,1.253891293,106.274,0.0247
m,1.255728376,111.084,0.0242
m,1.256518702,98.253,0.0237
m,1.257328343,109.702,0.023
m,1.262039804,102.084,0.0206
m,1.263429921,110.292,0.0203
m,1.25375918,97.963,0.0268
m,1.26242094,111.957,0.026
m,1.274246698,103.994,0.0253
m,1.272581285,110.567,0.026
m,1.276166257,111.244,0.0257
m,1.282989191,110.484,0.0243
m,1.28449621,106.421,0.0239
m,1.28842399,102.441,0.0225
m,1.288818596,99.277,0.0224
m,1.290448106,112.632,0.0225
m,1.291362724,119.806,0.0224
m,1.291449959,101.284,0.0223
m,1.292026611,106.751,0.0228
m,1.292533942,106.272,0.0229
m,1.292607188,123.057,0.0235
m,1.292757376,102.011,0.0236
m,1.294159279,100.751,0.0247
m,1.294716575,100.264,0.0246
m,1.295428997,107.648,0.0245
m,1.295941105,105.176,0.0244
m,1.296119721,99.757,0.0245
m,1.296808325,104.163,0.0256
m,1.296902861,116.587,0.0257
m,1.297795738,106.545,0.0258
m,1.297795428,113.064,0.0259
m,1.298452035,106.367,0.0261
m,1.3023546,108.617,0.026
m,1.302813024,106.905,0.026
m,1.303284417,113.058,0.0262
m,1.304083,111.128,0.0264
m,1.304364431,107.194,0.0267
m,1.305425701,104.83,0.0273
m,1.30602213,111.573,0.0273
m,1.306631286,125.801,0.0271
m,1.307300232,117.842,0.0273
m,1.314533861,115.291,0.0266
m,1.315717307,117.491,0.027
m,1.316621693,112.144,0.0272
m,1.317350944,111.29,0.0272
m,1.322496517,120.027,0.0287
m,1.323253279,120.834,0.0289
m,1.323983779,108.974,0.0296
m,1.324912239,119.018,0.0301
m,1.326815681,115.26,0.0303
m,1.333286638,109.776,0.0323
m,1.334234256,106.136,0.0323
m,1.335313769,110.624,0.0323
m,1.335314351,99.757,0.0326
m,1.337433462,112.224,0.033
m,1.346724572,106.225,0.0329
m,1.34812805,112.055,0.0331
m,1.349224717,107.659,0.0335
m,1.351906476,104.836,0.0334
m,1.361524433,107.698,0.0337
m,1.363023719,109.261,0.0336
m,1.366271534,101.349,0.0337
m,1.367999978,111.806,0.0336
m,1.369863288,106.305,0.0338
m,1.37976179,101.699,0.0339
m,1.3797615,111.815,0.0338
m,1.383276889,100.373,0.0339
m,1.384987423,104.059,0.0338
m,1.386704176,108.037,0.0338
m,1.400216634,109.383,0.0331
m,1.401910117,104.156,0.033
m,1.40564428,99.053,0.033
m,1.407834273,111.034,0.0328
m,1.308034179,114.037,0.0273
m,1.309356722,125.146,0.0274
m,1.310287254,114.529,0.0274
m,1.311280816,112.184,0.0273
m,1.312145351,112.395,0.0271
m,1.318133969,112.851,0.0274
m,1.31965648,111.463,0.0277
m,1.320329718,115.293,0.0281
m,1.3211618,120.292,0.0283
m,1.321161685,112.461,0.0284
m,1.327756456,126.549,0.0306
m,1.328895292,112.417,0.0311
m,1.330082587,110.889,0.0314
m,1.331137081,109.789,0.0321
m,1.338708974,106.112,0.0332
m,1.341574689,117.86,0.0332
m,1.341574942,100.856,0.0333
m,1.344257745,108.044,0.0332
m,1.345484217,109.655,0.033
m,1.353300995,102.486,0.0333
m,1.354862121,99.764,0.0333
m,1.354862379,104.832,0.0334
m,1.35844541,103.59,0.0334
m,1.36004098,104.537,0.0334
m,1.371743142,100.468,0.0339
m,1.373381675,106.994,0.0341
m,1.375045346,115.039,0.034
m,1.377946876,101.986,0.0339
m,1.388453428,102.624,0.0337
m,1.392128557,106.753,0.0336
m,1.39419318,124.66,0.0334
m,1.396282415,106.797,0.0333
m,1.39838876,105.247,0.0332
m,1.407834067,107.023,0.0327
m,1.411959867,109.815,0.0326
m,1.414346816,109.176,0.0325
m,1.416448989,110.545,0.0325
m,1.418715433,102.508,0.0325
m,1.422987477,111.135,0.0324
m,1.424844953,111.871,0.0326
m,1.426858917,110.023,0.0323
m,1.42873853,106.394,0.0323
m,1.432235142,105.04,0.0323
m,1.442084451,101.269,0.0316
m,1.446501534,118.013,0.0315
m,1.448643811,107.776,0.0312
m,1.448643636,114.398,0.031
m,1.453101039,98.507,0.0306
m,1.46775926,108.486,0.029
m,1.470170895,112.165,0.0286
m,1.477174434,98.237,0.0281
m,1.479449884,105.173,0.0278
m,1.492885959,107.21,0.0265
m,1.497147278,119.93,0.0266
m,1.499337144,107.087,0.0264
m,1.50140636,112.33,0.0263
m,1.50361221,112.826,0.0264
m,1.514087851,104.156,0.0263
m,1.518582675,111.169,0.0261
m,1.520828972,108.856,0.026
m,1.523082492,107.615,0.0258
m,1.525193739,106.505,0.0258
m,1.541766072,98.729,0.0265
m,1.543791021,105.402,0.0267
m,1.545822821,104.151,0.0269
m,1.547831772,108.629,0.0272
m,1.562873728,102.472,0.0291
m,1.565214775,102.058,0.0296
m,1.567417142,94.622,0.0299
m,1.57265446,98.318,0.0301
m,1.575759559,99.459,0.0302
m,1.594451572,109.912,0.0312
m,1.59726807,119.381,0.0316
m,1.600202863,120.207,0.032
m,1.606215641,121.004,0.0322
m,1.609336693,99.356,0.0325
m,1.434146451,108.979,0.0321
m,1.436069229,109.96,0.032
m,1.43800977,101.269,0.032
m,1.43996242,111.365,0.0319
m,1.45511519,102.356,0.0303
m,1.457289059,105.469,0.03
m,1.459334443,104.976,0.0298
m,1.463432403,99.996,0.0296
m,1.465508964,99.053,0.0292
m,1.481734685,99.155,0.0275
m,1.481734685,94.735,0.0275
m,1.48619943,100.376,0.0273
m,1.488381142,94.751,0.0269
m,1.490554306,108.329,0.0267
m,1.507772773,116.264,0.0262
m,1.507772536,118.325,0.0263
m,1.511817869,117.314,0.0262
m,1.514087851,105.736,0.0263
m,1.529612027,98.189,0.0257
m,1.531744479,99.104,0.0257
m,1.533910368,100.9,0.0258
m,1.535908256,107.602,0.0259
m,1.539896592,106.516,0.0262
m,1.549728127,101.585,0.0278
m,1.554405555,101.9,0.0281
m,1.556682364,106.535,0.0284
m,1.556682196,94.243,0.0286
m,1.560573426,104.459,0.0289
m,1.579058964,103.895,0.0304
m,1.582223812,110.621,0.0308
m,1.588370724,109.494,0.0309
m,1.591351131,100.604,0.0311
m,1.612616164,106.336,0.0326
m,1.616095177,101.677,0.0329
m,1.619544873,106.514,0.0328
m,1.623048365,105.078,0.0329
m,1.626752838,107.599,0.033
m,1.630324387,86.654,0.033
m,1.637172492,95.015,0.0332
m,1.64059359,109.523,0.0332
m,1.643836792,105.026,0.0333
m,1.66820815,108.457,0.0335
m,1.671154901,124.069,0.0336
m,1.674252996,110.371,0.0335
m,1.677262895,100.71,0.0336
m,1.68408367,108.073,0.0337
m,1.699916246,97.382,0.0339
m,1.703237688,122.054,0.0342
m,1.709958319,115.739,0.0342
m,1.709958849,117.857,0.0344
m,1.716374333,106.101,0.0344
m,1.737398592,116.024,0.0351
m,1.740103648,121.811,0.0356
m,1.745611692,118.389,0.0356
m,1.748187138,109.601,0.0354
m,1.768110151,119.069,0.0354
m,1.770869995,134.494,0.0353
m,1.773432908,125.817,0.0353
m,1.77591914,122.194,0.0353
m,1.778553036,116.014,0.0355
m,1.794601299,124.124,0.0354
m,1.800846759,113.395,0.0354
m,1.80392933,109.489,0.035
m,1.807082248,117.144,0.0349
m,1.810446658,107.661,0.0349
m,1.835002747,110.84,0.0346
m,1.83849462,114.762,0.0344
m,1.84192512,110.069,0.0342
m,1.845360661,118.231,0.034
m,1.870730902,109.288,0.0334
m,1.87372086,108.754,0.0335
m,1.87664549,136.715,0.0335
m,1.879574126,123.105,0.0334
m,1.885027717,120.691,0.0332
m,1.647091492,106.535,0.0334
m,1.653205817,106.776,0.0336
m,1.656353089,106.298,0.0335
m,1.659607622,104.209,0.0336
m,1.665675808,115.623,0
m,1.68736301,99.702,0.0338
m,1.690405005,96.724,0.0338
m,1.693649985,97.395,0.0338
m,1.696707489,94.057,0.0339
m,1.71968423,105.199,0.0344
m,1.722660296,109.618,0.0344
m,1.725643904,107.827,0.0345
m,1.731521772,114.822,0.0349
m,1.734500669,106.537,0.0349
m,1.750969077,110.896,0.0354
m,1.753841354,121.123,0.0355
m,1.756634414,119.362,0.0355
m,1.762320412,118.683,0.0354
m,1.765295882,127.109,0.0355
m,1.781130494,127.349,0.0356
m,1.78623615,118.119,0.0355
m,1.788967858,113.14,0.0355
m,1.791579012,125.349,0.0354
m,1.813882215,109.275,0.0349
m,1.817324901,115.649,0.0348
m,1.82063499,112.547,0.0349
m,1.827903664,112.698,0.0347
m,1.827903664,112.113,0.0347
m,1.851904197,110.873,0.0339
m,1.855078573,111.446,0.0339
m,1.858188412,111.179,0.0338
m,1.861370127,115.442,0.0336
m,1.867606847,107.598,0.0335
m,1.887691814,126.044,0.0331
m,1.890637708,122.877,0.0331
m,1.893587541,110.524,0.033
m,1.896823103,117.217,0.0328
m,1.900063946,118.869,0.0328
m,1.903382132,127.572,0.0329
m,1.90677134,118.486,0.033
m,1.91357223,120.056,0.0333
m,1.916984637,114.368,0.0332
m,1.940682959,115.114,0.0342
m,1.940683193,115.467,0.0343
m,1.947007731,117.369,0.0344
m,1.950533743,119.379,0.0345
m,1.974416051,119.155,0.0348
m,1.977765306,114.442,0.0349
m,1.980962036,113.574,0.0349
m,1.987308587,111.356,0.0349
m,1.990380015,115.181,0.0349
m,2.005193649,117.68,0.0351
m,2.008984356,116.276,0.035
m,2.010465537,108.634,0.0351
m,2.011866961,116.067,0.0352
m,2.01267598,120.331,0.0353
s,2.013109071,122.106,0.0358
s,2.013109071,122.091,0.0358
s,2.013109377,121.695,0.0359
s,2.013109688,122.075,0.036
s,2.012760735,121.763,0.0366
s,2.012761081,121.99,0.0367
s,2.012896538,121.827,0.0368
s,2.012896538,121.999,0.0368
s,2.012896894,121.572,0.0369
s,2.01297871,121.493,0.0372
s,2.01297871,121.564,0.0372
s,2.012979086,121.611,0.0373
s,2.013060198,122.005,0.0374
s,2.013060198,121.527,0.0374
s,2.012953516,121.653,0.0379
s,2.012953516,121.441,0.0379
s,2.013034711,121.555,0.038
s,2.012899637,121.385,0.038
m,1.920605251,119.56,0.0334
m,1.9240934,128.581,0.0337
m,1.927448941,117.776,0.0339
m,1.934025352,116.044,0.0339
m,1.937458248,119.016,0.0341
m,1.957403639,117.016,0.0347
m,1.957403897,120.034,0.0348
m,1.964140223,122.721,0.0348
m,1.96753606,120.86,0.0349
m,1.971012995,116.32,0.0349
m,1.990380279,112.825,0.035
m,1.996342205,114.228,0.0351
m,1.999289047,114.585,0.0351
m,2.005193649,106.459,0.0351
m,2.013242717,121.977,0.0353
m,2.013323722,121.592,0.0354
s,2.013324008,121.531,0.0355
s,2.013243577,121.774,0.0356
s,2.013243873,121.718,0.0357
s,2.013029292,122.088,0.0361
s,2.013029613,123.691,0.0362
s,2.013029939,120.915,0.0363
s,2.01303027,120.993,0.0364
s,2.012895499,121.88,0.0365
s,2.012897255,121.628,0.037
s,2.012897621,121.669,0.0371
s,2.012762516,121.821,0.0371
s,2.012978339,121.484,0.0371
s,2.01292549,121.68,0.0375
s,2.013141718,121.7,0.0376
s,2.013141718,121.716,0.0376
s,2.013007025,121.611,0.0377
s,2.013007426,121.871,0.0378
s,2.012900053,121.676,0.0381
s,2.012845788,121.336,0.0381
s,2.012846634,121.452,0.0383
s,2.012846634,121.5,0.0383
s,2.012792395,121.531,0.0383
s,2.01265777,121.606,0.0384
s,2.012738616,121.39,0.0384
s,2.012738616,121.259,0.0384
s,2.012684432,121.152,0.0384
s,2.012630276,121.23,0.0384
s,2.012792963,121.376,0.0386
s,2.012792963,121.201,0.0386
s,2.012793409,121.205,0.0387
s,2.012739316,121.517,0.0387
s,2.012739316,121.359,0.0387
s,2.012361666,121.674,0.0388
s,2.01222667,121.699,0.0388
s,2.012091675,121.674,0.0388
s,2.011956232,121.669,0.0387
s,2.011579274,121.232,0.0389
s,2.011390408,121.276,0.0389
s,2.011390869,121.172,0.039
s,2.011390869,121.547,0.039
s,2.011255909,121.38,0.039
s,2.011149622,121.366,0.0393
s,2.011149622,121.263,0.0393
s,2.011150103,121.716,0.0394
s,2.011150103,121.538,0.0394
s,2.011150588,121.471,0.0395
s,2.010962832,121.678,0.0397
s,2.010827899,121.656,0.0397
s,2.0108284,121.429,0.0398
s,2.0108284,121.631,0.0398
s,2.010964349,121.614,0.04
s,2.010829416,121.902,0.04
s,2.010964864,121.596,0.0401
s,2.010883724,121.593,0.0401
s,2.010883724,121.268,0.0401
s,2.010749307,121.132,0.0402
s,2.010749307,121.386,0.0402
s,2.010749307,121.33,0.0402
s,2.010533233,121.4,0.0402
s,2.010533233,121.31,0.0402
s,2.012630712,121.208,0.0385
s,2.012576581,120.976,0.0385
s,2.012576581,121.359,0.0385
s,2.012857044,121.254,0
s,2.012604301,121.491,0.0387
s,2.012604301,121.274,0.0387
s,2.012469739,121.351,0.0388
s,2.012550243,121.5,0.0387
s,2.012415688,121.596,0.0388
s,2.011767729,121.48,0.0388
s,2.011767729,121.465,0.0388
s,2.01171379,121.482,0.0388
s,2.01171379,121.213,0.0388
s,2.011579274,121.505,0.0389
s,2.011337464,121.611,0.0391
s,2.011337934,121.567,0.0392
s,2.011202982,121.393,0.0392
s,2.011068034,121.346,0.0392
s,2.011231715,121.335,0.0395
s,2.011232206,121.494,0.0396
s,2.011097269,121.754,0.0396
s,2.011097269,121.752,0.0396
s,2.010962832,121.631,0.0397
s,2.0108284,121.535,0.0398
s,2.010828905,121.703,0.0399
s,2.010828905,121.746,0.0399
s,2.010829416,121.728,0.04
s,2.010964349,121.703,0.04
s,2.010883724,121.369,0.0401
s,2.010884245,121.562,0.0402
s,2.010749307,121.304,0.0402
s,2.010749307,121.295,0.0402
s,2.010533233,121.818,0.0402
s,2.010533233,121.517,0.0402
s,2.010533233,121.449,0.0402
s,2.010668176,121.476,0.0402
s,2.01080312,121.538,0.0402
s,2.01080312,121.607,0.0402
s,2.01080312,121.453,0.0402
s,2.010884245,121.526,0.0402
s,2.010884245,121.511,0.0402
s,2.010992262,121.382,0.0401
s,2.010992262,121.323,0.0401
s,2.011073449,121.429,0.0401
s,2.010938537,121.211,0.0401
s,2.01101974,121.4,0.0401
s,2.011046778,121.917,0.04
s,2.011046778,121.281,0.04
s,2.011046778,120.218,0.04
s,2.011128548,121.844,0.0401
s,2.011128548,120.845,0.0401
s,2.010859294,120.928,0.0402
s,2.01099366,120.726,0.0401
s,2.01099418,121.32,0.0402
s,2.010859294,121.574,0.0402
s,2.010806217,122.102,0.0403
s,2.010671341,122.02,0.0403
s,2.010671341,121.365,0.0403
s,2.010671341,121.664,0.0403
s,2.010671341,121.732,0.0403
s,2.011239632,121.73,0.0405
s,2.011644253,121.783,0.0405
s,2.011509915,122.022,0.0406
s,2.011509915,122.042,0.0406
s,2.011698389,121.848,0.0406
m,2.01107868,132.215,0.0408
m,2.011079235,117.84,0.0409
m,2.012241423,116.459,0.0409
m,2.012755178,111.436,0.0409
m,2.024544979,111.309,0.041
m,2.02625645,117.134,0.041
m,2.027752093,117.902,0.041
m,2.029600454,112.437,0.0411
m,2.032111038,121.116,0.0412
s,2.010884245,121.596,0.0402
s,2.010884245,121.526,0.0402
s,2.010830452,121.469,0.0402
s,2.011046017,121.263,0.0401
s,2.010911089,121.618,0.0401
s,2.01101974,121.366,0.0401
s,2.011100442,121.274,0.04
s,2.011181678,121.335,0.04
s,2.011046778,121.677,0.04
s,2.01099366,126.721,0.0401
s,2.01099366,122.183,0.0401
s,2.01099366,120.453,0.0401
s,2.01099418,121.074,0.0402
s,2.01099418,120.459,0.0402
s,2.010859294,121.903,0.0402
s,2.010805692,122.069,0.0402
s,2.010805692,122.098,0.0402
s,2.010805692,122.134,0.0402
s,2.010805692,121.88,0.0402
s,2.010941097,121.821,0.0403
s,2.010888045,121.635,0.0404
s,2.010834492,121.545,0.0404
s,2.011239632,121.749,0.0405
s,2.01142917,121.783,0.0407
s,2.010754796,121.689,0.0407
m,2.010754796,121.853,0.0407
m,2.01107868,121.88,0.0408
m,2.01107868,121.58,0.0408
m,2.014459782,109.127,0.0409
m,2.016002233,124.358,0.0409
m,2.019767218,119.53,0.0409
m,2.02134162,110.871,0.041
m,2.023103675,138.049,0.041
m,2.032112183,110.057,0.0414
m,2.035712734,107.606,0.0416
m,2.037597393,111.332,0.0416
m,2.039885237,109.154,0.0415
m,2.042040798,105.363,0.0415
m,2.044281142,102.736,0.0415
m,2.046522455,106.138,0.0414
m,2.050540745,104.821,0.0413
m,2.052351103,105.091,0.0413
m,2.06930209,121.897,0.0412
m,2.071777853,115.399,0.0411
m,2.074340586,123.528,0.041
m,2.076819256,121.401,0.0408
m,2.09886913,117.593,0.0399
m,2.102195079,108.825,0.0399
m,2.105081273,118.725,0.04
m,2.108765909,120.675,0.0401
m,2.133496442,116.258,0.0405
m,2.137071515,118.735,0.0402
m,2.143526717,108.261,0.0398
m,2.143526717,115.243,0.0398
m,2.149863238,110.921,0.0397
m,2.169899565,106.482,0.0398
m,2.173677194,105.16,0.0398
m,2.17766828,106.085,0.04
m,2.180836088,101.372,0.0401
m,2.184135429,100.655,0.0399
m,2.206847276,103.672,0.0395
m,2.209775968,106.218,0.0395
m,2.215808155,107.981,0.0396
m,2.21913344,106.364,0.0396
m,2.241634343,112.464,0.0399
m,2.241634804,110.998,0.04
m,2.247647812,104.986,0.0397
m,2.250803934,115.46,0.0397
m,2.254340437,114.847,0.0397
m,2.275387234,115.979,0.0397
m,2.278845675,130.145,0.0395
m,2.28240291,126.474,0.0394
m,2.289139896,119.424,0.0394
m,2.292638869,116.185,0.0393
m,2.052351103,126.343,0.0413
m,2.05667867,111.282,0.0413
m,2.05906235,127.919,0.0413
m,2.061447426,112.041,0.0413
m,2.064136225,115.674,0.0412
m,2.079300116,117.96,0.0407
m,2.082353284,114.492,0.0406
m,2.085360738,114.34,0.0404
m,2.08850291,119.307,0.0401
m,2.091602214,115.616,0.0401
m,2.112408459,119.62,0.0402
m,2.119702199,116.857,0.0401
m,2.123486921,118.506,0.0402
m,2.126483439,111.251,0.0404
m,2.130054136,125.051,0.0404
m,2.15323253,111.658,0.0396
m,2.156473211,110.234,0.0395
m,2.159979854,114.657,0.0396
m,2.166386,112.74,0.0398
m,2.187398754,98.448,0.0399
m,2.194155073,99.84,0.0398
m,2.194153702,104.717,0.0395
m,2.200606886,103.431,0.0395
m,2.203790546,106.844,0.0394
m,2.222201844,104.294,0.0397
m,2.225531843,109.462,0.0398
m,2.228827478,106.577,0.0398
m,2.232161325,111.968,0.0398
m,2.238612168,108.527,0.0399
m,2.257751092,134.785,0.0398
m,2.264641207,121.486,0.0397
m,2.268188727,115.156,0.0397
m,2.271706357,118.656,0.0398
m,2.295883942,116.165,0.0393
m,2.29910037,132.199,0.0394
m,2.302574981,116.115,0.0395
m,2.310722573,121.951,0.0396
m,2.310722142,119.165,0.0395
m,2.318460275,119.143,0.0395
m,2.322142328,120.982,0.0396
m,2.32582753,115.305,0.0398
m,2.329544498,117.083,0.04
m,2.360119782,130.108,0.0399
m,2.363829441,126.468,0.0398
m,2.367668995,129.222,0.0399
m,2.371284145,120.967,0.0399
m,2.374901112,116.389,0.0398
m,2.397809361,129.21,0.0394
m,2.401568016,131.592,0.0394
m,2.405328268,128.942,0.0393
m,2.412150279,123.511,0.0393
m,2.415462128,120.332,0.0392
m,2.44397557,132.447,0.0392
m,2.44397557,136.978,0.0392
m,2.451606456,130.786,0.039
m,2.455538557,140.571,0.0391
m,2.483700496,133.733,0.0389
m,2.487539723,123.483,0.0389
m,2.491027601,129.301,0.0389
m,2.493955701,115.244,0.0389
m,2.516806052,109.182,0.0385
m,2.524383325,118.965,0.0387
m,2.528007008,122.17,0.0389
m,2.531525259,110.96,0.0388
m,2.535608069,113.355,0.0389
m,2.560373393,112.048,0.0392
m,2.565044803,112.115,0.0392
m,2.569594717,121.635,0.0393
m,2.578238969,122.727,0.0393
m,2.578238969,115.948,0.0393
m,2.611419548,112.444,0.0384
m,2.615400387,123.053,0.0383
m,2.619167224,115.736,0.0381
m,2.626323205,120.074,0.0381
m,2.33775831,126.063,0.0399
m,2.34180535,123.668,0.0398
m,2.345502713,121.365,0.0398
m,2.34932957,129.468,0.0398
m,2.352806567,125.097,0.0399
m,2.378519881,117.899,0.0396
m,2.386118485,127.007,0.0396
m,2.386118485,122.62,0.0396
m,2.394053133,128.047,0.0395
m,2.41900335,122.661,0.0392
m,2.422875354,124.028,0.0391
m,2.427228221,126.548,0.0392
m,2.431684672,128.26,0.0391
m,2.435939313,122.282,0.0392
m,2.459698716,118.845,0.0389
m,2.463612277,126.782,0.039
m,2.471796287,124.653,0.039
m,2.475859711,117.139,0.039
m,2.479779068,120.707,0.0389
m,2.499585004,117.505,0.0387
m,2.499585004,117.475,0.0387
m,2.505531938,125.313,0.0388
m,2.509253832,127.857,0.0387
m,2.513081694,109.032,0.0386
m,2.539814673,124.522,0.0388
m,2.543918198,113.571,0.0391
m,2.551632791,114.651,0.0392
m,2.555949521,113.647,0.0392
m,2.586412507,115.456,0.0392
m,2.590722314,115.325,0.0391
m,2.595156251,117.236,0.039
m,2.599238703,113.041,0.0387
m,2.607546968,118.1,0.0385
m,2.629863105,126.003,0.038
m,2.633389638,117.325,0.038
m,2.6369168,117.984,0.0379
m,2.640566609,116.387,0.0377
m,2.647868787,114.769,0.0373
m,2.651534564,116.016,0.037
m,2.655093285,117.827,0.0369
m,2.658638956,117.263,0.0368
m,2.661954894,117.763,0.0366
m,2.665271713,124.182,0.0365
m,2.684322726,127.231,0.036
m,2.687280179,113.046,0.036
m,2.690468428,121.248,0.0358
m,2.696641912,117.467,0.0357
m,2.700086935,112.222,0.0355
m,2.729502484,111.631,0.0352
m,2.732952651,116.383,0.0352
m,2.736644926,115.957,0.0352
m,2.740326155,113.461,0.0349
m,2.764926533,123.435,0.0337
m,2.771817414,114.094,0.0335
m,2.775263586,118.394,0.0332
m,2.775263319,116.974,0.033
m,2.782047282,116.741,0.0327
m,2.806029083,112.087,0.0315
m,2.810526502,109.499,0.0313
m,2.815024723,123.338,0.0311
m,2.819403664,120.783,0.0305
m,2.828499755,118.284,0.0303
m,2.854537326,119.697,0.0288
m,2.858805846,114.092,0.0286
m,2.858805941,114.215,0.0283
m,2.867822978,127.101,0.028
m,2.872451891,123.298,0.0278
m,2.901351629,124.72,0.0263
m,2.90527287,118.889,0.0261
m,2.913119074,112.244,0.0257
m,2.917162586,109.643,0.0256
m,2.938075765,125.212,0.025
m,2.94498715,116.669,0.0252
m,2.948446238,110.154,0.0251
m,2.951907399,113.699,0.025
m,2.955485641,112.681,0.0246
m,2.671772501,114.995,0.0363
m,2.671771995,118.831,0.0361
m,2.678167327,118.95,0.036
m,2.681135812,112.131,0.036
m,2.707451559,112.924,0.0352
m,2.71135964,110.632,0.0352
m,2.714927943,115.423,0.0351
m,2.718485456,111.903,0.0351
m,2.722164783,113.34,0.0352
m,2.743898249,119.416,0.0348
m,2.751033166,122.758,0.0346
m,2.754475562,115.415,0.0345
m,2.758149585,116.317,0.0344
m,2.761482604,124.548,0.0341
m,2.785615703,109.606,0.0324
m,2.793448199,112.208,0.032
m,2.793448107,114.105,0.0319
m,2.801874854,121.454,0.0316
m,2.832873848,118.9,0.03
m,2.837361003,118.917,0.0297
m,2.841976741,121.818,0.0294
m,2.850269758,116.893,0.0291
m,2.876849643,119.631,0.0276
m,2.880890727,120.475,0.0271
m,2.889219293,124.896,0.0269
m,2.893262638,119.264,0.0266
m,2.897074797,119.667,0.0264
m,2.920975305,118.551,0.0253
m,2.925020994,113.031,0.0252
m,2.928835542,114.92,0.0251
m,2.931959039,112.355,0.025
m,2.934846116,114.054,0.025
m,2.96312519,110.564,0.0246
m,2.967062417,115.504,0.0245
m,2.971004337,121.142,0.0243
m,2.974947721,120.475,0.0241
m,2.979242916,111.636,0.0239
m,2.983772319,113.335,0.0237
m,2.988188185,119.044,0.0233
m,2.997722796,113.767,0.0232
m,2.997723209,120.413,0.023
m,3.033461708,123.641,0.0215
m,3.036724796,127.799,0.0214
m,3.039988904,124.632,0.0213
m,3.043487228,119.799,0.021
m,3.058189841,120.3,0.0206
m,3.059241458,132.169,0.0204
m,3.059358145,126.43,0.0205
m,3.059125627,121.627,0.0206
s,3.059125403,121.606,0.0209
s,3.059126889,121.135,0.0216
s,3.059243958,121.073,0.0216
s,3.059243958,121.232,0.0216
s,3.059244691,121.146,0.0216
s,3.059245442,121.153,0.0216
s,3.059247308,121.04,0.0218
s,3.059364439,121.009,0.0218
s,3.059364439,121.031,0.0218
s,3.059248128,121.117,0.0218
s,3.059364934,120.834,0.0216
s,3.059366022,120.807,0.0215
s,3.059249721,120.645,0.0215
s,3.059249721,120.56,0.0215
s,3.059249721,120.538,0.0215
s,3.059599946,120.39,0.021
s,3.059483638,120.43,0.021
s,3.059484755,120.571,0.0209
s,3.059251302,120.547,0.0209
s,3.059368733,120.578,0.0208
s,3.059020416,120.553,0.0206
s,3.058904131,120.589,0.0206
s,3.058904415,120.641,0.0205
s,3.058904415,120.46,0.0205
m,3.007492872,118.413,0.0228
m,3.012613864,119.611,0.0226
m,3.017271767,120.812,0.0222
m,3.021696177,125.768,0.022
m,3.029732517,122.51,0.0218
m,3.046752378,120.359,0.0208
m,3.052000694,128.345,0.0208
m,3.053635189,123.792,0.0207
m,3.053635471,118.667,0.0206
m,3.056905531,125.279,0.0206
s,3.059126028,121.684,0.0209
s,3.059126402,121.417,0.021
s,3.059126533,121.215,0.0212
s,3.059243061,121.214,0.0214
s,3.059245193,121.049,0.0217
s,3.059245959,121.124,0.0217
s,3.059246503,120.961,0.0218
s,3.059246748,121.151,0.0217
s,3.059363625,121.037,0.0218
s,3.059248974,121.173,0.0218
s,3.059248974,121.086,0.0218
s,3.059365276,120.921,0.0218
s,3.059482076,120.908,0.0216
s,3.059364934,120.937,0.0216
s,3.059366537,120.596,0.0213
s,3.059366799,120.519,0.0212
s,3.05971682,120.479,0.0211
s,3.059599678,120.56,0.0211
s,3.059368733,120.625,0.0208
s,3.059368733,120.576,0.0208
s,3.059252716,120.774,0.0207
s,3.059136424,120.68,0.0207
s,3.059020134,120.636,0.0207
s,3.058788131,120.588,0.0205
s,3.058671852,120.523,0.0205
s,3.05867214,120.518,0.0204
s,3.058555862,120.48,0.0204
s,3.058439588,120.463,0.0204
s,3.058439588,120.489,0.0204
s,3.058323608,120.53,0.0203
s,3.058323608,120.472,0.0203
s,3.058207048,120.617,0.0204
s,3.058207048,120.406,0.0204
s,3.057974812,120.635,0.0203
s,3.057974812,120.574,0.0203
s,3.057974812,120.485,0.0203
s,3.057858554,120.692,0.0203
s,3.057742295,120.611,0.0203
s,3.057043817,120.485,0.0203
s,3.056927575,120.469,0.0203
s,3.056927575,120.53,0.0203
s,3.056811333,120.463,0.0203
s,3.05623047,120.456,0.0202
s,3.056114247,120.566,0.0202
s,3.056114247,120.566,0.0202
s,3.055764532,120.489,0.0202
s,3.055765597,120.525,0.0202
s,3.055415588,120.61,0.0203
s,3.055299676,120.554,0.0202
s,3.055065882,120.656,0.0203
s,3.055065882,120.619,0.0203
s,3.055065882,120.586,0.0203
s,3.054716173,120.518,0.0203
s,3.054716173,120.621,0.0203
s,3.054716173,120.572,0.0203
s,3.054599965,120.462,0.0203
s,3.05436509,120.725,0.0204
s,3.05436509,120.692,0.0204
s,3.05436509,120.735,0.0204
s,3.054247811,120.707,0.0204
s,3.054131594,120.561,0.0204
s,3.05401327,120.498,0.0204
s,3.05401327,120.493,0.0204
s,3.05401327,120.544,0.0204
s,3.053897044,120.645,0.0204
s,3.053896009,120.483,0.0204
s,3.058207048,120.53,0.0204
s,3.058207048,120.454,0.0204
s,3.05820734,120.452,0.0203
s,3.058091073,120.494,0.0203
s,3.057626044,120.651,0.0203
s,3.057509793,120.699,0.0203
s,3.057393545,120.568,0.0203
s,3.057160065,120.669,0.0203
s,3.057160065,120.438,0.0203
s,3.056578861,120.527,0.0203
s,3.056579156,120.474,0.0202
s,3.056346695,120.46,0.0202
s,3.05623047,120.525,0.0202
s,3.05623047,120.599,0.0202
s,3.055532098,120.494,0.0202
s,3.055532098,120.557,0.0202
s,3.055532098,120.636,0.0202
s,3.055415588,120.716,0.0203
s,3.055065882,120.752,0.0203
s,3.055065882,120.708,0.0203
s,3.054948595,120.676,0.0203
s,3.054832382,120.557,0.0203
s,3.054716173,120.617,0.0203
s,3.054715881,120.712,0.0204
s,3.054715881,120.862,0.0204
s,3.05459859,120.898,0.0204
s,3.05459859,120.66,0.0204
s,3.05436509,120.806,0.0204
s,3.054014314,120.681,0.0204
s,3.054130535,120.595,0.0204
s,3.054130535,120.615,0.0204
s,3.054131723,120.654,0.02
s,3.053896009,120.47,0.0204
s,3.053896009,120.517,0.0204
s,3.05389572,120.529,0.0205
s,3.053896009,120.449,0.0204
s,3.053896009,120.616,0.0204
s,3.054012243,120.547,0.0204
s,3.054012243,120.498,0.0204
s,3.054012243,120.656,0.0204
s,3.054012243,120.501,0.0204
s,3.05366122,120.659,0.0205
s,3.05366122,120.58,0.0205
s,3.05354498,120.495,0.0205
s,3.05366122,120.564,0.0205
s,3.053543979,120.447,0.0205
s,3.053427449,120.497,0.0206
s,3.053426462,120.497,0.0206
s,3.053426462,120.607,0.0206
s,3.053310213,120.551,0.0206
s,3.053426462,120.531,0.0206
s,3.053075474,120.629,0.0207
s,3.053191731,120.542,0.0207
s,3.053191731,120.627,0.0207
s,3.053191731,120.667,0.0207
s,3.05307452,120.429,0.0207
s,3.053074241,120.462,0.0208
s,3.053074241,120.406,0.0208
s,3.052957978,120.411,0.0208
s,3.053073965,120.382,0.0209
s,3.052841444,120.782,0.0209
s,3.052841444,120.582,0.0209
s,3.052841172,120.655,0.021
s,3.052724915,120.591,0.021
s,3.052724915,120.733,0.021
m,3.052725623,117.726,0.0211
m,3.052725623,117.637,0.0211
m,3.052842861,116.714,0.0211
m,3.053193593,124.915,0.0211
m,3.068381998,112.371,0.0213
m,3.071537425,123.4,0.0213
m,3.074810765,125.914,0.0213
m,3.078084537,120.864,0.0213
m,3.084399704,122.992,0.0213
s,3.053894707,120.717,0.0205
s,3.053894995,120.663,0.0204
s,3.053894707,120.641,0.0205
s,3.053894707,120.681,0.0205
s,3.053778468,120.582,0.0205
s,3.053543979,120.358,0.0205
s,3.053543979,120.458,0.0205
s,3.053543979,120.641,0.0205
s,3.053310499,120.584,0.0205
s,3.053426462,120.494,0.0206
s,3.05319298,120.584,0.0206
s,3.05319298,120.556,0.0206
s,3.05319298,120.497,0.0206
s,3.053192697,120.542,0.0207
s,3.053075474,120.681,0.0207
s,3.053075474,120.62,0.0207
s,3.053191731,120.565,0.0207
s,3.053191731,120.431,0.0207
s,3.053202784,120.357,0
s,3.053073965,120.558,0.0209
s,3.053073965,120.831,0.0209
s,3.052957702,120.899,0.0209
s,3.052957702,120.833,0.0209
s,3.052608663,120.591,0.021
s,3.052608663,120.74,0.021
m,3.052608663,120.814,0.021
m,3.052725892,120.535,0.021
m,3.052609378,120.566,0.0211
m,3.05342708,127.112,0.0211
m,3.054478302,120.624,0.0211
m,3.060202937,139.469,0.0212
m,3.062305936,138.747,0.0212
m,3.065344606,125.066,0.0212
m,3.084399963,133.62,0.0212
m,3.091068049,127.761,0.0213
m,3.09434424,117.823,0.0212
m,3.097738561,124.925,0.0212
m,3.101248875,112.855,0.0213
m,3.108271378,110.995,0.0213
m,3.11166487,108.868,0.0214
m,3.115058964,111.63,0.0214
m,3.122428858,132.128,0.0213
m,3.145489384,117.596,0.0214
m,3.153803093,130.058,0.0214
m,3.158024988,124.968,0.0215
m,3.158024988,116.724,0.0215
m,3.190896388,127.618,0.0217
m,3.19477626,123.694,0.0217
m,3.198656678,119.361,0.0218
m,3.202417895,123.42,0.0221
m,3.210053211,118.541,0.0221
m,3.228752162,117.459,0.0222
m,3.232861755,125.266,0.0223
m,3.236737566,123.588,0.0223
m,3.244273211,125.198,0.0224
m,3.248156096,122.347,0.0225
m,3.27572722,141.991,0.0228
m,3.275726651,126.677,0.0231
m,3.283153846,133.135,0.0232
m,3.286928576,126.409,0.0233
m,3.312558222,120.49,0.024
m,3.321065039,120.418,0.0242
m,3.325315557,127.729,0.0243
m,3.329218406,125.108,0.0245
m,3.333121831,120.08,0.0248
m,3.356974746,118.233,0.0258
m,3.360760436,114.946,0.0262
m,3.368550851,121.865,0.0264
m,3.372216144,115.804,0.0266
m,3.372216001,115.544,0.0268
m,3.403843273,124.211,0.028
m,3.408586623,129.766,0.0281
m,3.412972947,113.656,0.0283
m,3.417462167,115.378,0.0284
m,3.421839392,118.402,0.0286
m,3.126173259,113.335,0.0213
m,3.129920918,114.165,0.0213
m,3.13378448,117.112,0.0213
m,3.137648195,119.882,0.0214
m,3.141394001,118.715,0.0214
m,3.166352144,119.952,0.0217
m,3.170695687,123.314,0.0216
m,3.17503563,117.047,0.0217
m,3.179261951,126.377,0.0215
m,3.187132189,124.952,0.0217
m,3.21392636,116.177,0.0221
m,3.217690291,114.364,0.0222
m,3.221335703,120.544,0.022
m,3.225215302,118.331,0.0221
m,3.252160196,124.948,0.0224
m,3.25627869,120.659,0.0225
m,3.260284051,122.148,0.0224
m,3.268067659,125.209,0.0227
m,3.271954048,125.117,0.0228
m,3.294131598,123.563,0.0234
m,3.294131255,131.743,0.0236
m,3.301336743,122.293,0.0237
m,3.304766158,120.97,0.0238
m,3.308309612,123.037,0.024
m,3.337139467,114.509,0.0249
m,3.345167865,128.283,0.0252
m,3.349300236,129.649,0.0254
m,3.353076347,118.661,0.0256
m,3.379914715,124.546,0.027
m,3.384173925,112.145,0.0272
m,3.38914856,118.407,0.0275
m,3.393889066,116.063,0.0278
m,3.426217145,113.839,0.0288
m,3.430595422,117.007,0.0289
m,3.438759939,114.161,0.0291
m,3.438759941,112.237,0.0292
m,3.446679969,118.957,0.0293
m,3.450589883,114.681,0.0294
m,3.454388139,114.629,0.0297
m,3.458186909,118.988,0.0299
m,3.462232889,115.716,0.0303
m,3.492869585,114.257,0.0307
m,3.496438006,113.403,0.0309
m,3.496438006,111.964,0.0309
m,3.503216658,116.82,0.0309
m,3.506439351,115.9,0.0312
m,3.529306888,118.82,0.0317
m,3.53322716,111.283,0.0319
m,3.537049616,126.134,0.0321
m,3.54501675,112.415,0.0323
m,3.549285717,120.321,0.0325
m,3.572382658,116.761,0.0335
m,3.579178892,116.153,0.0337
m,3.582508102,114.414,0.0338
m,3.585601912,114.492,0.034
m,3.610581836,120.914,0.035
m,3.613913738,127.554,0.0352
m,3.620953855,118.545,0.0353
m,3.624522398,117.218,0.0354
m,3.624522576,115.921,0.0355
m,3.648786295,122.468,0.0359
m,3.652341397,128.909,0.0359
m,3.655439873,126.882,0.0358
m,3.658995319,125.372,0.0358
m,3.662551111,126.527,0.0359
m,3.687698106,129.846,0.036
m,3.691869817,121.889,0.0361
m,3.695805614,125.973,0.0361
m,3.699741388,118.031,0.0359
m,3.732863178,125.542,0.0359
m,3.737148501,125.122,0.036
m,3.741307195,120.416,0.0359
m,3.748571344,127.828,0.036
m,3.752385106,118.629,0.036
m,3.470103013,126.862,0.0305
m,3.474128049,116.783,0.0306
m,3.478041522,122.07,0.0306
m,3.481831836,112.027,0.0306
m,3.485398948,116.801,0.0308
m,3.51381586,116.069,0.0315
m,3.513815932,115.092,0.0316
m,3.52155386,111.773,0.0316
m,3.525374315,108.543,0.0316
m,3.553443907,113.471,0.0327
m,3.557491416,115.305,0.0329
m,3.561303598,112.162,0.033
m,3.568804632,109.858,0.0332
m,3.572382412,114.136,0.0333
m,3.589042618,121.04,0.0342
m,3.596285134,116.674,0.0343
m,3.599976578,135.926,0.0344
m,3.603432687,123.628,0.0346
m,3.6070145,136.542,0.0349
m,3.631535034,111.796,0.0357
m,3.634868619,116.856,0.0359
m,3.638202082,117.797,0.0359
m,3.641661371,132.197,0.0359
m,3.665996635,125.796,0.0359
m,3.669442173,118.522,0.0358
m,3.676491797,130.466,0.0359
m,3.676491988,124.123,0.036
m,3.683999107,134.777,0.036
m,3.708306818,116.682,0.0359
m,3.712716096,121.866,0.0358
m,3.721156762,122.32,0.0356
m,3.724985346,124.237,0.0357
m,3.72868809,124,0.0359
m,3.756325639,128.833,0.0359
m,3.76037622,124.295,0.0359
m,3.763845069,124.502,0.0359
m,3.766968678,119.228,0.036
m,3.770092823,123.332,0.0362
m,3.773327962,120.996,0.037
m,3.770417053,119.658,0.0396
m,3.77995039,129.518,0.0395
m,3.786436405,123.645,0.0395
m,3.81847008,124.255,0.0403
m,3.822961404,129.692,0.0404
m,3.827361564,122.986,0.0404
m,3.831507354,132.603,0.0404
m,3.86776177,127.988,0.0405
m,3.871346609,128.301,0.0405
m,3.878081736,122.828,0.0404
m,3.881449957,127.178,0.0404
m,3.884601481,118.423,0.0405
m,3.907097672,127.303,0.0407
m,3.911049801,127.447,0.0405
m,3.915131326,124.012,0.0406
m,3.919321004,121.602,0.0405
m,3.927681639,121.434,0.0404
m,3.956267868,122.83,0.0405
m,3.96048229,118.964,0.0407
m,3.964696571,122.263,0.0407
m,3.969255705,134.757,0.0406
m,4.001183564,144.889,0.0408
m,4.00574649,122.534,0.0409
m,4.010180719,124.082,0.041
m,4.014744085,130.734,0.041
m,4.023957686,134.982,0.0409
m,4.046075025,136.909,0.0407
m,4.048510182,118.878,0.0408
m,4.049931121,125.328,0.0407
m,4.050900724,126.349,0.0407
m,4.051289234,126.501,0.0407
s,4.050493379,126.482,0.0407
s,4.050256498,126.516,0.0407
s,4.050256498,126.727,0.0407
s,4.050149434,126.888,0.0408
m,3.791562519,130.921,0.0398
m,3.80072449,126.412,0.04
m,3.804888084,124.259,0.0402
m,3.809251663,123.244,0.0402
m,3.81374249,127.687,0.0402
m,3.839763525,117.892,0.0404
m,3.843710555,128.813,0.0405
m,3.848457666,132.143,0.0406
m,3.852295417,121.097,0.0404
m,3.86404806,118.792,0.04
m,3.887861805,128.976,0.0405
m,3.89112313,126.639,0.0407
m,3.898936759,119.49,0.0406
m,3.903017174,116.86,0.0407
m,3.927681639,120.123,0.0404
m,3.935934731,123.605,0.0402
m,3.93978132,123.954,0.0402
m,3.943757005,121.561,0.0403
m,3.947732838,125.623,0.0403
m,3.973579124,127.195,0.0407
m,3.978009961,122.469,0.0405
m,3.987023973,119.604,0.0406
m,3.991822146,127.524,0.0406
m,3.991822444,141.737,0.0407
m,4.028629996,130.201,0.041
m,4.032721116,128.498,0.041
m,4.036704468,129.655,0.0408
m,4.040451988,127.435,0.0408
s,4.051289234,126.313,0.0407
s,4.050944987,126.426,0.0407
s,4.050944987,126.621,0.0407
s,4.050600743,126.743,0.0407
s,4.050493379,126.353,0.0407
s,4.049804897,126.466,0.0407
s,4.049568017,126.713,0.0407
s,4.049568017,126.401,0.0407
s,4.049353305,126.28,0.0407
s,4.049223778,126.468,0.0407
s,4.048986895,126.677,0.0407
s,4.048986895,126.886,0.0407
s,4.048879539,126.812,0.0407
s,4.048879837,126.669,0.0408
s,4.048642955,126.693,0.0408
s,4.04819107,126.32,0.0407
s,4.04808372,126.664,0.0407
s,4.04808372,126.606,0.0407
s,4.047846541,126.329,0.0406
s,4.047846541,126.72,0.0406
s,4.047631556,125.882,0.0405
s,4.047524215,126.003,0.0405
s,4.047523925,126.105,0.0404
s,4.047523925,125.864,0.0404
s,4.047115965,126.54,0.0401
s,4.047115965,126.473,0.0401
s,4.047008363,126.25,0.04
s,4.047008085,126.379,0.0399
s,4.04690049,126.604,0.0398
s,4.047029255,126.455,0.0395
s,4.04702899,126.178,0.0394
s,4.047028727,126.617,0.0393
s,4.047050735,126.36,0.0392
s,4.046943428,126.655,0.0392
s,4.047094302,126.859,0.0388
s,4.046987007,126.816,0.0388
s,4.046987007,126.811,0.0388
s,4.046987007,126.707,0.0388
s,4.047223168,126.513,0.0385
s,4.047222928,126.378,0.0384
s,4.047115398,126.087,0.0383
s,4.047352297,126.109,0.0383
s,4.047244773,126.087,0.0382
s,4.047588497,126.262,0.038
s,4.047824719,126.347,0.0377
s,4.047824719,126.025,0.0377
s,4.047824498,126.245,0.0376
s,4.047931789,126.545,0.0376
s,4.048535304,126.672,0.0407
s,4.048535304,126.577,0.0407
s,4.048298421,126.536,0.0407
s,4.04819107,126.356,0.0407
s,4.047846541,126.517,0.0406
s,4.047739195,126.512,0.0406
s,4.047739195,126.358,0.0406
s,4.047738903,126.013,0.0405
s,4.047738903,126.268,0.0405
s,4.047416586,126.49,0.0404
s,4.047308961,126.18,0.0403
s,4.047308676,126.237,0.0402
s,4.047330899,126.513,0.0402
s,4.047330899,125.992,0.0402
s,4.047030066,126.298,0.0398
s,4.047029793,126.21,0.0397
s,4.047029523,126.359,0.0396
s,4.047029523,126.452,0.0396
s,4.04707302,126.723,0.0392
s,4.046965462,126.794,0.0391
s,4.046965462,126.433,0.0391
s,4.046965206,126.765,0.039
s,4.046964954,126.805,0.0389
s,4.046986759,126.584,0.0387
s,4.046986759,126.768,0.0387
s,4.04711612,126.221,0.0386
s,4.047115877,126.56,0.0385
s,4.047115877,126.412,0.0385
s,4.047352061,126.157,0.0382
s,4.047351828,125.892,0.0381
s,4.047588728,125.908,0.0381
s,4.047588497,126.153,0.038
s,4.048038862,126.133,0.0375
s,4.04793157,126.363,0.0375
s,4.047931354,126.658,0.0374
s,4.047931141,126.542,0.0373
s,4.048168042,126.574,0.0373
s,4.048038222,126.23,0.0372
s,4.048038222,126.577,0.0372
s,4.048038014,126.5,0.0371
s,4.048274914,126.632,0.0371
s,4.048274304,126.282,0.0368
s,4.048381597,126.36,0.0368
s,4.048381398,126.499,0.0367
s,4.048810603,126.409,0.0367
s,4.048810603,126.27,0.0367
s,4.04891733,126.037,0.0364
s,4.048810022,126.29,0.0364
s,4.048809834,126.083,0.0363
s,4.048809834,125.946,0.0363
s,4.048916955,126.076,0.0362
s,4.04865725,126.218,0.0359
s,4.048549936,126.015,0.0359
s,4.048657073,126.107,0.0358
s,4.04842018,126.107,0.0358
s,4.048420006,126.172,0.0357
s,4.048419835,125.676,0.0356
s,4.048419835,125.465,0.0356
s,4.048290262,125.539,0.0356
s,4.048290093,125.556,0.0355
s,4.048075127,125.604,0.0353
s,4.047967814,125.767,0.0353
s,4.047838235,126.149,0.0353
s,4.047730921,126.208,0.0353
s,4.047601342,126.296,0.0353
s,4.047578767,125.708,0.0351
s,4.047793418,125.988,0.0351
s,4.047900748,125.928,0.0351
s,4.048007923,126.23,0.035
s,4.048178052,125.567,0.0349
s,4.048048676,125.56,0.035
s,4.047811792,125.672,0.035
s,4.048133718,125.541,0.0349
s,4.04811157,125.921,0.0349
s,4.048274708,126.246,0.037
s,4.048382001,126.115,0.037
s,4.048145103,126.061,0.037
s,4.048144899,126.234,0.0369
s,4.048144899,126.248,0.0369
s,4.048810407,126.481,0.0366
s,4.048810214,126.56,0.0365
s,4.049132146,126.31,0.0365
s,4.048917521,126.326,0.0365
s,4.048916772,126.301,0.0361
s,4.048916772,126.015,0.0361
s,4.048679696,126.371,0.036
s,4.048572387,126.494,0.036
s,4.048442803,125.894,0.036
s,4.04842018,125.792,0.0358
s,4.04842018,126.049,0.0358
s,4.048549586,126.352,0.0357
s,4.048420006,125.875,0.0357
s,4.048420006,125.963,0.0357
s,4.048290093,125.507,0.0355
s,4.048182775,125.664,0.0355
s,4.048075291,125.653,0.0354
s,4.048075291,125.707,0.0354
s,4.04751614,126.449,0.0352
s,4.04773076,126.329,0.0352
s,4.047601181,125.893,0.0352
s,4.047708498,125.902,0.0352
s,4.047708498,125.878,0.0352
s,4.04787837,126.243,0.035
s,4.04787837,125.715,0.035
s,4.047748823,125.703,0.035
s,4.048178206,125.676,0.035
s,4.048178206,125.724,0.035
s,4.048218942,126.009,0.0349
s,4.048089437,125.72,0.0349
s,4.048089437,125.442,0.0349
s,4.04785256,125.923,0.0349
s,4.047745185,125.765,0.0349
s,4.047745185,125.602,0.0349
s,4.047615683,125.767,0.0349
s,4.047615532,126.354,0.0348
s,4.047615683,126.37,0.0349
m,4.047378655,126.807,0.0348
m,4.048326164,129.912,0.0348
m,4.049273673,120.272,0.0348
m,4.052849029,119.378,0.0348
m,4.081522983,125.058,0.0347
m,4.08619942,119.743,0.0347
m,4.095897431,118.981,0.0348
m,4.100444912,121.424,0.0348
m,4.105206772,121.715,0.0348
m,4.132627122,134.76,0.0343
m,4.132627122,120.771,0.0343
m,4.140694565,121.554,0.0344
m,4.144639958,127.006,0.0342
m,4.148739229,123.838,0.0341
m,4.179945074,126.915,0.0339
m,4.184153731,134.593,0.0339
m,4.192464945,126.643,0.0336
m,4.196543802,126.829,0.0336
m,4.22825713,120.342,0.0331
m,4.231888277,132.987,0.0333
m,4.235388475,123.876,0.0332
m,4.235388697,126.007,0.0334
m,4.242946242,126.512,0.0338
m,4.267669724,121.514,0.0343
m,4.272121323,131.099,0.0346
m,4.27633555,123.907,0.0346
m,4.280393525,122.296,0.0346
m,4.287929223,125.339,0.0345
m,4.294147997,125.909,0.0345
m,4.293910899,125.956,0.0346
m,4.29377988,126.64,0.0348
m,4.29364829,127.334,0.0346
s,4.047486036,126.422,0.0348
m,4.04724916,126.141,0.0348
m,4.04724916,125.625,0.0348
m,4.047012436,129.131,0.0349
m,4.047012284,127.957,0.0348
m,4.059740779,119.086,0.0347
m,4.064027089,119.376,0.0347
m,4.06833586,123.907,0.0347
m,4.07264486,120.313,0.0347
m,4.077083774,122.466,0.0347
m,4.110335654,122.271,0.0348
m,4.115120606,121.332,0.0347
m,4.119691822,128.233,0.0346
m,4.128445318,126.832,0.0345
m,4.152838829,130.826,0.034
m,4.157306206,141.559,0.034
m,4.166348767,127.658,0.0339
m,4.171161074,124.618,0.0339
m,4.175736552,130.544,0.0338
m,4.196543684,121.92,0.0335
m,4.205151781,115.113,0.0333
m,4.209230972,124.018,0.0331
m,4.217071031,123.558,0.0329
m,4.220938606,148.083,0.0331
m,4.247027553,134.31,0.0337
m,4.250978802,119.469,0.0342
m,4.254848286,122.24,0.0342
m,4.263299853,122.959,0.0343
m,4.291038576,128.861,0.0345
m,4.292961817,128.559,0.0345
m,4.292961679,126.18,0.0344
m,4.294279172,126.194,0.0344
m,4.294279309,126.252,0.0345
m,4.293411341,125.92,0.0348
m,4.29304341,125.996,0.0352
m,4.293043566,126.53,0.0353
m,4.292912117,126.329,0.0352
m,4.292675038,126.456,0.0353
m,4.292675357,126.666,0.0355
m,4.292544232,126.451,0.0356
m,4.292544735,126.631,0.0359
m,4.292307676,126.127,0.036
m,4.292308028,127.811,0.0362
m,4.293257501,122.555,0.0365
m,4.29407533,124.494,0.0366
m,4.294549607,126.644,0.0365
m,4.295155366,131.666,0.0365
m,4.296447474,136.744,0.0365
m,4.312608963,124.842,0.0363
m,4.316586849,126.665,0.0362
m,4.320433941,145.284,0.0363
m,4.324412432,126.841,0.0363
m,4.351768075,133.938,0.0365
m,4.355616495,143.568,0.0364
m,4.359570907,128.52,0.0364
m,4.363288144,134.64,0.0364
m,4.370116104,127.51,0.0361
m,4.388308954,132.075,0.0358
m,4.392185492,143.554,0.0358
m,4.396273018,127.519,0.0357
m,4.40036072,128.925,0.0356
m,4.408431748,123.142,0.0357
m,4.437373031,134.108,0.0361
m,4.441700334,123.86,0.0362
m,4.44170051,126.325,0.0363
m,4.450619645,118.834,0.0362
m,4.484219817,119.743,0.0367
m,4.489051239,125.998,0.0366
m,4.493883324,125.188,0.0367
m,4.49871571,123.471,0.0368
m,4.503311112,124.889,0.037
m,4.527240851,120.396,0.0372
m,4.531230172,126.648,0.0374
m,4.538999517,119.443,0.0375
m,4.543122178,117.336,0.0376
m,4.547112383,120.922,0.0378
m,4.292307851,126.6,0.0361
m,4.292439314,128.213,0.0362
m,4.292782852,127.673,0.0364
m,4.293020084,132.052,0.0364
m,4.297976817,128.434,0.0365
m,4.29926874,127.633,0.0364
m,4.301327977,136.209,0.0365
m,4.303200313,126.134,0.0364
m,4.305915628,136.112,0.0363
m,4.3284968,133.593,0.0362
m,4.332476081,129.3,0.0364
m,4.340091578,127.254,0.0364
m,4.343834099,125.998,0.0365
m,4.343834099,137.898,0.0365
m,4.373385378,140.412,0.0362
m,4.377129134,126.512,0.0361
m,4.380741307,124.022,0.036
m,4.384590969,133.372,0.0359
m,4.412546967,133.858,0.0358
m,4.416767462,127.677,0.0357
m,4.420618739,127.052,0.0356
m,4.424707719,123.923,0.0356
m,4.433151143,131.767,0.036
m,4.45542201,125.657,0.0361
m,4.460225091,123.925,0.0363
m,4.465160539,121.365,0.0364
m,4.47455714,122.046,0.0365
m,4.479150886,135.046,0.0366
m,4.507773782,123.924,0.037
m,4.512131862,120.496,0.037
m,4.519738187,123.316,0.037
m,4.523223938,121.829,0.0371
m,4.551102376,121.425,0.0378
m,4.555092983,119.76,0.038
m,4.563102462,121.219,0.038
m,4.567226345,118.127,0.038
m,4.571246022,114.765,0.038
m,4.575503772,112.83,0.0381
m,4.579495521,118.118,0.0382
m,4.583382865,117.801,0.0382
m,4.587137452,113.016,0.0383
m,4.615383018,116.367,0.0386
m,4.619434895,115.863,0.0385
m,4.627377436,123.953,0.0385
m,4.631742932,120.422,0.0385
m,4.631743153,120.225,0.0386
m,4.660469766,125.478,0.0391
m,4.664289059,140.386,0.0393
m,4.668109003,136.747,0.0396
m,4.672031912,143.281,0.0394
m,4.675718434,132.863,0.0396
m,4.703903266,130.902,0.0393
m,4.707995593,132.899,0.0393
m,4.712088708,145.448,0.0394
m,4.715840791,134.758,0.0393
m,4.742186941,130.17,0.0391
m,4.745976043,146.813,0.0391
m,4.753215597,132.333,0.039
m,4.75714179,138.717,0.0389
m,4.760933868,139.678,0.0388
m,4.783665442,140.212,0.0382
m,4.783665442,135.126,0.0382
m,4.79112598,134.726,0.0379
m,4.79444934,136.063,0.0378
m,4.797605018,141.875,0.0378
m,4.819199939,133.788,0.037
m,4.82721821,137.345,0.0368
m,4.831397884,136.242,0.0367
m,4.839044629,130.142,0.0367
m,4.865118736,150.643,0.0364
m,4.868791181,141.288,0.0365
m,4.872565339,140.023,0.0364
m,4.876305885,132.136,0.0366
m,4.883821009,138.224,0.0367
m,4.591234139,115.443,0.0384
m,4.5995898,115.595,0.0384
m,4.603716048,116.213,0.0385
m,4.607709196,114.39,0.0386
m,4.611360269,120.358,0.0385
m,4.640058793,118.466,0.0386
m,4.644350802,124.125,0.0386
m,4.652802834,121.841,0.0388
m,4.65280329,125.36,0.039
m,4.682438877,131.668,0.0395
m,4.685681274,140.891,0.0396
m,4.692373567,140.895,0.0394
m,4.696092183,127.473,0.0393
m,4.699811729,125.321,0.0394
m,4.723212774,131.4,0.0393
m,4.72686341,129.68,0.0392
m,4.72686341,137.491,0.0392
m,4.734508157,138.312,0.0392
m,4.738398851,136.769,0.0392
m,4.764726941,138.13,0.0388
m,4.76472672,138.907,0.0387
m,4.772347187,139.552,0.0385
m,4.776310002,136.295,0.0383
m,4.800116046,137.871,0.0375
m,4.805955768,127.916,0.0373
m,4.809112756,133.831,0.0372
m,4.812270401,142.989,0.0372
m,4.815735026,131.176,0.0371
m,4.842851504,143.724,0.0367
m,4.846522496,135.873,0.0366
m,4.850091503,139.038,0.0364
m,4.854001036,133.515,0.0364
m,4.861344711,135.541,0.0364
m,4.887596003,143.339,0.0368
m,4.89160896,132.756,0.0368
m,4.891609319,136.249,0.037
m,4.899975792,143.569,0.0372
m,4.904090908,136.718,0.0372
m,4.908002875,132.556,0.0373
m,4.911813332,129.518,0.0374
m,4.919434554,131.733,0.0374
m,4.923449143,142.02,0.0376
m,4.948431602,139.025,0.0382
m,4.948431602,142.724,0.0382
m,4.955616415,136.856,0.0383
m,4.959601683,133.501,0.0384
m,4.981847295,146.977,0.0387
m,4.983543246,143.159,0.0386
m,4.984700935,131.133,0.0386
m,4.985659771,139.54,0.0386
m,4.98603039,137.108,0.0386
m,4.981878936,129.24,0.0386
m,4.980619476,128.652,0.0385
m,4.97813333,135.082,0.0386
m,4.978133543,131.77,0.0387
m,4.975619129,135.305,0.0388
m,4.965955052,130.97,0.039
m,4.964096344,126.792,0.039
m,4.962578717,141.723,0.039
m,4.961023888,130.964,0.0389
m,4.950569618,143.78,0.0388
m,4.94884493,142.235,0.0388
m,4.947362296,130.891,0.0388
m,4.945968519,131.746,0.0388
m,4.944340463,128.306,0.0386
m,4.934130611,129.887,0.038
m,4.93118557,127.817,0.0379
m,4.929596049,145.415,0.0378
m,4.929595853,140.379,0.0377
m,4.926430945,134.941,0.0377
m,4.915885417,124.939,0.0369
m,4.914676619,144.364,0.0368
m,4.913613613,139.399,0.0365
m,4.91241166,137.222,0.0364
m,4.927327081,147.975,0.0376
m,4.931240152,136.384,0.0377
m,4.934778919,142.49,0.0378
m,4.938114514,140.962,0.0378
m,4.941349395,128.821,0.0381
m,4.963587352,133.094,0.0385
m,4.967507312,130.38,0.0385
m,4.974640679,143.776,0.0386
m,4.97751529,138.454,0.0386
m,4.979951198,138.541,0.0387
m,4.986030602,138.767,0.0387
m,4.984647638,134.546,0.0386
m,4.983892916,133.567,0.0387
m,4.982702828,140.04,0.0387
m,4.975619346,132.307,0.0389
m,4.973313948,128.25,0.039
m,4.97213428,135,0.0389
m,4.970758789,139.03,0.039
m,4.969286875,134.092,0.0391
m,4.959513375,133.778,0.0389
m,4.958064147,138.062,0.0389
m,4.956478243,129.322,0.0389
m,4.95363643,135.617,0.0388
m,4.95363643,134.881,0.0388
m,4.940113252,132.604,0.0387
m,4.938790682,123.122,0.0386
m,4.937189764,118.66,0.0384
m,4.935680046,132.658,0.0382
m,4.924372353,144.637,0.0375
m,4.922563272,133.189,0.0374
m,4.921093356,142.146,0.0372
m,4.918170738,134.382,0.0371
m,4.917097581,126.111,0.037
m,4.910876479,123.346,0.0363
m,4.910496629,132.912,0.0363
m,4.910496299,133.998,0.0361
m,4.911705459,136.71,0.0361
m,4.913434074,135.777,0.036
m,4.915545153,148.923,0.0359
m,4.918276254,141.81,0.0358
m,4.923880451,139.072,0.0357
m,4.926128325,134.106,0.0357
m,4.92847096,141.814,0.0356
m,4.946581756,133.427,0.0357
m,4.946581756,136.902,0.0357
m,4.953078847,142.095,0.0357
m,4.956039604,133.865,0.0357
m,4.958712457,150.819,0.0357
m,4.981599978,134.845,0.0363
m,4.984498931,130.164,0.0364
m,4.987349615,135.203,0.0368
m,4.992182337,127.952,0.0369
m,5.000790888,130.84,0.0378
m,5.002028867,121.289,0.038
m,5.004128245,123.339,0.0381
m,5.00470179,123.683,0.0382
m,5.004701994,127.96,0.0383
m,5.009948615,124.822,0.0386
m,5.010965921,127.677,0.0387
m,5.011984917,128.953,0.0386
m,5.012959821,132.13,0.0385
m,5.014318077,131.042,0.0385
m,5.021077334,120.45,0.0383
m,5.021818866,127.784,0.0383
m,5.022516561,119.276,0.0383
m,5.023357169,116.265,0.0383
m,5.028839865,123.48,0.038
m,5.028982384,123.142,0.0386
s,5.028982595,123.124,0.0387
s,5.028885672,123.24,0.0388
s,5.028886105,123.662,0.039
s,5.028984358,123.952,0.0395
s,5.028984358,123.581,0.0395
s,5.028984358,123.062,0.0395
s,5.028940209,122.988,0.0395
s,5.028940209,123.084,0.0395
m,4.930431764,149.668,0.0357
m,4.932964186,133.967,0.0357
m,4.936068326,137.251,0.0357
m,4.939460276,140.029,0.0357
m,4.961623966,141.893,0.0358
m,4.964967292,135.548,0.0358
m,4.971406721,137.417,0.0359
m,4.974840267,132.335,0.036
m,4.978363918,144.001,0.0361
m,4.992182515,133.947,0.037
m,4.995582507,134.207,0.0371
m,4.99704709,133.518,0.0373
m,4.998275955,129.61,0.0374
m,4.999651273,131.688,0.0376
m,5.005563004,125.485,0.0383
m,5.006138198,124.973,0.0383
m,5.007050996,128.925,0.0384
m,5.008253196,127.409,0.0386
m,5.015343626,120.421,0.0384
m,5.016655693,127.198,0.0384
m,5.01861535,131.857,0.0384
m,5.01861535,119.235,0.0384
m,5.020002021,123.895,0.0384
m,5.025183213,119.934,0.0382
m,5.026362525,121.767,0.0381
m,5.027349221,119.446,0.0381
m,5.027348824,122.09,0.0379
m,5.028689755,123.961,0.038
s,5.028886324,123.687,0.0391
s,5.028886546,123.429,0.0392
s,5.028983906,123.344,0.0393
s,5.028984131,123.404,0.0394
s,5.029037583,122.997,0.0396
s,5.029134729,122.786,0.0396
s,5.029134729,123.144,0.0396
s,5.029134729,123.568,0.0396
s,5.029231879,123.342,0.0396
s,5.029231879,123.307,0.0396
s,5.02932903,122.89,0.0396
s,5.029187756,122.695,0.0396
s,5.029090833,122.436,0.0397
s,5.028898206,123.064,0.0404
s,5.029039489,122.972,0.0404
s,5.029181022,122.93,0.0405
s,5.029181271,123.159,0.0406
s,5.029181522,123.044,0.0407
s,5.029085667,123.778,0.0412
s,5.02908593,123.909,0.0413
s,5.029086195,123.575,0.0414
s,5.029086195,123.847,0.0414
s,5.029086731,123.643,0.0416
s,5.028894113,124.034,0.0422
s,5.028894396,123.603,0.0423
s,5.028894681,123.21,0.0424
s,5.028894968,123.413,0.0425
s,5.02856087,123.83,0.043
s,5.028464036,123.405,0.0431
s,5.028605339,123.492,0.0431
s,5.02860564,123.577,0.0432
s,5.028605943,123.434,0.0433
s,5.028412926,122.799,0.0437
s,5.028316118,122.851,0.0438
s,5.028316433,122.648,0.0439
s,5.028360316,123.099,0.0438
s,5.028263518,123.344,0.0439
s,5.027875094,123.231,0.0439
s,5.027875094,123.237,0.0439
s,5.027777994,123.194,0.0439
s,5.027680897,123.024,0.0439
s,5.027672316,122.921,0.0439
s,5.027672316,123.015,0.0439
s,5.027672316,123.277,0.0439
s,5.027672316,123.069,0.0439
s,5.027575234,123.144,0.0439
s,5.028993914,122.65,0.0398
s,5.028994149,122.535,0.0399
s,5.028994387,122.604,0.04
s,5.029135905,122.743,0.0401
s,5.029136147,123.23,0.0402
s,5.029181776,123.262,0.0408
s,5.029182031,123.245,0.0409
s,5.029182288,123.034,0.041
s,5.029085405,123.383,0.0411
s,5.029087002,123.514,0.0417
s,5.028990137,123.67,0.0418
s,5.028990412,123.254,0.0419
s,5.028990689,123.448,0.042
s,5.028990689,123.458,0.042
s,5.028656539,123.429,0.0425
s,5.028656828,123.281,0.0426
s,5.028559985,123.499,0.0427
s,5.028560278,123.978,0.0428
s,5.028560573,123.736,0.0429
s,5.028606248,123.014,0.0434
s,5.028509429,122.79,0.0435
s,5.028509738,123.43,0.0436
s,5.028412926,123.09,0.0437
s,5.028166408,123.148,0.0439
s,5.0280693,123.099,0.0439
s,5.0280693,122.973,0.0439
s,5.027972196,123.175,0.0439
s,5.027875094,123.231,0.0439
s,5.027680897,123.029,0.0439
s,5.027583802,122.94,0.0439
s,5.027725143,123.036,0.0439
s,5.027628054,122.99,0.0439
s,5.027672316,122.954,0.0439
s,5.027575234,123.434,0.0439
s,5.027478156,122.864,0.0439
s,5.027478156,123.396,0.0439
s,5.02738108,123.256,0.0439
s,5.02738108,123.161,0.0439
s,5.02738108,122.927,0.0439
s,5.027284007,122.866,0.0439
s,5.027284007,123.153,0.0439
s,5.027284007,122.934,0.0439
s,5.027231236,123.111,0.0439
s,5.027231236,123.111,0.0439
s,5.027372607,122.925,0.0439
s,5.027231236,122.712,0.0439
s,5.02741724,123.014,0.044
s,5.02741724,122.925,0.044
s,5.027320185,123.132,0.044
s,5.027320185,122.945,0.044
s,5.027320185,123.027,0.044
s,5.027364517,122.776,0.044
s,5.02740886,123.019,0.044
s,5.027550255,122.903,0.044
s,5.027550255,123.044,0.044
s,5.027550255,123.095,0.044
s,5.027877737,122.905,0.0441
s,5.027877737,122.92,0.0441
s,5.028019145,122.67,0.0441
s,5.0279218,122.93,0.044
s,5.028160554,123.01,0.0441
s,5.028063532,122.825,0.0441
s,5.028063532,122.799,0.0441
s,5.028063532,122.832,0.0441
s,5.028063532,123.086,0.0441
s,5.028204948,123.108,0.0441
s,5.028204948,123.179,0.0441
s,5.028204948,123.005,0.0441
s,5.028346365,123.151,0.0441
s,5.028204948,122.983,0.0441
s,5.028443382,123.423,0.0441
s,5.028584801,123.414,0.0441
s,5.028584801,123.561,0.0441
s,5.028584801,123.631,0.0441
s,5.027284007,123.035,0.0439
s,5.027186936,123.025,0.0439
s,5.027186936,123.169,0.0439
s,5.027186936,123.19,0.0439
s,5.027186936,122.855,0.0439
s,5.027372607,122.854,0.0439
s,5.027372924,122.665,0.044
s,5.027514296,122.956,0.044
s,5.027514296,122.892,0.044
s,5.027514296,123.001,0.044
s,5.027320185,122.969,0.044
s,5.027461567,122.986,0.044
s,5.027461567,123.025,0.044
s,5.027364517,123.028,0.044
s,5.027691649,123.095,0.044
s,5.027691649,123.429,0.044
s,5.027691649,123.554,0.044
s,5.027833047,123.266,0.044
s,5.027974449,122.922,0.044
s,5.028019145,122.55,0.0441
s,5.027922119,123.024,0.0441
s,5.028063532,123.262,0.0441
s,5.028160554,122.972,0.0441
s,5.028160554,123.196,0.0441
s,5.028063532,123.179,0.0441
s,5.028063532,123.031,0.0441
s,5.028204948,123.114,0.0441
s,5.028204948,123.224,0.0441
s,5.028443382,123.505,0.0441
s,5.028443382,123.5,0.0441
s,5.028443382,123.376,0.0441
s,5.028443382,123.266,0.0441
s,5.028443382,123.444,0.0441
s,5.028584801,123.921,0.0441
s,5.028487787,123.513,0.0441
s,5.028487787,123.82,0.0441
s,5.028487787,123.517,0.0441
s,5.028487787,123.632,0.0441
m,5.028532202,123.333,0.0441
m,5.028532202,123.393,0.0441
m,5.028629212,123.619,0.0441
m,5.028770637,122.426,0.0441
m,5.028770637,117.998,0.0441
m,5.031683741,129.061,0.0443
m,5.032738218,123.654,0.0443
m,5.033654065,125.468,0.0444
m,5.034810571,135.697,0.0445
m,5.037184057,146.056,0.0445
m,5.045388894,135.151,0.0451
m,5.046524654,131.089,0.0451
m,5.047606509,127.792,0.0451
m,5.049901074,143.57,0.0451
m,5.058020251,146.727,0.0447
m,5.059341349,135.814,0.0447
m,5.060621514,133.172,0.0441
m,5.061747726,137.323,0.0442
m,5.062694476,139.54,0.0439
m,5.071884048,134.88,0.0441
m,5.074824386,128.356,0.0443
m,5.077704202,130.616,0.0443
m,5.083978518,139.281,0.0444
m,5.087412454,141.804,0.0444
m,5.106803396,141.368,0.0443
m,5.113293855,141.213,0.0443
m,5.116123676,137.274,0.0444
m,5.118815032,141.315,0.0444
m,5.139470427,140.607,0.0451
m,5.142410926,136.733,0.0451
m,5.145353022,143.465,0.0452
m,5.148394916,147.493,0.0454
m,5.169200161,138.453,0.0466
m,5.172013457,139.867,0.047
m,5.177880018,140.468,0.0473
m,5.177881916,140.37,0.0478
m,5.183318329,132.361,0.0478
m,5.028972884,127.369,0.0441
m,5.029466728,121.028,0.0442
m,5.030021934,124.606,0.0442
m,5.030021934,124.699,0.0442
m,5.038639922,138.97,0.0444
m,5.040099148,136.066,0.0445
m,5.041463214,133.333,0.0446
m,5.042927436,144.367,0.0446
m,5.044254006,135.602,0.0446
m,5.051030441,130.85,0.0452
m,5.052160569,150.309,0.045
m,5.053433914,133.271,0.0453
m,5.05546423,139.057,0.0448
m,5.056741925,126.793,0.0449
m,5.065051834,132.486,0.044
m,5.065052151,130.688,0.0441
m,5.067929885,131.646,0.044
m,5.069856756,138.731,0.044
m,5.090687399,139.246,0.0443
m,5.093903788,144.052,0.0443
m,5.097160666,137.04,0.0442
m,5.100319886,153.196,0.0442
m,5.103461787,147.24,0.0443
m,5.121368062,139.163,0.0444
m,5.123881597,147.125,0.0445
m,5.128936126,146.168,0.0446
m,5.131551347,146.929,0.0447
m,5.136867304,144.954,0.0449
m,5.154425592,140.998,0.0456
m,5.157330065,140.827,0.0456
m,5.160518469,146.352,0.0462
m,5.163523035,144.812,0.0462
m,5.166528886,153.405,0.0463
m,5.186188106,135.425,0.0473
m,5.188963128,131.367,0.0473
m,5.191783396,137.451,0.0475
m,5.197568023,127.188,0.0478
m,5.200392086,135.255,0.0481
m,5.203217274,137.252,0.0484
m,5.205707609,135.182,0.0486
m,5.208385576,143.913,0.049
m,5.211735645,136.418,0.0493
m,5.233939843,130.423,0.0511
m,5.237159876,137.223,0.0517
m,5.24388938,142.957,0.0521
m,5.247207489,133.017,0.0523
m,5.270568686,136.964,0.0532
m,5.270569653,133.182,0.0534
m,5.278990487,146.421,0.0537
m,5.282748172,142.4,0.0538
m,5.286221611,142.973,0.0539
m,5.310139138,141.982,0.0548
m,5.313809723,142.67,0.0553
m,5.317002692,138.762,0.0553
m,5.320339751,137.902,0.0555
m,5.323393117,139.101,0.0558
m,5.359206489,133.011,0.0567
m,5.363547245,141.376,0.0568
m,5.367459036,126.304,0.0569
m,5.37146804,129.588,0.0573
m,5.39385294,129.671,0.0593
m,5.396574639,134.133,0.0597
m,5.399344435,142.457,0.0601
m,5.402779347,133.042,0.0601
m,5.410506487,129.527,0.06
m,5.427819135,144.775,0.0597
m,5.431205688,133.022,0.0598
m,5.438264803,136.263,0.0599
m,5.438265396,137.877,0.06
m,5.444943658,145.351,0.0601
m,5.470041618,126.128,0.0612
m,5.473715823,131.377,0.0613
m,5.477532782,134.254,0.0613
m,5.481111936,136.565,0.0614
m,5.215281002,145.204,0.0496
m,5.218254113,131.003,0.05
m,5.221466476,135.785,0.0503
m,5.22770007,138.969,0.0506
m,5.230961278,134.246,0.0509
m,5.250575941,129.393,0.0522
m,5.253849786,133.698,0.0523
m,5.256932895,132.167,0.0526
m,5.259685192,137.232,0.0526
m,5.263155962,142.464,0.0531
m,5.29003059,138.153,0.0541
m,5.293985086,151.594,0.0543
m,5.302419947,139.465,0.0545
m,5.306374859,135.938,0.0546
m,5.327827947,135.926,0.0559
m,5.337031012,136.102,0.0561
m,5.34160778,132.43,0.0561
m,5.346426096,139.134,0.0566
m,5.355105143,142.118,0.0567
m,5.378577216,136.175,0.0575
m,5.382060814,132.347,0.0577
m,5.385162817,133.175,0.0579
m,5.388313346,133.391,0.0583
m,5.391369224,139.433,0.0588
m,5.414131888,129.384,0.06
m,5.417614009,131.993,0.06
m,5.421047447,131.805,0.0599
m,5.424386877,132.553,0.06
m,5.44852098,144.315,0.0601
m,5.452148157,135.939,0.0604
m,5.455582806,153.445,0.0605
m,5.462834806,129.62,0.0607
m,5.466414343,138.063,0.0609
m,5.484452051,127.941,0.0614
m,5.490370799,138.24,0.0615
m,5.490370799,132.482,0.0615
m,5.496909154,124.85,0.0614
m,5.500537179,131.169,0.0615
m,5.50397527,128.394,0.0616
m,5.507748309,131.765,0.0619
m,5.511284294,133.576,0.0624
m,5.518354657,132.652,0.0627
m,5.541241917,136.667,0.0636
m,5.5444479,131.205,0.0638
m,5.550481337,125.02,0.064
m,5.553401865,131.685,0.0643
m,5.556465984,126.954,0.0645
m,5.572474116,132.904,0.0649
m,5.576360839,131.308,0.065
m,5.584477697,132.362,0.0654
m,5.588511797,136.473,0.0654
m,5.592403481,138.441,0.0655
m,5.615834853,128.771,0.0658
m,5.623310737,131.227,0.0657
m,5.627024933,125.647,0.0656
m,5.630647623,126.453,0.0656
m,5.650618031,126.93,0.0654
m,5.656771809,122.537,0.0652
m,5.659783514,126.412,0.0651
m,5.6626511,140.097,0.065
m,5.665375061,147.189,0.065
m,5.677855787,130.847,0.0645
m,5.678290513,130.51,0.0641
m,5.678288585,130.965,0.0638
m,5.678287309,131.118,0.0636
m,5.678286674,130.75,0.0635
m,5.678360896,131.151,0.0627
m,5.678361518,131.325,0.0628
m,5.678653671,131.025,0.0629
m,5.678653671,131.39,0.0629
m,5.678654295,131.208,0.063
m,5.678887201,133.343,0.0621
m,5.678739613,132.154,0.0618
m,5.678762301,130.589,0.0612
m,5.678639479,130.767,0.0606
m,5.522222777,134.635,0.0629
m,5.526282679,137.546,0.063
m,5.526283321,131.64,0.0631
m,5.53387746,138.998,0.0632
m,5.537653612,134.726,0.0633
m,5.559435284,135.256,0.0646
m,5.562165907,137.645,0.0646
m,5.565185661,140.531,0.0647
m,5.568733279,138.583,0.0649
m,5.596440756,134.127,0.0656
m,5.600190348,126.957,0.0657
m,5.604136096,126.527,0.0658
m,5.608270344,124.959,0.0658
m,5.615834853,124.868,0.0658
m,5.634364607,130.581,0.0655
m,5.637937901,135.329,0.0654
m,5.641565515,126.525,0.0655
m,5.644705266,134.444,0.0653
m,5.650616693,129.374,0.0652
m,5.667994822,130.335,0.065
m,5.672388394,137.314,0.065
m,5.674294519,127.624,0.0649
m,5.677075228,125.836,0.0647
m,5.678378097,130.896,0.0633
m,5.678231694,130.363,0.0632
m,5.67841583,130.688,0.063
m,5.678414582,130.862,0.0628
m,5.67874637,131.743,0.0629
m,5.678890892,131.209,0.0627
m,5.678889654,131.28,0.0625
m,5.678796342,131.045,0.0624
m,5.678795115,132.079,0.0622
m,5.67871557,129.969,0.06
m,5.678646114,129.746,0.0594
m,5.678530985,131.958,0.0577
m,5.678738809,124.549,0.0568
m,5.679135723,137.573,0.0565
m,5.679651697,132.243,0.0563
m,5.679650685,131.412,0.0561
m,5.682841587,133.454,0.056
m,5.684919992,151.358,0.0558
m,5.687355366,129.555,0.0554
m,5.703793161,124.621,0.0529
m,5.707112885,128.972,0.0526
m,5.710195285,128.416,0.0522
m,5.713131348,126.871,0.0514
m,5.716013647,129.489,0.0503
m,5.734794876,135.117,0.0477
m,5.737692061,135.551,0.0476
m,5.740256968,131.849,0.0465
m,5.742954514,129.96,0.0464
m,5.762679347,133.686,0.0452
m,5.765995607,143.234,0.0452
m,5.769130402,137.175,0.0448
m,5.772267973,135.392,0.0446
m,5.775260226,147.222,0.0444
m,5.791516963,136.672,0.0439
m,5.793963739,139.265,0.0437
m,5.796650323,144.522,0.0436
m,5.801936934,132.631,0.0435
m,5.801936934,141.697,0.0435
m,5.825509113,134.617,0.0427
m,5.828507837,142.305,0.0427
m,5.831440021,145.533,0.0426
m,5.83143976,141.544,0.0425
m,5.854555709,143.58,0.0418
m,5.857236279,140.018,0.0419
m,5.863134826,132.471,0.042
m,5.865964874,149.128,0.0419
m,5.869331729,133.522,0.0419
m,5.885968943,135.487,0.0422
m,5.892418824,140.095,0.0423
m,5.89241908,142.799,0.0424
m,5.89866375,143.52,0.0425
m,5.901922919,142.331,0.0425
m,5.689842403,137.897,0.0545
m,5.694626995,126.058,0.054
m,5.697320016,124.438,0.0538
m,5.700290062,125.195,0.0532
m,5.718900468,144.903,0.05
m,5.724805076,135.857,0.0498
m,5.727712471,150.561,0.0493
m,5.730384015,136.43,0.049
m,5.732764091,146.714,0.0487
m,5.745616443,126.4,0.0462
m,5.750980081,145.279,0.0459
m,5.753554701,148.631,0.0459
m,5.756368388,134.358,0.0457
m,5.75956861,136.242,0.0454
m,5.780956457,139.111,0.0443
m,5.78365958,142.039,0.0442
m,5.786455101,142.228,0.0441
m,5.789013877,133.813,0.044
m,5.807318585,137.651,0.0434
m,5.810249892,138.53,0.0435
m,5.813302771,136.1,0.043
m,5.816447842,133.594,0.043
m,5.819561318,142.86,0.0428
m,5.837552004,155.271,0.0424
m,5.840164779,129.868,0.0424
m,5.842599271,137.049,0.0423
m,5.845391588,139.852,0.0421
m,5.851459803,135.619,0.0419
m,5.872609953,140.533,0.042
m,5.876008167,145.249,0.042
m,5.879407029,144.734,0.042
m,5.882806786,139.504,0.0421
m,5.905300293,138.516,0.0426
m,5.908678558,134.529,0.0427
m,5.911880452,142.694,0.0428
m,5.915260581,146.982,0.0429
m,5.921730549,139.974,0.043
m,5.92517494,141.027,0.0431
m,5.925175478,137.727,0.0433
m,5.931502795,150.103,0.0435
m,5.934950715,142.823,0.0437
m,5.955008628,143.662,0.045
m,5.955008927,140.032,0.0451
m,5.960395007,133.036,0.0453
m,5.963726811,136.055,0.0456
m,5.966494629,144.655,0.0457
m,5.986844333,143.868,0.0465
m,5.990459375,150.702,0.0467
m,5.993623215,141.886,0.0468
m,5.996788574,148.972,0.0471
m,6.002858393,144.837,0.0472
m,6.021422117,136.959,0.0477
m,6.024960759,146.59,0.0478
m,6.030134971,146.871,0.0481
m,6.032185389,137.092,0.0482
s,6.036531687,141.972,0.0492
s,6.036683365,141.334,0.0493
s,6.03659706,144.952,0.0494
s,6.036510759,142.629,0.0495
s,6.036900434,143.362,0.0496
s,6.037658551,142.327,0.05
s,6.037658551,142.952,0.05
s,6.037723605,141.671,0.0501
s,6.037724369,142.255,0.0503
s,6.037876474,142.932,0.0505
s,6.038549277,143.084,0.0512
s,6.038549676,142.363,0.0513
s,6.038554178,142.476,0.0524
s,6.037262401,142.701,0.053
s,6.035345224,142.577,0.0554
s,6.035047604,143.41,0.0556
s,6.03504855,144.179,0.0558
s,6.034472549,142.205,0.0559
s,6.033873061,142.828,0.0564
m,5.938249466,139.644,0.0438
m,5.941222861,143.989,0.0439
m,5.943960036,137.424,0.0443
m,5.949487724,149.139,0.0445
m,5.952429318,138.154,0.0448
m,5.969527214,145.022,0.046
m,5.976482823,147.264,0.0461
m,5.980006535,154.777,0.0462
m,5.983531802,137.98,0.0464
m,6.002858727,135.631,0.0473
m,6.008519817,140.09,0.0473
m,6.0117996,135.097,0.0474
m,6.014993162,136.647,0.0476
m,6.018401581,140.653,0.0476
m,6.03218609,140.082,0.0484
m,6.035447964,146.492,0.0485
m,6.036011697,146.427,0.0488
m,6.036077035,142.647,0.049
s,6.036379649,142.677,0.049
s,6.036965836,142.631,0.0498
s,6.037203822,143.076,0.0498
s,6.037268485,143.323,0.0498
s,6.037506846,143.067,0.0499
s,6.038028196,143.872,0.0506
s,6.038093278,142.394,0.0507
s,6.038396744,142.41,0.0509
s,6.038397138,143.043,0.051
s,6.038397534,143.186,0.0511
s,6.036795709,142.251,0.0536
s,6.036544558,142.815,0.054
s,6.036163704,142.808,0.0544
s,6.03589004,143.478,0.0547
s,6.035724465,145.898,0.0552
s,6.03320777,145.119,0.0569
s,6.032630048,143.341,0.0577
s,6.031534293,142.251,0.058
s,6.031106751,143.178,0.0584
s,6.030764677,143.002,0.0587
s,6.030422658,143.019,0.059
s,6.029976127,142.578,0.0595
s,6.029719593,142.756,0.0597
s,6.029311615,143.111,0.06
s,6.0286227,142.646,0.0618
s,6.02860547,141.906,0.0622
s,6.028435626,142.612,0.0625
s,6.028417293,143.09,0.0627
s,6.027803989,144.146,0.0638
s,6.027635529,144.034,0.0643
s,6.028073083,143.468,0.0644
s,6.028225816,142.2,0.0645
s,6.028226436,142.969,0.0646
s,6.029865668,143.89,0.0653
s,6.03047555,142.709,0.0655
s,6.030779869,144.275,0.0655
s,6.031084831,142.15,0.0656
s,6.031085469,141.344,0.0657
s,6.032780466,143.488,0.066
s,6.033170494,142.091,0.066
s,6.033560524,143.208,0.066
s,6.033560524,143.168,0.066
s,6.034710852,141.854,0.0659
s,6.034863045,143.419,0.0659
s,6.03501524,143.332,0.0659
s,6.035015883,143.586,0.066
s,6.035253729,142.259,0.066
s,6.035797908,142.743,0.0663
s,6.035798558,142.608,0.0664
s,6.035950759,143.129,0.0664
s,6.035950759,143.084,0.0664
s,6.03595141,142.678,0.0665
s,6.036429064,142.678,0.0668
s,6.036429064,143.799,0.0668
s,6.036191219,142.916,0.0668
s,6.036191219,143.24,0.0668
s,6.028970383,142.734,0.0604
s,6.028800905,142.821,0.0608
s,6.028524866,142.835,0.061
s,6.028506382,143.341,0.0612
s,6.028573742,143.135,0.0614
s,6.028332097,142.822,0.0628
s,6.028094825,144.225,0.0629
s,6.027772962,142.211,0.0632
s,6.027603204,142.218,0.0635
s,6.02773705,141.97,0.0637
s,6.028664081,143.91,0.0647
s,6.029207447,142.942,0.0649
s,6.029426623,143.961,0.065
s,6.029493677,143.565,0.0651
s,6.031390442,145.962,0.0658
s,6.031781103,143.037,0.0659
s,6.031933274,143.903,0.0659
s,6.03208609,143.477,0.066
s,6.032476113,143.963,0.066
s,6.033864892,144.12,0.066
s,6.034102739,143.457,0.066
s,6.034492772,143.462,0.066
s,6.034407113,140.196,0.066
s,6.034558659,142.869,0.0659
s,6.035644417,142.703,0.0661
s,6.035559416,143.257,0.0662
s,6.035559416,143.414,0.0662
s,6.035797908,143.09,0.0663
s,6.036103613,143.226,0.0665
s,6.036189909,142.723,0.0666
s,6.036342764,142.694,0.0667
s,6.036428407,143.126,0.0667
s,6.036429064,142.723,0.0668
s,6.036039019,142.927,0.0668
s,6.036039019,143.106,0.0668
s,6.035801173,142.77,0.0668
s,6.03564832,143.869,0.0667
s,6.03564832,142.855,0.0667
s,6.035496123,143.417,0.0667
s,6.035496123,143.061,0.0667
s,6.035409819,142.871,0.0666
s,6.035257622,143.436,0.0666
s,6.035256969,142.68,0.0665
s,6.035255668,143.506,0.0663
s,6.035407217,142.573,0.0662
s,6.035254374,143.137,0.0661
s,6.035710326,143.275,0.066
s,6.035862528,143.208,0.066
s,6.036467524,142.568,0.0654
s,6.036619103,142.568,0.0653
s,6.036618471,145.619,0.0652
s,6.036703473,142.571,0.0651
s,6.038126794,143.593,0.0645
s,6.038279004,142.88,0.0645
s,6.038753458,142.804,0.0643
s,6.039227918,143.972,0.0641
s,6.039227307,142.162,0.064
s,6.040194727,143.893,0.0635
s,6.040277976,142.863,0.0631
s,6.04068712,142.548,0.0631
s,6.040685341,145.014,0.0628
s,6.040684164,143.906,0.0626
s,6.040460789,142.443,0.0618
s,6.040460216,144.311,0.0617
s,6.040459645,143.082,0.0616
s,6.040459075,143.323,0.0615
m,6.038401839,143.18,0.0611
m,6.038316184,143.817,0.0611
m,6.037992682,137.707,0.0611
m,6.037515866,138.062,0.0609
m,6.037801737,145.063,0.061
m,6.049083966,138.161,0.0615
m,6.051249081,141.591,0.0618
m,6.054860853,139.169,0.0622
m,6.0577423,144.229,0.0627
m,6.06045121,143.187,0.0627
s,6.035256969,142.703,0.0665
s,6.035256318,143.926,0.0664
s,6.035256318,142.694,0.0664
s,6.035256318,142.216,0.0664
s,6.035861243,142.779,0.0658
s,6.036013449,143.479,0.0658
s,6.036165014,144.425,0.0657
s,6.036164376,143.368,0.0656
s,6.036467524,142.967,0.0654
s,6.03685443,144.596,0.0649
s,6.03709165,142.521,0.0648
s,6.037414502,143.234,0.0647
s,6.037414502,143.543,0.0647
s,6.037651726,143.54,0.0646
s,6.039550787,143.662,0.064
s,6.039482399,144.692,0.0637
s,6.039719639,142.472,0.0636
s,6.039956881,143.674,0.0635
s,6.04076923,143.765,0.0625
s,6.040615871,143.698,0.0623
s,6.040615289,143.845,0.0622
s,6.04061471,143.736,0.0621
s,6.040698637,143.471,0.0618
s,6.040220659,142.891,0.0614
s,6.039982811,144.097,0.0614
s,6.039981679,143.149,0.0612
m,6.039505984,144.209,0.0612
m,6.039030289,143.8,0.0612
m,6.037848697,142.748,0.0609
m,6.041569095,139.668,0.0609
m,6.041570216,152.074,0.0611
m,6.046035347,142.966,0.0612
m,6.065486158,141.051,0.0628
m,6.068509924,143.711,0.0628
m,6.068509336,140.823,0.0627
m,6.073489086,150.567,0.0627
m,6.075987538,138.067,0.0626
m,6.079082591,151.909,0.0624
m,6.08264393,151.523,0.0623
m,6.085864045,140.371,0.0628
m,6.091696608,141.451,0.0633
m,6.110039664,158.696,0.0676
m,6.112886722,140.988,0.068
m,6.119396869,145.145,0.0684
m,6.122908819,145.074,0.0688
m,6.125930057,140.724,0.069
m,6.144827796,144.249,0.0705
m,6.144829926,142.902,0.0708
m,6.151840667,146.122,0.071
m,6.155712746,133.393,0.0714
m,6.159263955,143.328,0.0718
m,6.18416207,138.271,0.075
m,6.187776694,142.068,0.0754
m,6.191337997,145.091,0.0762
m,6.198157724,143.666,0.0766
m,6.218999964,147.896,0.0787
m,6.22673857,140.647,0.0789
m,6.230703935,142.619,0.0792
m,6.234182718,140.469,0.0795
m,6.234183561,131.613,0.0796
m,6.261656664,141.385,0.0811
m,6.265842983,141.04,0.0813
m,6.270114707,142.424,0.0817
m,6.274396237,146.788,0.0819
m,6.278296945,148.154,0.0821
m,6.301367512,138.901,0.0833
m,6.30494888,139.816,0.0834
m,6.308602981,138.082,0.0835
m,6.312034025,142.111,0.084
m,6.337068959,148.71,0.086
m,6.340314151,149.06,0.0863
m,6.343572922,142.527,0.087
m,6.350672422,144.482,0.0873
m,6.354373791,150.811,0.0878
m,6.094598023,134.297,0.0635
m,6.097794506,141.163,0.0644
m,6.097799454,136.145,0.0652
m,6.104020476,146.873,0.0655
m,6.106865627,138.262,0.0662
m,6.128760719,140.884,0.0692
m,6.131759877,140.536,0.0693
m,6.134915101,140.3,0.0697
m,6.141755256,136.035,0.0702
m,6.162734944,141.834,0.0726
m,6.169573656,135.806,0.0731
m,6.17301703,144.399,0.0735
m,6.176643218,145.295,0.074
m,6.180353873,143.224,0.0745
m,6.198159328,141.475,0.0768
m,6.204664364,146.971,0.0771
m,6.208191047,143.358,0.0774
m,6.21128076,149.638,0.0777
m,6.215163835,145.401,0.0783
m,6.241653247,133.555,0.0801
m,6.245373884,142.633,0.0807
m,6.249187733,141.947,0.0809
m,6.253323589,143.595,0.081
m,6.28181829,148.008,0.0825
m,6.288362015,146.937,0.0827
m,6.291325593,139.639,0.0828
m,6.291327373,138.608,0.083
m,6.297590423,140.956,0.0831
m,6.315916448,148.87,0.0841
m,6.323286679,140.713,0.0843
m,6.326824633,150.29,0.0844
m,6.326832882,147.151,0.0853
m,6.333907119,145.995,0.0857
m,6.358851086,142.539,0.0882
m,6.362771403,146.902,0.0885
m,6.36732887,152.032,0.0887
m,6.371631126,144.232,0.0887
m,6.375668672,147.214,0.0891
m,6.384200873,145.792,0.089
m,6.3841999,154.326,0.0889
m,6.393181075,144.41,0.0884
m,6.39747955,145.056,0.0885
m,6.426157973,142.75,0.0912
m,6.430059,150.115,0.0915
m,6.433879955,150.526,0.0918
m,6.442243019,146.941,0.0925
m,6.46782212,144.337,0.095
m,6.471818279,145.48,0.0962
m,6.476430442,152.667,0.0964
m,6.483930482,143.921,0.0965
m,6.487916475,153.048,0.0967
m,6.508123169,153.252,0.0968
m,6.515511863,149.712,0.0973
m,6.519057363,150.295,0.0973
m,6.522443823,147.055,0.0974
m,6.525363427,153.904,0.0975
m,6.546523224,154.822,0.1004
m,6.548882608,149.857,0.1009
m,6.551243377,156.338,0.1011
m,6.55337397,152.427,0.1013
m,6.573587324,151.562,0.1026
m,6.576565771,155.135,0.1028
m,6.580264294,151.076,0.1035
m,6.583091093,151.999,0.1036
m,6.58624581,153.996,0.1042
m,6.604715846,148.699,0.1038
m,6.607326387,145.955,0.1037
m,6.610015503,147.635,0.1036
m,6.612634719,149.82,0.104
m,6.614771231,147.413,0.1037
m,6.619781197,149.844,0.1049
m,6.619777231,148.804,0.1044
m,6.619852626,148.864,0.104
m,6.620006187,148.48,0.1036
m,6.401600044,146.792,0.0885
m,6.406046127,147.688,0.0891
m,6.414851663,152.003,0.0894
m,6.419060455,144.931,0.0903
m,6.422480953,143.153,0.0908
m,6.446553554,140.622,0.0929
m,6.446557672,145.262,0.0933
m,6.455635772,147.664,0.0939
m,6.459849317,146.641,0.0941
m,6.463989809,151.067,0.0944
m,6.487922977,148.324,0.0973
m,6.496219994,155.036,0.0973
m,6.500211054,160.25,0.0969
m,6.504283774,150.693,0.0969
m,6.528037217,160.389,0.0977
m,6.531484519,157.697,0.0984
m,6.534853232,150.348,0.0988
m,6.537601486,150.863,0.0992
m,6.541043755,153.254,0.0998
m,6.55574243,151.145,0.1016
m,6.558344743,151.576,0.1022
m,6.561101253,152.204,0.1027
m,6.563932292,152.708,0.1029
m,6.567153046,157.285,0.1027
m,6.589476109,152.982,0.1041
m,6.595635197,143.436,0.1043
m,6.598870608,143.314,0.104
m,6.598870608,144.641,0.104
m,6.619051452,149.813,0.1041
m,6.619373866,149.924,0.1043
m,6.619854625,148.713,0.1045
m,6.619854625,148.62,0.1045
m,6.620020261,148.562,0.1048
m,6.619925729,148.047,0.1034
m,6.61976518,147.436,0.1032
m,6.619762868,147.838,0.103
m,6.61975861,147.323,0.1028
m,6.61975631,147.677,0.1026
m,6.619675083,149.28,0.1025
m,6.619748653,148.97,0.1021
m,6.619666307,149.264,0.1019
m,6.619428801,148.773,0.1018
m,6.619347604,148.775,0.1017
m,6.619022148,149.076,0.1009
m,6.618784654,148.789,0.1008
m,6.61957158,147.87,0.1006
m,6.62076288,142.167,0.1004
m,6.622341096,137.91,0.1002
m,6.637287911,136.722,0.0988
m,6.642365714,139.993,0.0986
m,6.645070832,140.63,0.0983
m,6.647850155,143.836,0.0978
m,6.666461024,140.983,0.0963
m,6.669257856,134.995,0.0959
m,6.671899396,142.565,0.0957
m,6.674384174,135.102,0.0951
m,6.676953856,131.736,0.0946
m,6.693349381,142.286,0.0926
m,6.696166434,140.749,0.0919
m,6.701656659,132.646,0.0915
m,6.704476497,139.994,0.0912
m,6.704468821,141.084,0.0904
m,6.725227939,132.309,0.0876
m,6.728455799,134.631,0.087
m,6.732330878,138.745,0.087
m,6.732326399,143.865,0.0865
m,6.755824203,139.627,0.0831
m,6.75835384,135.411,0.0827
m,6.76095988,139.418,0.0823
m,6.76381414,133.453,0.082
m,6.766802491,125.807,0.0809
m,6.787288411,127.182,0.079
m,6.793931004,128.754,0.0784
m,6.793928714,127.95,0.0781
m,6.800480181,142.865,0.0781
m,6.803914523,132.485,0.0778
m,6.619188258,148.722,0.1016
m,6.619185993,148.873,0.1014
m,6.619026652,148.279,0.1013
m,6.619023272,149.139,0.101
m,6.624318171,143.867,0.1
m,6.626609918,139.731,0.0996
m,6.631190894,148.854,0.0991
m,6.633964074,144.792,0.0992
m,6.637290092,141.58,0.099
m,6.65063726,144.963,0.0976
m,6.655983718,141.589,0.0972
m,6.658702206,144.659,0.097
m,6.661105215,141.074,0.0968
m,6.663899865,139.631,0.0965
m,6.6826468,133.278,0.094
m,6.685383443,133.149,0.0937
m,6.688116357,146.737,0.0934
m,6.690774323,156.033,0.0931
m,6.709492005,133.034,0.0901
m,6.712156098,140.107,0.0897
m,6.714754152,142.71,0.0894
m,6.717186568,137.945,0.0891
m,6.719614036,137.374,0.0881
m,6.738345456,145.701,0.0862
m,6.74150318,145.829,0.0854
m,6.744499896,138.44,0.0843
m,6.747665491,130.533,0.084
m,6.753125585,156.721,0.0835
m,6.769852313,131.188,0.0807
m,6.776765515,132.088,0.0803
m,6.776760769,133.749,0.0797
m,6.783844911,133.075,0.0794
m,6.807659602,130.353,0.0775
m,6.811254897,138.091,0.0772
m,6.814602199,134.298,0.0766
m,6.818664642,150.996,0.0757
m,6.826714302,147.179,0.0752
m,6.830855492,141.779,0.0747
m,6.830852672,140.793,0.0743
m,6.839470207,140.227,0.0738
m,6.843697283,138.427,0.0733
m,6.872650063,134.309,0.0693
m,6.876501225,139.677,0.0687
m,6.880273545,136.882,0.0675
m,6.884370244,149.883,0.0669
m,6.892332815,133.303,0.0665
m,6.913502052,138.956,0.0643
m,6.91769502,130.976,0.0639
m,6.921884321,141.044,0.0628
m,6.926075901,145.123,0.0621
m,6.934238282,135.606,0.0616
m,6.962284662,132.778,0.0571
m,6.966263231,130.745,0.0565
m,6.970166634,129.708,0.0558
m,6.974230925,132.267,0.0551
m,7.001668499,139.442,0.0506
m,7.005213657,149.736,0.05
m,7.008598906,136.281,0.0494
m,7.01222038,142.565,0.0488
m,7.015681797,145.955,0.0482
m,7.034296482,137.813,0.0442
m,7.037713734,136.704,0.0435
m,7.040897492,143.674,0.043
m,7.044241895,139.89,0.0417
m,7.050481936,139.589,0.041
m,7.069615028,144.138,0.036
m,7.072768906,146.983,0.0353
m,7.075910338,142.48,0.0346
m,7.081817623,143.113,0.034
m,7.102765488,134.343,0.0293
m,7.102765238,132.068,0.0287
m,7.107428311,136.468,0.0283
m,7.109563771,145.802,0.0278
m,7.111863091,132.308,0.0272
m,6.847773446,139.048,0.0727
m,6.85183652,138.546,0.0716
m,6.855998815,132.954,0.0711
m,6.864315123,140.043,0.0703
m,6.868563365,144.468,0.0699
m,6.892330492,132.476,0.0661
m,6.900538464,138.683,0.0657
m,6.904806534,144.719,0.0653
m,6.909159709,132.059,0.0649
m,6.938279735,146.028,0.0609
m,6.942482241,129.859,0.0603
m,6.946533621,139.644,0.0595
m,6.950423452,133.751,0.0584
m,6.954400744,139.511,0.0577
m,6.978456567,139.169,0.0545
m,6.982447497,136.136,0.054
m,6.986363151,141.199,0.0533
m,6.990201828,137.597,0.0519
m,6.993968926,138.41,0.0512
m,7.018981262,138.872,0.047
m,7.02220845,143.783,0.0463
m,7.025039822,136.446,0.0455
m,7.028107837,136.154,0.0449
m,7.053697782,146.561,0.0404
m,7.056989342,144.36,0.0397
m,7.060282794,149.674,0.039
m,7.063342963,140.92,0.0383
m,7.066478436,136.717,0.0374
m,7.084406095,140.537,0.0334
m,7.087231203,137.327,0.0328
m,7.089911539,147.087,0.0322
m,7.092593712,141.395,0.0316
m,7.095277389,140.514,0.0305
m,7.114074492,138.284,0.0268
m,7.116142462,137.957,0.0258
m,7.120356138,135.335,0.0253
m,7.122501709,140.239,0.0248
m,7.127014389,140.582,0.0236
m,7.128858018,136.979,0.0231
m,7.130829047,137.784,0.0226
m,7.132567146,139.658,0.0214
m,7.134415709,149.229,0.0209
m,7.145258713,142.813,0.0184
m,7.146886398,134.9,0.0174
m,7.148495144,144.492,0.0169
m,7.151695822,134.539,0.0165
m,7.151696502,139.255,0.016
m,7.160367532,139.83,0.0136
m,7.163116735,140.5,0.0132
m,7.164529773,134.432,0.0129
m,7.165781164,145.898,0.0126
m,7.167034526,149.71,0.0122
m,7.175951955,135.782,0.0102
m,7.177244322,133.794,0.01
m,7.178444991,137.359,0.0097
m,7.181224351,139.933,0.0096
m,7.189136535,137.642,0.0093
m,7.190162895,134.339,0.0093
m,7.191242162,139.064,0.0094
m,7.194160812,134.129,0.0095
m,7.195438134,141.806,0.0095
m,7.1999001,140.523,0.0099
m,7.200764747,138.374,0.01
m,7.200764527,138.636,0.0101
m,7.203128708,137.945,0.0102
m,7.204642325,145.372,0.0103
m,7.212465802,155.665,0.0123
m,7.21278528,143.972,0.0126
m,7.212813874,145.548,0.0128
m,7.213006774,145.727,0.0135
s,7.2133829,145.589,0.0149
s,7.213712962,145.328,0.0151
s,7.213877703,146.563,0.0154
s,7.21397413,145.484,0.0159
s,7.214032081,146.9,0.0161
m,7.138208864,134.394,0.0204
m,7.140063059,139.893,0.0198
m,7.141775594,145.738,0.0194
m,7.14356189,135.695,0.0189
m,7.1546682,136.464,0.0156
m,7.156049715,134.886,0.0152
m,7.157574861,128.562,0.0148
m,7.158959339,135.453,0.0144
m,7.168219161,147.824,0.0118
m,7.169640428,139.022,0.0111
m,7.172204872,136.051,0.0109
m,7.172205509,139.25,0.0106
m,7.174731866,145.136,0.0104
m,7.182569332,137.734,0.0096
m,7.183871535,149.505,0.0094
m,7.185453796,134.452,0.0094
m,7.186759489,142.631,0.0094
m,7.188041939,132.143,0.0094
m,7.196691209,133.583,0.0096
m,7.197521704,139.213,0.0096
m,7.197929031,144.79,0.0095
m,7.19854348,135.616,0.0097
m,7.206088656,139.248,0.0105
m,7.207632869,138.737,0.0108
m,7.208944642,137.907,0.0115
m,7.210994032,136.313,0.0119
m,7.211826527,135.226,0.0121
s,7.213035262,145.448,0.0138
s,7.213132019,145.519,0.014
s,7.21309265,146.394,0.0142
s,7.213121379,146.112,0.0144
s,7.213286241,145.56,0.0146
s,7.214031679,146.295,0.0164
s,7.214293655,146.609,0.0167
s,7.214225376,145.647,0.0169
s,7.21448739,146.848,0.0172
s,7.214651895,146.398,0.0178
s,7.214476723,146.067,0.0181
s,7.214272405,146.846,0.0184
s,7.214301335,146.191,0.0187
s,7.214330198,146.466,0.0191
s,7.214397709,145.055,0.0215
s,7.214426934,146.425,0.0218
s,7.214456189,145.685,0.0221
s,7.214650561,147.163,0.0228
s,7.215148877,145.969,0.0248
s,7.215110573,146.64,0.0254
s,7.215538665,146.322,0.0257
s,7.215869299,146.895,0.026
s,7.217026572,146.329,0.0263
s,7.225904192,145.397,0.0279
s,7.228257313,145.446,0.0282
s,7.230708114,145.658,0.0284
s,7.23070815,145.836,0.0285
s,7.235580049,146.284,0.0287
s,7.233069204,145.914,0.0304
s,7.232768567,145.966,0.0306
s,7.231971739,146.28,0.0309
s,7.231806607,146.324,0.0313
s,7.229920342,146.537,0.0325
s,7.229755023,146.662,0.0326
s,7.229627382,146.152,0.0327
s,7.229665185,147.197,0.0328
s,7.229605447,147.156,0.033
s,7.226803611,147.064,0.0345
s,7.226803852,146.064,0.0347
s,7.226045185,146.287,0.035
s,7.225714854,146.59,0.0353
s,7.225452187,146.634,0.0355
s,7.223974539,146.644,0.037
s,7.223614487,145.397,0.0372
s,7.223517297,146.847,0.0374
s,7.223352455,147.514,0.0377
s,7.214291216,146.083,0.0194
s,7.21418423,145.868,0.0198
s,7.214280951,145.807,0.0205
s,7.214339418,145.814,0.0208
s,7.214339211,146.054,0.0211
s,7.214679897,146.147,0.0231
s,7.214836115,147.078,0.0235
s,7.215030831,147.394,0.0238
s,7.215060267,146.758,0.0242
s,7.215060202,146.043,0.0245
s,7.217921057,147.181,0.0266
s,7.218980898,146.279,0.0269
s,7.220206111,146.44,0.0272
s,7.221897689,146.926,0.0277
s,7.238264218,145.439,0.0288
s,7.238324408,145.996,0.0291
s,7.237324583,145.36,0.0296
s,7.234896059,145.39,0.0299
s,7.233369851,145.63,0.0302
s,7.230911987,146.698,0.0315
s,7.230152836,145.856,0.0318
s,7.230153002,146.447,0.032
s,7.230153087,146.282,0.0321
s,7.229920074,147.301,0.0322
s,7.229410219,146.277,0.0331
s,7.229049844,146.893,0.0334
s,7.228621991,146.363,0.0339
s,7.228028589,146.486,0.0342
s,7.224956401,143.437,0.0357
s,7.224761983,145.911,0.0362
s,7.224334041,147.503,0.0364
s,7.224071461,148.202,0.0366
s,7.223974235,146.347,0.0368
s,7.223255291,149.447,0.0379
s,7.222924982,148.391,0.0381
s,7.222759833,143.63,0.0382
s,7.222759833,144.404,0.0382
s,7.222594684,147.379,0.0383
s,7.222527021,148.446,0.0384
s,7.222429539,148.569,0.0384
s,7.222264396,152.014,0.0385
s,7.222196557,146.804,0.0385
s,7.222196384,146.489,0.0384
s,7.22176845,146.467,0.0385
s,7.221603138,145.738,0.0385
s,7.221602964,144.677,0.0384
s,7.221602964,145.235,0.0384
s,7.221602964,145.819,0.0384
s,7.221166282,145.525,0.0384
s,7.221098273,144.723,0.0383
s,7.220932954,145.634,0.0383
s,7.221030612,145.613,0.0384
s,7.220856811,138.878,0.0384
s,7.221022313,141.807,0.0385
s,7.220789166,135.444,0.0385
s,7.22075124,139.27,0.0386
s,7.220819049,143.645,0.0386
s,7.220781506,144.659,0.0389
s,7.220811435,144.471,0.039
s,7.220811435,145.523,0.039
s,7.22090899,144.557,0.039
s,7.22100655,145.371,0.039
s,7.220961546,144.127,0.0396
s,7.220893787,146.699,0.0396
s,7.221059344,146.261,0.0397
s,7.221092645,152.912,0
s,7.221819026,146.381,0.04
s,7.221683537,145.355,0.04
s,7.221916853,145.948,0.0401
s,7.221781371,146.104,0.0401
s,7.221645705,146.487,0.04
s,7.221841018,146.129,0.04
s,7.222006601,146.526,0.0401
s,7.222006601,145.124,0.0401
s,7.222006601,145.844,0.0401
s,7.221938879,145.212,0.0401
s,7.222031065,146.42,0.0384
s,7.221933591,140.505,0.0384
s,7.222001435,146.301,0.0384
s,7.22176845,144.779,0.0385
s,7.221437652,145.426,0.0384
s,7.221369806,146.158,0.0384
s,7.221369806,146.807,0.0384
s,7.221301962,145.805,0.0384
s,7.221301962,144.983,0.0384
s,7.220797459,145.128,0.0384
s,7.220894952,145.981,0.0384
s,7.220827126,142.025,0.0384
s,7.220827126,146.462,0.0384
s,7.220856811,144.189,0.0384
s,7.22075124,147.304,0.0386
s,7.220751417,146.259,0.0387
s,7.220916755,144.434,0.0387
s,7.220849128,147.218,0.0388
s,7.220871165,142.09,0.0391
s,7.221036702,140.818,0.0392
s,7.220999105,150.47,0.0394
s,7.220931523,146.073,0.0395
s,7.22102912,142.817,0.0395
s,7.221157149,149.185,0.0398
s,7.22132252,142.28,0.0398
s,7.221653459,145.846,0.0399
s,7.221653459,144.264,0.0399
s,7.221819026,144.847,0.04
s,7.221645901,145.745,0.0401
s,7.221811284,146.426,0.0401
s,7.221908743,147.046,0.04
s,7.221908743,145.009,0.04
s,7.221938879,145.611,0.0401
s,7.222104269,145.329,0.0401
s,7.222036552,145.29,0.0401
s,7.221968836,145.605,0.0401
s,7.222036356,144.48,0.04
s,7.222104073,145.178,0.04
s,7.222104073,145.337,0.04
m,7.222103879,145.355,0.0399
m,7.222103879,145.71,0.0399
m,7.224675415,139.25,0.0397
m,7.226755742,136.051,0.0397
m,7.227926422,134.552,0.0397
m,7.227926232,142.021,0.0396
m,7.230505283,135.054,0.0395
m,7.238604599,137.28,0.0391
m,7.240088447,136.48,0.039
m,7.242863128,136.657,0.0388
m,7.244054899,140.137,0.0387
m,7.245448836,142.697,0.0387
m,7.255479982,131.626,0.0379
m,7.255479817,139.608,0.0378
m,7.258851448,135.242,0.0377
m,7.260607968,136.379,0.0376
m,7.272846513,132.773,0.0369
m,7.274358984,134.064,0.0369
m,7.276300714,135.193,0.0368
m,7.278115331,135.493,0.0368
m,7.279829894,137.176,0.0367
m,7.289846374,144.369,0.0366
m,7.29164197,145.925,0.0365
m,7.293774793,136.299,0.0363
m,7.298087838,136.627,0.0362
m,7.300164287,136.292,0.0361
m,7.311484018,140.495,0.0355
m,7.31332593,140.529,0.0355
m,7.316384246,147.511,0.0356
m,7.317684764,140.547,0.0354
m,7.325045625,139.487,0.0348
m,7.325875588,134.572,0.0346
m,7.326769931,133.956,0.0345
m,7.327434726,145.043,0.0343
m,7.32810126,135.118,0.0342
m,7.222103686,141.346,0.0398
m,7.222239131,139.685,0.0398
m,7.222629838,139.095,0.0398
m,7.222892934,140.34,0.0398
m,7.223862843,137.128,0.0398
m,7.231711874,136.411,0.0394
m,7.233153546,139.979,0.0394
m,7.234664071,135.473,0.0393
m,7.23728893,135.246,0.0392
m,7.246778245,135.093,0.0386
m,7.248043177,138.922,0.0383
m,7.249410845,132.979,0.0382
m,7.252388993,134.649,0.0381
m,7.253965863,146.026,0.038
m,7.262498986,141.987,0.0376
m,7.264225651,143.371,0.0373
m,7.2676955,149.512,0.0372
m,7.26959832,134.74,0.0371
m,7.271504184,135.831,0.0371
m,7.281250304,144.063,0.0366
m,7.284407898,136.933,0.0366
m,7.286197112,138.362,0.0366
m,7.28805283,141.65,0.0366
m,7.300164287,133.929,0.0361
m,7.304093403,134.591,0.036
m,7.306073047,148.754,0.0358
m,7.307846343,137.859,0.0357
m,7.30974839,138.12,0.0356
m,7.317684764,135.78,0.0354
m,7.320121784,132.817,0.0353
m,7.32117457,136.091,0.0352
m,7.322397263,146.632,0.0351
m,7.32322223,139.306,0.035
m,7.3288756,137.909,0.0341
m,7.32946487,140.877,0.034
m,7.330180836,137.72,0.0339
m,7.331191651,146.748,0.0337
m,7.333263614,134.848,0.0336
m,7.334218045,151.069,0.0335
m,7.335343318,143.941,0.0335
m,7.336070894,142.623,0.0334
m,7.336862163,137.327,0.0333
m,7.341635322,142.265,0.0326
m,7.342379138,157.192,0.0324
m,7.343125001,140.12,0.0323
m,7.34399488,134.044,0.0321
m,7.349211873,139.624,0.0308
m,7.349416031,145.837,0.0306
m,7.349972734,145.732,0.0303
m,7.350300594,141.231,0.0302
m,7.352949943,146.2,0.0291
m,7.353734172,135.123,0.0291
m,7.353734084,143.306,0.0289
m,7.354602906,140.76,0.0288
m,7.355063637,143.12,0.0287
m,7.358034781,145.537,0.0274
m,7.358835085,142.903,0.0273
m,7.358835065,143.233,0.0272
m,7.359973135,136.633,0.027
m,7.360667142,139.517,0.0268
m,7.364507911,148.584,0.0256
m,7.364983761,142.185,0.0255
m,7.365402232,141.996,0.0253
m,7.365992766,151.147,0.0249
m,7.370176827,141.809,0.0239
m,7.371669952,143.256,0.0237
m,7.372159084,142.943,0.0235
m,7.372537053,138.435,0.0233
m,7.373029653,143.48,0.0231
m,7.377005411,140.801,0.0219
m,7.378756929,141.574,0.0217
m,7.379663346,150.506,0.0216
m,7.38057217,145.713,0.0216
m,7.381310662,138.819,0.0214
m,7.337547965,141.523,0.0332
m,7.338296889,135.789,0.033
m,7.339047401,149.043,0.0329
m,7.339737909,139.36,0.0328
m,7.341123852,138.105,0.0327
m,7.345035678,129.967,0.0318
m,7.345800555,142.994,0.0316
m,7.347165495,136.28,0.0314
m,7.347165344,145.314,0.0312
m,7.348657492,142.611,0.031
m,7.350729843,142.819,0.0301
m,7.351219735,140.961,0.0301
m,7.351623802,144.316,0.0299
m,7.352028598,143.977,0.0297
m,7.352373994,139.723,0.0296
m,7.355695215,152.893,0.0284
m,7.356157862,144.916,0.0282
m,7.356552507,148.754,0.0277
m,7.357346433,143.625,0.0275
m,7.361073721,139.347,0.0267
m,7.361370581,136.711,0.0263
m,7.36259743,143.304,0.0261
m,7.363232395,139.461,0.0259
m,7.363869221,144.832,0.0257
m,7.366842051,139.788,0.0247
m,7.366842082,140.131,0.0245
m,7.368320712,149.139,0.0245
m,7.369089214,142.491,0.0243
m,7.369688518,144.226,0.0242
m,7.373524041,150.583,0.0229
m,7.374306898,137.21,0.0225
m,7.375204614,145.404,0.0223
m,7.377005359,147.887,0.022
m,7.382108058,149.225,0.0212
m,7.382792854,147.89,0.0209
m,7.384167667,157.755,0.0208
m,7.384914788,137.375,0.0207
m,7.384914927,145.471,0.0205
m,7.387101711,148.164,0.0203
m,7.388655567,137.833,0.0202
m,7.389983386,150.75,0.0201
m,7.391598234,147.662,0.02
m,7.400616227,146.342,0.0196
m,7.401731467,154.666,0.0196
m,7.403020697,136.808,0.0194
m,7.404539504,142.663,0.0194
m,7.40746629,149.224,0.0193
m,7.416286517,140.392,0.0193
m,7.419781878,136.16,0
m,7.42167578,146.186,0.0193
m,7.423495762,141.088,0.0195
m,7.426671164,142.772,0.0195
m,7.434985423,141.681,0.0191
m,7.436808905,151.702,0.0189
m,7.438633576,148.955,0.0187
m,7.440631993,150.268,0.0186
m,7.453864813,152.617,0.0181
m,7.45621995,137.519,0.0182
m,7.458414762,141.528,0.0181
m,7.46049222,152.45,0.018
m,7.461856209,143.404,0.018
m,7.473078368,146.524,0.0178
m,7.477480722,137.597,0.0177
m,7.479650016,134.686,0.0175
m,7.48201871,139.099,0.0174
m,7.484815527,133.416,0.0175
m,7.503404023,132.052,0.0177
m,7.505874041,135.238,0.0179
m,7.508638886,134.189,0.0179
m,7.511231133,137.942,0.018
m,7.530616846,136.568,0.0186
m,7.533442426,138.104,0.0187
m,7.536458761,140.139,0.0188
m,7.539423771,142.402,0.0191
m,7.54232127,140.189,0.0192
m,7.393558703,143.882,0.0197
m,7.396401707,147.289,0.0196
m,7.396941072,148.569,0.0195
m,7.397994903,139.714,0.0194
m,7.399218738,143.024,0.0196
m,7.409101809,152.331,0.0192
m,7.410910867,142.018,0.0193
m,7.412777129,134.23,0.0193
m,7.414589453,141.759,0.0193
m,7.427853365,141.155,0.0194
m,7.429671361,142.285,0.0194
m,7.429671446,142.55,0.0193
m,7.431750137,147.865,0.0193
m,7.433108461,139.919,0.0192
m,7.442459066,138.189,0.0184
m,7.444069559,152.156,0.0183
m,7.447315292,141.539,0.0183
m,7.449503888,146.073,0.0182
m,7.451629623,143.726,0.0181
m,7.46379371,147.448,0.0179
m,7.468082322,149.865,0.0177
m,7.469687715,150.734,0.0177
m,7.47137686,145.851,0.0177
m,7.487532848,133.976,0.0174
m,7.490131512,143.87,0.0174
m,7.492837755,146.154,0.0175
m,7.495718446,142.996,0.0175
m,7.498306581,134.323,0.0176
m,7.514050561,145.157,0.0181
m,7.516697451,131.916,0.0181
m,7.519465775,131.652,0.0182
m,7.525110516,146.793,0.0184
m,7.525110329,142.44,0.0186
m,7.548450052,138.645,0.0192
m,7.551350538,140.171,0.0194
m,7.554356506,144.597,0.0194
m,7.557363257,136.107,0.0195
m,7.56037103,143.984,0.0194
m,7.563275457,136.562,0.0196
m,7.565763366,133.774,0.0196
m,7.568355882,136.13,0.0195
m,7.573438821,151.372,0.0195
m,7.602271709,140.99,0.0195
m,7.605097848,141.976,0.0195
m,7.607924428,149.005,0.0196
m,7.610751604,144.126,0.0196
m,7.632197324,140.104,0.0194
m,7.635275495,150.999,0.0195
m,7.638405476,139.423,0.0194
m,7.64136177,136.445,0.0193
m,7.644195234,144.607,0.0191
m,7.660350987,144.473,0.0189
m,7.663559929,147.31,0.019
m,7.666471297,143.181,0.019
m,7.669557893,136.002,0.019
m,7.674910915,138.803,0.0189
m,7.691883121,139.312,0.0192
m,7.697719436,149.645,0.0193
m,7.697719282,147.352,0.0195
m,7.703333649,139.57,0.0196
m,7.723941208,153.662,0.0201
m,7.727041334,134.023,0.0202
m,7.730191783,136.407,0.0203
m,7.733392428,145.198,0.0204
m,7.740118869,146.389,0.0205
m,7.759264138,148.842,0.0208
m,7.76490449,135.801,0.0208
m,7.767214194,135.918,0.0209
m,7.769622952,139.064,0.0208
m,7.77163983,136.93,0.0207
m,7.773814873,142.034,0.0209
m,7.772506737,144.657,0.0209
m,7.771200497,135.934,0.0209
m,7.770264786,150.283,0.0208
m,7.57622568,138.476,0.0194
m,7.579065087,153.494,0.0194
m,7.582027461,142.823,0.0196
m,7.593643135,138.401,0
m,7.596498438,141.602,0.0194
m,7.613702255,142.633,0.0196
m,7.61675599,132.227,0.0195
m,7.623059939,132.561,0.0194
m,7.626064009,138.285,0.0195
m,7.626064009,137.393,0.0195
m,7.649463819,144.582,0.0191
m,7.651848474,153.321,0.019
m,7.654408072,142.383,0.019
m,7.657266563,147.751,0.019
m,7.677825078,142.856,0.0188
m,7.680689396,146.804,0.019
m,7.683356246,137.759,0.0189
m,7.686023401,142.615,0.019
m,7.68874105,141.26,0.0193
m,7.706304069,149.614,0.0198
m,7.709225279,146.699,0.0199
m,7.712097331,147.433,0.02
m,7.714795345,136.701,0.0201
m,7.720867413,132.851,0.0201
m,7.746672062,133.961,0.0208
m,7.749924663,141.356,0.0209
m,7.753052095,142.85,0.021
m,7.756332841,135.312,0.0208
m,7.77365794,137.048,0.0208
m,7.775355434,142.459,0.0209
m,7.776138263,139.838,0.0208
m,7.775920021,140.619,0.0209
m,7.775920078,140.996,0.0208
m,7.769282112,135.842,0.021
m,7.768341011,148.571,0
m,7.767624531,138.799,0.0212
m,7.76730081,146.951,0.0216
m,7.767058823,141.28,0.0218
m,7.766325992,141.942,0.022
m,7.766314015,147.053,0.0222
m,7.766128531,140.53,0.0223
m,7.766040273,140.579,0.0225
m,7.765778067,150.673,0.0227
m,7.764720673,149.974,0.0243
m,7.76495326,145.208,0.0243
m,7.76536395,147.01,0.0245
m,7.766082085,142.649,0.0249
m,7.766849417,144.074,0.025
m,7.773061536,140.286,0.0258
m,7.7737159,140.764,0.0259
m,7.774326233,143.525,0.026
m,7.775415716,152.807,0.0261
m,7.777390476,136.496,0.0275
m,7.777099216,138.957,0.0277
m,7.777117599,138.27,0.0281
m,7.777314363,138.549,0.0284
m,7.777803098,140.68,0.0286
m,7.786589388,140.484,0.0299
m,7.789148794,143.761,0.0303
m,7.791666316,147.913,0.0309
m,7.796789768,139.39,0.0312
m,7.799839379,147.552,0.0315
m,7.817483641,142.451,0.033
m,7.820227339,152.71,0.0331
m,7.826911304,150.738,0.0333
m,7.830011296,155.382,0.0337
m,7.852228681,149.032,0.0357
m,7.854716741,153.314,0.036
m,7.857339254,151.234,0.0363
m,7.860050141,152.208,0.0366
m,7.862718243,144.649,0.0369
m,7.881441523,156.821,0.0379
m,7.884293172,151.038,0.0381
m,7.887452791,162.455,0.0382
m,7.890479193,147.761,0.0385
m,7.893818172,147.098,0.0389
m,7.765470171,153.675,0.023
m,7.76507005,148.441,0.0235
m,7.76480247,157.5,0.0238
m,7.764802419,152.066,0.0241
m,7.768484085,145.751,0.0252
m,7.769444173,139.125,0.0254
m,7.770405956,145.261,0.0255
m,7.77040596,137.299,0.0256
m,7.772232968,141.427,0.0258
m,7.775941211,157.33,0.0263
m,7.77646923,152.73,0.0265
m,7.776957586,159.662,0.0269
m,7.777276573,143.622,0.0271
m,7.777420897,143.123,0.0273
m,7.778538457,141.248,0.0287
m,7.778538548,137.305,0.0289
m,7.781739452,140.796,0.0292
m,7.784030781,142.914,0.0296
m,7.802844896,149.346,0.0317
m,7.802845151,150.932,0.032
m,7.808591935,159.913,0.0322
m,7.811599287,148.205,0.0323
m,7.814607441,147.95,0.0326
m,7.835593614,148.978,0.034
m,7.838563026,150.491,0.0344
m,7.84153315,158.622,0.0348
m,7.846723664,147.953,0.0351
m,7.846724049,147.61,0.0354
m,7.86574209,151.701,0.0373
m,7.868766327,146.561,0.0373
m,7.874991786,148.05,0.0375
m,7.874992102,149.8,0.0377
m,7.900755984,146.866,0.0392
m,7.904091445,149.97,0.0395
m,7.907249786,148.856,0.0398
m,7.90725035,156.406,0.0401
m,7.913788152,153.268,0.0404
m,7.917431579,154.162,0.0407
m,7.921382404,147.505,0.0414
m,7.925596169,143.633,0.0418
m,7.934237544,147.52,0.0422
m,7.96113495,147.155,0.0455
m,7.964467769,145.643,0.046
m,7.964469101,146.347,0.0465
m,7.971495976,152.904,0.0471
m,7.975589389,148.42,0.0476
m,7.998974029,156.368,0.0509
m,8.007177267,142.55,0.0523
m,8.011012861,141.196,0.0529
m,8.015069541,137.636,0.0536
m,8.018906637,138.098,0.0543
m,8.043336893,148.128,0.0597
m,8.05079769,142.151,0.0604
m,8.054110364,145.536,0.0619
m,8.056708307,144.878,0.0626
m,8.072201564,146.53,0.0672
m,8.072435827,146.772,0.0679
m,8.073071754,146.229,0.0693
m,8.073071754,146.201,0.0693
m,8.073249736,146.055,0.0693
s,8.074060542,146.004,0.0701
s,8.074061102,144.806,0.0702
s,8.074240777,144.471,0.0705
s,8.074419329,144.276,0.0706
s,8.074556113,145.241,0.0707
s,8.075450057,144.363,0.0714
s,8.075492397,145.178,0.0715
s,8.075615921,144.639,0
s,8.075713889,144.862,0.0718
s,8.076692639,145.229,0.0727
s,8.076693232,145.72,0.0728
s,8.076735594,145.369,0.0729
s,8.076914176,145.946,0.073
s,8.07691358,144.887,0.0729
m,7.938580155,149.135,0.0426
m,7.942745214,148.466,0.043
m,7.946732949,154.946,0.0435
m,7.950366266,142.102,0.0443
m,7.957673456,154.147,0.0449
m,7.979328255,143.702,0.0482
m,7.983246707,139.323,0.0493
m,7.990952261,150.9,0.0499
m,7.994962848,140.535,0.0504
m,8.022744324,135.068,0.055
m,8.026763514,140.957,0.0565
m,8.034846889,140.371,0.0574
m,8.03900109,139.699,0.0582
m,8.043333897,141.6,0.059
m,8.059171154,147.912,0.0634
m,8.064627327,143.907,0.0641
m,8.067447093,136.645,0.0649
m,8.069775183,144.901,0.0657
m,8.071569641,148.127,0.0665
s,8.073428821,146.753,0.0695
s,8.073785894,146.249,0.0697
s,8.07378645,146.841,0.0698
s,8.073923213,145.727,0.0699
s,8.074776437,144.837,0.0708
s,8.074913797,145.589,0.071
s,8.074914369,145.542,0.0711
s,8.07509293,144.988,0.0712
s,8.075271493,144.77,0.0713
s,8.075934808,144.969,0.072
s,8.076155149,145.376,0.0721
s,8.076156321,145.219,0.0723
s,8.076334894,145.241,0.0724
s,8.076514061,144.462,0.0726
s,8.077090381,145.203,0.0727
s,8.077268961,144.88,0.0728
s,8.077268961,144.922,0.0728
s,8.077269555,146.106,0.0729
s,8.07727015,145.528,0.073
s,8.07727015,145.358,0.073
s,8.077490501,144.938,0.0731
s,8.077532869,145.18,0.0732
s,8.077532271,144.713,0.0731
s,8.077353095,145.603,0.0729
s,8.077353095,145.314,0.0729
s,8.077352501,145.061,0.0728
s,8.077133337,145.24,0.0729
s,8.077173923,144.63,0.0727
s,8.077132151,144.992,0.0727
s,8.076954165,144.912,0.0727
s,8.076892692,144.888,0
s,8.07699653,144.989,0.0728
s,8.076641156,145.104,0.0729
s,8.076463767,143.823,0.073
s,8.076244602,144.395,0.0731
s,8.075846859,144.404,0.0731
s,8.075669472,144.798,0.0732
s,8.075010796,144.592,0.0733
s,8.074969027,144.974,0.0733
s,8.07479104,144.576,0.0733
s,8.074749272,144.864,0.0733
s,8.073871467,144.527,0.0735
s,8.073651718,144.72,0.0735
s,8.073609961,145.048,0.0735
s,8.073568207,145.583,0.0735
s,8.073390214,144.803,0.0735
s,8.072867832,144.532,0.0736
s,8.072689837,145.125,0.0736
s,8.072689837,145.324,0.0736
s,8.0724707,145.278,0.0737
s,8.0724707,144.743,0.0737
s,8.072522873,145.547,0.0736
s,8.072522873,145.385,0.0736
s,8.072481138,147.53,0.0736
s,8.072480535,146.952,0.0735
s,8.077489905,145.222,0.073
s,8.07748931,145.019,0.0729
s,8.077531675,145.106,0.073
s,8.077353095,145.475,0.0729
s,8.07735369,145.073,0.073
s,8.077132743,145.199,0.0728
s,8.077174516,144.895,0.0728
s,8.077215698,144.745,0.0727
s,8.077215698,145.35,0.0727
s,8.077215698,144.901,0.0727
s,8.076954757,144.616,0.0728
s,8.076954757,144.886,0.0728
s,8.076954757,144.375,0.0728
s,8.076818546,145.474,0.0728
s,8.075449713,145.204,0.0732
s,8.075449713,145.615,0.0732
s,8.075229955,145.224,0.0732
s,8.075188783,145.123,0.0733
s,8.075010796,145.036,0.0733
s,8.074529519,144.537,0.0733
s,8.074352132,144.993,0.0734
s,8.074310368,144.893,0.0734
s,8.07413298,145.266,0.0735
s,8.073913228,145.161,0.0735
s,8.073349065,144.454,0.0736
s,8.073349065,144.824,0.0736
s,8.072951328,144.841,0.0736
s,8.072951328,144.281,0.0736
s,8.072428958,144.931,0.0737
s,8.072606954,145.759,0.0737
s,8.072565215,145.655,0.0737
s,8.072565215,145.414,0.0737
s,8.072565215,145.074,0.0737
s,8.072616803,146.16,0.0735
s,8.072574473,144.876,0.0734
s,8.072574473,144.319,0.0734
s,8.072573873,144.761,0.0733
s,8.072573274,144.295,0.0732
s,8.072750677,145.344,0.0731
s,8.072750677,144.061,0.0731
s,8.072750677,144.853,0.0731
s,8.072928083,144.675,0.073
s,8.072885763,144.6,0.0729
s,8.073375685,144.108,0.0725
s,8.073594232,144.292,0.0723
s,8.073813369,143.867,0.0722
s,8.073812784,144.361,0.0721
s,8.073990204,144.366,0.072
s,8.074480178,143.784,0.0716
s,8.074657607,143.458,0.0715
s,8.074876751,144.104,0.0714
s,8.074876751,143.755,0.0714
s,8.075093607,144.456,0.0709
s,8.075093607,143.343,0.0709
s,8.075134757,146.518,0.0708
s,8.075134757,144.486,0.0708
s,8.075134189,144.501,0.0707
s,8.075174213,143.906,0.0704
s,8.075132492,146.036,0.0704
s,8.075131929,144.774,0.0703
s,8.075131929,143.53,0.0703
s,8.075131367,144.185,0.0702
s,8.07517141,143.842,0.0699
s,8.07517141,143.295,0.0699
s,8.07499285,145.179,0.0698
s,8.07499285,145.825,0.0698
s,8.07472974,144.01,0.0695
s,8.074551184,145.563,0.0694
s,8.074551184,145.29,0.0694
s,8.074509465,145.075,0.0694
s,8.074508915,144.904,0.0693
m,8.074110088,146.425,0.0691
m,8.074245833,137.232,0.069
m,8.07451843,139.535,0.069
m,8.075889615,140.234,0.069
m,8.078192554,141.201,0.069
s,8.073063173,145.292,0.0728
s,8.073021452,145.161,0.0728
s,8.073198271,144.017,0.0726
s,8.073375685,144.151,0.0725
s,8.074168209,143.776,0.072
s,8.074125908,143.579,0.0719
s,8.074303332,144.353,0.0718
s,8.074303332,143.828,0.0718
s,8.074439044,144.636,0.0717
s,8.074876176,143.495,0.0713
s,8.075095322,144.089,0.0712
s,8.075095322,144.252,0.0712
s,8.07509475,143.519,0.0711
s,8.075313901,144.19,0.071
s,8.075134189,143.797,0.0707
s,8.075175343,143.966,0.0706
s,8.075174777,144.143,0.0705
s,8.075174777,145.215,0.0705
s,8.075130807,145.864,0.0701
s,8.075130807,145.484,0.0701
s,8.075130247,144.447,0.07
s,8.075130247,144.619,0.07
s,8.075171968,144.664,0.07
s,8.074950573,145.097,0.0697
s,8.074772568,145.01,0.0697
s,8.074772014,146.488,0.0696
s,8.074730293,146.342,0.0696
s,8.074730293,145.373,0.0696
s,8.074508915,144.981,0.0693
s,8.074289192,145.057,0.0693
m,8.074288643,145.601,0.0692
m,8.074110637,145.08,0.0692
m,8.080684171,151.762,0.0689
m,8.087513452,135.215,0.0689
m,8.091263811,140.868,0.0689
m,8.095192583,147.895,0.0689
m,8.09898522,142.943,0.0689
m,8.102956232,141.427,0.0689
m,8.106707988,152,0.0689
m,8.113719683,138.27,0.0689
m,8.117472449,147.179,0.0689
m,8.139337214,145.538,0.0687
m,8.141145299,138.61,0.0686
m,8.142350994,137.529,0.0686
m,8.142898972,142.074,0.0685
m,8.142845745,147.552,0.0685
m,8.141162299,144.225,0.0682
m,8.140804726,142.604,0.0683
m,8.140666923,140.89,0.0683
m,8.140571405,142.708,0.0684
m,8.140500135,136.911,0.0684
m,8.13328314,148.636,0.0682
m,8.130658237,144.526,0.0682
m,8.127832635,146.689,0.0682
m,8.117472449,140.44,0.0689
m,8.124581426,141.96,0.0689
m,8.128198434,138.61,0.0689
m,8.131637023,143.209,0.0688
m,8.134542458,136.3,0.0689
m,8.14249239,152.299,0.0684
m,8.141914992,147.431,0.0684
m,8.14196518,156.096,0.0684
m,8.141964645,147.871,0.0683
m,8.140716018,145.76,0.0683
m,8.140248922,145.157,0.0682
m,8.139068976,144.953,0.0682
m,8.137416333,142.177,0.0681
m,8.135648674,143.68,0.0681
m,0.032587512,134.807,0.0384
m,0.032536532,134.891,0.0382
m,0.032511473,134.866,0.0381
m,0.03252994,134.857,0.038
m,0.032720567,134.916,0.0379
m,0.032525131,134.875,0.0378
m,0.032501294,134.933,0.0377
m,0.032454492,135.006,0.0375
m,0.032431529,134.887,0.0374
m,0.032236869,134.923,0.0373
m,0.032042604,135.076,0.0372
m,0.031998257,135.219,0.037
m,0.03197653,135.154,0.0369
m,0.031761679,135.073,0.0367
m,0.031740735,135.135,0.0366
m,0.03148719,135.135,0.0362
m,0.031467652,135.255,0.0361
m,0.04304646,134.88,0
m,0.031429494,134.658,0.0359
m,0.031602597,135.315,0.0359
m,0.03158408,135.449,0.0358
m,0.031538833,135.262,0.0358
m,0.031520596,135.571,0.0357
m,0.031485043,135.712,0.0355
m,0.031467728,146.581,0.0354
m,0.031467728,136.24,0.0354
m,0.031149045,132.047,0.0353
m,0.030691137,128.685,0.0351
m,0.030224338,136.978,0.0349
m,0.029843194,131.246,0.0342
m,0.029665266,132.45,0.0338
m,0.029647605,132.507,0.0336
m,0.029613946,136.506,0.0334
m,0.030124093,128.863,0.0336
m,0.030548107,131.41,0.0338
m,0.031182713,135.221,0.0335
m,0.034126608,124.845,0.0335
m,0.036202284,126.741,0.0333
m,0.036211537,127.815,0.0334
m,0.040839092,123.706,0.0332
m,0.043490555,128.987,0.0328
m,0.046303646,134.774,0.0325
m,0.049577696,123.053,0.0323
m,0.056245217,116.473,0.0312
m,0.059755248,120.913,0.0307
m,0.063455355,123.137,0.0299
m,0.06702943,118.959,0.0291
m,0.070424898,115.375,0.0282
m,0.077388554,116.409,0.0276
m,0.080975162,115.791,0.0271
m,0.08478321,124.849,0.0266
m,0.08853194,120.112,0.0263
m,0.092434047,124.894,0.0259
m,0.096358795,139.077,0.0252
m,0.104665963,122.613,0.025
m,0.104675707,126.832,0.0248
m,0.11304233,125.025,0.0244
m,0.11679346,129.97,0.024
m,0.120738176,131.531,0.0237
m,0.124465425,129.751,0.0235
m,0.130998133,129.439,0.0233
m,0.134308355,136.777,0.0229
m,0.13850897,128.011,0.0226
m,0.143285513,131.304,0.0223
m,0.148285724,131.289,0.0214
m,0.158300266,126.068,0.0211
m,0.163284574,134.823,0.0207
m,0.168040888,135.329,0.0205
m,0.173019371,155.564,0.0203
m,0.1778339,130.594,0.0199
m,0.182584433,126.028,0.0199
m,0.191785696,130.46,0.0198
m,0.191791039,130.665,0.0197
m,0.200423113,131.919,0.0196
m,0.204430694,133.57,0.0195
m,0.208312847,135.49,0.0193
m,0.211843122,129.914,0.0191
m,0.219282838,128.058,0.0192
m,0.22298217,126.999,0.0193
m,0.2263878,128.454,0.019
m,0.229972971,137.277,0.0188
m,0.233694024,125.711,0.0185
m,0.237266661,127.719,0.0186
m,0.243778539,135.721,0.0186
m,0.247399885,128.667,0.0185
m,0.247399885,127.989,0.0185
m,0.254998292,127.764,0.0185
m,0.258715397,133.18,0.0182
m,0.262304692,127.817,0.0176
m,0.265482198,135.776,0.0174
m,0.271296094,150.371,0.0173
m,0.273791844,126.164,0.0171
m,0.276048219,127.825,0.017
m,0.278390129,128.466,0.0168
m,0.280499785,128.802,0.0165
m,0.283229124,130.426,0.0164
m,0.28860474,127.041,0.0162
m,0.291242588,135.645,0.0161
m,0.291247375,124.801,0.016
m,0.297098327,128.985,0.0158
m,0.299899332,123.57,0.0157
m,0.302611436,125.099,0.0152
m,0.322813329,128.902,0.0146
m,0.328414283,127.16,0.0146
m,0.331173442,128.851,0.0145
m,0.334043804,123.683,0.0144
m,0.336692255,130.326,0.0143
m,0.35236233,130.01,0.0138
m,0.355000482,128.186,0.0138
m,0.357609662,127.901,0.0138
m,0.359937703,133.668,0.0138
m,0.365545717,133.124,0.0138
m,0.385034448,131.161,0.0133
m,0.387590258,132.794,0.0133
m,0.390324376,133.051,0.0135
m,0.393198435,133.108,0.0135
m,0.420177978,135.953,0.013
m,0.424740669,126.905,0.0131
m,0.433755524,126.317,0.0132
m,0.438521284,127.141,0.0132
m,0.443444411,129.274,0.0134
m,0.469147149,128.328,0.014
m,0.473122895,131.144,0.014
m,0.477401857,128.605,0.0142
m,0.486595108,126.435,0.0141
m,0.496882581,124.167,0.0141
m,0.529087825,133.239,0.0141
m,0.533793761,131.299,0.0141
m,0.538504006,130.613,0.0141
m,0.543225303,131.639,0.014
m,0.575810744,136.746,0.0144
m,0.580423649,128.704,0.0144
m,0.584901343,140.448,0.0145
m,0.589550313,141.964,0.0145
m,0.599305703,134.667,0.0145
m,0.305679698,125.185,0.0151
m,0.311493982,124.09,0.0149
m,0.314316989,124.68,0.0145
m,0.31720495,124.489,0.0145
m,0.319968415,126.321,0.0146
m,0.339313315,125.616,0.0141
m,0.344301624,129.996,0.014
m,0.346909253,133.707,0.0139
m,0.346913906,125.185,0.0138
m,0.368245395,132.8,0.0136
m,0.371092746,140.482,0.0136
m,0.373886907,130.988,0.0135
m,0.37669856,148.203,0.0133
m,0.382342196,131.325,0.0133
m,0.396384995,134.448,0.0134
m,0.404033904,135.127,0.0133
m,0.404033904,129.025,0.0133
m,0.411841977,138.07,0.013
m,0.415926798,133.982,0.013
m,0.447933585,124.736,0.0136
m,0.456828213,129.92,0.0136
m,0.460928856,127.504,0.0137
m,0.465035239,129.149,0.0139
m,0.501814245,129.685,0.0142
m,0.506762415,124.998,0.0142
m,0.511423972,127.837,0.0141
m,0.515790016,132.227,0.0141
m,0.524545163,126.049,0.0141
m,0.547941733,128.846,0.0141
m,0.552672129,139.789,0.0142
m,0.56201116,137.431,0.0142
m,0.56201116,134.348,0.0142
m,0.571206061,139.185,0.0143
m,0.604441585,150.254,0.0144
m,0.609552934,138.825,0.0144
m,0.6147008,137.963,0.0144
m,0.625002525,140.293,0.0144
m,0.630324055,139.706,0.0143
m,0.635482772,146.458,0.0143
m,0.635482772,134.213,0.0143
m,0.64535071,136.31,0.0143
m,0.650056473,135.965,0.0144
m,0.683341034,134.703,0.0146
m,0.688356672,140.15,0.0146
m,0.698146854,136.174,0.0146
m,0.702725788,134.868,0.0146
m,0.732844891,139.697,0.0148
m,0.743051692,136.97,0.0147
m,0.747686807,138.188,0.0147
m,0.752325114,142.163,0.0147
m,0.756674141,135.314,0.0145
m,0.783100444,137.276,0.0145
m,0.787908984,135.471,0.0145
m,0.7930179,141.781,0.0144
m,0.80312315,139.701,0.0144
m,0.80312315,139.554,0.0144
m,0.843061663,134.698,0.0142
m,0.847899783,138.534,0.0142
m,0.85288735,137.693,0.0142
m,0.857729623,134.874,0.0142
m,0.889070448,138.757,0.0141
m,0.893264461,143.294,0.0141
m,0.897642393,139.782,0.0142
m,0.907142429,144.424,0.0141
m,0.911818402,148.762,0.0142
m,0.936957339,146.393,0.0142
m,0.941016988,142.233,0.0142
m,0.945224304,139.292,0.0142
m,0.949577509,141.92,0.0143
m,0.954119877,144.867,0.0143
m,0.983381946,140.377,0.0144
m,0.992525815,148.547,0.0144
m,0.997224932,141.321,0.0144
m,1.002114809,140.32,0.0143
m,0.654597767,140.466,0.0145
m,0.65914283,137.314,0.0146
m,0.66854429,136.152,0.0147
m,0.673422055,135.04,0.0147
m,0.678303943,137.829,0.0147
m,0.707159012,142.934,0.0146
m,0.711768972,136.016,0.0146
m,0.716679842,142.658,0.0146
m,0.722061485,135.084,0.0148
m,0.72745128,135.277,0.0148
m,0.760845096,144.893,0.0145
m,0.769461329,139.735,0.0145
m,0.773817583,138.233,0.0145
m,0.778442601,145.517,0.0145
m,0.813271799,138.963,0.0144
m,0.818424349,139.362,0.0144
m,0.823398769,136.524,0.0144
m,0.828377287,144.679,0.0143
m,0.833242523,136.497,0.0143
m,0.862573944,140.596,0.0142
m,0.867238972,136.835,0.0141
m,0.876312157,138.859,0.0141
m,0.876312157,137.265,0.0141
m,0.884877649,145.176,0.0141
m,0.916352368,147.594,0.0141
m,0.920661952,145.417,0.0141
m,0.925011001,142.149,0.0141
m,0.933086282,135.172,0.0141
m,0.962605593,143.293,0.0144
m,0.962603986,153.524,0.0145
m,0.970800987,147.883,0.0145
m,0.974868113,142.402,0.0145
m,0.978937801,142.497,0.0144
m,1.007191277,141.482,0.0144
m,1.012126431,145.699,0.0143
m,1.01720774,133.459,0.0143
m,1.027247128,132.647,0.0142
m,1.031867532,143.078,0.0142
m,1.035818079,140.88,0.0142
m,1.038514938,138.795,0.0142
m,1.039666263,138.108,0.0142
m,1.03995803,138.736,0.0142
m,1.03995803,137.648,0.0142
s,1.039764284,138.821,0.0145
s,1.039618392,137.572,0.0145
s,1.039573567,138.145,0.0146
s,1.03942767,138.501,0.0146
s,1.039382877,138.342,0.0147
s,1.039046311,138.479,0.0148
s,1.038857128,138.301,0.0148
s,1.038857128,138.367,0.0148
s,1.038900405,138.371,0.0148
s,1.038751614,138.504,0.015
s,1.038751614,138.607,0.015
s,1.03860571,138.403,0.015
s,1.038604279,138.488,0.0151
s,1.03860571,138.519,0.015
s,1.038504581,138.564,0.0149
s,1.038360141,138.493,0.0148
s,1.038360141,138.464,0.0148
s,1.038360141,138.53,0.0148
s,1.038360141,138.651,0.0148
s,1.038360141,138.557,0.0148
s,1.038360141,138.751,0.0148
s,1.038316802,138.482,0.0148
s,1.038169456,138.296,0.0149
s,1.038168014,138.281,0.015
s,1.038211355,138.74,0.015
s,1.038211355,138.456,0.015
s,1.038211355,138.513,0.015
s,1.038211355,138.613,0.015
s,1.038211355,137.936,0.015
s,1.038211355,138.576,0.015
s,1.038065462,138.946,0.015
s,1.038065462,138.481,0.015
s,1.038065462,140.352,0.015
m,1.039812148,138.39,0.0142
m,1.039810642,137.435,0.0143
s,1.039767268,137.939,0.0143
s,1.039767268,136.673,0.0143
s,1.039382877,138.253,0.0147
s,1.039193682,138.392,0.0147
s,1.039193682,138.336,0.0147
s,1.039047771,138.294,0.0147
s,1.039047771,138.399,0.0147
s,1.038857128,138.495,0.0148
s,1.038857128,138.552,0.0148
s,1.038857128,138.541,0.0148
s,1.038855678,138.565,0.0149
s,1.038855678,138.616,0.0149
s,1.038459812,138.479,0.015
s,1.038459812,138.456,0.015
s,1.038315351,138.589,0.0149
s,1.03835869,138.607,0.0149
s,1.038360141,138.573,0.0148
s,1.038360141,138.718,0.0148
s,1.038360141,138.584,0.0148
s,1.038360141,138.595,0.0148
s,1.038316802,138.39,0.0148
s,1.038169456,138.029,0.0149
s,1.038169456,138.806,0.0149
s,1.038211355,137.876,0.015
s,1.038168014,138.183,0.015
s,1.038168014,138.32,0.015
s,1.038065462,138.743,0.015
s,1.038064029,138.553,0.0151
s,1.038064029,138.864,0.0151
s,1.038064029,138.364,0.0151
s,1.038065462,137.988,0.015
s,1.038065462,138.201,0.015
s,1.038066903,138.826,0.0149
s,1.038066903,138.832,0.0149
s,1.038066903,137.999,0.0149
s,1.038066903,138.264,0.0149
s,1.037877663,138.596,0.0149
s,1.037877663,139.066,0.0149
s,1.037731767,138.211,0.0149
s,1.037834335,138.573,0.0149
s,1.037835786,138.277,0.0148
s,1.037835786,138.651,0.0148
s,1.037835786,138.065,0.0148
s,1.0377925,137.435,0.0148
s,1.037646591,138.493,0.0148
s,1.037646591,138.48,0.0148
s,1.037646591,138.629,0.0148
s,1.037646591,138.444,0.0148
s,1.037646591,138.357,0.0148
s,1.037795432,137.745,0.0146
s,1.037795432,138.543,0.0146
s,1.03775365,138.871,0.0145
s,1.03775365,139.01,0.0145
s,1.03800375,142.854,0.0144
s,1.03800525,137.508,0.0143
s,1.03800525,139.616,0.0143
s,1.038194384,139.663,0.0143
s,1.038194384,137.951,0.0143
s,1.038298602,138.97,0.0142
s,1.038298602,138.482,0.0142
s,1.038298602,138.755,0.0142
s,1.038298602,138.482,0.0142
s,1.038298602,138.659,0.0142
s,1.038402884,138.673,0.0141
s,1.038548816,138.034,0.0141
s,1.038591967,138.581,0.0141
s,1.038590449,140.812,0.0142
s,1.038591967,138.464,0.0141
s,1.038633646,138.582,0.0142
s,1.038633646,138.634,0.0142
s,1.038633646,138.63,0.0142
s,1.038633646,138.506,0.0142
s,1.037731767,139.313,0.0149
s,1.037733218,139.529,0.0148
s,1.037733218,139.021,0.0148
s,1.037689884,138.862,0.0148
s,1.037689884,138.493,0.0148
s,1.0377925,140.201,0.0148
s,1.0377925,138.543,0.0148
s,1.0377925,138.171,0.0148
s,1.0377925,138.549,0.0148
s,1.037646591,138.514,0.0148
s,1.037648053,138.4,0.0147
s,1.037793961,138.216,0.0147
s,1.037793961,138.585,0.0147
s,1.037648053,138.361,0.0147
s,1.037755141,137.396,0.0144
s,1.037755141,138.211,0.0144
s,1.037902555,138.82,0.0143
s,1.037901056,138.498,0.0144
s,1.038046967,138.322,0.0144
s,1.038152686,146.378,0.0142
s,1.038152686,138.014,0.0142
s,1.038152686,139.545,0.0142
s,1.038152686,139.738,0.0142
s,1.038444531,138.644,0.0142
s,1.038444531,138.359,0.0142
s,1.038444531,138.592,0.0142
s,1.03844605,138.554,0.0141
s,1.038402884,138.721,0.0141
s,1.038736381,139.26,0.0142
s,1.038736381,138.96,0.0142
s,1.038736381,138.32,0.0142
s,1.038590449,138.858,0.0142
s,1.038591967,138.4,0.0141
s,1.03877806,138.601,0.0143
s,1.03877806,138.536,0.0143
s,1.038821275,138.514,0.0143
s,1.038821275,138.512,0.0143
s,1.038864523,138.415,0.0143
s,1.039011942,138.544,0.0142
s,1.039053705,138.488,0.0143
s,1.039199615,138.415,0.0143
s,1.039198118,138.462,0.0144
s,1.039533215,138.488,0.0144
s,1.039533215,139.161,0.0144
s,1.039534712,138.255,0.0143
s,1.03957803,138.262,0.0143
s,1.039433641,138.377,0.0142
s,1.039435158,138.393,0.0141
s,1.039289263,138.486,0.0141
s,1.039289263,138.399,0.0141
s,1.039289263,138.446,0.0141
s,1.039331109,138.324,0.0142
s,1.039329602,138.49,0.0143
s,1.039183714,138.422,0.0143
s,1.039183714,138.524,0.0143
s,1.039228624,138.393,0.0142
s,1.039085788,138.533,0.014
s,1.039085788,138.585,0.014
s,1.039087324,138.506,0.0139
s,1.039087324,138.504,0.0139
s,1.038942988,138.429,0.0138
s,1.038944544,138.323,0.0137
s,1.038797119,138.573,0.0138
s,1.038798676,137.995,0.0137
s,1.038798676,138.291,0.0137
s,1.03846664,138.296,0.0135
s,1.038468225,138.407,0.0134
s,1.038469821,138.385,0.0133
s,1.038323942,138.411,0.0133
m,1.038323942,138.382,0.0133
m,1.038662336,134.543,0.0131
m,1.04437679,143.643,0.0131
m,1.048503339,136.045,0.0131
m,1.052922547,140.904,0.0131
s,1.039387312,138.562,0.0144
s,1.039387312,139.138,0.0144
s,1.039387312,139.427,0.0144
s,1.039533215,139.347,0.0144
s,1.039533215,138.784,0.0144
s,1.03957803,138.513,0.0143
s,1.039579537,138.437,0.0142
s,1.039433641,138.304,0.0142
s,1.039433641,138.38,0.0142
s,1.039433641,138.441,0.0142
s,1.039289263,138.501,0.0141
s,1.039141857,138.453,0.0142
s,1.039185222,138.49,0.0142
s,1.039185222,138.439,0.0142
s,1.039228624,138.442,0.0142
s,1.039228624,138.358,0.0142
s,1.039084261,138.439,0.0141
s,1.039085788,138.49,0.014
s,1.039085788,138.562,0.014
s,1.03908887,138.571,0.0138
s,1.038942988,138.556,0.0138
s,1.038942988,138.41,0.0138
s,1.038942988,139.5,0.0138
s,1.038942988,137.844,0.0138
s,1.038800241,138.088,0.0136
s,1.038800241,138.612,0.0136
s,1.03861094,138.007,0.0136
s,1.038612516,138.112,0.0135
m,1.038323942,138.406,0.0133
m,1.03817967,138.203,0.0132
m,1.03817967,138.792,0.0132
m,1.038181285,138.138,0.0131
m,1.038327162,142.553,0.0131
m,1.057490064,136.013,0.013
m,1.061911186,138.062,0.013
m,1.066288764,137.542,0.013
m,1.074663525,143.477,0.0131
m,1.074663525,137.285,0.0131
m,1.082648313,140.599,0.0132
m,1.08654862,135.65,0.0131
m,1.090302381,139.061,0.0131
m,1.094055155,140.704,0.0132
m,1.097763006,139.218,0.0133
m,1.122129308,137.763,0.0135
m,1.126225016,138.774,0.0135
m,1.135528275,139.087,0.0135
m,1.135526835,136.683,0.0136
m,1.145360992,141.246,0.0137
m,1.178991651,138.287,0.0138
m,1.183916096,136.161,0.0138
m,1.188696471,137.139,0.0138
m,1.193429286,137.446,0.0138
m,1.225702995,141.212,0.0141
m,1.230295809,142.098,0.0141
m,1.234938752,145.642,0.0141
m,1.243839687,142.324,0.014
m,1.248147213,142.762,0.0139
m,1.275436804,144.171,0.0137
m,1.280087509,145.357,0.0136
m,1.284879491,141.369,0.0138
m,1.294365944,136.662,0.014
m,1.298813466,137.785,0.014
m,1.321250538,153.485,0.0143
m,1.321979803,155.333,0.0143
m,1.322823339,157.693,0.0144
m,1.323687057,166.923,0.0144
m,1.330641479,158.657,0.0141
m,1.331655959,160.848,0.014
m,1.332499895,152.137,0.0141
m,1.33355099,154.958,0.0141
m,1.335783167,149.947,0.0143
m,1.341472265,152.394,0.0139
m,1.343523158,148.359,0.0138
m,1.34463015,152.401,0.0137
m,1.345570806,156.626,0.0138
m,1.346678131,149.593,0.0138
m,1.105419514,137.741,0.0133
m,1.109510977,147.12,0.0134
m,1.113795973,140.49,0.0134
m,1.118035721,140.215,0.0134
m,1.150135011,142.403,0.0137
m,1.154862637,139.789,0.0137
m,1.159399795,138.81,0.0136
m,1.169339319,142.797,0.0137
m,1.174068027,137.637,0.0138
m,1.198016527,137.072,0.0139
m,1.202749195,137.966,0.014
m,1.207337692,136.352,0.0141
m,1.216663848,142.506,0.0141
m,1.22125675,139.332,0.014
m,1.256900106,150.593,0.0139
m,1.261496757,149.56,0.0139
m,1.266043607,145.205,0.0139
m,1.270692935,144.437,0.0138
m,1.298814692,147.434,0.0139
m,1.30704675,148.219,0.0139
m,1.311172535,144.081,0.014
m,1.315048694,148.609,0.0142
m,1.318199955,159.988,0.0143
m,1.324522843,151.021,0.0145
m,1.326536421,157.851,0.0145
m,1.327666635,151.569,0.0144
m,1.328771539,154.25,0.0143
m,1.328772714,162.506,0.0142
m,1.336963912,152.548,0.0143
m,1.338199964,149.037,0.0141
m,1.339338875,159.114,0.014
m,1.34034736,146.91,0.0136
m,1.349180506,147.559,0.0138
m,1.352260959,144.364,0.0141
m,1.353820023,152.224,0.0142
m,1.355431595,143.992,0.0141
m,1.358324425,147.078,0.0139
m,1.358323254,143.314,0.014
m,1.361240671,145.806,0.0139
m,1.362926833,142.561,0.014
m,1.364510816,146.787,0.014
m,1.376871383,151.521,0.0139
m,1.378498037,148.515,0.0139
m,1.380027355,142.242,0.0139
m,1.381403273,145.674,0.014
m,1.382928704,144.129,0.014
m,1.395366732,150.556,0.0141
m,1.397326688,140.662,0.014
m,1.398988152,152.616,0.0143
m,1.400681327,152.189,0.0142
m,1.402390474,144.45,0.0141
m,1.414562143,153.156,0.014
m,1.416256226,139.156,0.014
m,1.418112391,168.093,0.0139
m,1.41982833,149.191,0.0139
m,1.434097239,145.348,0.0137
m,1.435909523,145.539,0.0138
m,1.435910644,147.79,0.0137
m,1.439417744,144.013,0.0137
m,1.453040432,143.905,0.0132
m,1.454967427,155.867,0.0131
m,1.457054349,151.99,0.0131
m,1.459159296,145.015,0.0131
m,1.461277388,152.606,0.013
m,1.474590201,145.224,0.0132
m,1.476792783,137.829,0.0132
m,1.481407179,153.38,0.0132
m,1.483820972,146.684,0.0132
m,1.486248254,139.791,0.0132
m,1.501672548,147.857,0.0132
m,1.506521996,161.836,0.0131
m,1.509028758,146.824,0.0131
m,1.51124551,153.128,0.0133
m,1.366238685,154.229,0.0142
m,1.368162891,143.7,0.0141
m,1.37181444,147.063,0.014
m,1.373369298,150.741,0.014
m,1.375111227,153.511,0.014
m,1.38604434,142.568,0.014
m,1.387768285,144.549,0.014
m,1.389508721,144.41,0.014
m,1.391388865,140.83,0.014
m,1.404114422,149.85,0.0141
m,1.406012222,151.806,0.0141
m,1.409557497,147.95,0.0142
m,1.40955861,148.137,0.0141
m,1.412879044,146.989,0.014
m,1.423435806,150.624,0.0138
m,1.425183599,147.57,0.0138
m,1.426944292,154.447,0.0137
m,1.428717818,154.571,0.0136
m,1.430499731,143.856,0.0137
m,1.441264669,148.333,0.0135
m,1.443127717,146.902,0.0133
m,1.444998644,148.618,0.0132
m,1.448925416,144.052,0.0133
m,1.451129526,143.994,0.0133
m,1.466022725,142.801,0.013
m,1.46602158,139.501,0.0131
m,1.470519688,147.485,0.0132
m,1.472549079,154.528,0.0132
m,1.488838596,136.385,0.0132
m,1.491427593,144.659,0.0132
m,1.493894331,150.37,0.0132
m,1.496523827,137.684,0.0132
m,1.501672548,136.834,0.0132
m,1.513607504,158.494,0.0131
m,1.518526977,151.737,0.013
m,1.520808793,148.956,0.013
m,1.523383695,154.238,0.0126
m,1.525815553,154.991,0.0126
m,1.525817823,146.715,0.0124
m,1.530689183,146.124,0.0125
m,1.53332511,161.548,0.0124
m,1.535993676,148.8,0.0125
m,1.53852453,142.444,0.0127
m,1.555018097,139.319,0.0126
m,1.557784617,140.965,0.0125
m,1.560682894,139.964,0.0124
m,1.566064134,139.944,0.0124
m,1.566064134,157.394,0.0124
m,1.587506219,136.411,0.0118
m,1.590370898,135.393,0.0116
m,1.593276026,146.27,0.0117
m,1.596194358,141.658,0.0116
m,1.617204926,152.104,0.012
m,1.620130054,153.108,0.0121
m,1.622839113,145.478,0.0123
m,1.625449507,142.409,0.0123
m,1.646239035,133.398,0.0125
m,1.649374675,138.422,0.0128
m,1.65248047,143.616,0.0129
m,1.659016231,155.263,0.0128
m,1.662297908,145.938,0.0128
m,1.681698812,156.854,0.0126
m,1.6849026,149.621,0.0125
m,1.688019807,151.942,0.0125
m,1.691192398,143.19,0.0125
m,1.694422535,149.497,0.0124
m,1.718347154,145.665,0.0125
m,1.721844352,155.067,0.0125
m,1.725402794,146.56,0.0125
m,1.732209362,147.847,0.0125
m,1.752702067,152.245,0.0129
m,1.759377295,157.477,0.0127
m,1.762383795,151.176,0.0126
m,1.765595827,170.364,0.0126
m,1.768615599,158.154,0.0126
m,1.543926953,139.247,0.0125
m,1.546792569,146.424,0.0126
m,1.549521455,143.445,0.0127
m,1.552290084,140.453,0.0127
m,1.571488856,136.969,0.0123
m,1.574111804,145.272,0.0123
m,1.576776487,146.276,0.0122
m,1.579274465,143.603,0.0119
m,1.584652783,138.1,0.0119
m,1.599123553,153.369,0.0115
m,1.602241606,147.21,0.0118
m,1.605484991,145.382,0.0119
m,1.608628917,161.87,0.0119
m,1.614397265,151.818,0.012
m,1.631173733,146.725,0.0123
m,1.634141325,139.96,0.0123
m,1.637303155,138.469,0.0124
m,1.637304221,141.386,0.0123
m,1.643299776,135.329,0.0124
m,1.665589042,145.16,0.0128
m,1.668743971,150.946,0.0128
m,1.671953708,144.623,0.0128
m,1.675274508,146.53,0.0127
m,1.69761215,142.709,0.0124
m,1.700859001,140.422,0.0124
m,1.707962819,140.969,0.0124
m,1.711431167,140.647,0.0125
m,1.714859314,143.921,0.0125
m,1.735690262,146.617,0.0126
m,1.735689276,145.463,0.0127
m,1.742497712,148.655,0.0128
m,1.746005266,149.502,0.0128
m,1.749376619,159.808,0.0129
m,1.771841358,160.954,0.0127
m,1.77487332,159.664,0.0129
m,1.781562126,155.905,0.0131
m,1.78481645,163.865,0.0133
m,1.788221224,158.931,0.0134
m,1.791574546,156.987,0.0134
m,1.794851854,160.115,0.0134
m,1.798133604,152.503,0.0137
m,1.801627492,164.419,0.0137
m,1.826430289,148.585,0.0143
m,1.830045064,150.739,0.0145
m,1.833809575,148.594,0.0146
m,1.837377741,152.012,0.0146
m,1.863320384,162.537,0.0145
m,1.866944342,151.603,0.0145
m,1.874077217,150.811,0.0146
m,1.874078027,146.175,0.0145
m,1.881027738,148.256,0.0146
m,1.898053768,166.069,0.0146
m,1.905012963,151.711,0.0146
m,1.908569988,154.071,0.0146
m,1.908570783,162.894,0.0145
m,1.915562487,156.123,0.0144
m,1.936588913,167.812,0.0142
m,1.943376839,163.019,0.0143
m,1.943376049,152.145,0.0144
m,1.950256552,154.161,0.0144
m,1.974312033,160.8,0.0145
m,1.977905627,157.756,0.0145
m,1.981580521,153.167,0.0145
m,1.989009801,157.946,0.0143
m,1.992915348,161.906,0.0143
m,2.012221689,148.431,0.0144
m,2.01565615,152.808,0.0143
m,2.022730421,151.875,0.0143
m,2.026393541,152.902,0.0142
m,2.029981447,155.959,0.0142
s,2.042220587,153.009,0.0143
s,2.042219837,153.257,0.0144
s,2.042219837,153.473,0.0144
s,2.042083855,153.458,0.0145
m,1.808373947,158.15,0.0137
m,1.811888927,161.066,0.0138
m,1.815410495,162.015,0.014
m,1.81908172,156.483,0.0141
m,1.822822674,155.397,0.0142
m,1.844611441,161.128,0.0146
m,1.848265468,156.005,0.0146
m,1.852002289,151.653,0.0146
m,1.855811568,152.136,0.0146
m,1.859421988,148.943,0.0146
m,1.884407874,162.243,0.0146
m,1.887862107,160.162,0.0146
m,1.89139303,160.306,0.0146
m,1.894720936,160.049,0.0146
m,1.918997291,168.925,0.0143
m,1.922366854,167.624,0.0141
m,1.926088788,170.306,0.014
m,1.92953812,163.321,0.014
m,1.93313089,154.207,0.014
m,1.953530214,156.309,0.0143
m,1.956733726,157.322,0.0143
m,1.960016454,150.73,0.0142
m,1.967006146,165.583,0.0142
m,1.970587413,159.303,0.0144
m,1.996828651,156.114,0.0141
m,2.000805571,160.137,0.0141
m,2.004729201,148.051,0.0141
m,2.008579441,150.007,0.0143
m,2.033358633,156.521,0.0142
m,2.036173891,151.866,0.0142
m,2.03853707,154.207,0.0142
m,2.040525716,153.341,0.0143
m,2.041843569,152.775,0.0144
s,2.042083855,153.733,0.0145
s,2.042028994,153.524,0.0145
s,2.042028253,152.987,0.0146
s,2.042027517,153.191,0.0147
s,2.042107905,153.331,0.0147
s,2.042107905,152.785,0.0147
s,2.042322801,153.048,0.0148
s,2.042322801,153.017,0.0148
s,2.042403214,152.812,0.0148
s,2.042402489,153.337,0.0149
s,2.042403214,152.59,0.0148
s,2.042402489,153.175,0.0149
s,2.042402489,153.127,0.0149
s,2.042403214,153.406,0.0148
s,2.042322075,153.324,0.0149
s,2.041730081,153.08,0.0149
s,2.041730081,154.209,0.0149
s,2.041649727,153.84,0.0149
s,2.041434137,154.023,0.0149
s,2.040762796,153.463,0.0148
s,2.040627525,153.63,0.0148
s,2.040493726,153.673,0.0146
s,2.040413438,153.571,0.0146
s,2.040197892,153.538,0.0146
s,2.039983091,153.228,0.0145
s,2.039767555,152.961,0.0145
s,2.039767555,152.994,0.0145
s,2.039687309,153.228,0.0145
s,2.039821852,153.018,0.0146
s,2.039795247,153.089,0.0148
s,2.039849631,152.434,0.0149
s,2.039849631,153.321,0.0149
s,2.039849631,152.943,0.0149
s,2.039984219,153.235,0.015
s,2.039903333,153.292,0.0151
s,2.039983502,153.126,0.0151
s,2.03998279,152.718,0.0152
s,2.039982083,152.994,0.0153
s,2.039979991,153.106,0.0156
s,2.039979991,152.706,0.0156
s,2.039979304,152.605,0.0157
s,2.039843312,153.152,0.0158
s,2.039843312,152.826,0.0158
s,2.042267274,152.855,0.0149
s,2.042347702,153.214,0.0149
s,2.042267274,152.983,0.0149
s,2.042402489,153.175,0.0149
s,2.042186855,152.668,0.0149
s,2.042051634,152.742,0.0149
s,2.041971225,153.002,0.0149
s,2.041890832,153.026,0.0149
s,2.041890832,152.9,0.0149
s,2.041353804,153.197,0.0149
s,2.041353804,152.475,0.0149
s,2.041058645,153.067,0.0148
s,2.041058645,152.853,0.0148
s,2.040843081,153.621,0.0148
s,2.040197892,153.344,0.0146
s,2.039983091,153.081,0.0145
s,2.039983091,153.164,0.0145
s,2.039983091,153.228,0.0145
s,2.039821852,153.458,0.0146
s,2.039741627,153.411,0.0146
s,2.039741627,153.366,0.0146
s,2.039876185,153.593,0.0147
s,2.039795979,153.155,0.0147
s,2.039984941,153.21,0.0149
s,2.039984219,153.039,0.015
s,2.039984219,153.43,0.015
s,2.039984219,152.794,0.015
s,2.039984219,153.199,0.015
s,2.039981381,152.801,0.0154
s,2.039981381,153.287,0.0154
s,2.039980684,152.957,0.0155
s,2.039979991,153.076,0.0156
s,2.039707324,152.973,0.0159
s,2.039787523,153.089,0.0159
s,2.03965155,152.897,0.016
s,2.039650219,152.531,0.0162
s,2.03973043,152.345,0.0162
s,2.039594479,152.445,0.0163
s,2.039593826,153.212,0.0164
s,2.039457884,152.954,0.0165
s,2.039457884,153.014,0.0165
s,2.039534339,153.078,0.0171
s,2.039534339,153.311,0.0171
s,2.039533725,153.076,0.0172
s,2.039668401,152.871,0.0173
s,2.039667797,153.2,0.0174
s,2.03980189,153.247,0.0176
s,2.039721663,153.31,0.0176
s,2.039721074,153.977,0.0177
s,2.039856369,152.68,0.0177
s,2.039855785,153.656,0.0178
s,2.040069577,154.175,0.0181
s,2.040069577,153.548,0.0181
s,2.040069012,153.405,0.0182
s,2.040068452,153.924,0.0183
s,2.040336856,153.5,0.0187
s,2.04033632,153.79,0.0188
s,2.040471619,153.408,0.0188
s,2.040391417,153.218,0.0188
s,2.040391417,152.345,0.0188
s,2.040527799,152.995,0.0186
s,2.040527799,153.049,0.0186
s,2.040663107,153.236,0.0186
s,2.040663107,152.984,0.0186
s,2.040743847,152.984,0.0185
s,2.040798965,153.01,0.0185
s,2.040798965,153.315,0.0185
s,2.040799515,153.161,0.0184
s,2.040799515,153.216,0.0184
s,2.040799515,153.02,0.0184
s,2.040799515,153.625,0.0184
s,2.040799515,153.77,0.0184
s,2.040799515,153.667,0.0184
s,2.041015011,153.437,0.0184
s,2.039456602,153.019,0.0167
s,2.039401558,153.006,0.0167
s,2.039400924,153.144,0.0168
s,2.039399671,152.921,0.017
s,2.039399671,152.676,0.017
s,2.039667797,153.392,0.0174
s,2.039667198,153.611,0.0175
s,2.039667198,153.948,0.0175
s,2.03980189,153.074,0.0176
s,2.039991083,153.254,0.0178
s,2.039855785,153.543,0.0178
s,2.039855205,153.76,0.0179
s,2.039989928,153.882,0.018
s,2.039989928,153.633,0.018
s,2.040067897,152.848,0.0184
s,2.04014758,153.594,0.0185
s,2.040282324,153.24,0.0186
s,2.040202097,153.5,0.0186
s,2.040337396,153.491,0.0186
s,2.040391417,153.645,0.0188
s,2.040391952,153.015,0.0187
s,2.040527259,152.772,0.0187
s,2.040527799,152.609,0.0186
s,2.040879154,153.491,0.0185
s,2.040879154,153.032,0.0185
s,2.040879154,153.322,0.0185
s,2.040879154,153.223,0.0185
s,2.040879154,153.15,0.0185
s,2.040799515,153.212,0.0184
s,2.040934828,153.356,0.0184
s,2.040934828,152.956,0.0184
s,2.040799515,153.658,0.0184
s,2.040799515,153.332,0.0184
s,2.041015566,153.38,0.0183
s,2.041015566,153.656,0.0183
s,2.041015566,153.685,0.0183
s,2.041016126,153.235,0.0182
s,2.041016126,153.325,0.0182
s,2.040880818,153.429,0.0182
s,2.040880818,153.424,0.0182
s,2.040880818,152.842,0.0182
s,2.040881383,153.512,0.0181
s,2.040880818,153.165,0.0182
s,2.040745511,153.693,0.0182
s,2.040745511,153.622,0.0182
s,2.040745511,165.521,0.0182
s,2.049798883,148.387,0.0178
s,2.056735821,144.974,0.0178
s,2.060278193,148.294,0.0177
s,2.063691416,153.72,0.0173
s,2.066890352,149.079,0.0172
s,2.087678458,169.726,0.0172
s,2.091422163,162.628,0.0171
s,2.095304948,153.44,0.0169
s,2.103615955,160.862,0.0169
s,2.103617177,152.307,0.0167
s,2.139747758,146.02,0.0163
s,2.143673979,149.101,0.0163
s,2.151804655,155.585,0.0162
s,2.155962305,153.291,0.0162
s,2.182452569,151.527,0.016
s,2.186110978,149.131,0.0159
s,2.186110353,149.112,0.016
s,2.194610172,150.249,0.0161
s,2.198791853,149.741,0.0158
s,2.220649385,149.746,0.0153
s,2.224101395,145.612,0.0152
s,2.227603565,150.095,0.0151
s,2.231197221,154.301,0.015
s,2.23826433,151.256,0.0149
s,2.258781317,155.457,0.0145
s,2.265599777,149.471,0.0145
s,2.268973172,153.031,0.0144
s,2.272300448,147.195,0.0143
s,2.040881383,153.568,0.0181
s,2.040881383,153.016,0.0181
s,2.040881383,152.632,0.0181
s,2.040881383,153.061,0.0181
s,2.040881383,153.233,0.0181
s,2.040880259,155.144,0.0183
s,2.041095759,152.303,0.0183
s,2.041903333,152.522,0.0182
s,2.046508562,151.016,0.0181
s,2.049797168,149.003,0.0181
s,2.07356703,155.769,0.0172
s,2.076776807,147.026,0.0171
s,2.080340958,158.052,0.0171
s,2.08393995,161.82,0.0172
s,2.112963192,154.591,0.0167
s,2.117836574,152.749,0.0165
s,2.122713342,157.65,0.0164
s,2.127326954,155.283,0.0164
s,2.135777684,155.231,0.0164
s,2.16016905,157.364,0.0163
s,2.164115233,156.316,0.0163
s,2.167978522,149.281,0.0162
s,2.171712502,151.107,0.0162
s,2.175318666,159.524,0.0161
s,2.202707356,161.778,0.0155
s,2.206401907,147.944,0.0155
s,2.213626794,146.434,0.0154
s,2.217069382,149.408,0.0154
s,2.241652356,150.763,0.0148
s,2.241653019,149.239,0.0147
s,2.248660327,155.415,0.0147
s,2.252146632,150.528,0.0147
s,2.255420103,155.856,0.0145
s,2.275546669,149.909,0.0143
s,2.278880006,151.061,0.0143
s,2.281948413,149.387,0.0143
s,2.288228212,145.115,0.0143
s,2.291305418,147.929,0.0143
s,2.291305418,146.778,0.0143
s,2.297789552,145.832,0.0143
s,2.301144878,148.132,0.0143
s,2.304422111,146.96,0.0142
s,2.307649205,152.744,0.0142
s,2.327617863,158.092,0.0141
s,2.330921226,154.516,0.0142
s,2.338216665,156.218,0.0142
s,2.341802316,167.059,0.0142
s,2.341802316,153.373,0.0142
s,2.369103422,153.999,0.0142
s,2.372388954,153.645,0.0142
s,2.375677217,148.169,0.0142
s,2.378831893,150.378,0.0142
s,2.402185347,157.71,0.0142
s,2.405498569,164.328,0.0142
s,2.408814406,160.092,0.0142
s,2.411920124,162.537,0.0142
s,2.418153681,165.7,0.0142
s,2.435610009,154.876,0.0144
s,2.438537505,166.641,0.0144
s,2.445288349,157.845,0.0144
s,2.448699835,156.41,0.0144
s,2.452187842,160.247,0.0144
s,2.471521454,158.521,0.0141
s,2.477842469,154.122,0.0141
s,2.481279856,155.318,0.0141
s,2.484720091,169.955,0.0141
s,2.509508138,158.375,0.0142
s,2.512831578,160.92,0.0142
s,2.516018785,163.811,0.0142
s,2.519416363,170.989,0.0144
s,2.522816823,155.827,0.0145
s,2.542853091,150.963,0.0146
s,2.546411019,152.162,0.0146
s,2.554163157,142.563,0.0145
s,2.557938259,141.839,0.0145
s,2.557938259,146.214,0.0145
s,2.314030963,151.441,0.0142
s,2.317456541,151.992,0.0141
s,2.320939225,149.541,0.0141
s,2.324236573,158.841,0.0141
s,2.348793228,150.07,0.0141
s,2.352197098,152.865,0.0141
s,2.355603908,150.602,0.0141
s,2.359013655,148.772,0.0141
s,2.362347804,149.434,0.0141
s,2.381989147,155.404,0.0142
s,2.385345258,157.947,0.0141
s,2.388703278,151.072,0.0142
s,2.392141954,153.844,0.0142
s,2.398951207,158.907,0.0142
s,2.421205465,155.303,0.0142
s,2.427115702,158.619,0.0143
s,2.430036177,156.576,0.0144
s,2.432822064,151.08,0.0144
s,2.455614025,158.171,0.0144
s,2.458831836,163.687,0.0143
s,2.462052602,156.708,0.0141
s,2.465274441,158.812,0.0141
s,2.471521454,163.838,0.0141
s,2.488373289,156.165,0.0141
s,2.492096582,154.71,0.014
s,2.499412535,149.591,0.014
s,2.502867023,162.405,0.014
s,2.506255796,158.517,0.0141
s,2.529417244,147.782,0.0145
s,2.532824787,154.102,0.0145
s,2.536165196,151.8,0.0145
s,2.539508166,147.814,0.0145
s,2.565145914,149.18,0.0145
s,2.568716893,151.309,0.0146
s,2.57215037,145.453,0.0147
s,2.575520271,146.475,0.0145
s,2.582119512,143.111,0.0145
s,2.585282208,146.407,0.0145
s,2.588306819,159.236,0.0145
s,2.59147327,156.496,0.0145
s,2.594782272,157.889,0.0144
s,2.61982939,169.671,0.0147
s,2.623229572,152.849,0.0147
s,2.626287061,157.118,0.0145
s,2.629410786,153.598,0.0145
s,2.635611992,156.05,0.0144
m,2.65105722,146.307,0.0144
m,2.653198226,159.707,0.0145
m,2.654558281,160.163,0.0145
m,2.655981696,161.723,0.0146
m,2.656482274,154.879,0.0146
m,2.667334392,153.1,0.0148
m,2.667334392,148.729,0.0148
m,2.670662457,149.863,0.0149
m,2.672157668,150.394,0.0149
m,2.682560025,158.608,0.0149
m,2.683855406,155.225,0.0149
m,2.685013708,149.789,0.0149
m,2.686116436,149.566,0.0149
m,2.687224285,152.815,0.0149
m,2.69349237,147.275,0.015
m,2.694233921,150.252,0.0151
m,2.695192156,155.625,0.0151
m,2.695523902,159.347,0.0151
m,2.695718828,163.057,0.015
m,2.693685602,151.177,0.0146
m,2.692934012,142.458,0.0146
m,2.69219024,142.118,0.0145
m,2.691453195,148.128,0.0145
m,2.687626716,163.049,0.0144
m,2.687152869,157.754,0.0144
m,2.686776671,162.569,0.0143
m,2.686456984,162.246,0.0144
m,2.68553638,169.89,0.0144
s,2.598513061,153.195,0.0144
s,2.602178749,158.22,0.0146
s,2.605913644,157.911,0.0147
s,2.609651348,155.32,0.0147
s,2.616506344,162.695,0.0147
s,2.638895165,150.408,0.0144
s,2.642104739,153.365,0.0144
s,2.642104739,151.905,0.0144
m,2.64826272,151.211,0.0144
m,2.656982353,157.752,0.0147
m,2.657623522,153.448,0.0148
m,2.658766123,152.912,0.0148
m,2.660692095,155.587,0.0148
m,2.665296712,147.105,0.0148
m,2.673389451,149.303,0.0149
m,2.674624165,147.282,0.0149
m,2.676003299,146.995,0.0149
m,2.679294979,150.019,0.0148
m,2.680924928,158.759,0.0149
m,2.688396465,155.855,0.015
m,2.690696524,143.942,0.015
m,2.691539796,141.883,0.015
m,2.692613762,140.18,0.015
m,2.695861479,161.947,0.015
m,2.695667935,159.687,0.0149
m,2.695424497,167.072,0.0147
m,2.695043497,167.584,0.0147
m,2.694668914,161.186,0.0147
m,2.690831808,150.305,0.0145
m,2.69016266,143.006,0.0145
m,2.689094999,147.777,0.0145
m,2.688551756,150.166,0.0145
m,2.688552313,158.682,0.0144
m,2.684987416,154.7,0.0144
m,2.684496006,164.858,0.0143
m,2.683959198,152.89,0.0143
m,2.683959198,156.163,0.0143
m,2.682803764,158.094,0.0144
m,2.682286169,169.296,0.0144
m,2.681774805,156.985,0.0144
m,2.681269676,149.13,0.0144
m,2.680518991,154.085,0.0143
m,2.678624121,142.218,0.0144
m,2.67812036,141.519,0.0144
m,2.67812036,141.976,0.0144
m,2.677885056,144.218,0.0144
m,2.680359953,145.205,0.0143
m,2.680882557,158.251,0.0142
m,2.681555205,152.401,0.0142
m,2.683120818,148.746,0.0142
m,2.684160466,149.839,0.0143
m,2.69016158,153.751,0.0145
m,2.69161284,158.027,0.0145
m,2.694489815,144.924,0.0146
m,2.696062513,142.751,0.0147
m,2.697600908,147.44,0.0148
m,2.709175096,143.027,0.015
m,2.710948695,141.179,0.0151
m,2.714182979,143.662,0.0151
m,2.717220126,147.789,0.0152
m,2.727356707,145.716,0.0153
m,2.728710944,146.301,0.0152
m,2.729920673,145.479,0.0153
m,2.731282238,144.098,0.0153
m,2.732647732,145.489,0.0153
m,2.742102307,153.615,0.0154
m,2.743809865,159.857,0.0154
m,2.745522953,145.189,0.0155
m,2.74900058,146.616,0.0154
m,2.750646771,143.138,0.0155
m,2.762188618,146.3,0.0157
m,2.762188124,145.952,0.0158
m,2.765391097,148.476,0.0158
m,2.767088776,145.797,0.0158
m,2.680129955,146.047,0.0144
m,2.679748412,147.242,0.0144
m,2.679518839,143.719,0.0144
m,2.67919861,144.385,0.0144
m,2.678931873,143.899,0.0144
m,2.677990486,143.588,0.0144
m,2.678246434,148.702,0.0145
m,2.678509142,152.777,0.0144
m,2.679329505,150.649,0.0144
m,2.679842645,146.272,0.0143
m,2.685249299,151.67,0.0143
m,2.686301485,150.322,0.0143
m,2.687505416,158.555,0.0144
m,2.688757801,166.1,0.0144
m,2.699145112,150.682,0.015
m,2.700696733,147.054,0.015
m,2.704111842,158.217,0.0151
m,2.705829264,153.742,0.0151
m,2.709174566,148.649,0.0151
m,2.717220126,146.688,0.0152
m,2.7203524,143.758,0.0151
m,2.721943586,146.852,0.0151
m,2.724697309,154.328,0.0152
m,2.726190221,150.453,0.0152
m,2.735423904,147.356,0.0154
m,2.737028683,147.688,0.0154
m,2.737028683,143.994,0.0154
m,2.740367606,145.63,0.0154
m,2.752119076,145.476,0.0155
m,2.753775768,145.849,0.0155
m,2.755375105,144.299,0.0156
m,2.757128363,147.463,0.0157
m,2.760535678,145.654,0.0157
m,2.768671846,146.093,0.0158
m,2.770258691,146.571,0.0159
m,2.773509565,148.56,0.016
m,2.775202974,151.913,0.016
m,2.776753231,154.113,0.016
m,2.778429745,152.429,0.016
m,2.780084915,148.404,0.016
m,2.78174685,146.96,0.0159
m,2.785167371,146.843,0.0159
m,2.786749755,143.954,0.016
m,2.794642221,147.515,0.0159
m,2.797772695,151.4,0.016
m,2.799294749,159.339,0.016
m,2.801094622,155.15,0.016
m,2.802726124,168.609,0.0161
m,2.820239581,144.898,0.0162
m,2.824268346,148.179,0.0162
m,2.826247059,148.723,0.0164
m,2.828102976,152.385,0.0164
m,2.838166492,139.675,0.0163
m,2.841521302,141.634,0.0163
m,2.843403374,140.791,0.0162
m,2.845272318,155.577,0.0163
m,2.846998626,160.216,0.0162
m,2.857601644,147.865,0.0162
m,2.859397953,146.689,0.016
m,2.863002946,149.373,0.016
m,2.864962136,151.375,0.016
m,2.864962136,155.647,0.016
m,2.88048854,145.528,0.016
m,2.88233087,147.171,0.016
m,2.884041358,148.292,0.0159
m,2.885893649,152.498,0.0159
m,2.898196152,146.59,0.016
m,2.900096918,157.486,0.016
m,2.90184235,156.714,0.016
m,2.903453137,150.538,0.0159
m,2.905227391,154.802,0.0159
m,2.915657887,146.668,0.0159
m,2.917451838,151.491,0.016
m,2.919250696,149.912,0.016
m,2.922704868,146.844,0.0159
m,2.924374376,148.215,0.0159
m,2.786749755,147.198,0.016
m,2.78995642,151.612,0.016
m,2.791554395,147.819,0.016
m,2.794642221,142.164,0.0159
m,2.804363144,166.572,0.0161
m,2.805982514,166.025,0.016
m,2.809431135,167.625,0.016
m,2.816513302,145.579,0.0161
m,2.818299102,146.506,0.0161
m,2.829794879,151.709,0.0164
m,2.831511666,150.096,0.0164
m,2.83323334,150.721,0.0164
m,2.834960357,142.338,0.0163
m,2.838166492,142.691,0.0163
m,2.850484542,166.682,0.0162
m,2.852260607,152.654,0.0162
m,2.853892418,147.383,0.0161
m,2.855661504,144.896,0.0162
m,2.868702024,149.524,0.016
m,2.870662022,151.187,0.016
m,2.87261338,149.465,0.016
m,2.874570442,152.829,0.016
m,2.876533193,149.292,0.016
m,2.887762882,150.916,0.0159
m,2.889498567,157.86,0.0159
m,2.892971103,152.569,0.0159
m,2.892971103,161.507,0.0159
m,2.896460495,142.843,0.016
m,2.908797182,149.707,0.0159
m,2.910582891,143.975,0.016
m,2.910582891,142.525,0.016
m,2.914026343,142.037,0.0159
m,2.926040942,146.959,0.0159
m,2.927862343,146.911,0.0158
m,2.929387701,147.561,0.0158
m,2.930911218,162.686,0.0158
m,2.932584058,151.464,0.0157
m,2.934111743,155.542,0.0157
m,2.93563927,157.067,0.0157
m,2.938571523,154.361,0.0157
m,2.939970531,155.875,0.0157
m,2.95129661,155.275,0.0156
m,2.952299761,148.349,0.0156
m,2.953310085,143.009,0.0155
m,2.954172293,155.074,0.0155
m,2.956059467,161.554,0.0155
m,2.959587913,159.146,0.0154
m,2.960792215,155.923,0.0154
m,2.961251171,152.046,0.0154
m,2.961251171,154.604,0.0154
m,2.962031906,156.681,0.0154
m,2.965014019,166.108,0.0154
m,2.965224174,149.534,0.0154
m,2.965586261,153.243,0.0154
m,2.965952496,154.585,0.0155
m,2.968022819,153.042,0.0156
m,2.968270478,156.952,0.0155
m,2.968521832,158.963,0.0155
m,2.969180684,156.055,0.0156
m,2.969438215,157.827,0.0156
m,2.97046141,155.93,0.0157
m,2.970574873,158.423,0.0157
m,2.97086579,146.117,0.0157
m,2.971026348,149.458,0.0158
m,2.971183588,151.611,0.0158
m,2.975137536,151.95,0.0159
m,2.975458287,147.562,0.0159
m,2.975571088,148.099,0.0158
m,2.975772457,148.037,0.0158
s,2.975611389,148.229,0.016
s,2.975610943,147.907,0.0161
s,2.975610943,148.24,0.0161
s,2.975600624,147.953,0.0161
s,2.975750466,147.825,0.0161
m,2.944190646,147.198,0.0158
m,2.945607408,148.826,0.0158
m,2.94801518,154.95,0.0156
m,2.949154312,152.387,0.0156
m,2.950298144,142.997,0.0156
m,2.956784753,155.136,0.0155
m,2.957665716,158.862,0.0154
m,2.958251779,161.831,0.0154
m,2.958992202,157.245,0.0154
m,2.962504528,169.907,0.0154
m,2.962984741,161.543,0.0154
m,2.963471017,169.073,0.0153
m,2.96430888,162.548,0.0154
m,2.964658904,169.286,0.0154
m,2.966173766,159.297,0.0155
m,2.966775612,156.261,0.0156
m,2.966775612,158.506,0.0156
m,2.967540925,148.7,0.0156
m,2.967779788,161.449,0.0156
m,2.969963546,160.772,0.0158
m,2.970082288,152.917,0.0158
m,2.970204772,150.007,0.0158
m,2.970331449,165.712,0.0157
m,2.971503514,145.89,0.0158
m,2.971977034,147.366,0.016
m,2.973230076,151.906,0.016
m,2.97401772,148.034,0.016
m,2.97401772,154.159,0.016
s,2.975772457,148.19,0.0158
s,2.975622164,147.895,0.0159
s,2.975622164,147.95,0.0159
s,2.975621715,147.842,0.016
s,2.975611389,148.08,0.016
s,2.975740162,148.169,0.0161
s,2.975740162,147.876,0.0161
s,2.975740162,147.849,0.0161
s,2.97573972,147.567,0.0162
s,2.975579583,147.733,0.0162
s,2.975579583,147.667,0.0162
s,2.9755693,147.793,0.0162
s,2.9755693,147.922,0.0162
s,2.975419457,147.755,0.0162
s,2.97510994,148.076,0.0161
s,2.975109498,147.583,0.0162
s,2.97510994,147.787,0.0161
s,2.975109498,147.95,0.0162
s,2.974959216,147.759,0.0163
s,2.974959216,147.918,0.0163
s,2.974959216,147.82,0.0163
s,2.974959216,147.946,0.0163
s,2.974809371,147.84,0.0163
s,2.97495878,148.391,0.0164
s,2.97495878,148.382,0.0164
s,2.975108192,148.047,0.0165
s,2.975108192,148.296,0.0165
s,2.97509793,148.085,0.0165
s,2.975237528,147.759,0.0165
s,2.975237528,147.816,0.0165
s,2.975237528,147.676,0.0165
s,2.975087683,147.831,0.0165
s,2.975077444,148.018,0.0165
s,2.975227289,148.018,0.0165
s,2.975227289,148.155,0.0165
s,2.975227289,147.782,0.0165
s,2.975227289,147.797,0.0165
s,2.975377136,147.989,0.0165
s,2.975386942,147.95,0.0166
s,2.975536787,148.077,0.0166
s,2.975536787,147.976,0.0166
s,2.975536362,148.043,0.0167
s,2.975545769,148.148,0.0169
s,2.975545769,147.924,0.0169
s,2.975545769,147.947,0.0169
s,2.975545769,148.294,0.0169
s,2.975419457,147.924,0.0162
s,2.975259342,147.553,0.0162
s,2.975259342,147.946,0.0162
s,2.975259784,147.539,0.0161
s,2.975259784,147.442,0.0161
s,2.97510994,147.822,0.0161
s,2.975109498,147.671,0.0162
s,2.975109498,148.06,0.0162
s,2.975109498,147.626,0.0162
s,2.975109498,147.911,0.0162
s,2.974808935,147.942,0.0164
s,2.974808935,147.895,0.0164
s,2.97495878,148.063,0.0164
s,2.97495878,147.848,0.0164
s,2.975247776,148.034,0.0165
s,2.975247776,148.264,0.0165
s,2.975247776,148.197,0.0165
s,2.975247776,147.897,0.0165
s,2.975237528,147.772,0.0165
s,2.975087683,148.209,0.0165
s,2.975087683,147.859,0.0165
s,2.975077444,147.946,0.0165
s,2.975077444,148.049,0.0165
s,2.975077444,148.074,0.0165
s,2.975227289,147.953,0.0165
s,2.975227289,148.186,0.0165
s,2.975227289,147.895,0.0165
s,2.975377136,148.112,0.0165
s,2.97553594,148.217,0.0168
s,2.97553594,148.083,0.0168
s,2.975546188,148.021,0.0168
s,2.975546188,147.946,0.0168
s,2.975545769,147.844,0.0169
s,2.975535521,147.938,0.0169
s,2.975535521,147.782,0.0169
s,2.975385676,148.002,0.0169
s,2.975385261,148.021,0.017
s,2.975385261,148.007,0.017
s,2.975385261,147.938,0.017
s,2.975385261,147.947,0.017
s,2.975375026,148.049,0.017
s,2.975375026,148.17,0.017
s,2.975524871,147.864,0.017
s,2.975385261,148.175,0.017
s,2.975385261,147.846,0.017
s,2.975384849,147.898,0.0171
s,2.975384849,147.969,0.0171
s,2.975384849,147.857,0.0171
s,2.975244845,147.918,0.0172
s,2.975244845,148.197,0.0172
s,2.975095408,147.844,0.0171
s,2.975095408,148.195,0.0171
s,2.975254298,147.824,0.0174
s,2.975254298,147.898,0.0174
s,2.9752539,147.817,0.0175
s,2.9752539,148.072,0.0175
s,2.9752539,147.914,0.0175
s,2.975253113,148.085,0.0177
s,2.975253113,148.096,0.0177
s,2.975252724,148.158,0.0178
s,2.975242464,148.407,0.0178
s,2.975242464,148.333,0.0178
s,2.975520526,148.279,0.0181
s,2.97567037,148.217,0.0181
s,2.97567037,148.713,0.0181
s,2.97567037,148.32,0.0181
s,2.97610931,148.409,0.0182
s,2.97610931,148.213,0.0182
s,2.975959463,148.202,0.0182
s,2.975959463,147.898,0.0182
s,2.975959463,147.819,0.0182
s,2.97581984,147.709,0.0182
s,2.97581984,148.242,0.0182
s,2.97581984,148.105,0.0182
s,2.97581984,148.265,0.0182
s,2.975819469,148.056,0.0183
s,2.975524871,148.126,0.017
s,2.975535106,147.96,0.017
s,2.975385261,148.068,0.017
s,2.975385261,148.161,0.017
s,2.975384849,148.096,0.0171
s,2.975384441,147.967,0.0172
s,2.975384441,148.016,0.0172
s,2.975244845,148.187,0.0172
s,2.975244845,148.089,0.0172
s,2.975105261,147.828,0.0172
s,2.975105261,148.125,0.0172
s,2.9752547,147.822,0.0173
s,2.9752547,147.87,0.0173
s,2.9752547,147.942,0.0173
s,2.975253504,147.748,0.0176
s,2.975253504,148.146,0.0176
s,2.975253504,147.87,0.0176
s,2.975253504,147.978,0.0176
s,2.975242464,147.898,0.0178
s,2.975391922,149.603,0.0179
s,2.975381675,148.467,0.0179
s,2.975531139,148.096,0.018
s,2.975531139,148.459,0.018
s,2.97567037,148.623,0.0181
s,2.97581984,147.931,0.0182
s,2.975959463,148.17,0.0182
s,2.975959463,148.286,0.0182
s,2.975959463,148.151,0.0182
s,2.975809619,147.895,0.0182
s,2.97581984,147.978,0.0182
s,2.97581984,148.157,0.0182
s,2.97581984,148.083,0.0182
s,2.975819469,148.206,0.0183
s,2.975669623,148.172,0.0183
s,2.975669623,148.054,0.0183
s,2.97567986,147.916,0.0183
s,2.97567986,147.877,0.0183
s,2.97567986,147.831,0.0183
s,2.975690105,148.279,0.0183
s,2.975690477,148.181,0.0182
m,2.975540634,147.989,0.0182
m,2.976142868,153.994,0.0181
m,2.976142868,145.694,0.0181
m,2.976714285,142.055,0.0181
m,2.977075806,155.753,0.0181
m,2.977314631,145.415,0.0181
m,2.979817744,147.78,0.0179
m,2.980269304,141.44,0.0179
m,2.980753958,149.984,0.0179
m,2.981245739,148.849,0.0179
m,2.982713546,161.551,0.018
m,2.986946505,154.76,0.0181
m,2.988181392,150.352,0.0181
m,2.988883317,146.587,0.0181
m,2.990192167,150.546,0.0181
m,2.994720822,149.885,0.0181
m,2.995634235,152.923,0.0181
m,2.996384649,157.106,0.0182
m,2.997290534,147.509,0.0182
m,2.998163678,149.001,0.0181
m,2.984278323,158.664,0.0181
m,2.981088832,153.471,0.0181
m,2.977923611,161.117,0.018
m,2.977923611,158.556,0.018
m,2.97251548,158.328,0.018
m,2.956423194,160.279,0.0182
m,2.953900845,162.435,0.0181
m,2.95152914,155.899,0.0182
m,2.949011534,161.845,0.0182
m,2.931929315,167.368,0.0184
m,2.929109363,159.612,0.0183
m,2.923276057,171.562,0.0183
m,2.920411884,156.72,0.0181
m,2.917697322,157.055,0.0181
m,2.975540634,148.104,0.0182
m,2.975540634,148.487,0.0182
m,2.975541009,149.053,0.0181
m,2.975551267,152.207,0.0181
m,2.975571821,149.992,0.0181
m,2.977720409,145.631,0.018
m,2.978697937,154.052,0.0179
m,2.97910742,157.544,0.0179
m,2.979534674,149.239,0.0179
m,2.982713169,156.963,0.0181
m,2.984046181,144.717,0.0181
m,2.984723296,146.405,0.0181
m,2.985407099,150.433,0.0182
m,2.986098335,148.569,0.0182
m,2.990192167,150.113,0.0181
m,2.991583438,152.934,0.0181
m,2.992374808,153.406,0.0181
m,2.99317436,153.928,0.0181
m,2.993944093,154.629,0.0181
m,2.997512094,155.262,0.0181
m,2.995928283,165.526,0.0181
m,2.993688379,157.4,0.0181
m,2.9908123,153.375,0.0181
m,2.970124128,163.315,0.018
m,2.96758593,156.153,0.0181
m,2.965348136,149.716,0.0182
m,2.960880336,156.461,0.0183
m,2.958650711,157.9,0.0182
m,2.946770003,164.079,0.0182
m,2.941871624,169.472,0.0182
m,2.941871248,169.585,0.0183
m,2.937131238,159.259,0.0183
m,2.934603294,170.641,0.0184
m,2.914958528,161.502,0.0181
m,2.912247314,159.694,0.0181
m,2.909118449,166.063,0.0181
m,2.905992131,168.17,0.018
m,2.89959635,166.232,0.0181
m,2.89959635,165.653,0.0181
m,2.892832081,156.914,0.018
m,2.8893103,153.585,0.018
m,2.88581696,156.698,0.018
m,2.859794304,149.596,0.0178
m,2.856224633,151.623,0.0178
m,2.852712201,149.896,0.0177
m,2.846545289,152.109,0.0176
m,2.830535255,152.267,0.0175
m,2.826506026,158.502,0.0176
m,2.825121436,152.298,0.0174
m,2.823197513,154.358,0.0171
m,2.823197949,153.188,0.017
m,2.818026087,157.353,0.0167
m,2.8170183,167.163,0.0167
m,2.816196079,154.073,0.0167
m,2.815231645,145.712,0.0167
m,2.814273182,142.351,0.0166
m,2.808643738,142.96,0.0166
m,2.808298583,144.175,0.0166
m,2.807996859,142.543,0.0165
m,2.807694908,143.707,0.0165
m,2.807946133,143.689,0.0168
m,2.807945244,146.271,0.017
m,2.807601394,143.748,0.0171
m,2.806627089,145.017,0.0173
m,2.805243026,142.602,0.0174
m,2.796717685,146.905,0.0178
m,2.795324042,149.244,0.0178
m,2.794044962,148.206,0.0178
m,2.792660369,149.306,0.0179
m,2.790200833,145.836,0.0178
m,2.783640777,148.816,0.018
m,2.782526221,144.433,0.0182
m,2.780249984,147.441,0.0183
m,2.779048545,149.997,0.0183
m,2.882270636,155.212,0.0179
m,2.878521497,153.667,0.0179
m,2.870997389,152.065,0.0179
m,2.867194575,160.232,0.0179
m,2.86342023,161.439,0.0178
m,2.846545289,152.466,0.0176
m,2.840795575,154.796,0.0176
m,2.838026986,147.995,0.0176
m,2.835438157,152.76,0.0176
m,2.832881802,148.867,0.0175
m,2.821768822,160.777,0.0169
m,2.821093397,160.384,0.0169
m,2.819580842,158.495,0.0168
m,2.819580842,161.882,0.0168
m,2.813138585,141.316,0.0166
m,2.812156633,144.026,0.0166
m,2.811179717,142.583,0.0166
m,2.809839896,142.144,0.0166
m,2.809180118,139.9,0.0166
m,2.807617241,144.114,0.0166
m,2.807765051,143.94,0.0165
m,2.807729974,143.915,0.0165
m,2.807729974,143.783,0.0165
m,2.807876873,142.602,0.0166
m,2.80356747,142.251,0.0176
m,2.80063116,145.773,0.0177
m,2.79933436,143.74,0.0178
m,2.798005671,149.69,0.0178
m,2.790200419,144.36,0.0179
m,2.78772124,149.376,0.0179
m,2.786654649,153.628,0.0179
m,2.785631765,146.889,0.0179
m,2.784613709,147.45,0.018
m,2.779048545,149.324,0.0183
m,2.77677046,149.26,0.0183
m,2.775693189,150.917,0.0183
m,2.774621822,155.175,0.0183
m,2.773660267,144.959,0.0184
m,2.771795872,155.252,0.0185
m,2.770850903,158.494,0.0185
m,2.770039984,152.517,0.0185
m,2.769338338,155.05,0.0186
m,2.768582094,158.833,0.0185
m,2.76716071,150.154,0.0184
m,2.767067286,146.828,0.0183
m,2.767057628,143.127,0.0183
m,2.767058031,139.26,0.0182
m,2.767685478,144.12,0.0182
m,2.778751366,150.913,0.0185
m,2.781263566,145.952,0.0185
m,2.783876394,144.722,0.0185
m,2.786348433,146.549,0.0185
m,2.804681821,145.819,0.0186
m,2.807380791,147.698,0.0186
m,2.810084051,153.007,0.0186
m,2.815647602,148.881,0.0186
m,2.818507765,146.828,0.0186
m,2.831628247,147.788,0.0185
m,2.833885174,147.262,0.0186
m,2.837890201,146.479,0.0186
m,2.839872299,148.525,0.0187
m,2.841571746,153.312,0.0187
m,2.852860228,149.477,0.0184
m,2.853572956,144.05,0.0183
m,2.854005645,149.534,0.0183
m,2.854531706,149.529,0.0182
m,2.856149644,147.703,0.0182
m,2.85658055,151.828,0.0181
m,2.856958311,151.021,0.0181
m,2.857282589,148.472,0.0181
m,2.857923171,149.639,0.0181
m,2.859028577,149.419,0.0181
m,2.859179258,163.006,0.0182
m,2.859416147,148.744,0.0182
m,2.859516724,151.58,0.0182
m,2.859764018,149.123,0.0182
m,2.768337452,153.259,0.0184
m,2.767952663,156.234,0.0184
m,2.767764165,151.444,0.0184
m,2.767436568,152.099,0.0184
m,2.768322674,149.981,0.0182
m,2.769354749,151.665,0.0182
m,2.770682628,147.16,0.0182
m,2.77230558,147.293,0.0183
m,2.776389025,144.26,0.0184
m,2.788920126,145.066,0.0185
m,2.793978965,144.269,0.0185
m,2.793978965,146.397,0.0185
m,2.799297182,143.149,0.0185
m,2.801987537,144.262,0.0185
m,2.82142414,145.686,0.0185
m,2.821423756,150.915,0.0186
m,2.826785286,148.552,0.0186
m,2.829231049,147.217,0.0185
m,2.843383064,149.753,0.0188
m,2.845254654,150.545,0.0187
m,2.848727842,149.61,0.0187
m,2.849988852,153.321,0.0186
m,2.852153821,147.603,0.0185
m,2.855229495,148.8,0.0182
m,2.85548835,149.369,0.0181
m,2.855495656,146.167,0.018
m,2.855707847,146.088,0.0181
m,2.855707454,148.052,0.0182
m,2.858038788,148.872,0.0181
m,2.858362187,151.744,0.0181
m,2.85848958,153.319,0.0181
m,2.858683288,153.178,0.0181
m,2.859812139,151.432,0.0184
m,2.860222416,147.996,0.0185
m,2.860222416,150.072,0.0185
m,2.860304639,153.939,0.0185
m,2.860376322,157.073,0.0185
m,2.860311873,153.048,0.0185
m,2.85997059,161.938,0.0185
m,2.859570197,158.586,0.0186
m,2.858893066,165.321,0.0187
m,2.853157172,165.186,0.0191
m,2.852877098,154.645,0.0191
m,2.853168941,161.074,0.0194
m,2.853461888,159.515,0.0192
m,2.853897088,159.156,0.0194
m,2.862536216,166.673,0.0198
m,2.864320395,147.714,0.0198
m,2.866248643,147.571,0.0198
m,2.867833277,145.37,0.02
m,2.869770576,142.198,0.02
m,2.88333557,148.31,0.0204
m,2.884967056,146.672,0.0205
m,2.888318588,143.701,0.0204
m,2.8883189,145.414,0.0203
m,2.893559014,151.116,0.02
m,2.893856977,146.392,0.0199
m,2.894154665,151.936,0.02
m,2.89415499,152.722,0.0199
m,2.894627765,151.887,0.0199
m,2.892754955,148.251,0.0201
m,2.891560605,144.116,0.0201
m,2.89037069,152.048,0.0201
m,2.889108744,144.705,0.0202
m,2.887987565,144.546,0.0203
m,2.884220488,159.26,0.0204
m,2.88417971,159.445,0.0205
m,2.884881334,159.061,0.0206
m,2.885291532,158.026,0.0206
m,2.88521286,160.3,0.0208
m,2.88521286,155.185,0.0208
m,2.88521286,162.174,0.0208
m,2.885212566,155.148,0.0209
m,2.885660991,165.37,0.0209
m,2.857056579,155.109,0.0188
m,2.856243595,162.948,0.019
m,2.856243234,163.454,0.0191
m,2.854506884,160.504,0.0191
m,2.85372212,160.41,0.0191
m,2.854476127,155.048,0.0195
m,2.855265426,160.569,0.0197
m,2.857829803,157.547,0.0198
m,2.859465275,158.736,0.0197
m,2.871572963,146.67,0.0201
m,2.875888805,144.96,0.0201
m,2.877984656,145.982,0.0203
m,2.879878945,142.7,0.0204
m,2.881638254,143.314,0.0205
m,2.890923703,147.688,0.0202
m,2.891819488,146.472,0.0201
m,2.892510365,146.974,0.02
m,2.892995221,147.365,0.0201
m,2.893274579,147.66,0.0201
m,2.894940099,158.289,0.0199
m,2.894982494,159.58,0.0199
m,2.894892691,161.746,0.0199
m,2.893741632,161.453,0.02
m,2.885833643,146.606,0.0205
m,2.885074328,149.32,0.0206
m,2.885075253,148.898,0.0203
m,2.884328414,149.624,0.0203
m,2.884321225,158.617,0.0204
m,2.885369614,160.887,0.0206
m,2.885369614,159.301,0.0206
m,2.885369313,158.916,0.0207
m,2.88529123,162.067,0.0207
m,2.885290932,159.269,0.0208
m,2.88669399,154.009,0.021
m,2.889028827,164.418,0.0215
m,2.892160436,158.346,0.0217
m,2.89949277,157.015,0.0217
m,2.903577614,162.591,0.0216
m,2.903577882,156.118,0.0215
m,2.912233867,164.834,0.0214
m,2.916805011,163.821,0.0214
m,2.921590096,161.777,0.0215
m,2.954874919,166.248,0.0215
m,2.959660676,160.074,0.0215
m,2.964504846,160.988,0.0215
m,2.969504979,154.135,0.0214
m,3.002560602,158.226,0.0214
m,3.007405605,155.775,0.0214
m,3.016764345,151.646,0.0215
m,3.021200477,151.353,0.0216
m,3.021200224,150.772,0.0217
m,3.044651052,164.163,0.0216
m,3.045274095,163.043,0.0215
s,3.045274352,163.448,0.0214
s,3.045274612,162.42,0.0213
s,3.045274875,163.313,0.0212
s,3.045490502,162.708,0.0205
s,3.045568125,162.637,0.0204
s,3.045568125,161.342,0.0204
s,3.045568714,159.823,0.0202
s,3.045569932,161.004,0.0198
s,3.045570561,161.839,0.0196
s,3.045570561,162.042,0.0196
s,3.04557088,162.563,0.0195
s,3.045493547,163.11,0.0195
s,3.045417201,161.302,0.0192
s,3.045416872,162.771,0.0193
s,3.045417201,161.987,0.0192
s,3.045553571,160.272,0.0192
s,3.045553571,161.498,0.0192
s,3.045263251,161.822,0.019
s,3.045263251,162.981,0.019
s,3.045263251,160.759,0.019
s,3.045126877,164.047,0.019
m,2.926161384,166.78,0.0215
m,2.935245754,151.929,0.0216
m,2.940167457,160.404,0.0216
m,2.945303282,153.281,0.0216
m,2.950089206,155.641,0.0215
m,2.974426832,156.801,0.0215
m,2.98413478,152.461,0.0216
m,2.988843413,152.716,0.0215
m,2.993279408,154.422,0.0215
m,2.997851706,152.379,0.0215
m,3.029723075,155.405,0.0217
m,3.033809302,154.07,0.0218
m,3.037604952,162.796,0.0217
m,3.040718764,159.123,0.0217
s,3.045138777,162.335,0.0211
s,3.045275685,162.045,0.0209
s,3.045353289,161.683,0.0208
s,3.045353289,161.048,0.0208
s,3.045490216,161.436,0.0206
s,3.045569014,163.657,0.0201
s,3.045569014,161.995,0.0201
s,3.045705677,160.509,0.02
s,3.045705983,162.546,0.0199
s,3.045569932,163.411,0.0198
s,3.045493547,162.982,0.0195
s,3.045493869,162.763,0.0194
s,3.045494195,162.437,0.0193
s,3.045494524,162.068,0.0192
s,3.045476259,160.61,0.0192
s,3.045476591,160.691,0.0191
s,3.045476591,161.595,0.0191
s,3.045476927,161.78,0.019
s,3.045476927,161.662,0.019
s,3.045126877,163.188,0.019
s,3.044990504,161.617,0.019
s,3.044990504,162.618,0.019
s,3.044990504,158.734,0.019
s,3.044854471,159.697,0.0189
s,3.044854471,160.369,0.0189
s,3.044854471,162.071,0.0189
s,3.044854471,161.598,0.0189
s,3.044854132,160.386,0.019
s,3.044854132,160.011,0.019
s,3.044639784,161.807,0.0192
s,3.044639455,161.331,0.0193
s,3.044639455,159.173,0.0193
s,3.044639455,159.373,0.0193
s,3.044639129,161.311,0.0194
s,3.044910919,158.382,0.0197
s,3.044833316,158.644,0.0198
s,3.044833316,162.358,0.0198
s,3.044833316,158.739,0.0198
s,3.04502849,161.556,0.0199
s,3.04502849,162.03,0.0199
s,3.044892106,160.825,0.0199
s,3.044892106,161.769,0.0199
s,3.044814834,161.203,0.0199
s,3.044542373,161.485,0.0198
s,3.044542373,162.99,0.0198
s,3.044542373,163.399,0.0198
s,3.044405987,162.313,0.0198
s,3.044269916,162.634,0.0197
s,3.043879638,160.876,0.0195
s,3.043743269,160.541,0.0195
s,3.043743269,162.577,0.0195
s,3.043606898,163.243,0.0195
s,3.04354818,161.888,0.0194
s,3.04354818,162.935,0.0194
s,3.043547857,159.813,0.0195
s,3.043547857,162.353,0.0195
s,3.043547857,161.346,0.0195
s,3.043624877,159.966,0.0196
s,3.043624877,161.845,0.0196
s,3.043761238,161.117,0.0196
s,3.043761238,162.094,0.0196
s,3.043838263,161.682,0.0197
s,3.044854132,165.233,0.019
s,3.044640117,162.088,0.0191
s,3.044640117,161.706,0.0191
s,3.044640117,161.099,0.0191
s,3.044638806,162.498,0.0195
s,3.044775179,162.203,0.0195
s,3.044775179,161.967,0.0195
s,3.04477486,164.66,0.0196
s,3.04477486,159.53,0.0196
s,3.044969385,161.43,0.0199
s,3.044969385,165.83,0.0199
s,3.044969385,161.04,0.0199
s,3.045105767,161.026,0.0199
s,3.045105767,161.918,0.0199
s,3.044814834,160.803,0.0199
s,3.044815144,160.539,0.0198
s,3.044678758,162.756,0.0198
s,3.044678758,162.353,0.0198
s,3.044347518,161.712,0.0196
s,3.044211138,160.184,0.0196
s,3.044074761,161.651,0.0196
s,3.044016009,160.05,0.0195
s,3.044016009,162.073,0.0195
s,3.043470532,160.595,0.0195
s,3.043470532,163.435,0.0195
s,3.043470532,161.366,0.0195
s,3.043470532,160.993,0.0195
s,3.043470532,161.393,0.0195
s,3.043547857,161.579,0.0195
s,3.043547857,160.395,0.0195
s,3.043625197,160.776,0.0195
s,3.043625197,160.574,0.0195
s,3.043624561,161.071,0.0197
s,3.043624248,161.398,0.0198
s,3.043624248,160.309,0.0198
s,3.043624248,159.665,0.0198
s,3.043623939,161.689,0.0199
s,3.043623939,160.602,0.0199
s,3.043623632,161.409,0.02
s,3.043759993,160.954,0.02
s,3.043759993,163.387,0.02
s,3.044091759,162.684,0.02
s,3.044091759,162.566,0.02
s,3.044228126,161.22,0.02
s,3.044364497,163.001,0.02
s,3.04450087,162.353,0.02
s,3.044773922,162.299,0.0199
s,3.044773922,162.775,0.0199
s,3.044773922,162.997,0.0199
s,3.044773922,162.593,0.0199
s,3.044696321,164.474,0.02
s,3.044327199,166.992,0.0203
s,3.044190814,163.53,0.0203
s,3.044113547,162.414,0.0203
s,3.044113547,162.317,0.0203
s,3.043608423,161.282,0.0205
s,3.04347174,160.836,0.0206
s,3.043394217,162.876,0.0207
s,3.043316987,165.319,0.0207
s,3.043316987,161.385,0.0207
s,3.043238668,164.24,0.0211
s,3.043238668,161.062,0.0211
s,3.043238401,162.196,0.0212
m,3.043297597,161.401,0.0212
m,3.043297333,160.153,0.0213
m,3.050088521,156.09,0.0217
m,3.053765747,154.579,0.022
m,3.057639002,155.611,0.0222
m,3.06581381,155.701,0.0222
m,3.096167536,153.899,0.0234
m,3.102176227,152.064,0.0236
m,3.11419424,150.726,0.0238
m,3.120339488,154.534,0.0241
m,3.126757718,161.936,0.0244
s,3.043759993,159.199,0.02
s,3.043896051,163.602,0.0201
s,3.043896051,160.626,0.0201
s,3.043955391,162.736,0.02
s,3.043955391,162.41,0.02
s,3.04450087,162.103,0.02
s,3.04450087,162.525,0.02
s,3.044714858,162.484,0.0199
s,3.044714858,162.466,0.0199
s,3.044696321,160.097,0.02
s,3.044618731,161.454,0.0201
s,3.044618731,163.243,0.0201
s,3.044541454,161.506,0.0201
s,3.044404768,160.626,0.0202
s,3.043899604,162.272,0.0204
s,3.043822064,161.5,0.0205
s,3.043822064,163.954,0.0205
s,3.04368567,162.301,0.0205
s,3.043608423,160.284,0.0205
s,3.043316707,162.268,0.0208
s,3.043316707,161.607,0.0208
s,3.043238938,162.257,0.021
s,3.043238938,160.388,0.021
m,3.043297073,162.205,0.0214
m,3.043296816,165.293,0.0215
m,3.043919669,159.068,0.0215
m,3.044815098,154.719,0.0216
m,3.046897278,151.799,0.0216
m,3.065813581,157.927,0.0223
m,3.074747834,155.876,0.0224
m,3.079748473,151.371,0.0226
m,3.084885428,152.965,0.0229
m,3.090312894,159.044,0.0232
m,3.133021901,158.569,0.0246
m,3.139440636,152.123,0.0246
m,3.145841556,150.447,0.0246
m,3.152301654,151.396,0.0247
m,3.164913979,148.457,0.0247
m,3.170870362,153.559,0.0247
m,3.1765539,150.714,0.0247
m,3.181887435,150.841,0.0248
m,3.187084436,154.008,0.025
m,3.199578853,148.03,0.0251
m,3.197533495,151.489,0.0253
m,3.195042543,148.102,0.0253
m,3.188777872,148.885,0.0255
m,3.159903251,146.912,0.0258
m,3.155330665,149.679,0.0258
m,3.155330665,151.522,0.0258
m,3.145913299,148.249,0.0257
m,3.14099081,150.715,0.0257
m,3.110465025,155.731,0.0256
m,3.10569898,156.641,0.0255
m,3.105699102,151.809,0.0254
m,3.096361657,150.512,0.0254
m,3.091518141,149.441,0.0253
m,3.059034853,156.132,0.0249
m,3.054328203,155.666,0.0248
m,3.049213444,152.008,0.0248
m,3.03869183,150.083,0.0248
m,3.008840522,152.646,0.0242
m,3.004134937,151.475,0.0241
m,2.99491714,152.919,0.024
m,2.990133416,153.095,0.0238
m,2.980508548,157.959,0.0236
m,2.950584702,150.003,0.0231
m,2.945529624,154.198,0.0231
m,2.940124201,166.84,0.0231
m,2.934718856,166.049,0.0231
m,2.92939275,161.871,0.023
m,2.893175831,151.897,0.0228
m,2.887692146,146.32,0.0228
m,2.88228817,150.271,0.0226
m,2.872101358,149.166,0.0226
m,3.191931856,153.482,0.025
m,3.199323074,149.375,0.025
m,3.201355936,149.078,0.025
m,3.201356069,149.148,0.0249
m,3.20110177,149.077,0.0248
m,3.185081584,147.674,0.0257
m,3.181385421,147.95,0.0258
m,3.177494027,149.041,0.0259
m,3.173544086,149.766,0.0257
m,3.169243886,146.754,0.0257
m,3.136146047,146.526,0.0257
m,3.131009892,149.684,0.0256
m,3.120620397,152.479,0.0257
m,3.115503766,152.757,0.0256
m,3.086732845,148.402,0.0252
m,3.081889534,146.965,0.0251
m,3.072533284,150.971,0.025
m,3.067962274,148.439,0.025
m,3.063527405,150.078,0.025
m,3.033363367,149.051,0.0247
m,3.033363675,154.587,0.0245
m,3.023250854,152.325,0.0244
m,3.01833061,153.557,0.0243
m,3.013546215,158.23,0.0243
m,2.975588987,160.906,0.0235
m,2.970669501,152.313,0.0234
m,2.965885935,157.205,0.0233
m,2.961045143,154.129,0.0233
m,2.924202545,155.499,0.0229
m,2.914093505,154.404,0.0229
m,2.909175068,152.352,0.0228
m,2.909175068,154.284,0.0228
m,2.898716103,151.127,0.0228
m,2.867047713,148.268,0.0226
m,2.86212978,155.611,0.0226
m,2.857234822,153.472,0.0227
m,2.852531423,150.775,0.023
m,2.84782883,146.711,0.023
m,2.843206296,149.559,0.0228
m,2.834152629,148.484,0.0227
m,2.834152629,152.225,0.0227
m,2.824884374,147.83,0.0226
m,2.820238624,151.167,0.0225
m,2.793090417,155.369,0.022
m,2.788309675,149.286,0.0219
m,2.78831022,152.823,0.0217
m,2.778963969,149.268,0.0216
m,2.774103265,152.292,0.0216
m,2.741285465,151.512,0.0217
m,2.741285465,152.127,0.0217
m,2.731724837,162.5,0.0218
m,2.727080047,154.126,0.0218
m,2.690326257,145.861,0.0216
m,2.685681779,145.778,0.0217
m,2.680902775,145.107,0.0216
m,2.676258708,144.413,0.0216
m,2.671424962,144.666,0.0216
m,2.642184141,145.31,0.0215
m,2.637702406,142.492,0.0215
m,2.633355586,142.936,0.0216
m,2.629063327,146.201,0.0216
m,2.624852071,145.005,0.0216
m,2.594431691,150.021,0.0216
m,2.585713953,148.254,0.0216
m,2.581152629,146.374,0.0217
m,2.581152629,144.691,0.0217
m,2.544722927,159.233,0.0215
m,2.540028625,153.506,0.0214
m,2.535334174,149.809,0.0214
m,2.530639895,145.393,0.0214
m,2.525945778,150.211,0.0214
m,2.495408785,148.886,0.0214
m,2.490364401,149.991,0.0215
m,2.485537431,144.848,0.0214
m,2.480710689,146.624,0.0213
m,2.475749333,148.536,0.0213
m,2.815807832,155.009,0.0225
m,2.811242148,153.517,0.0223
m,2.806811777,150.949,0.0222
m,2.802166284,153.583,0.0221
m,2.769322803,151.683,0.0215
m,2.764677493,147.824,0.0215
m,2.755116327,147.542,0.0215
m,2.750415604,147.556,0.0216
m,2.745850624,150.596,0.0216
m,2.722380268,154.617,0.0218
m,2.717735616,151.979,0.0218
m,2.708742606,149.059,0.0217
m,2.704178499,149.034,0.0217
m,2.699749995,145.838,0.0216
m,2.666646224,144.031,0.0215
m,2.661597041,143.671,0.0215
m,2.651579764,144.745,0.0215
m,2.646746816,144.306,0.0215
m,2.616214007,148.903,0.0216
m,2.611922103,146.917,0.0216
m,2.607711341,148.302,0.0216
m,2.603284692,151.719,0.0216
m,2.598858143,145.688,0.0216
m,2.572031271,143.74,0.0216
m,2.567605451,144.872,0.0216
m,2.563314841,144.667,0.0215
m,2.558889209,146.194,0.0215
m,2.549633988,147.906,0.0215
m,2.521035408,148.21,0.0214
m,2.515990516,149.658,0.0214
m,2.511027958,147.943,0.0213
m,2.500587916,149.072,0.0213
m,2.465827412,149.076,0.0213
m,2.455958891,144.457,0.0212
m,2.450916345,153.225,0.0212
m,2.445956436,157.719,0.0212
m,2.440914614,151.897,0.0211
m,2.435603949,150.432,0.0211
m,2.43029353,158.004,0.0211
m,2.424849426,151.549,0.021
m,2.419405626,165.618,0.0209
m,2.381605895,155.039,0.0208
m,2.376298369,152.088,0.0208
m,2.366303561,161.876,0.0208
m,2.361348217,156.028,0.0208
m,2.356175736,153.473,0.0208
m,2.331103494,160.072,0.0208
m,2.321465877,150.886,0.0205
m,2.316731192,154.38,0.0204
m,2.311912926,152.53,0.0203
m,2.30709453,151.158,0.0203
m,2.272705521,148.305,0.0203
m,2.267755908,147.791,0.0203
m,2.262855166,147.55,0.0204
m,2.258039626,145.168,0.0204
m,2.225225688,148.38,0.02
m,2.215381458,145.75,0.0199
m,2.210302683,146.732,0.0198
m,2.210302683,148.636,0.0198
m,2.199974838,146.419,0.0198
m,2.169334309,153.668,0.0194
m,2.164696639,164.192,0.0194
m,2.159973645,157.347,0.0194
m,2.155556581,158.111,0.0193
m,2.151272645,156.895,0.0193
m,2.121430018,153.592,0.0188
m,2.117193767,164.319,0.0188
m,2.109076517,157.625,0.0189
m,2.101359239,155.868,0.019
m,2.089996263,158.189,0.0191
m,2.089863822,157.491,0.0192
s,2.089995262,157.68,0.0193
s,2.089994769,156.648,0.0194
s,2.090258647,156.734,0.0194
m,2.408518224,153.583,0.0209
m,2.408518224,147.146,0.0209
m,2.397446706,149.364,0.0209
m,2.392221387,163.602,0.0209
m,2.386779216,149.291,0.0209
m,2.35617611,155.448,0.0207
m,2.345915792,163.65,0.0206
m,2.340744067,154.616,0.0206
m,2.33592403,147.769,0.0206
m,2.302276401,148.749,0.0203
m,2.297458143,155.243,0.0204
m,2.292373218,150.535,0.0204
m,2.282471729,150.906,0.0204
m,2.282471729,155.74,0.0204
m,2.248493748,142.258,0.0205
m,2.243946388,144.563,0.0204
m,2.239265421,142.395,0.0204
m,2.234803818,143.171,0.0202
m,2.230038836,144.903,0.0201
m,2.194764019,147.748,0.0197
m,2.189554158,144.59,0.0195
m,2.184343875,145.881,0.0195
m,2.174190884,148.556,0.0195
m,2.146857048,153.004,0.0192
m,2.138246339,149.43,0.0192
m,2.13824683,157.878,0.0191
m,2.12972657,157.967,0.019
m,2.125621172,161.734,0.0189
m,2.097877004,170.301,0.019
m,2.097876498,170.748,0.0191
m,2.092854873,160.831,0.0191
m,2.091490436,159.77,0.0192
m,2.090479512,157.335,0.0191
s,2.090258159,160.724,0.0195
s,2.090258159,161.241,0.0195
s,2.090301852,161.416,0.0195
s,2.090301368,160.799,0.0196
s,2.090389619,161.886,0.0196
s,2.090389619,159.967,0.0196
s,2.090521564,164.034,0.0196
s,2.090521085,158.848,0.0197
s,2.090521564,162.165,0.0196
s,2.090390102,162.867,0.0195
s,2.090390102,161.506,0.0195
s,2.090390102,160.561,0.0195
s,2.090301368,162.05,0.0196
s,2.090345567,161.06,0.0195
s,2.090345567,163.122,0.0195
s,2.09047753,161.19,0.0195
s,2.09047753,159.755,0.0195
s,2.09047753,160.144,0.0195
s,2.090521285,161.267,0.0195
s,2.090433087,161.057,0.0195
s,2.090433087,160.947,0.0195
s,2.090432604,161.486,0.0196
s,2.090344424,161.165,0.0196
s,2.090387759,162.028,0.0197
s,2.090299131,162.354,0.0198
s,2.090431125,162.031,0.0198
s,2.090430656,160.852,0.0199
s,2.090869626,161.545,0.0201
s,2.091001183,161.116,0.0202
s,2.09091309,160.146,0.0202
s,2.09104466,161.826,0.0203
s,2.091044215,161.066,0.0204
s,2.091350929,162.885,0.0207
s,2.091350929,162.8,0.0207
s,2.091482962,161.071,0.0207
s,2.091482962,161.352,0.0207
s,2.091482536,162.17,0.0208
s,2.091569734,160.729,0.021
s,2.091569734,161.763,0.021
s,2.091569734,162.228,0.021
s,2.091569734,161.752,0.021
s,2.090521564,161.343,0.0196
s,2.090522048,159.917,0.0195
s,2.090390102,158.516,0.0195
s,2.090390102,162.937,0.0195
s,2.090390102,160.299,0.0195
s,2.090301368,162.878,0.0196
s,2.090301852,159.831,0.0195
s,2.090301852,162.67,0.0195
s,2.090301852,162.039,0.0195
s,2.090301852,161.165,0.0195
s,2.090609489,159.009,0.0195
s,2.090609489,161.234,0.0195
s,2.090521285,162.115,0.0195
s,2.090521285,161.829,0.0195
s,2.090344424,162.037,0.0196
s,2.090476404,161.46,0.0196
s,2.090475926,161.758,0.0197
s,2.090387759,162.064,0.0197
s,2.090387759,161.401,0.0197
s,2.090562653,161.237,0.0199
s,2.090562188,159.944,0.02
s,2.090694188,162.845,0.02
s,2.090738076,161.618,0.02
s,2.090869626,162.401,0.0201
s,2.0911758,161.493,0.0205
s,2.091307825,160.902,0.0205
s,2.09130739,161.327,0.0206
s,2.091439417,162.073,0.0206
s,2.091394077,161.343,0.0209
s,2.091394498,161.455,0.0208
s,2.09152612,161.323,0.0209
s,2.09152612,161.866,0.0209
s,2.091569734,161.447,0.021
s,2.091569323,162.635,0.0211
s,2.091701377,163.059,0.0211
s,2.091701377,161.658,0.0211
s,2.091701377,161.608,0.0211
s,2.09170097,160.36,0.0212
s,2.09170097,161.444,0.0212
s,2.091700568,160.745,0.0213
s,2.091700171,162.185,0.0214
s,2.091788184,161.613,0.0214
s,2.091788184,161.806,0.0214
s,2.091964244,161.567,0.0214
s,2.092095889,161.963,0.0215
s,2.092184325,160.162,0.0214
s,2.092272378,160.686,0.0214
s,2.092272378,161.651,0.0214
s,2.092272378,162.128,0.0214
s,2.092272378,162.529,0.0214
s,2.092360058,162.334,0.0215
s,2.092360451,162.136,0.0214
s,2.092226887,161.82,0.0218
s,2.092226514,161.174,0.0219
s,2.092226514,160.715,0.0219
s,2.092314233,161.64,0.022
s,2.09231387,162.163,0.0221
s,2.092533268,162.073,0.0223
s,2.092445177,161.256,0.0223
s,2.092664934,161.637,0.0224
s,2.09266459,162.269,0.0225
s,2.09266459,162.289,0.0225
s,2.09257583,162.127,0.0227
s,2.0925755,162.578,0.0228
s,2.092487421,161.82,0.0228
s,2.092487421,161.554,0.0228
s,2.092531901,160.063,0.0227
s,2.092532235,161.577,0.0226
s,2.092532235,159.176,0.0226
s,2.092532575,161.189,0.0225
s,2.092488675,161.867,0.0225
s,2.092445147,163.758,0.0224
s,2.092313148,161.685,0.0224
s,2.092313497,162.756,0.0223
s,2.092269659,162.306,0.0223
s,2.092270013,161.933,0.0222
s,2.091787792,162.797,0.0215
s,2.091875814,162.554,0.0215
s,2.091875814,161.162,0.0215
s,2.091875814,162.181,0.0215
s,2.092272378,162.172,0.0214
s,2.092272378,160.508,0.0214
s,2.092272775,165.173,0.0213
s,2.092360848,164.052,0.0213
s,2.092360848,161.593,0.0213
s,2.092360058,162.691,0.0215
s,2.092359671,162.43,0.0216
s,2.092359671,163.188,0.0216
s,2.092227648,162.165,0.0216
s,2.092227265,160.774,0.0217
s,2.09231387,161.768,0.0221
s,2.09231387,161.795,0.0221
s,2.092533622,161.215,0.0222
s,2.092533622,161.712,0.0222
s,2.092708525,161.741,0.0225
s,2.092708185,162.121,0.0226
s,2.092708185,161.23,0.0226
s,2.092708185,160.385,0.0226
s,2.092708185,161.918,0.0226
s,2.092355395,159.83,0.0228
s,2.092443479,160.674,0.0228
s,2.092443479,161.267,0.0228
s,2.092443809,160.446,0.0227
s,2.092531901,161.559,0.0227
s,2.092488675,161.889,0.0225
s,2.092488675,161.768,0.0225
s,2.092356671,162.706,0.0225
s,2.092445147,162.314,0.0224
s,2.092270013,160.585,0.0222
s,2.092270013,161.741,0.0222
s,2.092138384,161.784,0.0221
s,2.092138384,162.138,0.0221
s,2.092138384,162.34,0.0221
s,2.092138384,161.447,0.0221
s,2.092094581,162.254,0.0221
s,2.092094581,162.191,0.0221
s,2.091962606,163.115,0.0221
m,2.091523308,155.534,0.022
m,2.088886642,160.752,0.0218
m,2.086426381,163.986,0.0218
m,2.083967989,153.33,0.0217
m,2.081513779,163.577,0.0217
m,2.071945286,154.043,0.0215
m,2.071635105,170.1,0.0216
m,2.071995706,163.469,0.0218
m,2.072584379,161.459,0.0218
m,2.073178572,168.032,0.0219
m,2.078549222,160.057,0.0212
m,2.079602285,164.844,0.0212
m,2.080438213,160.594,0.0215
m,2.081316343,159.756,0.0218
m,2.087704543,170.091,0.0217
m,2.089389331,166.77,0.0218
m,2.090244946,170.074,0.0218
m,2.090244946,167.173,0.0218
m,2.092364934,165.731,0.0217
m,2.099551811,173.118,0.0218
m,2.101062432,174.214,0.0215
m,2.102480896,166.058,0.0214
m,2.104033615,173.332,0.0213
m,2.10584598,168.647,0.0212
m,2.119878123,165.337,0.0209
m,2.122391388,169.979,0.0208
m,2.124909549,168.505,0.0207
m,2.127785019,168.146,0.0206
m,2.147404806,169.181,0.0201
m,2.150351454,169.546,0.0201
m,2.153301471,171.228,0.0201
m,2.159124027,168.437,0.02
m,2.162206788,168.638,0.02
s,2.092050804,161.974,0.0221
m,2.092050804,162.512,0.0221
m,2.092050804,167.443,0.0221
m,2.092050804,155.975,0.0221
m,2.091523308,154.145,0.022
m,2.078931508,154.513,0.0215
m,2.07652989,157.741,0.0215
m,2.074615742,151.368,0.0215
m,2.072926237,153.808,0.0215
m,2.074002168,170.421,0.0216
m,2.074609051,168.092,0.0215
m,2.075931608,162.087,0.0216
m,2.076742426,167.727,0.0213
m,2.076742831,163.12,0.0212
m,2.083058469,167.688,0.0219
m,2.084146684,165.761,0.0218
m,2.084950831,165.671,0.0218
m,2.085892644,164.382,0.0217
m,2.086842877,168.296,0.0216
m,2.093373741,172.233,0.0216
m,2.094517632,164.338,0.0216
m,2.0956699,169.267,0.0215
m,2.098150879,168.605,0.0217
m,2.107665184,174.251,0.0212
m,2.109617594,167.85,0.0211
m,2.111475221,173.941,0.021
m,2.115287915,169.373,0.021
m,2.11741518,170.194,0.0209
m,2.130810374,171.57,0.0205
m,2.136375276,173.707,0.0205
m,2.136375276,172.359,0.0205
m,2.14187315,170.198,0.0203
m,2.144689615,172.892,0.0202
m,2.165416191,173.989,0.0199
m,2.168751033,174.305,0.0199
m,2.17219445,171.185,0.02
m,2.175518997,171.142,0.0199
m,2.182161613,173.858,0.0198
m,2.182162066,173.675,0.0197
m,2.188788542,172.199,0.0196
m,2.191992798,171.459,0.0196
m,2.195201479,167.859,0.0195
m,2.214900621,167.718,0.0188
m,2.221132404,170.861,0.0188
m,2.224133827,166.003,0.0187
m,2.227018613,169.626,0.0186
m,2.245510337,173.382,0.0181
m,2.248175443,172.838,0.0184
m,2.255615913,173.446,0.0186
m,2.255616403,172.732,0.0185
m,2.260180887,172.772,0.0186
m,2.269202901,172.831,0.0188
m,2.270543692,171.828,0.0188
m,2.273475066,172.418,0.0189
m,2.273475066,172.032,0.0189
m,2.276080039,173.703,0.019
m,2.287544882,171.891,0.0192
m,2.289190609,173.177,0.0194
m,2.289190609,166.973,0.0194
m,2.292505828,168.719,0.0194
m,2.302993389,167.295,0.0202
m,2.3042247,164.48,0.0204
m,2.305341475,172.998,0.0205
m,2.306581806,167.227,0.0208
m,2.309560192,165.155,0.0209
m,2.31793613,169.264,0.0217
m,2.319705335,169.921,0.0219
m,2.321359024,167.628,0.0221
m,2.324308399,170.324,0.0222
m,2.325856647,166.068,0.0223
m,2.335359436,169.523,0.0233
m,2.338425771,163.73,0.0234
m,2.340133897,164.799,0.0235
m,2.341736102,174.096,0.0236
m,2.198428175,169.88,0.0194
m,2.201536318,169.873,0.0193
m,2.204878516,171.609,0.0191
m,2.211559651,173.741,0.019
m,2.214899653,171.677,0.019
m,2.229787121,165.963,0.0185
m,2.23520772,171.022,0.0183
m,2.237870512,169.116,0.0182
m,2.240417508,164.638,0.0182
m,2.24296121,171.291,0.0181
m,2.262298421,172.162,0.0186
m,2.264190892,169.435,0.0186
m,2.26596678,168.976,0.0186
m,2.267641129,169.596,0.0186
m,2.277331433,172.258,0.019
m,2.278706882,169.472,0.019
m,2.280555435,173.748,0.0191
m,2.28241059,167.286,0.0191
m,2.285905232,173.57,0.0192
m,2.294172474,170.779,0.0195
m,2.295845783,172.087,0.0196
m,2.297287937,165.127,0.0199
m,2.300191055,169.024,0.0201
m,2.301651547,173.575,0.0201
m,2.311291761,172.318,0.0211
m,2.311291397,164.74,0.0212
m,2.314659214,170.176,0.0213
m,2.316294666,164.164,0.0215
m,2.327410082,172.72,0.0225
m,2.32740978,165.455,0.0226
m,2.330769303,166.074,0.0227
m,2.332216103,164.369,0.0228
m,2.333902776,166.506,0.0231
m,2.343343689,160.826,0.0237
m,2.345206583,167.793,0.0239
m,2.347075475,166.734,0.0242
m,2.351210128,168.021,0.0244
m,2.353224737,170.535,0.0245
m,2.353224315,163.868,0.0247
m,2.357163681,165.703,0.0249
m,2.358961853,164.842,0.0251
m,2.36089359,163.494,0.0252
m,2.362705057,163.971,0.0253
m,2.371482648,165.98,0.0259
m,2.375507387,167.282,0.0259
m,2.377474394,159.035,0.026
m,2.379318235,170.284,0.0262
m,2.381404521,167.87,0.0263
m,2.393210726,173.524,0.027
m,2.395076343,172.612,0.0271
m,2.398871646,164.727,0.0273
m,2.398871383,165.714,0.0276
m,2.412307337,163.343,0.0287
m,2.413799582,172.306,0.0287
m,2.416337675,171.293,0.0289
m,2.417780958,170.754,0.0289
m,2.419121946,165.883,0.0289
m,2.427781132,173.514,0.0297
m,2.430962443,171.271,0.0299
m,2.432759351,174.539,0.03
m,2.434559896,173.043,0.0303
m,2.436601701,171.981,0.0304
m,2.45238582,173.923,0.0315
m,2.460231516,170.81,0.0319
m,2.460231614,170.302,0.032
m,2.462867885,168.894,0.0323
m,2.482533012,172.367,0.0343
m,2.485092579,173.894,0.0346
m,2.490496098,169.141,0.0347
m,2.490496308,170.117,0.0348
m,2.496428146,171.759,0.035
m,2.515243348,165.16,0.0362
m,2.518535723,164.548,0.0364
m,2.521889251,165.199,0.0365
m,2.521889814,173.212,0.0367
m,2.528326598,165.386,0.0368
m,2.364395584,171.419,0.0254
m,2.366073165,163.435,0.0256
m,2.367864668,169.973,0.0258
m,2.371482804,167.483,0.0258
m,2.384709324,165.014,0.0264
m,2.386292238,167.834,0.0266
m,2.387986362,167.347,0.0267
m,2.389577412,167.89,0.0268
m,2.391326198,165.484,0.027
m,2.402319793,164.38,0.0277
m,2.403998813,167.869,0.0279
m,2.405577749,172.363,0.028
m,2.40737289,172.709,0.0281
m,2.409277998,169.628,0.0285
m,2.420598446,168.159,0.029
m,2.421944058,172.041,0.0292
m,2.423291961,173.333,0.0293
m,2.426262091,168.816,0.0294
m,2.438576085,169.036,0.0304
m,2.442874023,171.977,0.0306
m,2.445031196,172.992,0.0306
m,2.447567374,172.526,0.0307
m,2.449973697,168.215,0.0309
m,2.468291412,164.938,0.0325
m,2.471180129,171.813,0.0327
m,2.474174561,173.208,0.0331
m,2.477072841,168.802,0.0334
m,2.479837967,173.674,0.0336
m,2.499518577,165.076,0.0352
m,2.502652057,163.002,0.0354
m,2.50575018,163.41,0.0358
m,2.508891416,161.805,0.036
m,2.531451948,162.641,0.037
m,2.534538285,167.949,0.0372
m,2.537669717,166.434,0.0373
m,2.544138325,167.565,0.0377
m,2.547278732,170.005,0.0376
m,2.550423362,158.585,0.0378
m,2.553907865,167.522,0.0383
m,2.557200538,168.105,0.0386
m,2.560736617,169.892,0.0393
m,2.584574402,168.495,0.0408
m,2.587994029,171.897,0.0411
m,2.594698128,162.606,0.0413
m,2.59798367,161.29,0.0415
m,2.601415524,158.414,0.0418
m,2.621496787,159.415,0.043
m,2.621497827,155.631,0.0432
m,2.6282162,153.952,0.0433
m,2.631436357,161.021,0.0434
m,2.634804291,158.389,0.0436
m,2.659419549,157.863,0.0444
m,2.6630507,154.026,0.0445
m,2.666446551,156.768,0.0446
m,2.673286253,155.258,0.0446
m,2.69569599,162.045,0.0443
m,2.69950446,158.607,0.0443
m,2.707185733,160.328,0.0442
m,2.710912106,170.408,0.0441
m,2.710912106,160.814,0.0441
m,2.734555771,166.523,0.0432
m,2.742061259,165.788,0.0431
m,2.74581925,166.58,0.0431
m,2.749670133,163.669,0.043
m,2.753285809,167.632,0.0429
m,2.780495777,173.928,0.0415
m,2.78452358,172.727,0.0413
m,2.788316399,174.313,0.0411
m,2.792350132,172.056,0.0408
m,2.817018818,173.884,0.0392
m,2.820625144,171.589,0.0391
m,2.824296357,174.33,0.0389
m,2.828120635,172.173,0.0386
m,2.831646987,174.132,0.0384
m,2.564132443,166.593,0.0394
m,2.571120798,171.181,0.0396
m,2.571121996,171.743,0.0399
m,2.57784096,161.24,0.0402
m,2.581299752,166.883,0.0404
m,2.604563763,160.662,0.042
m,2.607857822,158.609,0.0422
m,2.611298062,156.378,0.0424
m,2.614503942,166.357,0.0428
m,2.638319315,164.025,0.0437
m,2.641694349,156.362,0.044
m,2.645309902,160.065,0.0441
m,2.652311534,163.922,0.0442
m,2.655791518,164.274,0.0443
m,2.673286253,158.561,0.0446
m,2.680336043,156.562,0.0446
m,2.684037784,155.386,0.0445
m,2.687889783,153.991,0.0445
m,2.691837111,155.611,0.0444
m,2.718522901,168.195,0.044
m,2.722498021,161.102,0.0439
m,2.726532563,167.071,0.0437
m,2.730661761,167.172,0.0435
m,2.757200907,172.998,0.0427
m,2.760970045,174.056,0.0423
m,2.765130315,174.202,0.0421
m,2.768907061,173.446,0.0419
m,2.776709353,173.364,0.0417
m,2.796149299,173.504,0.0406
m,2.799951232,173.732,0.0403
m,2.803544529,172.303,0.0399
m,2.806753026,174.027,0.0397
m,2.813503563,171.327,0.0395
m,2.835326709,172.358,0.0382
m,2.839008644,173.34,0.0378
m,2.842543022,171.593,0.0376
m,2.84992214,172.064,0.0373
m,2.853615713,174.076,0.0371
m,2.857312043,172.346,0.0369
m,2.861162613,172.013,0.0367
m,2.864626409,173.36,0.0364
m,2.868331075,174.029,0.0362
m,2.895120668,173.407,0.0354
m,2.898847087,171.876,0.0353
m,2.906528479,173.929,0.0352
m,2.91026344,172.182,0.0353
m,2.932755526,171.48,0.0352
m,2.936130929,173.265,0.0351
m,2.939662064,171.865,0.0352
m,2.942887858,174.841,0.0353
m,2.949875374,173.267,0.0353
m,2.967742514,174.114,0.0358
m,2.971291083,173.703,0.036
m,2.978310304,172.078,0.0361
m,2.981781597,173.888,0.0362
m,2.98540959,173.71,0.0363
m,3.00753484,173.07,0.0371
m,3.01490594,171.747,0.0373
m,3.018709433,172.559,0.0375
m,3.022826308,170.952,0.0377
m,3.044872625,174.972,0.0387
m,3.048306803,172.737,0.0392
m,3.048699493,172.279,0.0391
s,3.04854408,171.477,0.0393
s,3.048624968,172.211,0.0393
s,3.04862597,173.648,0.0396
s,3.04862631,172.731,0.0397
s,3.048389705,174.021,0.0398
s,3.048309164,173.615,0.0399
s,3.048308817,173.469,0.0398
s,3.047992039,172.555,0.0401
s,3.047755812,172.731,0.0403
s,3.047600474,174.215,0.0405
s,3.047601218,171.475,0.0407
m,2.875986816,172.135,0.036
m,2.879851802,173.68,0.0359
m,2.879851576,174.657,0.0358
m,2.887609289,172.471,0.0357
m,2.891330212,174.428,0.0356
m,2.914153519,172.926,0.0352
m,2.918131167,173.764,0.0352
m,2.921720602,171.171,0.0352
m,2.925549995,170.633,0.0352
m,2.929228595,172.747,0.0353
m,2.953414356,173.233,0.0355
m,2.953414356,173.498,0.0355
m,2.960805549,173.302,0.0356
m,2.964349987,173.54,0.0356
m,2.989039809,173.612,0.0364
m,2.992827068,173.712,0.0365
m,2.996616711,172.003,0.0366
m,3.000253979,172.438,0.0368
m,3.003893445,173.427,0.037
m,3.026789971,171.857,0.0378
m,3.03060099,174.162,0.0381
m,3.03441403,173.286,0.0383
m,3.038235439,171.637,0.0384
m,3.044871413,174.199,0.0383
s,3.048624316,173.127,0.0391
s,3.048624968,173.434,0.0393
s,3.048625298,173.207,0.0394
s,3.048625632,172.668,0.0395
s,3.048308817,173.663,0.0398
s,3.048227935,172.855,0.0398
s,3.048227935,173.612,0.0398
s,3.047991686,174.113,0.04
s,3.047991686,172.864,0.04
s,3.047526421,172.01,0.0408
s,3.047607315,174.246,0.0408
s,3.047607695,172.334,0.0409
s,3.047533313,172.39,0.0411
s,3.047614612,174.189,0.0412
s,3.047458963,173.312,0.0413
s,3.047465172,173.027,0.0414
s,3.047309547,169.67,0.0415
s,3.047310356,173.147,0.0417
s,3.047235683,172.233,0.0418
s,3.04653828,172.724,0.0422
s,3.046619252,173.476,0.0422
s,3.046463688,174.054,0.0423
s,3.046382713,170.579,0.0423
s,3.046153455,172.639,0.0427
s,3.045916047,172.384,0.0426
s,3.045915611,173.227,0.0425
s,3.045915611,172.219,0.0425
s,3.046071595,174.181,0.0425
s,3.045997037,173.608,0.0426
s,3.045997037,173.318,0.0426
s,3.045997037,174.132,0.0426
s,3.045997037,172.881,0.0426
s,3.045997037,173.644,0.0426
s,3.045996601,174.128,0.0425
s,3.045996169,172.831,0.0424
s,3.046152148,172.477,0.0424
s,3.046152148,171.995,0.0424
s,3.046151718,173.07,0.0423
s,3.045990185,173.287,0.0424
s,3.045990185,172.316,0.0424
s,3.04583463,172.712,0.0425
s,3.04583463,173.279,0.0425
s,3.045444341,172.928,0.0431
s,3.045444341,173.163,0.0431
s,3.045288817,173.487,0.0432
s,3.045289276,172.306,0.0433
s,3.045289738,173.15,0.0434
s,3.04489867,170.906,0.0438
s,3.044899149,171.981,0.0439
s,3.044743656,172.984,0.044
s,3.044743656,172.047,0.044
s,3.044744141,173.814,0.0441
s,3.047080081,173.584,0.0419
s,3.047005441,172.681,0.042
s,3.046849857,173.27,0.0421
s,3.046693856,173.712,0.0421
s,3.045997477,172.672,0.0427
s,3.04607891,173.573,0.0428
s,3.045922939,173.611,0.0428
s,3.045997477,172.895,0.0427
s,3.045997477,172.59,0.0427
s,3.045915611,173.854,0.0425
s,3.045915611,173.365,0.0425
s,3.045915611,173.177,0.0425
s,3.045916047,174.677,0.0426
s,3.045997037,173.358,0.0426
s,3.045997037,173.296,0.0426
s,3.045996601,172.375,0.0425
s,3.04615258,170.391,0.0425
s,3.045996601,173.422,0.0425
s,3.046070734,172.533,0.0423
s,3.046070734,173.05,0.0423
s,3.046070734,172.436,0.0423
s,3.046070734,172.109,0.0423
s,3.045990185,173.964,0.0424
s,3.045835505,173.766,0.0427
s,3.045835948,171.617,0.0428
s,3.04559898,173.717,0.0428
s,3.045599426,173.222,0.0429
s,3.045599875,171.413,0.043
s,3.045053233,171.887,0.0435
s,3.045053701,172.204,0.0436
s,3.044898195,173.596,0.0437
s,3.04489867,173.457,0.0438
s,3.04474463,172.472,0.0442
s,3.04474463,173.536,0.0442
s,3.044663639,172.371,0.0442
s,3.04466413,172.24,0.0443
s,3.044664626,172.476,0.0444
s,3.044665124,172.58,0.0445
s,3.044665124,172.158,0.0445
s,3.044665124,174.037,0.0445
s,3.044665124,171.573,0.0445
s,3.044436198,173.503,0.0449
s,3.044436198,172.703,0.0449
s,3.044436713,173.755,0.045
s,3.044280747,172.759,0.045
s,3.044281265,172.528,0.0451
s,3.043969866,172.405,0.0452
s,3.043889377,171.605,0.0453
s,3.043889377,173.366,0.0453
s,3.043888852,173.322,0.0452
s,3.043889377,172.209,0.0453
s,3.043647966,171.4,0.0456
s,3.04349253,172.924,0.0457
s,3.043411535,172.434,0.0457
s,3.043412076,173.637,0.0458
s,3.043568055,173.646,0.0458
s,3.043568599,172.598,0.0459
s,3.043413169,174.176,0.046
s,3.043413169,172.522,0.046
s,3.043494164,173.334,0.046
s,3.043657277,172.467,0.0462
s,3.043502998,173.106,0.0465
s,3.043584582,172.55,0.0466
s,3.043510798,173.156,0.0468
s,3.04335543,173.741,0.0469
s,3.04328587,173.868,0.0478
s,3.04328587,173.507,0.0478
s,3.04328648,172.188,0.0479
s,3.043287094,171.461,0.048
s,3.043051978,172.355,0.0483
s,3.043052605,172.647,0.0484
m,3.043053869,174.21,0.0486
m,3.042897932,173.537,0.0486
m,3.042897932,174.208,0.0486
s,3.044665626,174.31,0.0446
s,3.044665626,173.775,0.0446
s,3.044509648,173.876,0.0446
s,3.044510153,172.926,0.0447
s,3.044354685,170.911,0.0448
s,3.044125302,173.12,0.0451
s,3.044125302,174.612,0.0451
s,3.044125824,172.591,0.0452
s,3.043969866,173.461,0.0452
s,3.043808899,173.55,0.0454
s,3.04380943,173.945,0.0455
s,3.043572459,171.343,0.0455
s,3.043491992,174.181,0.0456
s,3.043491992,171.4,0.0456
s,3.043412076,173.356,0.0458
s,3.043568599,173.768,0.0459
s,3.043568599,173.444,0.0459
s,3.043568055,172.764,0.0458
s,3.043568055,172.94,0.0458
s,3.043494164,173.165,0.046
s,3.043494164,173.69,0.046
s,3.043575166,172.142,0.046
s,3.043656722,170.876,0.0461
s,3.04335601,170.963,0.047
s,3.043438217,173.091,0.0472
s,3.043438807,172.131,0.0473
s,3.043439401,174.392,0.0474
s,3.043285263,173.63,0.0477
s,3.043050734,171.76,0.0481
s,3.043051355,174.385,0.0482
s,3.043051978,173.812,0.0483
s,3.043051978,173.209,0.0483
s,3.043051978,173.694,0.0483
m,3.042816892,174.308,0.0486
m,3.042971567,171.856,0.0484
m,3.044604271,172.26,0.0481
m,3.044604271,173.455,0.0481
m,3.050135388,173.417,0.0481
m,3.053566105,174.402,0.0482
m,3.056762061,171.514,0.0483
m,3.060356803,173.048,0.0482
m,3.0639495,173.652,0.0482
m,3.089488479,172.054,0.0476
m,3.092942384,172.518,0.0476
m,3.096554312,173.494,0.0475
m,3.100246796,172.806,0.0476
m,3.127009781,174.155,0.0471
m,3.130796291,172.152,0.0471
m,3.13442666,172.848,0.0471
m,3.141297066,173.72,0.0472
m,3.14461518,173.173,0.0471
m,3.165176117,173.816,0.0469
m,3.169211358,172.514,0.0468
m,3.169210804,174.016,0.0467
m,3.177997817,173.935,0.0467
m,3.182354537,174.068,0.0467
m,3.211129166,170.748,0.0465
m,3.215171758,173.216,0.0464
m,3.219061898,172.264,0.0464
m,3.22271094,173.769,0.0463
m,3.247410749,174.315,0.0465
m,3.250905623,171.112,0.0464
m,3.254561162,173.266,0.0464
m,3.258216307,174.19,0.0462
m,3.261956652,173.324,0.0462
m,3.284300498,172.253,0.0464
m,3.288064825,171.678,0.0463
m,3.291671263,172.987,0.0463
m,3.298822637,171.778,0.0462
m,3.302519223,172.806,0.0462
m,3.326340739,173.773,0.0461
m,3.329334163,173.771,0.046
m,3.33241572,172.74,0.0459
m,3.33526383,173.679,0.0458
m,3.067547924,173.544,0.0481
m,3.071148659,174.35,0.0481
m,3.0786648,172.197,0.048
m,3.078664192,173.236,0.0479
m,3.085957469,171.778,0.0478
m,3.104018266,171.952,0.0473
m,3.111804295,173.583,0.0472
m,3.115503756,173.176,0.0471
m,3.115503756,171.693,0.0471
m,3.12330384,172.743,0.0471
m,3.147855268,173.92,0.0471
m,3.151018247,174.412,0.0471
m,3.154418141,173.039,0.047
m,3.158056025,172.396,0.047
m,3.186554491,173.103,0.0468
m,3.190674292,173.397,0.0469
m,3.19891912,173.282,0.0467
m,3.203040986,173.236,0.0466
m,3.20700485,172.437,0.0465
m,3.226443678,171.8,0.0463
m,3.230254507,174.214,0.0464
m,3.237399834,174.238,0.0465
m,3.240657571,173.354,0.0465
m,3.244075362,171.945,0.0465
m,3.265697862,174.349,0.0462
m,3.273031502,171.949,0.0463
m,3.276783544,172.865,0.0463
m,3.280536837,173.787,0.0463
m,3.302518708,173.354,0.0461
m,3.309766976,170.748,0.046
m,3.31331906,173.422,0.0459
m,3.316713793,174.169,0.046
m,3.319949429,173.457,0.046
m,3.338275394,173.039,0.0458
m,3.341362473,172.61,0.0457
m,3.34453816,171.15,0.0455
m,3.350750442,172.689,0.0455
m,3.350750442,173.45,0.0455
m,3.356663976,173.489,0.0456
m,3.359470486,170.257,0.0457
m,3.362117388,173.688,0.0457
m,3.364694074,174.096,0.0458
m,3.367184073,174.315,0.0458
m,3.38081874,172.976,0.0459
m,3.383252027,174.168,0.0459
m,3.385688766,173.64,0.0461
m,3.388217927,173.03,0.0462
m,3.39328372,173.843,0.0462
m,3.407131319,174.237,0.0464
m,3.410961983,170.196,0.0465
m,3.410962495,170.221,0.0466
m,3.414450883,168.909,0.0467
m,3.429320352,162.718,0.047
m,3.434127237,157.795,0.047
m,3.436382334,160.795,0.047
m,3.438874115,167.448,0.0471
m,3.441367701,167.697,0.0471
m,3.456313942,172.156,0.0474
m,3.458836929,168.271,0.0474
m,3.461100441,167.969,0.0474
m,3.464737448,172.878,0.0474
m,3.46576776,168.82,0.0474
m,3.455974224,168.657,0.0473
m,3.448618757,170.353,0.0473
m,3.44518774,171.008,0.0471
m,3.441826474,170.373,0.0472
m,3.416596411,173.116,0.0473
m,3.412797892,171.473,0.0472
m,3.408532882,174.347,0.047
m,3.404200399,170.637,0.0468
m,3.374887828,169.149,0.0459
m,3.371352271,173.596,0.0457
m,3.367916596,173.321,0.0455
m,3.364317225,172.401,0.0454
m,3.357589853,172.117,0.0455
m,3.371612033,173.73,0.0458
m,3.373784552,173.393,0.0458
m,3.375886425,173.253,0.0458
m,3.375886425,172.74,0.0458
m,3.395658076,172.203,0.0462
m,3.398107167,173.269,0.0463
m,3.400486704,170.314,0.0463
m,3.402940234,169.615,0.0463
m,3.404999296,173.092,0.0464
m,3.416009379,170.101,0.0468
m,3.417988578,166.854,0.0468
m,3.420226848,168.172,0.0469
m,3.422489904,165.006,0.0469
m,3.427071846,163.986,0.0469
m,3.44386361,164.394,0.0471
m,3.448931545,169.894,0.0471
m,3.451477001,167.239,0.0471
m,3.453860021,166.94,0.0472
m,3.465768291,173.266,0.0475
m,3.465527521,170.943,0.0475
m,3.46426856,173.225,0.0474
m,3.462351258,171.432,0.0474
m,3.459540816,170.516,0.0473
m,3.438465276,167.397,0.0473
m,3.435035591,169.735,0.0473
m,3.431207678,171.053,0.0473
m,3.427448913,169.767,0.0475
m,3.423853793,169.104,0.0474
m,3.399867302,169.237,0.0464
m,3.395333074,168.091,0.0463
m,3.386297655,168.075,0.0462
m,3.382127329,172.518,0.0461
m,3.382126828,171.244,0.046
m,3.354294828,173.233,0.0455
m,3.350934353,171.244,0.0455
m,3.347509192,171.274,0.0456
m,3.344085148,173.617,0.0456
m,3.340663217,171.977,0.0457
m,3.337175597,173.442,0.0456
m,3.330206808,172.776,0.0456
m,3.330207304,171.39,0.0457
m,3.324209437,171.338,0.0456
m,3.3028798,173.932,0.0462
m,3.297617816,174.037,0.046
m,3.295223124,173.633,0.046
m,3.292933205,173.06,0.046
m,3.279829003,174.091,0.0458
m,3.278576039,170.291,0.046
m,3.277494902,173.938,0.0462
m,3.276122304,172.063,0.0462
m,3.270536901,172.179,0.0461
m,3.270213622,172.545,0.0459
m,3.269877605,173.393,0.0458
m,3.269970112,171.294,0.0455
m,3.269968627,172.893,0.0452
m,3.269824318,173.57,0.0445
m,3.269682832,171.07,0.0444
m,3.269546318,172.609,0.0443
m,3.269644872,171.392,0.0443
m,3.26963703,172.605,0.0442
m,3.269752873,174.084,0.0445
m,3.268920903,173.001,0.0445
m,3.267521919,172.301,0.0445
m,3.265619624,171.063,0.045
m,3.244405355,173.977,0.0446
m,3.241259517,172.022,0.0444
m,3.238004522,174.267,0.0446
m,3.231901986,174.698,0.0448
m,3.228655619,173.7,0.045
m,3.212348875,172.529,0.0447
m,3.209062403,173.511,0.0445
m,3.205607589,172.086,0.0444
m,3.199340488,171.853,0.0442
m,3.196701817,172.292,0.0442
m,3.321129914,171.068,0.0455
m,3.317952408,172.953,0.0456
m,3.315074868,172.844,0.0458
m,3.312032513,174.073,0.0461
m,3.306049875,175.177,0.0461
m,3.291147719,173.13,0.046
m,3.289300012,174.319,0.0458
m,3.28588761,173.283,0.0457
m,3.284219596,172.707,0.0457
m,3.282786428,173.815,0.0456
m,3.274985891,172.301,0.0463
m,3.272831196,170.867,0.0464
m,3.271981317,172.033,0.0463
m,3.271368453,170.598,0.0464
m,3.27109615,174.377,0.0462
m,3.270003487,171.27,0.045
m,3.270004927,173.386,0.0448
m,3.270120897,173.613,0.0447
m,3.270072501,173.017,0.0445
m,3.269693223,174.485,0.0442
m,3.269949144,173.713,0.0443
m,3.269969905,171.825,0.0444
m,3.269970372,172.416,0.0445
m,3.269960364,172.476,0.0447
m,3.263204872,173.572,0.0451
m,3.257238666,173.577,0.0452
m,3.253971366,173.001,0.0452
m,3.25396942,173.531,0.0448
m,3.247554451,172.288,0.0448
m,3.225411657,171.703,0.0451
m,3.222170592,172.963,0.0452
m,3.21893045,173.724,0.0449
m,3.215638554,171.661,0.0449
m,3.194066345,172.018,0.044
m,3.192008154,172.907,0.044
m,3.189953346,166.81,0.0438
m,3.18790241,165.247,0.0435
m,3.186083825,170.087,0.0434
m,3.182242591,172.954,0.0432
m,3.182241717,172.949,0.043
m,3.178885474,173.856,0.0429
m,3.17727354,171.564,0.0425
m,3.162674932,173.022,0.0419
m,3.161609195,173.565,0.0418
m,3.160373534,171.718,0.0418
m,3.158661043,172.667,0.0418
m,3.147525257,171.49,0.0426
m,3.147525257,172.176,0.0426
m,3.142378536,174.262,0.0425
m,3.139883879,173.468,0.0425
m,3.137615922,173.117,0.0425
m,3.121159757,172.407,0.0427
m,3.121159757,172.425,0.0427
m,3.114582221,170.379,0.0428
m,3.111378241,172.598,0.0427
m,3.108496888,173.291,0.0427
m,3.089244967,172.939,0.043
m,3.089244967,173.926,0.043
m,3.082409931,172.458,0.0431
m,3.079313255,173.223,0.0431
m,3.076265671,172.121,0.0432
m,3.055724382,172.469,0.0437
m,3.04886697,170.896,0.0437
m,3.0458633,170.866,0.0438
m,3.043213049,173.169,0.0439
m,3.029386204,172.457,0.0442
m,3.027537372,172.939,0.0441
m,3.025430289,173.877,0.0441
m,3.022756882,172.69,0.0442
m,3.019522078,173.363,0.0443
m,3.003864836,173.133,0.044
m,3.001555997,172.467,0.0436
m,2.999251155,171.01,0.0436
m,2.996724107,173.183,0.0433
m,2.994023028,172.417,0.043
m,3.175615056,168.547,0.0424
m,3.174361417,165.957,0.0421
m,3.171233114,172.118,0.042
m,3.169930174,171.128,0.0421
m,3.168563665,169.043,0.0422
m,3.157538696,173.563,0.0419
m,3.156245071,171.59,0.042
m,3.155005076,171.551,0.0421
m,3.153593719,171.169,0.0423
m,3.151909547,171.024,0.0425
m,3.135301333,172.65,0.0427
m,3.132764689,175.072,0.0429
m,3.130104362,172.022,0.043
m,3.124389011,173.115,0.0428
m,3.10584016,173.621,0.0427
m,3.103009194,173.125,0.0428
m,3.096532679,172.227,0.0429
m,3.092888338,170.334,0.043
m,3.073346833,173.323,0.0433
m,3.070205174,172.575,0.0433
m,3.066841756,173.068,0.0434
m,3.05940067,172.588,0.0434
m,3.055723444,172.28,0.0435
m,3.040739889,171.378,0.0439
m,3.038492016,171.499,0.0441
m,3.034666594,173.621,0.0441
m,3.032774932,173.105,0.0442
m,3.031190762,172.395,0.0442
m,3.013936205,173.346,0.0444
m,3.011534912,172.342,0.0443
m,3.00905234,171.973,0.0442
m,3.006305687,174.277,0.0444
m,2.988182718,173.807,0.0428
m,2.98526543,173.969,0.0427
m,2.982524985,172.532,0.0424
m,2.979610631,173.81,0.0421
m,2.976696986,172.712,0.0415
m,2.970879716,173.484,0.0413
m,2.967798423,173.517,0.0412
m,2.96213637,171.788,0.0407
m,2.962137935,173.178,0.0411
m,2.93311535,174.475,0.039
m,2.925262788,171.217,0.0387
m,2.921487463,172.653,0.0385
m,2.917537146,173.875,0.0382
m,2.913536804,173.172,0.0375
m,2.883953866,171.958,0.0363
m,2.879482953,172.996,0.0361
m,2.875187397,171.217,0.0359
m,2.871117177,171.339,0.0358
m,2.866872559,173.734,0.0356
m,2.841040178,173.176,0.0355
m,2.837621533,172.182,0.0353
m,2.834153142,173.169,0.0352
m,2.830211311,173.722,0.035
m,2.805587558,173.462,0.0348
m,2.802550432,171.262,0.0346
m,2.799165604,172.323,0.0345
m,2.791455681,173.057,0.0345
m,2.787653802,173.224,0.0345
m,2.771050485,173.149,0.0347
m,2.763967797,172.81,0.0347
m,2.763967607,174.118,0.0346
m,2.756596238,173.27,0.0345
m,2.753018078,172.438,0.0345
m,2.731729514,174.155,0.0336
m,2.731729214,172.51,0.0334
m,2.727735796,173.319,0.0333
m,2.725409235,172.632,0.0332
m,2.707183375,174.257,0.0341
m,2.704456209,172.078,0.0344
m,2.701678107,171.418,0.0346
m,2.698848714,172.905,0.0348
m,2.693604769,172.558,0.0348
m,2.959509773,173.439,0.0408
m,2.953992785,174.08,0.0414
m,2.9406513,172.334,0.0403
m,2.936670476,172.712,0.04
m,2.933116355,173.234,0.0393
m,2.905365542,173.178,0.0373
m,2.901242326,172.708,0.0372
m,2.897119815,172.06,0.0372
m,2.88830055,174.015,0.0367
m,2.862927857,173.513,0.0353
m,2.859109542,172.651,0.0356
m,2.85551536,173.285,0.0355
m,2.851821771,172.985,0.0356
m,2.844384714,174.226,0.0357
m,2.822430532,171.732,0.035
m,2.81876592,174.041,0.035
m,2.81515247,173.284,0.035
m,2.811888622,173.252,0.035
m,2.808676101,171.485,0.035
m,2.783976214,173.947,0.0345
m,2.780699567,171.492,0.0346
m,2.777372463,171.597,0.0346
m,2.77392514,173.998,0.0352
m,2.749442212,171.47,0.0344
m,2.74592154,169.649,0.0344
m,2.742576961,164.424,0.0343
m,2.739461282,169.65,0.0342
m,2.73657457,171.06,0.034
m,2.72320834,172.558,0.0334
m,2.720959427,173.057,0.0338
m,2.718316304,172.638,0.0341
m,2.712936091,170.885,0.0341
m,2.710143547,170.692,0.0341
m,2.693604572,173.328,0.0347
m,2.688549212,171.627,0.0348
m,2.686083514,172.973,0.0348
m,2.683677561,172.388,0.0348
m,2.681389215,173.19,0.0348
m,2.679103833,173.105,0.0349
m,2.676821232,172.879,0.035
m,2.671012463,172.905,0.0352
m,2.668057981,173.107,0.0353
m,2.647291029,172.153,0.0358
m,2.64499689,171.384,0.036
m,2.64304693,173.008,0.0363
m,2.641210503,173.463,0.0365
m,2.6240253,173.1,0.0391
m,2.621322738,173.667,0.0394
m,2.618394524,174.105,0.0397
m,2.615533869,173.64,0.0404
m,2.597739225,172.375,0.0423
m,2.595525768,173.997,0.0424
m,2.59308603,172.456,0.0427
m,2.590880263,173.361,0.0428
m,2.574644944,173.936,0.0429
m,2.572135796,173.129,0.0429
m,2.567363647,173.37,0.0431
m,2.567363647,172.612,0.0431
m,2.562107762,172.106,0.0431
m,2.544825773,173.574,0.0424
m,2.541767403,173.891,0.0424
m,2.538779753,169.595,0.0425
m,2.535961944,173.04,0.0426
m,2.533080924,172.906,0.0427
m,2.516393041,173.326,0.0434
m,2.513730455,168.654,0.0436
m,2.510740265,172.817,0.0438
m,2.504836516,166.171,0.0441
m,2.502020087,169.68,0.0443
m,2.486158443,169.117,0.0443
m,2.483291483,169.367,0.0445
m,2.483292697,170.387,0.0447
m,2.477799094,169.303,0.0449
m,2.475103847,171.225,0.0451
m,2.668058203,172.622,0.0354
m,2.661879716,173.904,0.0356
m,2.658768822,173.158,0.0357
m,2.655608875,173.287,0.0356
m,2.652455262,173.365,0.0357
m,2.639207275,171.125,0.0368
m,2.636927546,171.838,0.0372
m,2.634592766,173.741,0.038
m,2.632041283,171.925,0.0384
m,2.629384759,173.695,0.0387
m,2.612676571,172.794,0.0407
m,2.607313546,172.942,0.0411
m,2.604701737,172.747,0.0414
m,2.602095579,172.436,0.0418
m,2.599893564,170.156,0.0421
m,2.585975736,173.055,0.0428
m,2.583613661,174.114,0.0428
m,2.581360061,173.954,0.0429
m,2.579173544,173.178,0.0429
m,2.576927322,171.799,0.043
m,2.559453279,172.327,0.0429
m,2.55673838,172.438,0.0428
m,2.553860233,172.79,0.0425
m,2.550755281,174.303,0.0424
m,2.530204396,172.517,0.043
m,2.527495889,174.599,0.0431
m,2.524625102,172.859,0.0432
m,2.519058729,173.458,0.0433
m,2.499602223,171.603,0.0441
m,2.496954743,171.109,0.0441
m,2.494543987,172.325,0.0442
m,2.491832654,169.636,0.0442
m,2.472644936,172.512,0.0453
m,2.470586261,172.517,0.0455
m,2.466403829,173.991,0.0456
m,2.46402533,173.567,0.0458
m,2.461415514,172.226,0.046
m,2.458879304,173.508,0.0462
m,2.456182903,172.436,0.0464
m,2.453630724,172.58,0.0464
m,2.451337755,171.69,0.0465
m,2.437237086,171.964,0.0474
m,2.435117725,172.636,0.0478
m,2.431031216,172.684,0.0479
m,2.428922294,173.891,0.0481
m,2.42705146,174.091,0.0482
m,2.417691917,174.175,0.0485
m,2.413994507,173.549,0.0486
m,2.412244531,172.027,0.0487
m,2.410016373,171.37,0.0488
m,2.407641527,171.268,0.0488
m,2.393150072,170.694,0.0484
m,2.387079167,173.328,0.0483
m,2.383805178,171.494,0.0482
m,2.380532471,173.37,0.0481
m,2.376942445,171.266,0.0481
m,2.355696659,174.277,0.0483
m,2.352446583,172.031,0.0483
m,2.348729089,171.17,0.0488
m,2.345719804,172.04,0.0486
m,2.334965353,171.59,0.0481
m,2.332427579,171.685,0.048
m,2.329745478,173.751,0.0481
m,2.326907173,172.997,0.048
m,2.323835946,172.266,0.0483
m,2.303975866,173.605,0.0486
m,2.300430882,174.327,0.0487
m,2.297037988,172.799,0.0485
m,2.293887103,168.951,0.0485
m,2.287662647,171.798,0.0485
m,2.268817577,171.234,0.0485
m,2.263454308,172.921,0.0483
m,2.263454308,171.796,0.0483
m,2.259590856,171.977,0.0483
m,2.447412523,174.092,0.0467
m,2.447413226,172.693,0.0468
m,2.443317665,172.03,0.047
m,2.441185088,173.174,0.0472
m,2.439127869,173.408,0.0473
m,2.425185389,172.034,0.0484
m,2.423233917,172.39,0.0484
m,2.421360063,171.601,0.0483
m,2.419565953,173.046,0.0483
m,2.40495951,169.962,0.0488
m,2.402129993,171.279,0.0488
m,2.399236894,172.907,0.0488
m,2.396192822,173.891,0.0486
m,2.37343664,171.85,0.048
m,2.370092404,172.923,0.048
m,2.367143858,173.599,0.0479
m,2.364280896,172.814,0.048
m,2.361496015,172.396,0.0482
m,2.34318519,169.525,0.0487
m,2.34215035,171.372,0.0483
m,2.341037448,172.394,0.0484
m,2.338640845,173.198,0.0483
m,2.338640046,172.905,0.0482
m,2.320763139,171.903,0.0484
m,2.314066409,173.786,0.0484
m,2.310833991,172.338,0.0484
m,2.310834807,173.808,0.0485
m,2.284664676,171.055,0.0483
m,2.281591907,171.234,0.0484
m,2.278359481,173.902,0.0484
m,2.275046318,171.224,0.0485
m,2.271892849,172.796,0.0487
m,2.258486796,173.958,0.0482
m,2.256986996,173.023,0.048
m,2.255330019,171.179,0.048
m,2.25327813,173.298,0.048
m,2.25035416,172.086,0.0479
m,2.247181445,172.051,0.0472
m,2.240833806,168.731,0.047
m,2.240833032,173.904,0.0469
m,2.234804162,173.508,0.0468
m,2.232109883,174.655,0.0468
m,2.217398506,173.558,0.0466
m,2.212198313,170.747,0.0467
m,2.209839888,171.581,0.0467
m,2.207563879,172.994,0.0468
m,2.205527722,171.068,0.0469
m,2.190752969,172.332,0.0471
m,2.188669032,173.178,0.0471
m,2.186514911,174.265,0.0472
m,2.182855743,172.946,0.0472
m,2.175223514,169.116,0.0473
m,2.1750454,171.073,0.0472
m,2.175041881,169.575,0.0471
m,2.175298279,167.385,0.0469
m,2.175297487,169.151,0.0468
m,2.17698772,167.678,0.0465
m,2.177318209,166.996,0.0464
m,2.177739559,171.483,0.0463
m,2.178185239,169.39,0.0461
m,2.179141822,168.025,0.0461
m,2.182202974,162.862,0.0452
m,2.182629765,172.875,0.0452
m,2.183037022,169.806,0.0452
m,2.183744205,169.653,0.0451
m,2.187989809,164.873,0.045
m,2.188664518,165.589,0.0449
m,2.188664518,167.678,0.0449
m,2.190036492,169.046,0.0448
m,2.190586138,166.44,0.0448
m,2.193804601,161.072,0.0451
m,2.194183282,168.649,0.0452
m,2.194421527,171.331,0.0453
m,2.194335533,162.91,0.0455
m,2.1938058,167.279,0.0455
m,2.22949548,170.38,0.0468
m,2.227041217,168.256,0.0468
m,2.224666962,173.014,0.0466
m,2.222374134,171.93,0.0466
m,2.203337044,170.263,0.0469
m,2.199127061,173.569,0.047
m,2.197027491,173.05,0.047
m,2.194776117,168.89,0.0471
m,2.192840831,172.566,0.0471
m,2.18285655,172.879,0.0473
m,2.179463052,170.996,0.0473
m,2.178135031,172.022,0.0473
m,2.176978746,172.909,0.0474
m,2.176302665,173.565,0.0473
m,2.176002705,172.76,0.0468
m,2.176144249,173.619,0.0467
m,2.17644333,173.478,0.0466
m,2.176747512,169.525,0.0466
m,2.179566739,173.276,0.046
m,2.180151317,164.655,0.0458
m,2.180745379,167.242,0.0457
m,2.181260985,169.783,0.0456
m,2.181784832,165.943,0.0455
m,2.184317674,169.175,0.0451
m,2.184835558,164.646,0.0451
m,2.185359851,168.692,0.0452
m,2.185888412,173.743,0.0451
m,2.186512052,172.675,0.045
m,2.191053226,161.013,0.0449
m,2.191674047,167.766,0.0449
m,2.192698499,173.283,0.045
m,2.193248,159.965,0.045
m,2.1933621,171.214,0.0455
m,2.193362826,168.449,0.0456
m,2.191763554,167.678,0.0457
m,2.190276994,169.225,0.0457
m,2.188556836,166.483,0.0456
m,2.186604548,162,0.0456
m,2.182339392,160.598,0.0456
m,2.180264324,163.409,0.0457
m,2.178287382,166.395,0.0457
m,2.164518278,164.927,0.0456
m,2.159012469,160.809,0.0454
m,2.156552461,164.595,0.0451
m,2.154238534,153.037,0.0446
m,2.151693432,152.134,0.0444
m,2.139094285,151.851,0.0439
m,2.136316178,147.447,0.0437
m,2.135742467,154.765,0.0433
m,2.135275633,158.079,0.0431
m,2.135194023,163.752,0.0429
m,2.137379177,168.644,0.0416
m,2.13782476,160.844,0.0414
m,2.1381401,160.635,0.0413
m,2.138525035,170.743,0.0409
m,2.142123906,155.786,0.0401
m,2.143026575,161.289,0.04
m,2.143836377,157.83,0.04
m,2.144447734,155.621,0.0397
m,2.144600442,160.362,0.0394
m,2.141973532,151.725,0.0396
m,2.139829438,151.144,0.0398
m,2.139829438,149.331,0.0398
m,2.137182818,155.621,0.0398
m,2.135747951,153.302,0.0397
m,2.124957353,152.03,0.0391
m,2.123458598,148.661,0.0391
m,2.12081949,142.675,0.0391
m,2.119488683,143.596,0.0392
m,2.112933156,139.738,0.0393
m,2.111453108,139.53,0.0392
m,2.110833775,140.558,0.0392
m,2.110406313,140.402,0.0392
s,2.110406313,139.694,0.0392
m,2.176076579,166.972,0.0457
m,2.174013795,163.752,0.0457
m,2.171811254,166.648,0.0456
m,2.169518738,162.465,0.0456
m,2.164517543,168.207,0.0455
m,2.147053502,154.505,0.0444
m,2.144999492,148.399,0.044
m,2.142767773,145.592,0.0439
m,2.140878839,153.851,0.0439
m,2.135258676,163.355,0.0427
m,2.135507732,161.512,0.0423
m,2.135763938,169.384,0.0422
m,2.136164201,162.04,0.0421
m,2.136802157,164.391,0.0418
m,2.139021127,159.954,0.0408
m,2.140107708,162.7,0.0408
m,2.140495418,165.324,0.0407
m,2.140494394,163.89,0.0405
m,2.141367482,160.955,0.0404
m,2.144316618,160.272,0.0395
m,2.143833183,166.593,0.0397
m,2.143356443,157.077,0.0399
m,2.142779876,154.197,0.0396
m,2.134317269,149.709,0.0394
m,2.132893095,153.408,0.0394
m,2.129797014,154.466,0.0393
m,2.128125537,159.748,0.0391
m,2.126486079,159.558,0.0392
m,2.118161717,138.582,0.0393
m,2.118162175,139.517,0.0394
m,2.116080423,139.099,0.0394
m,2.114828488,141.403,0.0394
m,2.113815017,138.395,0.0393
s,2.110297876,139.704,0.0391
s,2.110318564,139.671,0.0391
s,2.110210149,139.755,0.039
s,2.110101742,139.658,0.0389
s,2.110101742,139.733,0.0389
s,2.110229998,139.7,0.0388
s,2.110229566,139.766,0.0387
s,2.11022914,139.864,0.0386
s,2.110228718,139.816,0.0385
s,2.110011581,139.85,0.0382
s,2.110031954,139.946,0.0381
s,2.110031954,139.887,0.0381
s,2.110031954,139.733,0.0381
s,2.109492752,139.757,0.0382
s,2.109492752,139.707,0.0382
s,2.109384843,139.812,0.0382
s,2.109405717,139.689,0.0382
s,2.109406125,139.971,0.0383
s,2.109406537,139.839,0.0384
s,2.109406537,139.819,0.0384
s,2.109406537,139.537,0.0384
s,2.109406537,139.918,0.0384
s,2.109427437,139.812,0.0384
s,2.10931998,140.151,0.0385
s,2.10931998,139.951,0.0385
s,2.109340916,139.886,0.0385
s,2.109233479,139.89,0.0386
s,2.109017353,139.96,0.0385
s,2.109016936,140.025,0.0384
s,2.109016936,139.943,0.0384
s,2.10890909,139.867,0.0384
s,2.10890909,139.748,0.0384
s,2.108800431,139.663,0.0382
s,2.108800028,139.801,0.0381
s,2.108691796,139.887,0.038
s,2.108691796,139.914,0.038
s,2.108691403,139.954,0.0379
s,2.108475748,139.826,0.0379
s,2.10836793,140.129,0.0379
s,2.10836793,139.868,0.0379
s,2.10836793,139.743,0.0379
s,2.110228718,139.976,0.0385
s,2.110120346,139.93,0.0384
s,2.110119934,139.992,0.0383
s,2.110119934,139.918,0.0383
s,2.110011581,139.825,0.0382
s,2.109924021,139.821,0.0381
s,2.109816095,139.847,0.0381
s,2.109816498,139.674,0.0382
s,2.109708576,139.836,0.0382
s,2.10960066,139.845,0.0382
s,2.109405717,140.02,0.0382
s,2.109406125,139.912,0.0383
s,2.109406125,139.911,0.0383
s,2.109406537,139.871,0.0384
s,2.109427437,139.848,0.0384
s,2.109427437,139.877,0.0384
s,2.109427437,139.584,0.0384
s,2.109427437,139.891,0.0384
s,2.10931998,139.931,0.0385
s,2.109233479,139.903,0.0386
s,2.109233057,139.859,0.0385
s,2.109125203,139.715,0.0385
s,2.109125203,139.92,0.0385
s,2.109125203,139.852,0.0385
s,2.108908678,139.752,0.0383
s,2.108800839,139.637,0.0383
s,2.108800839,139.831,0.0383
s,2.108800431,139.73,0.0382
s,2.108691403,139.898,0.0379
s,2.108583574,139.948,0.0379
s,2.108583574,139.891,0.0379
s,2.108583574,139.848,0.0379
s,2.108475748,139.913,0.0379
s,2.108260115,139.581,0.0379
s,2.108260115,139.735,0.0379
s,2.108152307,139.584,0.0379
s,2.108151918,139.525,0.0378
s,2.108151918,139.426,0.0378
s,2.108044116,139.673,0.0378
s,2.108151918,139.752,0.0378
s,2.108044116,139.84,0.0378
s,2.108044116,139.856,0.0378
s,2.108044116,139.64,0.0378
s,2.108152307,139.696,0.0379
s,2.108260115,139.735,0.0379
s,2.108260115,139.792,0.0379
s,2.108260115,139.606,0.0379
s,2.108260115,139.84,0.0379
s,2.108475748,139.895,0.0379
s,2.108475748,139.734,0.0379
s,2.108475748,139.761,0.0379
s,2.108475748,139.856,0.0379
s,2.108476944,139.733,0.0382
s,2.108477351,139.669,0.0383
s,2.10871404,139.761,0.0383
s,2.108714453,139.64,0.0384
s,2.108822277,139.847,0.0384
s,2.108931369,139.882,0.0387
s,2.108931369,139.735,0.0387
s,2.108931801,139.809,0.0388
s,2.108931801,139.756,0.0388
s,2.109040069,139.937,0.0389
s,2.109041406,139.906,0.0392
s,2.109041861,140.001,0.0393
s,2.109042321,139.986,0.0394
s,2.109042321,139.91,0.0394
s,2.109170261,140.047,0.0392
s,2.109278091,139.958,0.0392
s,2.109278091,139.936,0.0392
s,2.109278091,139.887,0.0392
s,2.109278091,139.854,0.0392
s,2.109751461,140.096,0.0392
s,2.109751916,139.887,0.0393
s,2.109752376,139.847,0.0394
s,2.109860209,139.79,0.0394
s,2.109860673,139.917,0.0395
s,2.108044505,139.635,0.0379
s,2.108044505,139.667,0.0379
s,2.108044505,139.599,0.0379
s,2.108044505,139.487,0.0379
s,2.108260115,139.711,0.0379
s,2.108239061,139.833,0.0379
s,2.108239061,139.822,0.0379
s,2.10836793,139.824,0.0379
s,2.108475748,139.967,0.0379
s,2.108475748,139.829,0.0379
s,2.108476142,139.783,0.038
s,2.108476142,139.799,0.038
s,2.10847654,139.752,0.0381
s,2.10847654,139.8,0.0381
s,2.108822694,139.757,0.0385
s,2.108822694,139.875,0.0385
s,2.108822694,139.676,0.0385
s,2.108823116,139.932,0.0386
s,2.109040069,139.844,0.0389
s,2.10904051,139.993,0.039
s,2.109040956,139.765,0.0391
s,2.109041406,139.656,0.0392
s,2.109041406,139.895,0.0392
s,2.109170716,140.068,0.0393
s,2.109278546,139.932,0.0393
s,2.109170716,139.937,0.0393
s,2.109170716,140.101,0.0393
s,2.109170261,140.03,0.0392
s,2.109514776,139.911,0.0392
s,2.109514776,140.071,0.0392
s,2.109514776,139.852,0.0392
s,2.10962261,139.898,0.0392
s,2.109861142,139.752,0.0396
s,2.109861142,139.886,0.0396
s,2.109861616,139.835,0.0397
s,2.109753784,139.843,0.0397
s,2.109753784,139.88,0.0397
s,2.109753784,140.051,0.0397
s,2.109754746,139.786,0.0399
s,2.109625895,139.911,0.0399
s,2.109626383,140.085,0.04
s,2.109757746,140.098,0.0405
s,2.109779297,139.891,0.0406
s,2.109779819,140.062,0.0407
s,2.109888166,140.184,0.0408
s,2.109888696,139.871,0.0409
m,2.110128669,138.401,0.0415
m,2.110128669,140.68,0.0415
m,2.110108204,139.801,0.0416
m,2.10985052,144.578,0.0416
m,2.108207048,141.969,0.0417
m,2.100127449,143.625,0.0423
m,2.096740876,146.743,0.0424
m,2.095048987,144.046,0.0423
m,2.09322266,143.033,0.0423
m,2.082583088,147.43,0.0416
m,2.078939884,156.606,0.0414
m,2.077324051,158.808,0.0412
m,2.075717044,158.178,0.041
m,2.074007156,151.683,0.0409
m,2.064857543,147.92,0.0404
m,2.063336161,154.739,0.0404
m,2.061821365,156.987,0.0403
m,2.060199172,148.406,0.0401
m,2.058121504,154.316,0.04
m,2.031268014,148.923,0.0387
m,2.027059226,143.378,0.0386
m,2.022854484,141.17,0.0385
m,2.018645545,140.06,0.0383
m,1.992009579,144.841,0.0371
m,1.988153935,140.225,0.0368
m,1.984417076,134.648,0.0365
m,1.976359488,143.014,0.0366
m,1.972155344,138.478,0.0364
s,2.109626876,139.948,0.0401
s,2.109626876,140.025,0.0401
s,2.109756224,140.156,0.0402
s,2.109756727,139.913,0.0403
s,2.109757234,139.998,0.0404
s,2.109889232,139.886,0.041
s,2.109889772,139.889,0.0411
m,2.109998695,139.998,0.0413
m,2.11012811,139.887,0.0414
m,2.10712569,140.297,0.0419
m,2.10712569,140.857,0.0419
m,2.104482263,142.716,0.042
m,2.10303097,143.032,0.0421
m,2.101586048,150.737,0.0423
m,2.091514946,148.195,0.0422
m,2.089691202,147.931,0.0421
m,2.087862864,148.498,0.042
m,2.084255185,148.812,0.042
m,2.082584244,152.283,0.0418
m,2.070960458,151.157,0.0407
m,2.069511063,152.756,0.0406
m,2.067835121,150.789,0.0405
m,2.066402511,153.769,0.0404
m,2.053069443,145.816,0.0399
m,2.050210786,141.181,0.0396
m,2.047127157,142.844,0.0395
m,2.043705092,138.764,0.0391
m,2.039821994,141.451,0.0389
m,2.014440548,137.2,0.0381
m,2.010583919,142.109,0.0377
m,2.006962569,145.445,0.0376
m,2.00345644,144.271,0.0375
m,1.995864966,143.56,0.0373
m,1.967833054,142.548,0.0363
m,1.96351311,145.362,0.0359
m,1.959075367,148.046,0.0357
m,1.949972778,146.223,0.0354
m,1.945653699,141.195,0.0352
m,1.941449804,145.94,0.0349
m,1.937364683,140.917,0.0347
m,1.933158025,140.629,0.0344
m,1.925213428,143.457,0.034
m,1.8969496,143.278,0.0321
m,1.887846571,145.436,0.0318
m,1.883179283,144.51,0.0315
m,1.878627893,142.911,0.0313
m,1.84816465,146.793,0.0303
m,1.844081172,142.673,0.0302
m,1.840115406,145.704,0.0301
m,1.83603375,139.55,0.0301
m,1.831953841,140.818,0.0299
m,1.808357286,142.026,0.0289
m,1.804411804,142.118,0.0287
m,1.800461536,138.821,0.0282
m,1.796389851,139.156,0.028
m,1.788240443,139.928,0.0277
m,1.759553107,144.289,0.0262
m,1.755004109,141.492,0.026
m,1.750804772,147.042,0.0256
m,1.746838693,140.861,0.0255
m,1.721355298,153.236,0.0254
m,1.718076583,141.046,0.0256
m,1.711515675,142.388,0.0256
m,1.708234247,143.019,0.0256
m,1.705070315,135.235,0.0258
m,1.691035171,147.612,0.0263
m,1.688468939,141.037,0.0262
m,1.683571262,142.651,0.0261
m,1.681007131,141.309,0.0259
m,1.677978892,141.785,0.0258
m,1.653830851,158.364,0.0258
m,1.650624859,142.791,0.0261
m,1.647311593,146.668,0.0263
m,1.644235138,144.722,0.0263
m,1.917734235,139.859,0.0335
m,1.913996368,140.002,0.0333
m,1.910258486,139.448,0.033
m,1.906056106,144.057,0.0329
m,1.901501562,144.117,0.0325
m,1.87419241,139.367,0.0312
m,1.869639098,138.097,0.031
m,1.865203742,140.046,0.0307
m,1.860768618,141.172,0.0306
m,1.856449417,144.905,0.0304
m,1.827875828,144.42,0.0298
m,1.820204441,150.139,0.0294
m,1.816254956,142.795,0.0292
m,1.816254989,145.617,0.0291
m,1.784277788,140.396,0.0275
m,1.780196618,143.513,0.0272
m,1.776349428,140.401,0.0269
m,1.768183158,143.71,0.0267
m,1.763868213,142.793,0.0264
m,1.73913351,143.059,0.0254
m,1.735394546,145.139,0.0254
m,1.735394297,145.084,0.0255
m,1.728259884,145.423,0.0255
m,1.724748973,145.821,0.0257
m,1.702024946,140.721,0.0259
m,1.698864582,146.957,0.0261
m,1.696174524,139.707,0.026
m,1.693369797,144.07,0.0263
m,1.674837867,138.375,0.0256
m,1.671818202,144.057,0.0256
m,1.669036509,145.106,0.0256
m,1.663142524,142.96,0.0256
m,1.65680927,146.877,0.0258
m,1.640931063,155.65,0.0263
m,1.633894527,146.087,0.0263
m,1.630156991,152.119,0.0265
m,1.626776463,149.437,0.0265
m,1.623630256,149.254,0.0266
m,1.620490789,142.92,0.0271
m,1.613981225,145.964,0.0269
m,1.610730559,147.589,0.027
m,1.610730735,147.671,0.0269
m,1.604236374,138.462,0.027
m,1.586278378,135.852,0.0265
m,1.582609467,158.045,0.0266
m,1.57883663,142.429,0.0265
m,1.57518059,143.593,0.0264
m,1.571767229,141.038,0.0261
m,1.547534618,133.97,0.025
m,1.543912695,142.037,0.0249
m,1.537138949,144.7,0.0246
m,1.533513213,139.642,0.0244
m,1.509487968,150.679,0.024
m,1.505687608,143.374,0.0239
m,1.502104865,140.253,0.024
m,1.498290145,138.54,0.0241
m,1.494480171,143.042,0.0243
m,1.472432459,147.476,0.0242
m,1.468865797,143.645,0.0241
m,1.465201001,147.849,0.0236
m,1.457823846,143.213,0.0235
m,1.454142324,147.696,0.0233
m,1.427106916,139.269,0.0224
m,1.423391801,136.344,0.0223
m,1.419917589,142.576,0.0222
m,1.416175011,142.152,0.0221
m,1.389793077,143.847,0.022
m,1.385758039,141.18,0.022
m,1.377756971,140.457,0.022
m,1.377756971,145.167,0.022
m,1.370135701,138.056,0.022
m,1.346597756,151.316,0.0222
m,1.342737852,140.834,0.0223
m,1.338779168,145.672,0.0223
m,1.33492133,141.753,0.0223
m,1.327760301,143.289,0
m,1.601115837,149.277,0.0268
m,1.598236387,142.714,0.0267
m,1.595474299,153.435,0.0266
m,1.589495197,137.478,0.0266
m,1.568343362,139.423,0.026
m,1.561731584,140.363,0.0256
m,1.561731857,137.785,0.0255
m,1.555030942,144.982,0.0254
m,1.551397921,134.594,0.0253
m,1.530236102,148.498,0.0244
m,1.526834419,148.71,0.0244
m,1.523436574,140.571,0.0245
m,1.516784508,148.274,0.0244
m,1.513187021,146.252,0.0242
m,1.490650562,149.644,0.0242
m,1.483345523,143.74,0.0244
m,1.479501429,144.74,0.0244
m,1.475898746,145.421,0.0243
m,1.454142777,143.396,0.0232
m,1.446182301,147.13,0.023
m,1.442378679,143.551,0.0229
m,1.4383418,137.403,0.0227
m,1.434514784,141.178,0.0225
m,1.412570201,149.172,0.0221
m,1.405198721,140.726,0.022
m,1.401430599,137.881,0.022
m,1.397527875,143.161,0.022
m,1.397527875,148.025,0.022
m,1.366408609,135.847,0.0221
m,1.362582952,138.887,0.022
m,1.358857668,138.327,0.0221
m,1.354794763,135.04,0.0222
m,1.324266721,139.76,0.0222
m,1.321625718,144.05,0.022
m,1.319800996,140.045,0.0215
m,1.318352014,137.662,0.0212
m,1.317776691,141.254,0.0211
m,1.317300979,142.593,0.021
m,1.317062788,141.528,0.021
m,1.317063465,142.426,0.0209
m,1.317164448,139.602,0.0207
m,1.317169504,140.429,0.02
m,1.317269877,140.777,0.0199
m,1.317132078,141.999,0.0198
m,1.317132078,142.425,0.0198
m,1.317132846,142.656,0.0197
m,1.316757671,141.948,0.0195
m,1.316758462,142.246,0.0194
m,1.316619924,141.995,0.0194
m,1.316619924,142.02,0.0194
m,1.316619924,141.979,0.0194
m,1.316660425,141.997,0.0192
m,1.316661239,141.771,0.0191
m,1.316562429,141.896,0.019
m,1.316464476,142.044,0.0188
m,1.316091149,140.621,0.0184
m,1.315952596,146.014,0.0184
m,1.315952596,141.156,0.0184
m,1.315952596,147.547,0.0184
m,1.313172252,137.78,0.0184
m,1.288508099,135.084,0.0187
m,1.283843562,136.006,0.0188
m,1.279236953,135.711,0.0191
m,1.274874151,134.186,0.0188
m,1.270604686,134.336,0.0192
m,1.24150992,133.37,0.019
m,1.237387606,140.589,0.0189
m,1.229100897,132.618,0.0189
m,1.224839854,132.439,0.0188
m,1.195384291,138.826,0.0188
m,1.195383368,146.537,0.0189
m,1.186238655,139.105,0.0189
m,1.181928482,135.793,0.0188
m,1.177856682,131.239,0.0188
m,1.317165148,139.214,0.0206
m,1.317165855,142.358,0.0205
m,1.316928376,137.48,0.0204
m,1.316929098,141.952,0.0203
m,1.317168022,141.048,0.0202
m,1.316995072,141.815,0.0196
m,1.316995855,142.291,0.0195
m,1.316995855,142.163,0.0195
m,1.316757671,141.986,0.0195
m,1.316619133,142.042,0.0195
m,1.316619924,141.804,0.0194
m,1.316719585,141.993,0.0194
m,1.316719585,141.955,0.0194
m,1.316720384,141.713,0.0193
m,1.316326755,141.686,0.0187
m,1.316227985,141.549,0.0186
m,1.316090282,141.41,0.0185
m,1.316090282,141.514,0.0185
m,1.316091149,141.563,0.0184
m,1.309855107,142.662,0.0184
m,1.305961549,144.281,0.0185
m,1.30182937,141.848,0.0187
m,1.293074321,136.128,0.0186
m,1.266338977,135.982,0.0192
m,1.257948997,140.942,0.0191
m,1.257948997,134.641,0.0191
m,1.249798103,136.494,0.0191
m,1.245674048,134.142,0.0191
m,1.22057829,131.183,0.0188
m,1.216458298,131.714,0.0187
m,1.212337927,131.255,0.0187
m,1.208174633,134.534,0.0188
m,1.204055192,143.526,0.0188
m,1.173644656,132.202,0.0188
m,1.169434345,135.367,0.0187
m,1.161067503,137.762,0.0186
m,1.157051036,137.708,0.0187
m,1.15303797,136.31,0.0185
m,1.149164102,131.378,0.0186
m,1.141419297,131.239,0.0187
m,1.136977127,136.344,0.0185
m,1.132152346,131.738,0.0186
m,1.102703297,132.834,0.0179
m,1.098267312,130.44,0.0178
m,1.093832266,134.651,0.0177
m,1.08930393,131.921,0.0175
m,1.054989798,130.409,0.0181
m,1.050896811,131.813,0.018
m,1.043044932,135.066,0.0179
m,1.04014536,137.82,0.0179
m,1.038005726,137.343,0.0179
s,1.036484613,133.09,0.0176
s,1.036434385,133.066,0.0176
s,1.036529695,133.006,0.0175
s,1.036530898,132.92,0.0174
s,1.03662624,132.859,0.0173
s,1.036726588,132.816,0.0168
s,1.036870871,132.633,0.0168
s,1.036965018,132.833,0.0168
s,1.036965018,132.984,0.0168
s,1.036832077,132.903,0.0164
s,1.036976401,132.9,0.0164
s,1.03697771,132.882,0.0163
s,1.03697771,132.923,0.0163
s,1.03697771,132.757,0.0163
s,1.036789566,132.827,0.0163
s,1.036788257,132.743,0.0164
s,1.036788257,132.783,0.0164
s,1.036788257,132.93,0.0164
s,1.036786958,132.862,0.0165
s,1.036785669,132.59,0.0166
s,1.036785669,132.723,0.0166
s,1.036785669,132.428,0.0166
s,1.03678439,132.475,0.0167
m,1.127951212,131.327,0.0183
m,1.123606686,135.645,0.0182
m,1.119357867,131.876,0.0182
m,1.111005319,136.547,0.0181
m,1.111007461,135.72,0.0179
m,1.080148928,134.726,0.0176
m,1.075715332,139.034,0.0177
m,1.07137768,135.86,0.0178
m,1.067278112,131.66,0.018
m,1.063325239,132.525,0.018
m,1.036719517,133.276,0.0179
m,1.036388178,132.814,0.0178
s,1.036389352,132.839,0.0177
s,1.03648343,133.12,0.0177
s,1.036627462,132.903,0.0172
s,1.036628693,133.05,0.0171
s,1.036629934,132.899,0.017
s,1.036631185,132.924,0.0169
s,1.036726588,133.124,0.0168
s,1.036872141,132.89,0.0167
s,1.036872141,132.618,0.0167
s,1.037017704,132.786,0.0166
s,1.036923588,132.909,0.0166
s,1.036830778,132.902,0.0165
s,1.03697771,132.855,0.0163
s,1.036883633,132.719,0.0163
s,1.036883633,132.842,0.0163
s,1.036883633,133.091,0.0163
s,1.036881026,132.833,0.0165
s,1.036881026,132.712,0.0165
s,1.036881026,132.933,0.0165
s,1.036786958,133.035,0.0165
s,1.036786958,132.727,0.0165
s,1.036878458,133.314,0.0167
s,1.036971265,132.963,0.0168
s,1.036971265,132.941,0.0168
s,1.036972535,132.833,0.0167
s,1.03682821,132.769,0.0167
s,1.03682821,132.854,0.0167
s,1.03682821,132.764,0.0167
s,1.03682821,132.701,0.0167
s,1.03682694,132.986,0.0168
s,1.03682694,132.941,0.0168
s,1.036587261,133.209,0.0169
s,1.036587261,133.056,0.0169
s,1.036588522,132.954,0.0168
s,1.036494427,132.842,0.0168
s,1.036494427,132.931,0.0168
s,1.036545975,132.811,0.0167
s,1.036545975,132.844,0.0167
s,1.036690339,132.852,0.0167
s,1.036596298,132.968,0.0167
s,1.036834718,132.74,0.0167
s,1.03674069,133.371,0.0167
s,1.03674069,132.685,0.0167
s,1.03674069,132.813,0.0167
s,1.036885101,132.907,0.0167
s,1.036885101,132.85,0.0167
s,1.036883831,132.897,0.0168
s,1.036883831,132.761,0.0168
s,1.037028248,132.945,0.0168
s,1.037026989,132.881,0.0169
s,1.036878849,132.875,0.0172
s,1.03711727,132.862,0.0172
s,1.03711727,132.818,0.0172
s,1.037116048,132.787,0.0173
s,1.037064465,132.85,0.0174
s,1.037064465,132.903,0.0174
s,1.037157297,132.923,0.0175
s,1.037157297,132.833,0.0175
s,1.037012924,132.812,0.0175
s,1.037009376,132.856,0.0178
s,1.037009376,132.83,0.0178
s,1.037009376,132.553,0.0178
s,1.037009376,132.744,0.0178
s,1.036959099,132.754,0.0178
s,1.036682625,133.248,0.0168
s,1.036682625,132.734,0.0168
s,1.036681365,132.368,0.0169
s,1.036681365,132.594,0.0169
s,1.036494427,132.967,0.0168
s,1.036638769,133.038,0.0168
s,1.036638769,132.926,0.0168
s,1.036544705,132.755,0.0168
s,1.036545975,132.892,0.0167
s,1.036596298,132.99,0.0167
s,1.036596298,132.702,0.0167
s,1.036690339,132.744,0.0167
s,1.036690339,133.007,0.0167
s,1.036834718,132.524,0.0167
s,1.036885101,132.85,0.0167
s,1.036883831,132.877,0.0168
s,1.036883831,132.854,0.0168
s,1.036883831,132.835,0.0168
s,1.037025738,132.869,0.017
s,1.036881321,132.875,0.017
s,1.03688008,132.811,0.0171
s,1.03688008,132.837,0.0171
s,1.03688008,132.854,0.0171
s,1.037116048,132.788,0.0173
s,1.037116048,132.765,0.0173
s,1.037114837,132.99,0.0174
s,1.037064465,132.783,0.0174
s,1.037064465,132.788,0.0174
s,1.037012924,132.764,0.0175
s,1.037011732,132.786,0.0176
s,1.037010549,132.742,0.0177
s,1.037010549,132.89,0.0177
s,1.036957936,133.154,0.0179
s,1.036957936,133,0.0179
s,1.037052027,132.744,0.0179
s,1.037052027,132.801,0.0179
s,1.037052027,133.269,0.0179
s,1.036957936,133.12,0.0179
s,1.036957936,132.943,0.0179
s,1.036957936,133.169,0.0179
s,1.03719636,133.142,0.0179
s,1.037192928,132.89,0.0182
s,1.037192928,132.863,0.0182
s,1.037192928,132.942,0.0182
s,1.037192928,132.914,0.0182
s,1.037192928,132.98,0.0182
s,1.03766754,132.837,0.0184
s,1.03766754,133.013,0.0184
s,1.03766754,132.904,0.0184
s,1.037760528,132.973,0.0185
s,1.037760528,132.568,0.0185
s,1.038475804,133.315,0.0185
s,1.038475804,133.165,0.0185
s,1.038620143,133.224,0.0185
s,1.038621247,132.877,0.0184
s,1.03885747,133.783,0.0186
s,1.039095896,132.572,0.0186
s,1.039189989,133.27,0.0186
s,1.03933432,136.034,0.0186
s,1.039333236,138.86,0.0187
m,1.039757732,133.606,0.0189
m,1.039284091,133.185,0.0186
m,1.035952582,144.276,0.0186
m,1.035952582,135.122,0.0186
m,1.030895344,140.581,0.0186
m,1.007619522,134.111,0.0192
m,1.000349573,131.878,0.0192
m,0.996596468,135.802,0.0192
m,0.992697839,141.06,0.0193
m,0.964379185,154.147,0.0198
m,0.960247928,139.625,0.0198
m,0.956448082,134.677,0.0198
m,0.952800186,138.581,0.0193
m,0.949773817,136.659,0.019
s,1.037195206,132.905,0.018
s,1.037195206,132.994,0.018
s,1.037194062,133.018,0.0181
s,1.037194062,132.962,0.0181
s,1.037192928,132.886,0.0182
s,1.037430231,132.766,0.0183
s,1.037430231,132.849,0.0183
s,1.037524327,133.032,0.0183
s,1.03766754,133.02,0.0184
s,1.037760528,133.016,0.0185
s,1.037998955,133.396,0.0185
s,1.038237383,133.339,0.0185
s,1.038237383,133.225,0.0185
s,1.038236288,133.009,0.0186
s,1.038621247,133.489,0.0184
s,1.038621247,133.576,0.0184
s,1.038620143,133.31,0.0185
s,1.038858564,133.941,0.0185
s,1.03885747,134.125,0.0186
m,1.039427329,143.234,0.0187
m,1.039571666,138.799,0.0187
m,1.039665759,135.388,0.0187
m,1.039665759,137.536,0.0187
m,1.027940172,140.917,0.0186
m,1.024796956,134.264,0.0186
m,1.021848859,134.713,0.0186
m,1.015184729,136.062,0.0189
m,1.011520538,134.513,0.0191
m,0.989091374,137.876,0.0193
m,0.985195095,136.684,0.0193
m,0.976978003,139.424,0.0195
m,0.972606816,140.03,0.0195
m,0.968418369,142.525,0.0198
m,0.947477532,130.527,0.0189
m,0.943350218,135.109,0.0187
m,0.940785546,132.188,0.0185
m,0.937293585,137.883,0.0192
m,0.933498167,133.683,0.0192
m,0.929226539,131.483,0.0192
m,0.920649127,138.37,0.0192
m,0.916435223,133.042,0.0192
m,0.912374322,139.427,0.0188
m,0.882649766,133.313,0.0182
m,0.878535497,136.393,0.0182
m,0.874332194,136.353,0.0182
m,0.870278486,142.87,0.0182
m,0.831180491,140.014,0.0181
m,0.831183366,133.184,0.0179
m,0.826821014,138.833,0.0177
m,0.817971487,140.32,0.0177
m,0.813848086,154.955,0.0178
m,0.789862391,142.03,0.0186
m,0.785841539,135.113,0.0186
m,0.782057504,139.822,0.0188
m,0.777886999,135.507,0.0189
m,0.77356745,138.049,0.0189
m,0.743863303,136.208,0.0181
m,0.735782377,134.566,0.0182
m,0.731945307,139.386,0.018
m,0.727401686,141.525,0.0184
m,0.69883484,155.066,0.0172
m,0.694951999,145.423,0.0172
m,0.691440177,146.863,0.0185
m,0.683290311,141.094,0.0187
m,0.68328867,146.36,0.0188
m,0.649358331,143.482,0.0193
m,0.644149636,142.043,0.0193
m,0.639498926,149.777,0.0192
m,0.634612176,148.236,0.0193
m,0.630208935,148.065,0.0191
m,0.601158005,145.548,0.0182
m,0.596949713,138.738,0.0184
m,0.593048502,140.764,0.019
m,0.588764657,141.929,0.0191
m,0.908163703,138.274,0.0187
m,0.904104123,136.857,0.0184
m,0.89526891,132.984,0.0182
m,0.8910628,137.328,0.0181
m,0.891061477,136.183,0.0182
m,0.861846261,136.527,0.0183
m,0.857649345,134.959,0.0182
m,0.853214053,139.865,0.0182
m,0.848841637,135.733,0.0181
m,0.844169534,133.668,0.0182
m,0.809642326,139.649,0.0177
m,0.805523222,141.925,0.0178
m,0.801246491,134.473,0.0185
m,0.794058348,140.683,0.0186
m,0.765557368,144.716,0.0191
m,0.765563144,136.278,0.0187
m,0.757067726,135.951,0.0188
m,0.752739198,134.116,0.0188
m,0.748269374,137.653,0.0182
m,0.723018812,136.107,0.0185
m,0.718945262,146.002,0.0187
m,0.711299105,147.293,0.018
m,0.707326566,144.836,0.0176
m,0.703119743,141.972,0.0172
m,0.674495143,145.747,0.019
m,0.669586713,144.653,0.0193
m,0.664921891,146.274,0.0193
m,0.659785499,148.455,0.0193
m,0.626216437,148.102,0.0185
m,0.621989552,153.487,0.0183
m,0.613397902,140.973,0.0182
m,0.613399829,143.983,0.0181
m,0.605292,142.42,0.0182
m,0.58115453,156.159,0.019
m,0.577685743,153.662,0.0186
m,0.573584537,148.526,0.0185
m,0.569885316,141.833,0.0184
m,0.566269428,151.551,0.018
m,0.562346394,139.537,0.0179
m,0.553983971,147.551,0.0175
m,0.553981728,140.573,0.0176
m,0.546241973,143.261,0.0177
m,0.542580931,137.516,0.0177
m,0.520435674,134.147,0.0183
m,0.516790182,136.572,0.0179
m,0.509823636,133.463,0.0181
m,0.506235007,154.289,0.0187
m,0.502419219,132.113,0.0193
m,0.477584125,140.781,0.0221
m,0.46964916,139.48,0.0223
m,0.465952461,136.406,0.0221
m,0.458525213,139.3,0.0221
m,0.438661962,139.781,0.0217
m,0.431985267,133.692,0.0219
m,0.427983935,152.264,0.0218
m,0.424171167,138.814,0.0215
m,0.42013687,134.512,0.0216
m,0.39846587,129.284,0.0215
m,0.394130683,140.264,0.0215
m,0.39039595,139.283,0.0211
m,0.386884205,131.77,0.0214
m,0.378955643,127.083,0.0212
m,0.357148014,130.852,0.0212
m,0.349363653,127.105,0.021
m,0.349374176,129.578,0.0206
m,0.341947717,144.829,0.0205
m,0.318310365,131.545,0.0205
m,0.315703998,142.364,0.0201
m,0.313108666,130.052,0.0195
m,0.309940556,132.228,0.0198
m,0.287818559,134.107,0.0191
m,0.284949023,136.252,0.0191
m,0.279151787,134.569,0.019
m,0.276799774,129.266,0.0185
m,0.274118905,136.418,0.0183
m,0.538645592,141.414,0.0186
m,0.53456931,135.614,0.0186
m,0.527155718,138.015,0.0187
m,0.523656265,142.879,0.0187
m,0.494154673,140.49,0.0202
m,0.494146918,142.676,0.0206
m,0.486025013,140.958,0.021
m,0.481718989,136.631,0.0214
m,0.477590894,136.858,0.0217
m,0.458526943,140.969,0.022
m,0.451585201,141.22,0.0221
m,0.448209885,144.82,0.0222
m,0.444844037,139.514,0.0222
m,0.44165975,152.927,0.0221
m,0.416343055,135.676,0.0216
m,0.412786789,140.42,0.0216
m,0.405941368,130.35,0.0213
m,0.405935059,135.534,0.0216
m,0.375321618,129.026,0.0213
m,0.371881034,127.967,0.0215
m,0.368505288,135.47,0.0214
m,0.364956028,126.38,0.0218
m,0.360971067,126.36,0.0214
m,0.338111811,127.818,0.0204
m,0.334485646,129.273,0.0203
m,0.331089149,141.674,0.0205
m,0.324656836,137.832,0.0202
m,0.321385712,130.062,0.0205
m,0.303268303,141.892,0.0194
m,0.299952182,133.226,0.0196
m,0.296886402,139.804,0.0193
m,0.293879593,139.276,0.019
m,0.290731084,150.368,0.019
m,0.271514288,134.383,0.0179
m,0.268767195,139.305,0.0178
m,0.266059489,134.541,0.0177
m,0.263411393,141.989,0.0175
m,0.258460874,155.279,0.0173
m,0.258475783,143.274,0.017
m,0.253847274,143.907,0.0165
m,0.251667435,146.798,0.0167
m,0.249524359,145.657,0.0169
m,0.234606694,139.579,0.0172
m,0.232998812,146.168,0.0175
m,0.231874447,150.796,0.0176
m,0.229969309,157.723,0.0177
m,0.224819665,150.595,0.0181
m,0.223410499,148.263,0.0183
m,0.222767726,148.314,0.0184
m,0.222512038,144.212,0.0185
m,0.222491731,149.936,0.0189
m,0.221542468,146.669,0.0191
m,0.222641707,160.017,0.0193
m,0.222740137,152.065,0.0198
m,0.222708478,145.848,0.02
m,0.222786265,145.094,0.0204
m,0.226371776,148.511,0.0218
m,0.227618708,152.181,0.0218
m,0.228708037,144.162,0.0219
m,0.230008744,149.007,0.0217
m,0.238838033,156.107,0.022
m,0.240369691,148.611,0.0222
m,0.24202095,149.279,0.0222
m,0.243657951,153.434,0.0222
m,0.247543084,152.037,0.0223
m,0.260844237,160.787,0.022
m,0.266444735,151.439,0.0216
m,0.266444735,152.284,0.0216
m,0.271381291,148.177,0.0216
m,0.273625279,146.07,0.0215
m,0.292534547,162.449,0.0217
m,0.296354003,145.673,0.0203
m,0.300125785,166.88,0.0201
m,0.30789573,149.675,0.0199
m,0.247119663,148.017,0.0169
m,0.242707439,149.261,0.0168
m,0.240670926,145.246,0.0166
m,0.238480195,149.116,0.0165
m,0.236470356,145.907,0.0168
m,0.229963984,145.907,0.0178
m,0.227817608,145.576,0.018
m,0.226974426,147.025,0.018
m,0.226384809,157.605,0.0177
m,0.225590056,151.355,0.0176
m,0.221199369,155.244,0.0196
m,0.221178592,154.874,0.0192
m,0.220936571,150.868,0.0194
m,0.221264182,150.262,0.0192
m,0.222828916,146.384,0.0206
m,0.222835452,160.634,0.0208
m,0.223830759,155.887,0.0213
m,0.223815575,157.906,0.0217
m,0.225314365,147.457,0.0218
m,0.231223673,153.962,0.0218
m,0.233669711,147.478,0.0217
m,0.234800394,146.879,0.022
m,0.234793668,148.368,0.0222
m,0.23744551,156.805,0.0219
m,0.249848793,146.83,0.0223
m,0.25235299,155.507,0.0224
m,0.255130731,150.774,0.0222
m,0.258014542,152.604,0.0223
m,0.275914391,161.419,0.0212
m,0.278319073,150.684,0.0211
m,0.283276166,149.701,0.0208
m,0.286250092,149.466,0.0207
m,0.28931062,161.412,0.0213
m,0.311663798,155.949,0.02
m,0.31166702,163.717,0.0199
m,0.318698681,160.315,0.0199
m,0.32258792,152.884,0.0199
m,0.326804209,154.573,0.0207
m,0.330713696,161.367,0.0209
m,0.338453913,161.16,0.0213
m,0.342528358,147.283,0.0212
m,0.346606886,148.62,0.0216
m,0.350626358,150.462,0.0217
m,0.374650518,154.872,0.0249
m,0.378840149,161.718,0.0252
m,0.383042501,153.512,0.0255
m,0.387315707,151.732,0.0279
m,0.391332924,158.31,0.0287
m,0.419620153,149.38,0.0314
m,0.423631897,167.029,0.0317
m,0.431976431,146.054,0.0317
m,0.436104418,153.979,0.0321
m,0.465702548,156.201,0.0327
m,0.47467784,161.057,0.033
m,0.479462575,156.798,0.0329
m,0.48417223,157.309,0.0328
m,0.488895622,152.796,0.0336
m,0.519043746,158.199,0.0336
m,0.52382447,161.727,0.0334
m,0.528526118,154.709,0.0333
m,0.53821855,159.586,0.0332
m,0.542670024,165.075,0.0333
m,0.569672013,151.504,0.0328
m,0.573583108,152.413,0.0331
m,0.577462312,150.004,0.0325
m,0.581764537,145.186,0.0326
m,0.613194292,151.111,0.0309
m,0.61829842,156.814,0.0309
m,0.623532505,162.205,0.0308
m,0.628644595,155.92,0.031
m,0.638652367,159.766,0.031
m,0.66268983,149.865,0.0314
m,0.667289171,154.183,0.0317
m,0.671993939,156.862,0.0322
m,0.676513777,150.552,0.0325
m,0.685471145,152.205,0.0326
m,0.354795549,152.282,0.0214
m,0.35891598,150.071,0.0215
m,0.366429297,161.551,0.0218
m,0.370532229,158.403,0.0223
m,0.398556402,155.68,0.0298
m,0.402037185,165.092,0.0304
m,0.405457969,161.519,0.0303
m,0.408884008,157.949,0.0308
m,0.412243744,157.562,0.0311
m,0.440164973,152.275,0.0323
m,0.444078636,154.258,0.0326
m,0.448135744,163.966,0.0331
m,0.456559874,152.241,0.0337
m,0.461242202,154.846,0.0324
m,0.493715663,154.853,0.0336
m,0.503772422,160.882,0.0349
m,0.508945363,154.352,0.0339
m,0.514096543,158.433,0.0337
m,0.542668836,149.957,0.0331
m,0.551101845,154.285,0.0326
m,0.554992061,154.341,0.0325
m,0.558346668,159.218,0.0328
m,0.561831468,152.484,0.0328
m,0.585910237,141.968,0.0324
m,0.589962079,143.278,0.0321
m,0.593918196,146.099,0.0314
m,0.602871754,147.732,0.0311
m,0.602871412,161.662,0.0309
m,0.643446159,155.141,0.0311
m,0.648367567,157.135,0.0311
m,0.653291151,154.67,0.0311
m,0.657989454,153.869,0.0312
m,0.689828921,154.05,0.0329
m,0.694292428,152.92,0.0331
m,0.698882928,150.992,0.0335
m,0.703662783,156.004,0.0331
m,0.708343041,156.97,0.0331
m,0.718011683,156.163,0.0333
m,0.722610676,151.54,0.0334
m,0.72261323,153.549,0.0339
m,0.731867735,157.535,0.0345
m,0.767159296,163.353,0.0364
m,0.772218003,159.288,0.0364
m,0.777415095,163.353,0.0365
m,0.782289814,160.633,0.0368
m,0.787028726,158.86,0.0369
m,0.81642965,166.471,0.0376
m,0.821278031,168.045,0.0377
m,0.826139248,167.991,0.0379
m,0.830659075,164.621,0.038
m,0.835181653,165.877,0.0383
m,0.870152557,166.619,0.0382
m,0.875607144,160.88,0.0383
m,0.886867654,158.925,0.0382
m,0.892325369,168.423,0.0383
m,0.927515296,173.058,0.0362
m,0.937062663,166.235,0.036
m,0.941379107,172.064,0.0359
m,0.945699691,165.337,0.0357
m,0.95013723,164.796,0.0352
m,0.9736697,167.398,0.0336
m,0.983637337,170.737,0.0333
m,0.988563694,172.651,0.0333
m,0.993833584,171.704,0.0328
m,0.998992481,168.285,0.0325
m,1.036929219,171.264,0.0305
m,1.0426877,172.213,0.0302
m,1.048447376,172.062,0.0301
m,1.054439216,168.849,0.03
m,1.092392825,174.009,0.0289
m,1.102354843,172.343,0.0288
m,1.107396537,172.463,0.0287
m,1.107396772,173.434,0.0285
m,1.117480746,170.952,0.0284
m,0.736912554,152.544,0.0345
m,0.742188466,157.533,0.0343
m,0.747171624,164.837,0.0357
m,0.757261697,158.763,0.0361
m,0.762210717,169.353,0.0364
m,0.791876646,157.17,0.0369
m,0.7967146,167.844,0.037
m,0.806517768,165.627,0.0372
m,0.811473393,164.543,0.0375
m,0.844787539,169.019,0.0383
m,0.844785584,160.781,0.0381
m,0.854619547,167.341,0.0381
m,0.859488983,166.05,0.0383
m,0.864588123,163.657,0.0382
m,0.897903111,162.575,0.0384
m,0.903833489,163.289,0.0386
m,0.910102282,164.866,0.038
m,0.916251547,173.532,0.0371
m,0.92217307,170.136,0.0365
m,0.954699826,167.682,0.0349
m,0.959374231,171.466,0.0341
m,0.964057748,163.35,0.034
m,0.968746772,169.788,0.0337
m,1.004031381,171.891,0.0314
m,1.009192148,172.463,0.031
m,1.019875772,171.988,0.0306
m,1.025518725,169.064,0.0305
m,1.031163224,169.452,0.0305
m,1.064499321,172.963,0.0299
m,1.070704088,167.213,0.0296
m,1.076567547,172.29,0.0294
m,1.082079943,171.509,0.0293
m,1.087241153,171.399,0.0294
m,1.122754175,173.118,0.0281
m,1.127687272,171.143,0.0278
m,1.132609484,172.199,0.0276
m,1.142222932,172.391,0.0276
m,1.147133688,172.316,0.0277
m,1.152045064,172.416,0.0275
m,1.156846434,174.153,0.0275
m,1.161636067,172.348,0.0277
m,1.166535894,170.989,0.0276
m,1.196455774,170.461,0.0261
m,1.201695811,172.192,0.026
m,1.206935933,170.68,0.0259
m,1.211922588,170.042,0.0259
m,1.221677771,171.859,0.0258
s,1.238719013,172.441,0.0259
s,1.238729559,173.53,0.0259
s,1.238750776,172.643,0.0259
s,1.2386404,172.963,0.026
s,1.23830915,171.809,0.0264
s,1.238198887,173.272,0.0265
s,1.237978971,171.393,0.0265
s,1.237858172,172.905,0.0265
s,1.237858172,169.28,0.0265
s,1.237396169,172.921,0.0267
s,1.237395916,173.738,0.0268
s,1.237285984,172.709,0.0268
s,1.237165176,172.104,0.0268
s,1.23705526,172.053,0.0268
s,1.237175593,174.176,0.027
s,1.237054778,174.16,0.027
s,1.237054549,172.807,0.0271
s,1.236823826,171.85,0.0271
s,1.236922652,171.042,0.0272
s,1.237043668,170.299,0.0271
s,1.236922873,172.954,0.0271
s,1.237032834,173.332,0.0271
s,1.237032834,172.912,0.0271
s,1.237132282,172.667,0.027
s,1.237132282,171.108,0.027
s,1.237121336,172.494,0.0271
s,1.237121565,172.72,0.027
s,1.237110899,172.453,0.027
m,1.171217654,173.434,0.027
m,1.180579401,171.92,0.0267
m,1.180580249,172.359,0.0264
m,1.190974009,168.421,0.0261
m,1.226082546,172.669,0.026
m,1.230246835,172.165,0.026
m,1.233840297,172.702,0.0259
m,1.236620573,169.45,0.0259
m,1.238136703,173.214,0.0259
s,1.238761136,174.209,0.026
s,1.238650798,173.39,0.0261
s,1.238650497,171.842,0.0262
s,1.238540194,171.234,0.0263
s,1.238419158,172.102,0.0264
s,1.237747961,172.064,0.0266
s,1.237747961,173.323,0.0266
s,1.237626901,172.299,0.0267
s,1.237516972,172.867,0.0267
s,1.23705526,171.512,0.0268
s,1.237176075,174.067,0.0268
s,1.23717583,173.598,0.0269
s,1.23717583,170.791,0.0269
s,1.23717583,172.862,0.0269
s,1.236823826,172.059,0.0271
s,1.236933962,172.166,0.027
s,1.236933734,171.811,0.0271
s,1.237043668,173.445,0.0271
s,1.237043668,172.667,0.0271
s,1.237032834,171.861,0.0271
s,1.236912056,172.872,0.0271
s,1.237022043,172.614,0.0271
s,1.237022043,170.743,0.0271
s,1.236990184,173.171,0.027
s,1.23699042,173.872,0.0269
s,1.236990665,171.769,0.0268
s,1.236869956,173.078,0.0268
s,1.23698006,170.478,0.0268
s,1.23698006,169.938,0.0268
s,1.23698006,173.635,0.0268
s,1.236969502,172.769,0.0268
s,1.236969502,171.356,0.0268
s,1.236969755,172.363,0.0267
s,1.236969755,172.343,0.0267
s,1.236969755,171.424,0.0267
s,1.236969502,170.489,0.0268
s,1.236969502,172.365,0.0268
s,1.236848349,173.484,0.027
s,1.236947373,172.706,0.0273
s,1.236836985,171.661,0.0274
s,1.236726814,172.522,0.0274
s,1.236605952,171.722,0.0275
s,1.236705701,171.612,0.0275
s,1.236705701,172.967,0.0275
s,1.236815744,174.369,0.0276
s,1.236925995,173.126,0.0276
s,1.23713729,170.327,0.0271
s,1.237137518,172.962,0.027
s,1.237017188,172.977,0.0269
s,1.237017433,173.382,0.0268
s,1.236897386,172.456,0.0266
s,1.236677575,172.906,0.0263
s,1.236677868,173.187,0.0262
s,1.236556999,172.766,0.0263
s,1.236556999,171.849,0.0263
s,1.2363264,171.72,0.0262
s,1.236095519,172.804,0.0262
s,1.236095821,173.659,0.0261
s,1.23597524,172.114,0.0261
s,1.235974938,172.054,0.0262
s,1.235744057,172.162,0.0262
s,1.235864639,172.518,0.0262
s,1.235864639,171.957,0.0262
s,1.235864639,172.198,0.0262
s,1.235864639,171.194,0.0262
s,1.236969755,172.602,0.0267
s,1.236969755,171.849,0.0267
s,1.236849084,173.744,0.0267
s,1.236849084,172.101,0.0267
s,1.236969755,172.221,0.0267
s,1.236969502,174.173,0.0268
s,1.236859123,170.897,0.0269
s,1.236859123,172.094,0.0269
s,1.236858887,171.997,0.027
s,1.236605952,170.84,0.0275
s,1.236605952,171.607,0.0275
s,1.236485297,171.061,0.0275
s,1.236485297,172.802,0.0275
s,1.236364651,172.826,0.0275
s,1.23703645,171.727,0.0275
s,1.237146728,173.076,0.0275
s,1.237146728,171.627,0.0275
s,1.237257226,173.275,0.0274
s,1.237247191,173.122,0.0273
s,1.236897386,172.651,0.0266
s,1.236787322,171.562,0.0265
s,1.2367876,174.117,0.0264
s,1.2367876,171.957,0.0264
s,1.236326702,171.652,0.0261
s,1.236206136,173.601,0.0261
s,1.236206136,173.238,0.0261
s,1.236205834,171.358,0.0262
s,1.236095519,172.542,0.0262
s,1.235974938,173.335,0.0262
s,1.23597524,170.204,0.0261
s,1.235864639,172.715,0.0262
s,1.235744057,172.559,0.0262
s,1.235744057,171.092,0.0262
s,1.235744057,173.54,0.0262
s,1.235744057,171.103,0.0262
s,1.235864639,171.869,0.0262
s,1.235864639,172.41,0.0262
s,1.235754654,173.584,0.0261
s,1.235754352,173.295,0.0262
s,1.235874948,170.166,0.0262
s,1.235874948,171.711,0.0262
s,1.235874948,172.067,0.0262
s,1.235534444,172.768,0.026
s,1.235534444,172.205,0.026
s,1.235424212,173.027,0.026
s,1.23542453,170.682,0.0259
s,1.235073374,172.412,0.0258
s,1.234842526,173.015,0.0258
s,1.234842199,173.086,0.0259
s,1.234842526,173.187,0.0258
s,1.234842526,170.363,0.0258
s,1.234842526,171.296,0.0258
s,1.234952752,173.015,0.0258
s,1.234842526,171.754,0.0258
s,1.234842526,172.571,0.0258
s,1.234842199,171.973,0.0259
s,1.234832135,172.01,0.0258
s,1.23483247,173.24,0.0257
m,1.23483247,173.331,0.0257
m,1.23483247,171.054,0.0257
m,1.237161164,171.292,0.0259
m,1.239490204,170.374,0.026
m,1.245886083,171.216,0.0259
m,1.249370393,172.969,0.0258
m,1.252965984,172.356,0.0255
m,1.275286143,173.322,0.0264
m,1.280397358,173.484,0.0267
m,1.290149665,172.76,0.0271
m,1.29491057,170.804,0.0274
m,1.299440989,172.862,0.0275
m,1.326894085,171.268,0.028
m,1.33640436,168.392,0.0276
m,1.341056796,168.861,0.0275
m,1.345589401,168.45,0.0275
s,1.235764691,171.652,0.0262
s,1.235764691,170.831,0.0262
s,1.235764993,172.201,0.0261
s,1.235644696,172.161,0.026
s,1.235644696,172.615,0.026
s,1.235303905,171.25,0.0259
s,1.235304231,172.56,0.0258
s,1.235194004,171.549,0.0258
s,1.235073709,171.4,0.0257
s,1.235073374,172.447,0.0258
s,1.234963159,171.952,0.0258
s,1.234963159,171.194,0.0258
s,1.234963159,172.967,0.0258
s,1.234963159,173.389,0.0258
s,1.234842199,173.013,0.0259
s,1.234842526,172.201,0.0258
s,1.234842199,171.663,0.0259
s,1.234831809,172.099,0.0259
s,1.234832135,173.427,0.0258
m,1.234711864,172.311,0.0257
m,1.23483247,171.413,0.0257
m,1.234832135,173.129,0.0258
m,1.235183613,172.775,0.0258
m,1.235645341,170.583,0.0258
m,1.257143553,168.402,0.0254
m,1.261561854,169.577,0.0254
m,1.265979262,171.314,0.0257
m,1.270516358,171.314,0.0263
m,1.304092105,167.083,0.0274
m,1.308623316,169.093,0.0273
m,1.313154368,166.811,0.0274
m,1.317694014,171.374,0.0277
m,1.326894085,171.846,0.028
m,1.350122397,171.553,0.0274
m,1.354664008,172.98,0.0271
m,1.364313073,168.391,0.0271
m,1.369310235,173.333,0.0268
m,1.379095837,173.244,0.0266
m,1.384092878,169.068,0.0266
m,1.388865421,170.046,0.0269
m,1.393758224,169.245,0.0269
m,1.398411124,170.793,0.0274
m,1.403057194,169.126,0.0278
m,1.430042879,170.587,0.0284
m,1.434459605,166.421,0.0282
m,1.438876599,168.804,0.028
m,1.443644664,170.684,0.0279
m,1.448532364,170.316,0.0276
m,1.481902157,169.71,0.0285
m,1.486790708,172.267,0.0287
m,1.491792683,171.7,0.0288
m,1.496908173,169.188,0.0289
m,1.533205458,164.186,0.0288
m,1.538210014,165.092,0.0284
m,1.543328598,166.363,0.0281
m,1.548337918,166.473,0.028
m,1.553465343,167.707,0.0282
m,1.582499024,170.529,0.0264
m,1.587403495,167.138,0.0263
m,1.592540757,167.703,0.026
m,1.592540521,169.46,0.0261
m,1.602363116,172.002,0.0261
m,1.636893051,172.103,0.0243
m,1.641693354,173.434,0.0236
m,1.646379823,172.121,0.0232
m,1.650954546,173.075,0.0226
m,1.684229976,173.02,0.0218
m,1.688807236,169.41,0.0215
m,1.693145499,171.321,0.0214
m,1.701815497,171.244,0.0213
m,1.706050037,173.185,0.0211
m,1.730417246,171.31,0.0207
m,1.735003658,172.593,0.0209
m,1.744984791,172.369,0.0213
m,1.750266587,173.493,0.0217
m,1.755198271,173.135,0.022
m,1.407711109,167.122,0.028
m,1.412245792,170.494,0.0282
m,1.416780495,170.365,0.0286
m,1.421547569,172.352,0.0285
m,1.453300684,170.1,0.0276
m,1.457949591,172.15,0.028
m,1.462824861,168.24,0.0282
m,1.467594083,170.148,0.0281
m,1.477013765,169.727,0.0283
m,1.502137587,166.967,0.0287
m,1.507253849,167.477,0.0288
m,1.512489025,166.784,0.029
m,1.517724773,164.438,0.0287
m,1.528078162,165.703,0.0287
m,1.558242729,165.884,0.0279
m,1.563257697,167.298,0.0271
m,1.568149302,166.757,0.0268
m,1.577712721,166.165,0.0266
m,1.60715871,173.487,0.0261
m,1.611954821,171.573,0.026
m,1.616870026,172.421,0.0258
m,1.62693451,171.975,0.0251
m,1.631970159,171.115,0.0247
m,1.660552759,172.303,0.0225
m,1.665352468,170.745,0.0224
m,1.665352915,171.774,0.0223
m,1.674965751,174.587,0.0221
m,1.679654674,172.412,0.0218
m,1.710748022,172.296,0.021
m,1.710748022,172.855,0.021
m,1.720465749,172.172,0.021
m,1.725717999,174.11,0.0208
m,1.765740651,172.909,0.0225
m,1.7712326,172.651,0.0223
m,1.775816068,172.045,0.0222
m,1.780510837,172.824,0.0222
m,1.784863896,172.915,0.0221
m,1.789217463,173.594,0.022
m,1.793562905,172.218,0.0218
m,1.802974517,171.622,0.0217
m,1.808374145,172.455,0.0217
m,1.848431997,171.095,0.0214
m,1.853835085,171.915,0.0213
m,1.85945986,170.943,0.021
m,1.86497271,170.104,0.0211
m,1.870607387,170.09,0.021
m,1.901607166,172.562,0.0207
m,1.906540462,171.846,0.0206
m,1.911473983,171.294,0.0205
m,1.916186056,171.824,0.0209
m,1.920912862,173.547,0.0207
m,1.954776864,172.503,0.0204
m,1.959349979,172.917,0.0201
m,1.96371473,173.425,0.0203
m,1.971974291,173.173,0.0203
m,1.997699978,171.838,0.0204
m,2.001702588,172.28,0.0206
m,2.006180532,173.309,0.0204
m,2.014879533,173.213,0.0203
m,2.019126134,171.313,0.0205
m,2.041257817,169.974,0.0213
m,2.045640708,173.218,0.0217
m,2.050119767,170.182,0.0218
m,2.059147911,171.365,0.0213
m,2.063613933,173.683,0.0213
m,2.085823961,173.084,0.0203
m,2.090262782,173.371,0.0202
m,2.095160608,170.111,0.0203
m,2.105335854,173.151,0.0205
m,2.110247142,172.422,0.0207
m,2.143456037,173.355,0.0198
m,2.143456498,171.162,0.0197
m,2.152616302,173.405,0.0198
m,2.157040628,171.498,0.0199
m,1.808374145,173.743,0.0217
m,1.819896514,169.254,0.0217
m,1.825537768,172.159,0.0218
m,1.831402343,172.372,0.0215
m,1.837155351,169.843,0.0215
m,1.876121147,171.753,0.021
m,1.881403426,172.358,0.0212
m,1.886576461,172.017,0.0213
m,1.891521884,172.257,0.0208
m,1.931121404,173.216,0.0206
m,1.93606739,171.849,0.0206
m,1.941002422,172.423,0.0205
m,1.945597415,172.713,0.0205
m,1.950191379,170.574,0.0208
m,1.976327697,172.268,0.0205
m,1.980804634,172.011,0.0203
m,1.98515943,172.882,0.0203
m,1.985159906,170.993,0.0202
m,1.993709819,173.874,0.0203
m,2.02348286,171.584,0.0204
m,2.027705288,172.088,0.0202
m,2.032060922,171.646,0.0204
m,2.036647751,172.227,0.0204
m,2.068161198,171.894,0.0211
m,2.072708494,170.179,0.0209
m,2.076931163,173.371,0.0208
m,2.08127452,172.122,0.021
m,2.115269493,172.487,0.0202
m,2.120182082,173.053,0.0201
m,2.124972755,170.915,0.02
m,2.129750011,172.746,0.0198
m,2.134419251,168.118,0.0196
m,2.161355863,171.525,0.0202
m,2.166011602,173.095,0.02
m,2.170449524,172.316,0.0201
m,2.17476611,171.368,0.0201
m,2.183765494,170.649,0.0199
m,2.188082073,171.478,0.0199
m,2.188081631,172.644,0.02
m,2.194293075,171.182,0.0199
m,2.19534899,172.837,0.0198
m,2.195470788,170.963,0.0198
s,2.194915258,171.793,0.02
s,2.194915258,171.428,0.02
s,2.194915258,171.771,0.02
s,2.194806634,172.683,0.0201
s,2.19469846,172.578,0.0201
s,2.194467176,172.569,0.0204
s,2.194466758,170.701,0.0205
s,2.194358184,170.347,0.0206
s,2.194358184,168.466,0.0206
s,2.193911493,171.378,0.0207
s,2.193803367,171.917,0.0207
s,2.193802962,172.592,0.0208
s,2.193802962,172.113,0.0208
s,2.193802962,171.837,0.0208
s,2.193708215,172.185,0.0209
s,2.193600123,172.625,0.0209
s,2.193600523,173.208,0.0208
s,2.193600928,171.596,0.0207
s,2.193600928,171.18,0.0207
s,2.193751303,172.467,0.0205
s,2.193750889,172.064,0.0206
s,2.19364285,172.487,0.0206
s,2.19364285,171.012,0.0206
s,2.193886678,170.409,0.0206
s,2.193886678,172.166,0.0206
s,2.193887092,169.508,0.0205
s,2.193995122,171.871,0.0205
s,2.193995122,172.467,0.0205
s,2.194360872,170.158,0.0205
s,2.194360872,171.034,0.0205
s,2.194360872,171.76,0.0205
s,2.194360872,171.531,0.0205
s,2.194347395,172.044,0.0204
m,2.195362123,172.282,0.0199
m,2.19525391,173.158,0.0199
s,2.195132104,172.364,0.0199
s,2.194915258,171.996,0.02
s,2.19469846,171.38,0.0201
s,2.19458986,172.329,0.0202
s,2.194589433,172.491,0.0203
s,2.194359438,170.771,0.0203
s,2.194467176,173.195,0.0204
s,2.194371881,172.629,0.0206
s,2.194141889,173.567,0.0206
s,2.194141889,171.618,0.0206
s,2.19403376,173.05,0.0206
s,2.194033351,171.598,0.0207
s,2.193816715,171.885,0.0208
s,2.193816315,170.771,0.0209
s,2.193708614,171.525,0.0208
s,2.193708215,169.969,0.0209
s,2.193614741,171.629,0.0207
s,2.193614741,171.008,0.0207
s,2.193736631,170.015,0.0207
s,2.193628987,172.374,0.0206
s,2.193628987,171.968,0.0206
s,2.19364285,173.306,0.0206
s,2.19364285,171.366,0.0206
s,2.193764763,173.134,0.0206
s,2.193764763,171.935,0.0206
s,2.193886678,170.409,0.0206
s,2.193995122,172.657,0.0205
s,2.194117034,171.886,0.0205
s,2.194117034,172.798,0.0205
s,2.194238952,171.683,0.0205
s,2.194347395,172.753,0.0204
s,2.19444243,171.821,0.0202
s,2.194443298,173.697,0.02
s,2.194659878,171.507,0.0199
s,2.194659878,172.252,0.0199
s,2.194767962,171.246,0.0199
s,2.194767521,172.627,0.02
s,2.194645643,171.343,0.02
s,2.194645207,171.516,0.0201
s,2.194127375,172.983,0.0208
s,2.194112902,172.886,0.021
s,2.193868851,172.8,0.0211
s,2.193746639,172.933,0.0212
s,2.193624437,172.895,0.0213
s,2.192877134,173.287,0.0221
s,2.192876457,173.287,0.0223
s,2.192740167,172.748,0.0226
s,2.192726038,171.1,0.0228
s,2.192833122,171.866,0.0232
s,2.19298121,172.277,0.0238
s,2.19284571,171.553,0.024
s,2.192940639,172.457,0.0241
s,2.193049089,172.036,0.0241
s,2.19322587,171.059,0.0244
s,2.19322611,171.73,0.0243
s,2.193213026,170.96,0.0243
s,2.19309141,171.794,0.0243
s,2.19309141,172.842,0.0243
s,2.192861744,173.384,0.0241
s,2.192861744,173.319,0.0241
s,2.192861744,171.155,0.0241
s,2.192740383,171.264,0.024
s,2.192740383,170.759,0.024
s,2.192874828,172.331,0.0241
s,2.192766303,170.173,0.0241
s,2.192766303,172.871,0.0241
s,2.192887937,172.492,0.0241
s,2.193021984,172.09,0.0244
s,2.192913502,171.548,0.0244
s,2.192913266,172.546,0.0245
s,2.192913266,172.748,0.0245
s,2.193034689,172.096,0.0246
s,2.194631008,173.888,0.0202
s,2.194386855,170.709,0.0203
s,2.194386855,171.972,0.0203
s,2.194142721,172.223,0.0204
s,2.194250448,172.698,0.0205
s,2.193502241,173.292,0.0214
s,2.193379683,171.345,0.0216
s,2.193257153,170.753,0.0218
s,2.193121411,171.242,0.0219
s,2.192819377,173.343,0.0233
s,2.192805382,173.236,0.0235
s,2.192913166,169.915,0.0237
s,2.192899511,173.431,0.0238
s,2.19298121,171.425,0.0238
s,2.193049089,172.281,0.0241
s,2.193035641,172.635,0.0242
s,2.19302247,173.29,0.0242
s,2.193130963,173.184,0.0242
s,2.19311759,170.699,0.0243
s,2.193091655,172.395,0.0242
s,2.19298311,170.062,0.0242
s,2.19298336,171.645,0.0241
s,2.19298336,169.594,0.0241
s,2.192740383,171.484,0.024
s,2.192740383,174.147,0.024
s,2.192631839,172.608,0.024
s,2.192631585,172.425,0.0241
s,2.192753204,171.323,0.0241
s,2.192887687,172.594,0.0242
s,2.193009322,172.023,0.0242
s,2.193009322,171.973,0.0242
s,2.193130718,172.807,0.0243
s,2.193021984,170.538,0.0244
s,2.193034462,171.8,0.0247
s,2.193034462,172.449,0.0247
s,2.19303424,172.504,0.0248
s,2.1931559,172.282,0.0248
s,2.192925555,172.803,0.0249
s,2.193047221,172.916,0.0249
s,2.19293877,172.805,0.0249
s,2.192938557,171.181,0.025
s,2.192830115,172.096,0.025
s,2.19273415,172.03,0.0254
s,2.192842377,172.085,0.0255
s,2.192720144,173.063,0.0258
s,2.192719972,171.746,0.0259
s,2.192719642,170.053,0.0261
s,2.192597962,171.883,0.0261
s,2.192489532,170.794,0.0261
s,2.192489374,171.625,0.0262
s,2.192489374,171.796,0.0262
m,2.192272104,170.897,0.0265
m,2.192272104,172.655,0.0265
m,2.192393949,171.948,0.0264
m,2.192867458,171.679,0.0264
m,2.194152814,174.042,0.0265
m,2.206657539,171.944,0.0258
m,2.205361454,172.483,0.0256
m,2.203198731,170.376,0.0254
m,2.200304167,172.594,0.0253
m,2.174529973,171.278,0.0244
m,2.170795877,172.3,0.0242
m,2.163327211,172.871,0.024
m,2.163327473,171.897,0.0239
m,2.155736806,171.974,0.0237
m,2.137161149,171.987,0.0225
m,2.129692325,173.337,0.0224
m,2.125498044,172.599,0.0224
m,2.125498388,172.539,0.0223
m,2.117677693,173.105,0.0222
m,2.090969789,173.222,0.0218
m,2.087019783,171.064,0.0218
m,2.082961782,173.217,0.0219
m,2.079119966,172.241,0.0218
s,2.192721476,172.227,0.0251
s,2.192843166,172.641,0.0251
s,2.192843166,172.753,0.0251
s,2.192842962,171.291,0.0252
s,2.192842763,172.277,0.0253
s,2.192828235,170.004,0.026
s,2.192828235,171.748,0.026
s,2.192828235,171.896,0.026
s,2.192719805,170.845,0.026
s,2.192719642,173.707,0.0261
s,2.19248907,171.839,0.0264
s,2.192597355,171.876,0.0265
s,2.192488926,171.724,0.0265
m,2.192610759,171.179,0.0264
m,2.196467255,171.323,0.0264
m,2.198646732,172.279,0.0264
m,2.201056884,171.218,0.0262
m,2.205344511,173.311,0.0261
m,2.205344673,171.641,0.026
m,2.196813771,173.498,0.0252
m,2.193093749,172.174,0.025
m,2.185976888,171.022,0.0248
m,2.182350354,172.286,0.0247
m,2.182350815,173.122,0.0245
m,2.152002503,172.281,0.0236
m,2.148390537,170.908,0.0234
m,2.14465655,172.149,0.0232
m,2.140801169,172.537,0.0228
m,2.113943478,173.159,0.0221
m,2.11020927,172.331,0.022
m,2.106705282,171.583,0.0218
m,2.10284866,172.648,0.0218
m,2.094934161,171.999,0.0218
m,2.075156429,171.583,0.0216
m,2.071084492,173.694,0.0216
m,2.066875919,173.485,0.0216
m,2.058566421,172.963,0.0216
m,2.054573189,173.317,0.0216
m,2.050472317,171.667,0.0216
m,2.046264154,172.655,0.0215
m,2.041933494,172.49,0.0215
m,2.037572721,172.501,0
m,2.0327986,172.324,0.0214
m,2.005610484,172.921,0.021
m,1.996203802,171.721,0.0209
m,1.991155571,172.1,0.0209
m,1.985985494,171.113,0.0209
m,1.980937913,171.581,0.0208
m,1.95155652,172.17,0.0212
m,1.94250413,172.441,0.0212
m,1.937916853,172.755,0.0213
m,1.933465141,169.967,0.0213
m,1.907177977,172.655,0.021
m,1.898019195,173.264,0.021
m,1.893312031,171.826,0.021
m,1.888605099,172.426,0.021
m,1.859656251,173.584,0.0207
m,1.849833315,172.149,0.0207
m,1.844800492,172.905,0.0207
m,1.840010413,171.721,0.0207
m,1.835317457,171.871,0.0206
m,1.804310952,169.733,0.0204
m,1.800079972,172.552,0.0203
m,1.79572806,173.42,0.0202
m,1.791618029,172.693,0.0202
m,1.783046226,171.981,0.0203
m,1.755810341,170.55,0.02
m,1.746877911,171.012,0.0202
m,1.746877911,172.145,0.0202
m,1.739244118,173.442,0.0201
m,1.718726622,171.88,0.02
m,1.710983282,172.812,0.0201
m,1.710982163,170.278,0.0203
m,1.705026916,172.43,0.0205
m,1.701622052,173.703,0.0206
m,2.028468382,172.243,0.0213
m,2.024015691,172.481,0.0213
m,2.014988742,171.976,0.0212
m,2.010306704,171.545,0.0211
m,1.975876148,171.375,0.0208
m,1.970827912,173.076,0.0209
m,1.965996522,171.768,0.0209
m,1.961069917,172.95,0.0211
m,1.956373849,171.825,0.0212
m,1.929121886,172.021,0.0213
m,1.924899509,171.894,0.0215
m,1.920786965,172.579,0.0214
m,1.916323193,171.837,0.0212
m,1.911750556,172.92,0.0211
m,1.883789591,173,0.021
m,1.878974224,172.764,0.021
m,1.874401841,173.166,0.021
m,1.864675229,172.282,0.021
m,1.859655291,173.259,0.0209
m,1.826039944,172.433,0.0206
m,1.821577242,172.641,0.0206
m,1.817114675,170.998,0.0206
m,1.8085307,172.32,0.0204
m,1.77858554,170.626,0.0202
m,1.774004019,173.063,0.0201
m,1.769422715,171.528,0.02
m,1.76473136,172.972,0.02
m,1.760270223,171.439,0.0201
m,1.73631185,171.794,0.02
m,1.733610996,172.324,0.0198
m,1.730548166,172.372,0.0196
m,1.726691782,172.849,0.0197
m,1.722725293,173.013,0.0198
m,1.697646861,172.392,0.0204
m,1.692355347,171.837,0.0203
m,1.683890516,172.172,0.0204
m,1.679411473,172.807,0.0207
m,1.675174853,171.37,0.0208
m,1.67069806,170.378,0.0209
m,1.666110006,172.179,0.0212
m,1.661754088,173.224,0.0214
m,1.657286261,172.963,0.0219
m,1.625113708,173.375,0.0221
m,1.621014512,170.059,0.023
m,1.612583907,169.316,0.0231
m,1.608599821,171.174,0.0232
m,1.578948692,168.464,0.0245
m,1.570408739,165.396,0.0246
m,1.566202533,164.938,0.0247
m,1.557686075,167.147,0.025
m,1.553376464,164.04,0.025
m,1.529043771,171.221,0.0251
m,1.524981271,170.522,0.0255
m,1.520911498,167.941,0.0256
m,1.516498599,169.678,0.0259
m,1.511966055,170.433,0.0262
m,1.477604046,169.802,0.0272
m,1.472592734,167.502,0.0272
m,1.467470145,169.584,0.0273
m,1.462347641,170.944,0.0274
m,1.426382535,167.794,0.0274
m,1.421622093,171,0.0272
m,1.412924455,172.222,0.0272
m,1.408756612,170.851,0.0273
m,1.404599342,172.046,0.0274
m,1.377991752,168.186,0.028
m,1.37799189,172.001,0.0279
m,1.369511514,173.772,0.0277
m,1.365228175,171.014,0.0275
m,1.360714529,169.418,0.0274
m,1.322183701,168.497,0.0266
m,1.317431045,168.494,0.0264
m,1.312678482,173.226,0.0263
m,1.308035091,172.903,0.0262
m,1.652597743,171.777,0.0222
m,1.64778977,172.493,0.0224
m,1.638313604,173.806,0.0225
m,1.633756807,172.25,0.0223
m,1.629319638,172.181,0.0222
m,1.600151272,170.594,0.0237
m,1.59581611,170.337,0.0239
m,1.59159265,167.747,0.0241
m,1.587369459,168.446,0.0243
m,1.583155332,168.293,0.0243
m,1.549186629,166.302,0.025
m,1.54510821,164.644,0.0251
m,1.540910347,166.196,0.0251
m,1.5369439,163.514,0.0251
m,1.507304469,166.189,0.0268
m,1.502403899,170.756,0.027
m,1.497383751,171.884,0.027
m,1.48725823,172.792,0.027
m,1.482375473,172.226,0.0271
m,1.452103185,171.226,0.0274
m,1.446869933,168.186,0.0275
m,1.446869624,167.99,0.0277
m,1.436284168,167.65,0.0274
m,1.431273208,168.096,0.0274
m,1.400563311,168.711,0.0276
m,1.396176777,170.795,0.0278
m,1.39153898,169.845,0.0281
m,1.386912987,171.432,0.0279
m,1.355959059,171.988,0.0274
m,1.351192618,167.794,0.0272
m,1.341198165,171.721,0.0273
m,1.336213412,170.267,0.0272
m,1.326936499,170.154,0.0269
m,1.303377383,171.054,0.0268
m,1.298625308,172.102,0.0268
m,1.289340932,169.389,0.0262
m,1.284698579,171.745,0.0261
m,1.284698289,170.75,0.0262
m,1.275075158,173.533,0.0262
m,1.27020379,168.354,0.026
m,1.2653334,173.013,0.0256
m,1.2603542,167.396,0.0255
m,1.250842754,173.813,0.0254
m,1.230103655,170.592,0.0261
m,1.226168624,173.639,0.026
m,1.218592798,170.59,0.0257
m,1.218593865,171.669,0.0254
m,1.210480181,170.698,0.0253
m,1.180984467,171.092,0.0257
m,1.176882224,172.256,0.0259
m,1.172550071,172.415,0.0262
m,1.16795734,169.902,0.0269
m,1.135437669,171.502,0.0261
m,1.130985082,172.49,0.0259
m,1.126425058,171.141,0.0257
m,1.121741011,172.351,0.026
m,1.117058059,170.694,0.026
m,1.089399375,171.134,0.0264
m,1.084459943,173.547,0.0262
m,1.079615451,169.918,0.026
m,1.074771133,172.006,0.026
m,1.064733413,173.355,0.026
m,1.035730373,165.76,0.0268
m,1.024277803,168.515,0.0269
m,1.01912412,169.809,0.0273
m,1.014300455,170.563,0.0277
m,0.990515927,172.726,0.0304
m,0.982766499,169.909,0.0306
m,0.979252854,166.943,0.0305
m,0.975979873,172.453,0.0306
m,0.973400507,169.354,0.0309
m,0.969898111,174.037,0.032
m,0.969695453,173.624,0.0322
m,0.969705152,170.434,0.0323
m,0.969474584,170.86,0.0325
m,0.969354298,172.249,0.0325
m,1.246431771,170.955,0.0255
m,1.242019991,172.502,0.0259
m,1.237961642,173.153,0.0259
m,1.233917516,171.417,0.026
m,1.206423875,172.204,0.0252
m,1.202352769,172.969,0.0251
m,1.198174474,170.353,0.025
m,1.189664696,172.348,0.025
m,1.185331888,173.246,0.0254
m,1.163274249,172.716,0.0269
m,1.158714552,170.91,0.0265
m,1.153924064,172.714,0.0265
m,1.14455826,171.937,0.0264
m,1.139998112,169.443,0.0262
m,1.107999623,172.807,0.0263
m,1.107999302,173.867,0.0264
m,1.098576669,171.356,0.0264
m,1.094109863,172.043,0.0264
m,1.060000632,170.871,0.026
m,1.055147718,168.603,0.026
m,1.050417517,167.807,0.026
m,1.045700471,171.914,0.026
m,1.04144421,170.851,0.0263
m,1.009708168,170.007,0.0282
m,1.005468601,165.614,0.0285
m,1.001691237,170.718,0.0292
m,0.994391177,172.156,0.0295
m,0.99051582,167.201,0.0298
m,0.971644313,171.855,0.0313
m,0.970701453,172.446,0.0314
m,0.970008301,172.616,0.0316
m,0.969897902,173.033,0.0319
m,0.969224585,173.554,0.0325
m,0.96934484,171.986,0.0325
m,0.9691426,172.568,0.0326
m,0.969133588,172.772,0.0328
m,0.96901358,172.049,0.0329
m,0.969022846,170.192,0.0328
m,0.969152818,171.009,0.0328
m,0.969282904,171.896,0.0328
m,0.969162228,173.123,0.0327
m,0.96907184,172.824,0.0329
m,0.96908176,172.617,0.0329
m,0.969183029,171.91,0.0331
m,0.969304133,171.846,0.0333
m,0.969425281,171.695,0.0335
m,0.969436364,169.874,0.0338
m,0.969327542,170.355,0.0342
m,0.969207526,172.294,0.0343
m,0.969097491,171.635,0.0344
m,0.969097957,172.519,0.0345
m,0.969099928,169.825,0.0349
m,0.969100446,170.238,0.035
m,0.968970554,169.247,0.0351
m,0.969100975,170.91,0.0351
m,0.969238014,169.104,0.0362
m,0.969129588,169.645,0.0365
m,0.969121582,173.826,0.0368
m,0.96923274,169.501,0.0369
m,0.969223471,172.811,0.037
m,0.96952724,172.858,0.0372
m,0.969418097,173.559,0.0374
m,0.969530324,171.936,0.0376
m,0.969523916,173.015,0.038
m,0.96951687,170.871,0.0383
m,0.969852747,171.175,0.0387
m,0.97007352,173.04,0.0386
m,0.970175073,171.786,0.0386
m,0.970277682,171.691,0.0387
m,0.970490117,169.115,0.0396
m,0.970370026,171.659,0.0396
m,0.968141273,167.721,0.0395
m,0.965320324,167.752,0.0393
m,0.961454588,171.739,0.0391
m,0.969172285,172.57,0.0328
m,0.969172285,171.813,0.0328
m,0.969172587,173.785,0.0329
m,0.969172587,172.355,0.0329
m,0.96907184,172.063,0.0329
m,0.969425655,166.857,0.0336
m,0.969545721,170.139,0.0335
m,0.969546095,171.187,0.0336
m,0.96943597,171.482,0.0337
m,0.969097491,171.297,0.0344
m,0.969208449,172.256,0.0345
m,0.969218443,173.292,0.0345
m,0.96921892,170.777,0.0346
m,0.969109461,172.303,0.0348
m,0.968991606,172.456,0.0353
m,0.968992736,172.607,0.0355
m,0.969234907,170.972,0.0357
m,0.969235507,173.624,0.0358
m,0.96923674,172.565,0.036
m,0.969324073,171.914,0.037
m,0.969324073,171.016,0.037
m,0.969445237,172.136,0.0371
m,0.969425566,170.561,0.0371
m,0.969518619,170.432,0.0385
m,0.969740149,171.948,0.0385
m,0.969741038,171.608,0.0386
m,0.969741038,172.766,0.0386
m,0.969852747,172.779,0.0387
m,0.970389576,171.459,0.0388
m,0.970501514,172.393,0.0389
m,0.970493354,169.757,0.039
m,0.970494295,169.205,0.0391
m,0.970498158,172.307,0.0395
m,0.957366387,165.512,0.0389
m,0.953278218,163.727,0.0387
m,0.949182362,171.432,0.0386
m,0.940288498,167.323,0.0384
m,0.935970005,164.109,0.0383
m,0.926892883,166.072,0.0387
m,0.922351687,170.39,0.0386
m,0.917695406,168.611,0.039
m,0.912926098,167.805,0.0392
m,0.880264697,160.743,0.0403
m,0.875147679,168.451,0.0407
m,0.870203107,169.692,0.0413
m,0.860383662,161.207,0.0417
m,0.828000571,156.288,0.0413
m,0.823495347,157.415,0.0411
m,0.818655371,161.805,0.041
m,0.814049198,159.714,0.0411
m,0.809333305,158.261,0.0409
m,0.781096446,149.746,0.0398
m,0.776516638,156.412,0.0395
m,0.771713036,165.721,0.0394
m,0.766997685,151.837,0.0393
m,0.762428264,162.592,0.0393
m,0.727200276,152.313,0.0404
m,0.722753921,148.891,0.0406
m,0.718567839,160.097,0.0413
m,0.714355545,159.282,0.0416
m,0.685475978,165.584,0.0431
m,0.68150238,146.291,0.0431
m,0.673458386,156.716,0.0429
m,0.669715386,152.719,0.0428
m,0.665875622,145.421,0.0427
m,0.641900722,149.045,0.0423
m,0.64189691,154.086,0.0421
m,0.633460097,159.077,0.042
m,0.629387793,159.857,0.0419
m,0.625314115,156.641,0.0416
m,0.597003831,164.239,0.0397
m,0.588905466,158.265,0.0393
m,0.584857553,154.765,0.0389
m,0.580849889,162.636,0.0384
m,0.908388216,165.91,0.0394
m,0.899338193,165.521,0.0396
m,0.894718456,170.749,0.0398
m,0.889979932,167.648,0.04
m,0.885112222,162.281,0.0402
m,0.860385034,164.376,0.0418
m,0.851026922,166.803,0.0419
m,0.846423903,159.048,0.042
m,0.841582862,158.904,0.0414
m,0.837104022,162.567,0.0414
m,0.804861922,155.161,0.0405
m,0.795441268,159.299,0.0402
m,0.790611355,158.754,0.0401
m,0.790607561,154.394,0.0398
m,0.753238772,157.878,0.0395
m,0.748841256,153.287,0.0394
m,0.74005617,148.203,0.0398
m,0.7357308,155.259,0.0401
m,0.731465866,152.336,0.0403
m,0.706280182,153.07,0.0416
m,0.702146236,161.457,0.0416
m,0.7021479,161.06,0.0417
m,0.693767276,151.197,0.0423
m,0.689573978,154.893,0.0429
m,0.662009709,149.754,0.0426
m,0.658111538,143.336,0.0428
m,0.654238107,149.506,0.0425
m,0.650185517,151.386,0.0424
m,0.621117909,162.618,0.0415
m,0.61315346,164.161,0.0413
m,0.6090903,160.843,0.041
m,0.605067166,157.372,0.0408
m,0.601105183,166.433,0.0406
m,0.576615242,159.097,0.0381
m,0.572442756,154.385,0.038
m,0.567974748,153.026,0.038
m,0.563512399,167.303,0.0381
m,0.558958017,151.075,0.0377
m,0.550005924,157.344,0.0375
m,0.545209454,154.561,0.0375
m,0.540676907,151.484,0.0373
m,0.536460172,153.85,0.0373
m,0.532380615,156.641,0.0373
m,0.508801055,150.215,0.0349
m,0.504755334,154.121,0.0348
m,0.500714465,151.886,0.0346
m,0.496680486,153.983,0.0345
m,0.488876397,151.124,0.0344
m,0.46089118,165.921,0.0328
m,0.456854308,157.06,0.0324
m,0.456852367,156.451,0.032
m,0.448754718,149.131,0.0317
m,0.422289859,143.823,0.0309
m,0.418830928,148.543,0.0304
m,0.415240658,162.962,0.0297
m,0.411592664,156.707,0.0295
m,0.40424906,145.956,0.0292
m,0.382546556,156.159,0.028
m,0.382548844,155.601,0.0276
m,0.374988929,158.039,0.0273
m,0.371255739,154.54,0.0271
m,0.367598727,153.2,0.0269
m,0.340632775,147.51,0.0252
m,0.336863238,153.679,0.0252
m,0.329261319,151.691,0.0253
m,0.3257427,168.932,0.0257
m,0.305145798,148.297,0.0288
m,0.304259892,157.675,0.0294
m,0.304448534,142.639,0.0297
m,0.305781418,152.852,0.0297
m,0.308268209,149.707,0.03
m,0.326245021,153.899,0.032
m,0.33279679,153.748,0.0304
m,0.335754136,158.683,0.0301
m,0.335754173,151.459,0.0298
m,0.34173058,147.929,0.0293
m,0.524482186,157.336,0.0365
m,0.520412498,157.129,0.0362
m,0.516566235,157.035,0.0359
m,0.516559706,152.343,0.0353
m,0.484918762,154.82,0.0343
m,0.481047638,163,0.0341
m,0.477182988,156.256,0.0338
m,0.473248983,163.896,0.0336
m,0.469125223,155.532,0.033
m,0.444738541,155.13,0.0316
m,0.440738706,159.702,0.032
m,0.436823531,145.142,0.0316
m,0.429439617,143.63,0.0314
m,0.425827184,143.67,0.0312
m,0.400770778,150.826,0.029
m,0.397099072,145.461,0.0291
m,0.393501516,145.268,0.0291
m,0.389917545,157.044,0.0283
m,0.363586073,140.316,0.0263
m,0.355558183,148.092,0.0258
m,0.351696461,147.831,0.0256
m,0.347805412,146.726,0.0255
m,0.344134456,140.198,0.0253
m,0.325737675,150.888,0.0261
m,0.318636102,145.715,0.0265
m,0.315261892,149.376,0.0269
m,0.309112224,145.513,0.0278
m,0.309108551,154.507,0.0284
m,0.314202926,152.398,0.0309
m,0.317003161,152.316,0.0312
m,0.319955117,145.7,0.0314
m,0.322938177,156.63,0.0316
m,0.344446568,147.807,0.0289
m,0.347326361,144.847,0.0285
m,0.349915197,159.1,0.0283
m,0.355432692,151.439,0.0279
m,0.358370751,161.766,0.0276
m,0.361625893,152.138,0.027
m,0.364903788,154.677,0.0266
m,0.368044516,156.551,0.0266
m,0.37369439,150.944,0.0268
m,0.393155412,157.27,0.0274
m,0.396397231,157.805,0.0278
m,0.401977573,151.289,0.0281
m,0.404783085,152.837,0.0279
m,0.407720308,144.703,0.0281
m,0.433061111,152.32,0.0287
m,0.436924756,151.906,0.0288
m,0.440767427,146.185,0.0288
m,0.444027267,145.102,0.0291
m,0.447377312,154.02,0.0294
m,0.470628736,164.897,0.0306
m,0.474515276,154.189,0.0315
m,0.481784644,157.289,0.0318
m,0.48178632,149.251,0.0322
m,0.507310707,153.555,0.0332
m,0.510328122,157.915,0.0335
m,0.516717432,160.146,0.0337
m,0.516720468,153.307,0.0341
m,0.523751161,156.432,0.0344
m,0.54644521,163.188,0.0348
m,0.550360594,161.414,0.0349
m,0.554326086,157.849,0.035
m,0.558583878,163.576,0.0353
m,0.5628418,159.1,0.0355
m,0.591170097,162.823,0.0359
m,0.595490342,159.636,0.0364
m,0.604612734,159.138,0.0368
m,0.609078896,161.006,0.0371
m,0.637558729,158.848,0.0366
m,0.641202588,162.723,0.0366
m,0.645189306,166.42,0.0367
m,0.653163073,171.386,0.0367
m,0.657006723,157.903,0.0366
m,0.376548601,158.177,0.0267
m,0.379578004,155.163,0.0266
m,0.379577125,154.178,0.0267
m,0.386151812,156.537,0.0269
m,0.389552064,149.152,0.0271
m,0.410986677,153.567,0.0283
m,0.4146095,148.88,0.0285
m,0.422240298,142.379,0.0286
m,0.426072906,152.372,0.0289
m,0.453983626,153.447,0.0296
m,0.457205247,152.038,0.0299
m,0.460249545,154.293,0.0301
m,0.463298606,151.721,0.0302
m,0.466683667,156.352,0.0304
m,0.488664162,160.383,0.0319
m,0.492510126,157.325,0.0321
m,0.496320476,154.689,0.0322
m,0.500137537,152.869,0.0324
m,0.504004983,150.02,0.0326
m,0.527080487,153.355,0.0346
m,0.531036318,157.919,0.0345
m,0.534802376,155.692,0.0346
m,0.542482005,164.402,0.0347
m,0.566953282,157.103,0.0354
m,0.574595738,158.611,0.0353
m,0.574597627,161.461,0.0355
m,0.583076676,160.984,0.0357
m,0.58724723,160.743,0.0359
m,0.613542662,163.057,0.0371
m,0.617811907,164.713,0.0372
m,0.622279932,164.689,0.0374
m,0.629935348,163.953,0.0369
m,0.633719301,172.533,0.0367
m,0.660600126,157.899,0.0367
m,0.664447171,172.196,0.0368
m,0.668095536,163.097,0.0368
m,0.67208628,161.298,0.0368
m,0.675878989,161.528,0.0368
m,0.683465785,164.265,0.0368
m,0.687259849,162.953,0.0368
m,0.690854221,162.778,0.0367
m,0.69450416,165.324,0.0365
m,0.721707128,164.174,0.0364
m,0.725504332,166.18,0.0363
m,0.737068343,168.163,0.036
m,0.741267445,164.398,0.0359
m,0.772515323,162.829,0.0361
m,0.777146998,166.733,0.036
m,0.781519361,168.211,0.036
m,0.786009544,163.361,0.0359
m,0.790238601,165.127,0.0357
m,0.817767077,164.916,0.0361
m,0.822060133,167.897,0.0362
m,0.826210062,172.143,0.0361
m,0.830219218,170.382,0.0361
m,0.838239465,161.865,0.0362
m,0.86323049,169.927,0.0352
m,0.871963259,171.41,0.0352
m,0.876662591,163.694,0.0347
m,0.880878563,164.988,0.0346
m,0.907345973,171.077,0.0333
m,0.916694176,168.839,0.0331
m,0.920991799,169.096,0.0328
m,0.9247407,172.354,0.0325
m,0.928553233,171.385,0.0325
m,0.954414429,168.797,0.0327
m,0.958636405,166.06,0.0325
m,0.96279496,165.951,0.0321
m,0.966954093,161.682,0.0318
m,0.970831585,166.952,0.0315
m,0.994080659,164.502,0.0316
m,0.999663174,166.132,0.0314
m,1.001673162,164.398,0.0314
m,1.002646223,170.088,0.0314
m,0.702350292,161.003,0.0364
m,0.706089965,166.693,0.0364
m,0.7098866,160.473,0.0364
m,0.713827364,166.3,0.0365
m,0.717766627,163.326,0.0364
m,0.74581122,163.812,0.0359
m,0.750155299,161.549,0.0359
m,0.754441812,170.103,0.0359
m,0.763680534,170.919,0.0363
m,0.768024862,167.257,0.036
m,0.794672341,169.86,0.0359
m,0.799306537,169.379,0.0359
m,0.808576196,167.267,0.0359
m,0.813212373,166.559,0.036
m,0.842249806,165.493,0.0362
m,0.842249806,169.289,0.0362
m,0.850553586,164.873,0.036
m,0.854499838,171.461,0.0354
m,0.858935877,160.954,0.0353
m,0.885298408,169.657,0.0345
m,0.889594955,164.551,0.0344
m,0.894032668,171.913,0.0342
m,0.898736315,165.942,0.034
m,0.903033251,172.014,0.0338
m,0.933056346,172.357,0.0325
m,0.941656414,172.82,0.0329
m,0.945815316,169.282,0.033
m,0.950178723,166.237,0.0331
m,0.977833645,168.949,0.0315
m,0.980829944,163.654,0.0315
m,0.984299132,167.748,0.0314
m,0.987627527,163.918,0.0313
m,0.990956064,167.099,0.0312
m,1.002850864,163.015,0.0313
m,1.003196399,161.581,0.0312
m,1.003400623,161.378,0.0306
m,1.003887105,166.747,0.0305
m,1.006370904,162.721,0.0302
m,1.007613005,162.671,0.0301
m,1.00850946,161.215,0.03
m,1.009060229,161.64,0.0297
m,1.009406248,162.024,0.0292
m,1.009547195,162.876,0.029
m,1.010586162,162.146,0.0279
m,1.010586581,160.283,0.0277
m,1.010587539,164.621,0.0273
m,1.011215702,164.912,0.027
m,1.011562091,160.759,0.0268
m,1.025432293,169.245,0.0267
m,1.028480705,170.75,0.0268
m,1.031734641,166.436,0.0269
m,1.034718752,171.891,0.027
m,1.055506997,166.254,0.0259
m,1.059702573,170.711,0.0259
m,1.061407708,165.505,0.0259
m,1.063340419,169.707,0.0259
m,1.066501893,172.569,0.0256
m,1.07409278,168.715,0.0249
m,1.075668814,167.843,0.0253
m,1.077402647,171.763,0.0254
m,1.0793503,166.496,0.0254
m,1.081167008,172.057,0.0256
m,1.095271716,173.069,0.0245
m,1.097004492,171.026,0.0251
m,1.100217217,171.708,0.0245
m,1.101642654,170.183,0.0243
m,1.114551712,173.076,0.0241
m,1.116557079,172.549,0.0241
m,1.116558136,170.058,0.0239
m,1.120271291,172.815,0.0239
m,1.121480391,169.602,0.024
m,1.12551795,171.39,0.0241
m,1.126135179,172.213,0.0243
m,1.126583869,172.448,0.0243
m,1.126898283,168.995,0.0243
m,1.127106748,173.284,0.0242
m,1.010098194,161.369,0.0288
m,1.010303596,161.509,0.0285
m,1.010303742,161.609,0.0284
m,1.010444833,161.152,0.0282
m,1.012113245,159.811,0.0267
m,1.01322747,164.177,0.0266
m,1.014893267,166.084,0.0263
m,1.020092905,164.856,0.0263
m,1.022730304,165.65,0.0265
m,1.041099863,167.72,0.0266
m,1.041100519,169.056,0.0264
m,1.046951274,166.988,0.0263
m,1.049969759,171.179,0.0261
m,1.052935984,170.375,0.026
m,1.06650272,167.698,0.0254
m,1.069362851,171.657,0.0253
m,1.070940302,168.612,0.0252
m,1.072469221,173.57,0.025
m,1.084498603,167.353,0.0255
m,1.086354357,170.859,0.0254
m,1.088329582,170.77,0.0253
m,1.090171505,170.759,0.0251
m,1.091682834,172.762,0.0249
m,1.103221619,172.258,0.0243
m,1.104715043,169.188,0.0241
m,1.106412285,171.504,0.0241
m,1.108701876,172.924,0.024
m,1.110717943,172.777,0.0241
m,1.122408198,169.036,0.0239
m,1.123093163,171.229,0.0241
m,1.123828517,161.779,0.0241
m,1.124719864,172.341,0.0241
m,1.127271992,168.854,0.024
m,1.127271992,170.287,0.024
m,1.129422235,172.86,0.0238
m,1.131251243,171.075,0.0236
m,1.132897941,171.637,0.0239
m,1.134955598,172.238,0.024
m,1.13865836,172.313,0.024
m,1.140346243,170.964,0.024
m,1.141900577,172.162,0.0239
m,1.151334246,171.936,0.0215
m,1.155466908,171.909,0.0214
m,1.157460853,171.032,0.0211
m,1.159436692,171.794,0.021
m,1.161899947,171.836,0.0207
m,1.180561595,173.325,0.0195
m,1.191489594,171.499,0.0188
m,1.196776165,171.021,0.0183
m,1.201655125,173.429,0.0175
m,1.208092987,171.026,0.0174
m,1.240724433,173.015,0.0171
m,1.24590504,172.586,0.0179
m,1.254814629,172.509,0.0186
m,1.254808534,171.333,0.0193
m,1.279346999,172.537,0.0216
m,1.281731342,173.019,0.0219
m,1.283794535,172.807,0.0221
m,1.285535518,172.057,0.0222
m,1.287541373,171.732,0.0221
m,1.300522829,170.127,0.0223
m,1.303831514,170.737,0.0224
m,1.307621949,171.782,0.0226
m,1.311436913,173.5,0.023
m,1.318762387,171.9,0.0231
m,1.345640897,167.811,0.0231
m,1.345640399,173.187,0.0232
m,1.352972285,172.503,0.0232
m,1.356440416,170.529,0.0231
m,1.380574868,168.851,0.0229
m,1.383648664,165.972,0.0227
m,1.386784342,168.401,0.0224
m,1.390065626,171.795,0.0222
m,1.393870277,169.901,0.022
m,1.143585342,173.275,0.0232
m,1.145169151,173.067,0.0227
m,1.146797325,171.96,0.0224
m,1.149666374,173.087,0.0221
m,1.151332805,173.719,0.0217
m,1.164724332,172.19,0.0207
m,1.170930746,173.612,0.0203
m,1.175353773,174.077,0.0203
m,1.180558993,172.128,0.0198
m,1.216082889,172.951,0.0172
m,1.220282584,170.692,0.0169
m,1.225581436,171.645,0.0168
m,1.230768053,171.991,0.0167
m,1.235433188,171.433,0.0167
m,1.262473925,172.613,0.0197
m,1.265470155,172.867,0.0202
m,1.268508117,170.437,0.0207
m,1.271294982,172.562,0.0211
m,1.274091229,171.168,0.0215
m,1.289221401,172.38,0.0221
m,1.2910545,168.801,0.0221
m,1.293228305,172.028,0.0218
m,1.297910114,172.099,0.022
m,1.322499392,169.003,0.0231
m,1.326341701,173.583,0.0231
m,1.33032957,171.482,0.0233
m,1.334131317,173.862,0.0232
m,1.338079457,172.002,0.0231
m,1.359950086,171.326,0.0231
m,1.363501509,171.051,0.0232
m,1.370480277,172.387,0.0231
m,1.374033468,171.73,0.023
m,1.377251945,169.645,0.023
m,1.398301371,167.996,0.0219
m,1.407224626,167.742,0.0217
m,1.410796532,172.33,0.0218
m,1.413493972,171.574,0.0216
m,1.415710635,166.181,0.0214
m,1.417741676,165.055,0.0207
m,1.419957851,172.646,0.0206
m,1.425015943,173.613,0.0206
m,1.427567836,172.079,0.0204
m,1.43829832,170.178,0.0198
m,1.438627096,170.335,0.0197
m,1.43906547,166.348,0.0195
m,1.439221978,173.382,0.0193
m,1.440281767,166.323,0.019
m,1.440468749,163.548,0.0189
m,1.441060814,172.816,0.0188
m,1.441062359,169.345,0.0186
m,1.441837067,168.691,0.0186
m,1.443346675,167.552,0.0187
m,1.443941366,169.442,0.0188
m,1.444566687,167.132,0.0187
m,1.444567461,164.606,0.0186
m,1.445500289,171.547,0.0185
m,1.448490674,168.549,0.0181
m,1.44887881,171.833,0.018
m,1.449421894,170.495,0.0179
m,1.449917356,171.948,0.0177
m,1.453596066,173.161,0.0179
m,1.453919689,169.973,0.018
m,1.454316954,172.105,0.0181
m,1.454656465,165.134,0.0183
m,1.456910272,169.283,0.0189
m,1.457042672,160.643,0.019
m,1.45719521,165.683,0.0191
m,1.457286348,161.046,0.0191
m,1.457525076,162.066,0.0192
m,1.456155027,171.134,0.0191
m,1.455764,170.604,0.019
m,1.455374547,167.338,0.0191
m,1.455016376,171.376,0.0192
m,1.454594961,167.948,0.0191
m,1.427569173,170.473,0.0202
m,1.433232486,168.198,0.0201
m,1.435489282,173.288,0.0201
m,1.436964243,166.999,0.0199
m,1.437759373,168.785,0.0199
m,1.439531181,166.589,0.0193
m,1.439741795,171.265,0.0192
m,1.43998194,170.746,0.0191
m,1.440086472,171.497,0.0191
m,1.440105836,169.054,0.0191
m,1.442113599,171.851,0.0187
m,1.442490501,166.977,0.0187
m,1.442785112,167.558,0.0187
m,1.443088651,169.521,0.0187
m,1.445950958,170.422,0.0184
m,1.446265934,172.553,0.0184
m,1.446732318,167.606,0.0183
m,1.447553784,168.388,0.0182
m,1.447973552,171.18,0.0182
m,1.450626318,171.634,0.0177
m,1.451611816,173.779,0.0176
m,1.451611816,168.928,0.0176
m,1.452371592,166.779,0.0178
m,1.453010498,166.388,0.0179
m,1.455349453,170.178,0.0184
m,1.455710721,171.422,0.0185
m,1.455709177,169.851,0.0187
m,1.456394614,167.432,0.0188
m,1.456578446,166.999,0.0188
m,1.457354641,165.239,0.0191
m,1.457263098,162.997,0.0192
m,1.457180741,171.682,0.0193
m,1.456695788,161.313,0.0191
m,1.454106035,168.261,0.0192
m,1.453550531,169.286,0.0192
m,1.452523873,171.24,0.0192
m,1.451759954,171.237,0.0192
m,1.45135329,165.324,0.0191
m,1.451352554,165.429,0.0192
m,1.450478187,167.957,0.0192
m,1.449738373,164.753,0.0193
m,1.449163772,170.339,0.0194
m,1.445027304,167.809,0.0196
m,1.444552377,169.855,0.0195
m,1.444086508,164.34,0.0195
m,1.442964842,168.406,0.0197
m,1.442965548,166.749,0.0196
m,1.44092226,167.6,0.0195
m,1.440589857,171.576,0.0196
m,1.440271918,171.001,0.0195
m,1.44006666,173.227,0.0194
m,1.439785138,172.912,0.0193
m,1.43869983,172.642,0.0201
m,1.439588515,172.613,0.0201
m,1.440095862,171.955,0.0201
m,1.439388735,172.91,0.0201
m,1.432798743,171.84,0.0215
m,1.431056508,171.586,0.0218
m,1.429454968,172.445,0.0221
m,1.42779601,169.332,0.0226
m,1.425274557,173.27,0.0229
m,1.421453009,173.696,0.024
m,1.420637724,173.167,0.0245
m,1.420066506,172.4,0.0244
m,1.418431552,172.816,0.0242
m,1.417777984,172.709,0.0243
m,1.415158241,172.812,0.0229
m,1.414880497,170.913,0.0225
m,1.414522309,171.738,0.0222
m,1.413825467,172.208,0.022
m,1.413682252,172.288,0.0219
m,1.416267033,173.812,0.0206
m,1.416267689,173.015,0.0205
m,1.421223877,171.885,0.0205
m,1.424476689,171.078,0.0205
m,1.448541383,161.347,0.0195
m,1.447323189,163.583,0.0197
m,1.446808565,165.185,0.0198
m,1.44622418,168.564,0.0196
m,1.445512703,167.342,0.0196
m,1.442320225,167.642,0.0196
m,1.441855628,170.764,0.0196
m,1.441488061,171.491,0.0196
m,1.441265985,171.745,0.0195
m,1.439512803,163.526,0.0196
m,1.439384393,170.383,0.0198
m,1.438772689,169.301,0.0199
m,1.438772002,172.918,0.02
m,1.438378635,172.691,0.02
m,1.439265985,171.374,0.0204
m,1.438250722,172.31,0.0207
m,1.435982198,173.189,0.0208
m,1.435981572,171.107,0.0209
m,1.434201365,171.896,0.0212
m,1.424380279,171.554,0.0231
m,1.42362179,172.77,0.0233
m,1.422820104,173.172,0.0235
m,1.422130569,170.422,0.0237
m,1.41714106,170.49,0.0241
m,1.416851908,170.647,0.0241
m,1.416456577,172.483,0.024
m,1.415726591,173.071,0.0239
m,1.413328006,171.592,0.0216
m,1.413205776,172.925,0.0215
m,1.413316991,173.229,0.0214
m,1.413528984,172.258,0.0211
m,1.414084684,173.234,0.0209
m,1.427881903,170.694,0.0205
m,1.431429471,171.634,0.0205
m,1.435220091,173.755,0.0204
m,1.442693956,173.812,0.0203
m,1.446499197,171.788,0.0202
m,1.450183304,172.254,0.0203
m,1.450183965,171.435,0.0202
m,1.458152167,171.37,0.0201
m,1.462448531,172.803,0.02
m,1.466855682,171.435,0.0199
m,1.493332981,170.911,0.0195
m,1.493333676,171.997,0.0194
m,1.5022799,173.026,0.0193
m,1.50693157,171.676,0.0192
m,1.511231949,170.385,0.0192
m,1.540669704,170.495,0.0191
m,1.544628781,173.764,0.0191
m,1.548589141,172.919,0.0191
m,1.552674714,172.405,0.019
m,1.581043456,171.325,0.0187
m,1.585158986,170.65,0.0186
m,1.591964651,171.841,0.0186
m,1.598323936,173.454,0.0185
m,1.626518091,172.487,0.0182
m,1.630727084,172.459,0.0182
m,1.635164254,171.229,0.0182
m,1.639477881,172.341,0.0181
m,1.647960019,173.01,0.018
m,1.666928083,170.559,0.0175
m,1.670354204,169.966,0.0175
m,1.67400942,173.234,0.0175
m,1.680179962,173.486,0.0174
m,1.682570385,172.239,0.0174
m,1.694903964,169.739,0.0176
m,1.694902539,167.716,0.0178
m,1.69521696,167.505,0.0179
m,1.69498827,167.008,0.0179
m,1.693411894,171.93,0.0182
m,1.693469435,172.2,0.0181
m,1.693488448,171.008,0.0181
m,1.694021902,171.377,0.0181
m,1.693956316,171.948,0.018
m,1.471494756,173.397,0.0198
m,1.475918651,172.206,0.0197
m,1.484513939,172.959,0.0197
m,1.488685776,171.99,0.0196
m,1.515641452,173.292,0.0191
m,1.524142193,172.608,0.0191
m,1.528325358,169.738,0.0191
m,1.532509727,171.369,0.0191
m,1.536588287,172.204,0.0192
m,1.556514351,169.447,0.019
m,1.564673383,168.496,0.0189
m,1.56886939,172.934,0.0188
m,1.573066511,172.137,0.0187
m,1.577159081,171.214,0.0187
m,1.601660106,173.066,0.0185
m,1.605473951,172.461,0.0184
m,1.609267851,172.191,0.0183
m,1.613518275,171.39,0.0182
m,1.622308392,172.855,0.0183
m,1.652005198,171.653,0.0179
m,1.656050605,171.06,0.0178
m,1.656050605,171.793,0.0178
m,1.663501873,169.552,0.0176
m,1.684522147,171.693,0.0175
m,1.686141261,172.814,0.0175
m,1.688132334,172.515,0.0174
m,1.690121949,170.539,0.0175
m,1.694026692,168.814,0.0176
m,1.69488183,172.491,0.0181
m,1.694653148,170.384,0.0181
m,1.694128136,169.697,0.0181
m,1.69379384,173.127,0.0182
m,1.693497888,171.286,0.0182
m,1.693956316,170.639,0.018
m,1.693955624,172.003,0.0181
m,1.693794067,171.707,0.018
m,1.693012987,172.558,0.018
m,1.691529188,172.288,0.0178
m,1.686456677,172.237,0.0174
m,1.684027188,170.956,0.0175
m,1.681494392,172.964,0.0174
m,1.679416709,171.13,0.0176
m,1.65792596,170.799,0.0166
m,1.654711926,170.134,0.0164
m,1.651497422,172.255,0.0163
m,1.6485343,171.946,0.0159
m,1.627905187,170.105,0.0157
m,1.625189378,172.288,0.0157
m,1.622242892,169.759,0.016
m,1.618965317,172.232,0.0162
m,1.613243609,172.158,0.0161
m,1.597387033,172.912,0.0164
m,1.594822351,172.407,0.0162
m,1.591674554,169.752,0.0164
m,1.588053965,173.028,0.0163
m,1.581624895,173.12,0.0162
m,1.562262632,173.035,0.0161
m,1.555321762,172.257,0.0161
m,1.555321762,172.142,0.0161
m,1.548612798,171.885,0.0161
m,1.528103801,172.396,0.0161
m,1.522113599,173.948,0.016
m,1.52211451,173.017,0.0159
m,1.515299921,171.478,0.0159
m,1.511962828,171.541,0.0159
m,1.492871981,173.332,0.0161
m,1.489999623,173.484,0.0161
m,1.489999623,171.7,0.0161
m,1.483783791,172.011,0.0161
m,1.480562309,172.387,0.0161
m,1.458402473,171.8,0.0161
m,1.458402473,171.295,0.0161
m,1.451986329,170.952,0.0162
m,1.448664666,172.185,0.0162
m,1.676923066,167.536,0.0174
m,1.674323924,171.179,0.0174
m,1.667698826,168.645,0.0174
m,1.664398512,171.434,0.0172
m,1.664400807,172.97,0.0169
m,1.645367714,171.791,0.0151
m,1.64233528,171.238,0.0157
m,1.639266102,173.075,0.0158
m,1.632963025,172.049,0.0158
m,1.630372358,173.18,0.0157
m,1.609945562,170.186,0.0163
m,1.606398993,174.198,0.0165
m,1.60283303,172.975,0.0166
m,1.600058486,171.993,0.0164
m,1.578359374,170.696,0.0162
m,1.574866314,171.755,0.0162
m,1.571163123,172.513,0.0163
m,1.56816686,173.033,0.0162
m,1.565381848,173.023,0.0161
m,1.545144925,171.015,0.0161
m,1.541783872,172.805,0.0161
m,1.538300801,173.649,0.0161
m,1.534941752,172.284,0.0161
m,1.531582776,173.242,0.0162
m,1.508733656,172.146,0.0159
m,1.505274755,172,0.016
m,1.50204731,169.702,0.016
m,1.499172732,170.648,0.016
m,1.477463505,173.017,0.0161
m,1.474365509,172.486,0.0161
m,1.471025107,170.916,0.0161
m,1.467807346,171.854,0.0161
m,1.461374699,173.134,0.0161
m,1.445343766,173.183,0.0162
m,1.441792071,170.91,0.0163
m,1.437889468,170.978,0.0164
m,1.434232183,172.562,0.0162
m,1.430354708,172.437,0.0161
m,1.424083363,171.27,0.0159
m,1.424084346,169.964,0.0158
m,1.419160223,172.957,0.0158
m,1.417813934,172.769,0.0158
m,1.417096783,170.339,0.0158
m,1.418618941,171.076,0.0159
m,1.41861699,172.923,0.0161
m,1.419513232,170.712,0.0164
m,1.420064995,173.015,0.0167
m,1.420400614,171.496,0.0169
m,1.423041603,172.906,0.0176
m,1.423909679,172.358,0.0177
m,1.424487384,172.798,0.0177
m,1.42510372,171.152,0.0178
m,1.426542375,173.307,0.0176
m,1.438364852,173.089,0.0178
m,1.440158176,172.9,0.0178
m,1.441703932,172.925,0.0178
m,1.443787127,171.571,0.0182
m,1.444735272,170.835,0.0188
m,1.443348136,169.601,0.0189
m,1.442388985,169.735,0.0189
m,1.441122413,169.202,0.0187
m,1.441122413,167.558,0.0187
m,1.4406503,167.406,0.0193
m,1.441169514,168.92,0.0193
m,1.441399622,166.898,0.0195
m,1.441459918,171.991,0.0197
m,1.441615633,168.807,0.0198
m,1.443287297,169.15,0.0204
m,1.443723385,172.075,0.0202
m,1.443950444,167.953,0.0202
m,1.444402631,169.256,0.0202
m,1.446809345,169.022,0.0199
m,1.451044458,167.767,0.0197
m,1.451043763,172.285,0.0198
m,1.451547671,163.568,0.0198
m,1.452366881,172.185,0.0197
m,1.41698993,173.933,0.0155
m,1.417136205,172.774,0.0156
m,1.417561095,173.061,0.0158
m,1.417960314,172.133,0.0159
m,1.420745964,170.796,0.0173
m,1.421146201,170.435,0.0175
m,1.42127728,172.461,0.0178
m,1.422104013,172.356,0.0177
m,1.428318176,171.624,0.0176
m,1.431396878,173.462,0.0177
m,1.432727567,171.926,0.0178
m,1.434746028,173.137,0.0178
m,1.436550048,171.845,0.0178
m,1.443784741,172.053,0.0185
m,1.444582661,170.584,0.0186
m,1.445050909,172.752,0.0187
m,1.445063632,172.782,0.0187
m,1.444868351,168.012,0.0188
m,1.44065993,171.15,0.0186
m,1.440722462,172.339,0.0188
m,1.44097845,171.371,0.0189
m,1.440762294,172.693,0.0193
m,1.441728476,166.85,0.0203
m,1.442219007,169.678,0.0204
m,1.442628045,164.989,0.0205
m,1.442628696,168.409,0.0204
m,1.447509343,166.691,0.02
m,1.44813894,171.923,0.02
m,1.448698671,172.134,0.02
m,1.449249041,172.13,0.0198
m,1.450732613,169.656,0.0198
m,1.453124091,169.77,0.0197
m,1.453821578,171.047,0.0197
m,1.454257819,167.856,0.0199
m,1.454769608,166.572,0.02
m,1.455116786,167.196,0.0201
m,1.455404935,171.254,0.0201
m,1.455427569,161.277,0.0203
m,1.4556732,162.874,0.0203
m,1.455790904,165.52,0.0204
m,1.455572724,166.07,0.0204
m,1.453435285,169.204,0.0206
m,1.452732519,172.505,0.0207
m,1.452315159,171.998,0.0204
m,1.451167411,173.826,0.0204
m,1.450224891,171.737,0.0204
m,1.446074115,171.574,0.0204
m,1.445414463,165.333,0.0205
m,1.444846158,167.417,0.0205
m,1.444309276,173.468,0.0206
m,1.441293889,169.879,0.0207
m,1.440807122,166.479,0.0207
m,1.440039438,171.213,0.0208
m,1.440039438,168.058,0.0208
m,1.439376221,172.003,0.0208
m,1.437257439,171.78,0.0209
m,1.437062828,167.362,0.0209
m,1.436735354,173.678,0.0208
m,1.436612722,170.105,0.0207
m,1.436500204,171.428,0.0206
m,1.435266054,170.406,0.0203
m,1.435032407,172.344,0.0203
m,1.434795249,171.771,0.0203
m,1.43479879,172.5,0.0202
m,1.450463224,173.316,0.0194
m,1.454035955,169.196,0.0194
m,1.461269408,169.454,0.0192
m,1.465032141,166.241,0.0191
m,1.468692369,172.587,0.019
m,1.491297845,172.051,0.0185
m,1.491298608,166.347,0.0184
m,1.499013865,172.847,0.0183
m,1.503111831,169.263,0.0183
m,1.507691921,171.933,0.0182
m,1.455504657,172.635,0.0204
m,1.454910319,171.722,0.0205
m,1.454524371,168.573,0.0205
m,1.454008103,171.632,0.0206
m,1.450224891,168.914,0.0204
m,1.448933396,173.762,0.0204
m,1.448444534,170.728,0.0204
m,1.447825332,171.272,0.0204
m,1.447013021,172.93,0.0204
m,1.443939768,171.369,0.0206
m,1.443524984,171.648,0.0206
m,1.442981361,172.283,0.0207
m,1.442452445,171.102,0.0207
m,1.441938244,173.168,0.0206
m,1.439169087,169.406,0.0208
m,1.438722668,171.798,0.0208
m,1.438392523,167.048,0.0208
m,1.437463124,171.637,0.0209
m,1.436252935,164.03,0.0205
m,1.435786852,167.388,0.0205
m,1.435787506,173.03,0.0204
m,1.435651671,167.641,0.0204
m,1.435599608,171.72,0.0203
m,1.436247838,170.993,0.0201
m,1.437939702,173.088,0.02
m,1.43794039,169.523,0.0199
m,1.443428527,170.199,0.0198
m,1.446974804,167.615,0.0197
m,1.472352734,167.255,0.0189
m,1.476157651,170.905,0.019
m,1.47996565,169.494,0.0187
m,1.48372872,170.195,0.0186
m,1.51270881,169.467,0.0182
m,1.517724999,167.917,0.0183
m,1.527423558,167.922,0.0183
m,1.531959334,169.196,0.0183
m,1.536539889,167.003,0.0182
m,1.541018094,164.324,0.0182
m,1.545452404,168.271,0.0182
m,1.549595336,172.139,0.0182
m,1.557983151,167.858,0.0182
m,1.582379848,172.305,0.0177
m,1.58666813,171.489,0.0179
m,1.590766265,172.294,0.0181
m,1.594865958,172.88,0.0181
m,1.598920282,170.111,0.0182
m,1.631477031,169.831,0.0178
m,1.63644115,170.141,0.0177
m,1.641405533,164.157,0.0176
m,1.646469787,168.321,0.0176
m,1.651433884,172.929,0.0176
m,1.68196632,170.217,0.0179
m,1.686404109,170.592,0.0179
m,1.690549696,170.956,0.0181
m,1.69446,171.263,0.0181
m,1.725413829,168.205,0.0182
m,1.728640272,167.763,0.0182
m,1.733433982,169.209,0.018
m,1.739653689,173.066,0.018
m,1.744770602,173.464,0.0184
m,1.77184913,173.637,0.0195
m,1.775743584,171.9,0.0197
m,1.779502296,171.978,0.0196
m,1.783215167,171.98,0.0195
m,1.790397116,172.003,0.0193
m,1.813835298,171.202,0.0191
m,1.818513098,166.429,0.0193
m,1.827922733,170.479,0.0194
m,1.832746416,169.77,0.0196
m,1.867174028,169.011,0.0192
m,1.867176326,173.658,0.0188
m,1.875337805,167.742,0.0186
m,1.879925912,168.257,0.0183
m,1.884705193,169.516,0.0182
m,1.557983151,164.791,0.0182
m,1.565889859,171.937,0.0182
m,1.569844091,172.456,0.0181
m,1.573943351,169.123,0.0181
m,1.578090193,172.187,0.0177
m,1.607220798,170.776,0.0182
m,1.611802345,166.332,0.0182
m,1.616531798,171.798,0.0179
m,1.621449617,172.441,0.0179
m,1.656014373,168.049,0.0179
m,1.660451617,170.857,0.0179
m,1.664934372,172.434,0.0179
m,1.66918162,171.316,0.0178
m,1.677574143,170.028,0.0179
m,1.698661219,172.5,0.0181
m,1.70730053,173.017,0.0181
m,1.711210901,168.772,0.0181
m,1.711210901,170.794,0.0181
m,1.719843106,168.898,0.018
m,1.749980524,172.677,0.0185
m,1.759190697,171.209,0.0188
m,1.759189462,173.089,0.019
m,1.767856598,170.94,0.0192
m,1.7939178,169.112,0.0194
m,1.797822009,169.684,0.0195
m,1.797822582,172.145,0.0194
m,1.805731148,172.723,0.0195
m,1.809491997,171.624,0.0194
m,1.837477008,171.314,0.0197
m,1.842062471,172.28,0.0198
m,1.846456912,172.596,0.0197
m,1.850852482,171.778,0.0194
m,1.85915839,172.504,0.0193
m,1.884704584,168.452,0.0183
m,1.894987288,172.359,0.0184
m,1.900154336,172.754,0.0184
m,1.905176285,172.447,0.0184
m,1.910099867,169.193,0.0185
m,1.919320752,168.403,0.0185
m,1.923761946,165.762,0.0186
m,1.928156905,173.932,0.0185
m,1.932502374,167.089,0.0183
m,1.96538757,169.174,0.0183
m,1.969731371,169.783,0.0185
m,1.974075919,170.63,0.0186
m,1.978373397,169.564,0.0186
m,2.006573232,168.812,0.0188
m,2.010435387,172.533,0.019
m,2.014250632,168.756,0.019
m,2.021977011,168.323,0.0192
m,2.041145654,166.896,0.0207
m,2.041773501,168.332,0.0209
s,2.041773934,168.159,0.0208
s,2.042065335,166.294,0.0207
s,2.042258989,165.64,0.0208
s,2.043324213,166.674,0.0209
s,2.043613802,167.596,0.021
s,2.043758808,167.179,0.021
s,2.043759235,167.739,0.0209
s,2.043856033,167.186,0.021
s,2.043757969,168.883,0.0212
s,2.043660765,167.384,0.0212
s,2.043418586,168.74,0.0212
s,2.043418586,168.256,0.0212
s,2.043852768,168.089,0.0214
s,2.04409496,166.963,0.0214
s,2.044094558,167.656,0.0215
s,2.044239565,168.303,0.0215
s,2.044239565,166.424,0.0215
s,2.044239565,167.128,0.0215
s,2.043997364,166.828,0.0215
s,2.043852366,166.418,0.0215
s,2.043707363,168.353,0.0215
s,2.043852366,167.614,0.0215
m,1.936654228,168.173,0.0183
m,1.941050506,167.447,0.018
m,1.95322098,170.348,0.018
m,1.953220383,165.783,0.0181
m,1.961428692,166.332,0.0182
m,1.982622579,171.31,0.0187
m,1.99092788,169.103,0.0187
m,1.994887769,170.538,0.0187
m,1.994887221,172.385,0.0188
m,2.002758663,169.202,0.0187
m,2.02588812,172.987,0.0194
m,2.029750622,167.51,0.0197
m,2.033565528,169.514,0.0199
m,2.037236025,170.244,0.02
m,2.039793938,167.301,0.0205
s,2.042500629,168.608,0.0209
s,2.042742728,170.132,0.0209
s,2.042792455,167.891,0.0208
s,2.0428892,167.737,0.0209
s,2.043856033,167.848,0.021
s,2.043856033,166.628,0.021
s,2.043711023,166.879,0.021
s,2.043855612,169.554,0.0211
s,2.043758386,167.794,0.0211
s,2.043418174,168.402,0.0213
s,2.043418174,167.585,0.0213
s,2.043562764,170.134,0.0214
s,2.043707765,170.384,0.0214
s,2.043852768,169.651,0.0214
s,2.044191774,167.135,0.0215
s,2.044191774,166.568,0.0215
s,2.044239565,165.933,0.0215
s,2.044239565,168.498,0.0215
s,2.043852366,167.605,0.0215
s,2.043949552,168.945,0.0215
s,2.044046764,168.063,0.0215
s,2.044191774,166.367,0.0215
s,2.044191774,167.251,0.0215
s,2.044289014,168.146,0.0215
s,2.044434027,167.697,0.0215
s,2.044579043,165.462,0.0215
s,2.044579043,168.917,0.0215
s,2.044576983,169.496,0.0216
s,2.044771426,169.252,0.0216
s,2.044626413,169.395,0.0216
s,2.044868678,169.139,0.0216
s,2.045013696,168.85,0.0216
s,2.044916421,167.035,0.0212
s,2.044819665,168.95,0.0211
s,2.044915786,167.34,0.021
s,2.044915786,169.145,0.021
s,2.04472201,168.198,0.0209
s,2.045159333,169.565,0.0201
s,2.044869384,167.181,0.0201
s,2.044869854,167.958,0.02
s,2.045111234,168.56,0.0199
s,2.045985546,167.751,0.019
s,2.04598607,168.802,0.0189
s,2.045841628,169.19,0.0188
s,2.045938117,168.991,0.0187
s,2.04608362,169.047,0.0186
s,2.046471633,169.199,0.0184
s,2.046616604,167.635,0.0184
s,2.046762126,168.355,0.0183
s,2.046762684,168.943,0.0182
s,2.046907658,167.497,0.0182
s,2.047487673,168.941,0.0184
s,2.047487673,167.788,0.0184
s,2.047584783,167.788,0.0184
s,2.04776873,168.622,0
s,2.048694365,166.996,0.0186
s,2.048501499,166.622,0.0186
s,2.048308113,167.942,0.0187
s,2.048308113,167.819,0.0187
s,2.048308113,166.34,0.0187
s,2.044578646,168.552,0.0216
s,2.044578646,167.205,0.0216
s,2.04433639,167.917,0.0216
s,2.04433639,167.808,0.0216
s,2.04433639,166.777,0.0216
s,2.045159112,166.9,0.0215
s,2.045062252,168.796,0.0214
s,2.04511002,168.648,0.0214
s,2.045013208,168.326,0.0213
s,2.044915335,166.775,0.0208
s,2.044915771,167.704,0.0207
s,2.044916658,167.393,0.0205
s,2.044965491,166.672,0.0203
s,2.045110472,167.899,0.0203
s,2.045113184,167.55,0.0195
s,2.045403618,168.798,0.0194
s,2.045404122,168.608,0.0193
s,2.045694569,167.395,0.0192
s,2.045647126,168.121,0.0191
s,2.045938655,167.967,0.0186
s,2.045938655,165.171,0.0186
s,2.046133185,168.121,0.0185
s,2.046278157,167.1,0.0185
s,2.04700413,165.782,0.0183
s,2.047149107,167.592,0.0183
s,2.047246162,167.588,0.0183
s,2.047391144,168.417,0.0183
s,2.047487673,166.374,0.0184
s,2.047729771,169.671,0.0184
s,2.048550465,169.52,0.0184
s,2.049081207,166.332,0.0184
s,2.048840443,169.462,0.0184
s,2.048694365,164.839,0.0186
s,2.048260263,166.634,0.0187
s,2.048404728,168.602,0.0188
s,2.048404728,164.783,0.0188
s,2.04825973,166.545,0.0188
s,2.04825973,169.219,0.0188
s,2.04825973,168.826,0.0188
s,2.04825973,167.159,0.0188
s,2.048211896,167.773,0.0188
s,2.048211896,168.284,0.0188
s,2.048164198,167.266,0.0185
s,2.048309194,167.045,0.0185
s,2.048309742,166.646,0.0184
s,2.048309742,168.573,0.0184
s,2.048598909,168.908,0.0183
s,2.048647373,167.094,0.0182
s,2.048502392,169.019,0.0182
s,2.048502392,167.829,0.0182
s,2.048695295,167.2,0.0182
s,2.048743794,166.692,0.0181
s,2.048743794,167.046,0.0181
s,2.048743794,171.181,0.0181
s,2.048744361,166.939,0.018
s,2.048889335,168.159,0.018
s,2.04898698,168.677,0.0177
s,2.048987566,166.909,0.0176
s,2.048988158,169.909,0.0175
s,2.049036142,168.461,0.0175
s,2.049085334,168.913,0.0173
s,2.049085334,168.724,0.0173
s,2.049230294,169.803,0.0173
m,2.049278304,168.516,0.0173
m,2.049423868,165.999,0.0172
m,2.055222402,172.141,0.0166
m,2.055222402,168.673,0.0166
m,2.062126617,169.902,0.0168
m,2.065700492,169.208,0.0168
m,2.069225614,170.012,0.0169
m,2.092552749,171.748,0.0172
m,2.099990033,168.802,0.0174
m,2.103805979,171.297,0.0174
m,2.107766247,172.048,0.0175
s,2.048019077,169.069,0.0188
s,2.047874607,167.349,0.0187
s,2.047922429,168.131,0.0187
s,2.047922967,167.512,0.0186
s,2.048115806,166.653,0.0186
s,2.048358154,166.387,0.0183
s,2.048358154,168.068,0.0183
s,2.048358154,169.149,0.0183
s,2.048503143,166.886,0.0183
s,2.048551018,165.92,0.0183
s,2.048840835,167.881,0.0181
s,2.048840835,167.717,0.0181
s,2.048792916,168.669,0.0181
s,2.048695857,167.266,0.0181
s,2.048889335,166.886,0.018
s,2.048792886,167.011,0.0179
s,2.048792886,167.566,0.0179
s,2.048792886,168.025,0.0179
s,2.048939018,167.104,0.0177
s,2.049036739,168.91,0.0174
s,2.049182303,168.259,0.0173
s,2.049520219,168.27,0.0173
s,2.049230294,168.127,0.0173
s,2.049085334,168.456,0.0173
m,2.049279521,171.73,0.0171
m,2.049618072,171.537,0.017
m,2.04990923,170.755,0.0168
m,2.050682666,172.459,0.0167
m,2.072847403,169.147,0.017
m,2.076566484,171.603,0.017
m,2.080574847,172.823,0.0171
m,2.088785932,172.887,0.0171
m,2.092552749,172.265,0.0172
m,2.111677444,172.257,0.0177
m,2.119259902,170.376,0.0179
m,2.12293064,171.009,0.018
m,2.126697652,169.097,0.0181
m,2.130610589,173.225,0.018
m,2.130610589,170.177,0.018
m,2.138097101,170.274,0.018
m,2.141817142,171.735,0.0178
m,2.145297886,170.053,0.0173
m,2.148728333,168.114,0.0171
m,2.170178115,168.625,0.0169
m,2.174094791,166.092,0.0162
m,2.178058556,163.597,0.0158
m,2.186417414,167.686,0.0155
m,2.186418715,166.391,0.0153
m,2.209997638,171.717,0.015
m,2.213961209,170.646,0.0147
m,2.218020545,170.404,0.0144
m,2.226090575,169.843,0.0141
m,2.226092686,171.391,0.0138
m,2.255611235,171.952,0.0133
m,2.264304621,170.13,0.0137
m,2.268409057,167.307,0.014
m,2.268407014,172.699,0.0143
m,2.301388326,167.464,0.0154
m,2.304425363,170.289,0.0157
m,2.308455513,164.863,0.0157
m,2.308457337,166.083,0.0154
m,2.317749599,163.342,0.0153
m,2.343876719,166.347,0.0157
m,2.34870622,163.754,0.0158
m,2.352957901,165.396,0.0158
m,2.352956739,170.237,0.016
m,2.361897779,168.38,0.0161
m,2.392189502,168.421,0.0178
m,2.396201191,173.102,0.018
m,2.400741747,168.971,0.0181
m,2.405426859,171.922,0.0182
m,2.436606692,169.865,0.0185
m,2.440179314,173.972,0.0188
m,2.443752403,171.825,0.019
m,2.447180592,172.081,0.0193
m,2.450462344,172.274,0.0201
m,2.155684236,168.124,0.0171
m,2.159017991,168.027,0.017
m,2.162639895,161.909,0.0174
m,2.166216118,165.482,0.0173
m,2.194342729,171.393,0.0151
m,2.198113777,173.004,0.0149
m,2.202028455,172.396,0.0149
m,2.206229829,169.955,0.015
m,2.233728008,173.056,0.0136
m,2.238075469,171.801,0.0135
m,2.242422211,172.173,0.0135
m,2.246964221,173.177,0.0133
m,2.251216091,173.79,0.0132
m,2.276812712,169.964,0.0145
m,2.281546001,171.667,0.0147
m,2.286230068,169.756,0.0149
m,2.290335434,169.683,0.0151
m,2.294535612,166.409,0.0154
m,2.32234012,165.896,0.0153
m,2.326637124,167.022,0.0153
m,2.331032796,165.556,0.0154
m,2.335089638,165.082,0.0155
m,2.367021031,171.448,0.0162
m,2.372776693,172.31,0.0164
m,2.37688236,170.835,0.0167
m,2.380596721,166.57,0.0175
m,2.384220043,172.099,0.0176
m,2.409728703,168.717,0.0182
m,2.414030128,174.01,0.0183
m,2.418527022,172.604,0.0182
m,2.428386785,171.768,0.0183
m,2.43327258,170.349,0.0183
m,2.453652143,172.196,0.0203
m,2.457708963,173.436,0.0205
m,2.465629134,170.136,0.0206
m,2.46934725,171.886,0.0207
m,2.473165922,171.502,0.0207
m,2.476739894,171.932,0.0207
m,2.476740253,172.584,0.0206
m,2.484232479,172.038,0.0208
m,2.488001081,171.474,0.0208
m,2.514098924,172.285,0.0191
m,2.514098924,170.817,0.0191
m,2.521253425,173.483,0.019
m,2.52420095,173.078,0.0186
m,2.556867621,172.391,0.0162
m,2.560830985,168.383,0.0162
m,2.564794891,171.715,0.0161
m,2.569186863,169.319,0.0158
m,2.573100495,172.396,0.0157
m,2.592339249,170.707,0.0158
m,2.595914203,171.578,0.0156
m,2.599827867,172.483,0.0155
m,2.603646918,172.248,0.0155
m,2.607221345,172.339,0.0154
m,2.620762283,172.588,0.0146
m,2.623274765,171.972,0.0146
m,2.626026228,172.09,0.0145
m,2.629066565,173.107,0.0144
m,2.646505552,173.951,0.0139
m,2.649501712,171.261,0.0139
m,2.652497877,172.428,0.0139
m,2.658541244,171.777,0.0138
m,2.661783356,171.314,0.0137
m,2.677064246,172.568,0.0143
m,2.681799986,172.092,0.0144
m,2.681798872,172.398,0.0146
m,2.686592789,172.116,0.0147
m,2.687414333,171.087,0.015
m,2.685900692,173.471,0.0158
m,2.685900186,172.027,0.0159
m,2.685459142,169.43,0.016
m,2.685358013,172.694,0.016
m,2.491777927,171.321,0.0202
m,2.495547693,171.912,0.0199
m,2.503274264,172.695,0.0197
m,2.506994289,172.575,0.0193
m,2.510618838,173.116,0.0192
m,2.527825997,170.435,0.0184
m,2.530968774,168.968,0.0179
m,2.534449424,170.382,0.0177
m,2.54889341,172.966,0.0169
m,2.548895929,171.662,0.0164
m,2.576919943,171.784,0.0156
m,2.58025469,169.426,0.0157
m,2.583445009,168.773,0.0158
m,2.586203618,170.987,0.0156
m,2.609928081,173.12,0.0155
m,2.611717859,171.711,0.0156
m,2.614959284,169.735,0.0156
m,2.614963088,173.628,0.0149
m,2.618732935,171.994,0.0147
m,2.634915048,172.374,0.0143
m,2.637427528,172.769,0.0143
m,2.639312465,173.637,0.0142
m,2.639312465,171.576,0.0142
m,2.643754045,171.218,0.014
m,2.664880541,172.373,0.0137
m,2.668265438,171.162,0.0139
m,2.668264281,172.988,0.0141
m,2.674357321,170.404,0.0142
m,2.687853516,172.54,0.0153
m,2.687852993,171.372,0.0154
m,2.687926816,173.829,0
m,2.687267845,172.646,0.0154
m,2.686486715,171.988,0.0156
m,2.685255942,172.04,0.0162
m,2.684959509,172.7,0.0163
m,2.685096911,172.345,0.0163
m,2.685147373,171.224,0.0163
m,2.685147373,171.687,0.0163
m,2.685147373,170.284,0.0163
m,2.684916615,173.093,0.0162
m,2.684541233,172.34,0.0162
m,2.683726008,173.363,0.0161
m,2.687851443,171.997,0.0157
m,2.688037293,172.894,0.016
m,2.687654868,172.197,0.016
m,2.686457063,173.735,0.016
m,2.685403797,172.127,0.016
m,2.681347208,170.881,0.0158
m,2.663309094,173.422,0.0146
m,2.660120025,172.134,0.0142
m,2.653636844,172.391,0.0141
m,2.651703048,172.836,0.0139
m,2.632749024,173.246,0.0131
m,2.63004109,171.431,0.0132
m,2.627672433,172.321,0.0133
m,2.625109573,172.649,0.0133
m,2.622256641,173.058,0.0135
m,2.60533658,172.205,0.0143
m,2.60277267,173.102,0.0145
m,2.600065483,172.162,0.0145
m,2.597263002,172.56,0.0147
m,2.59453671,169.828,0
m,2.568607441,169.871,0.0161
m,2.565033004,169.835,0.0162
m,2.561892469,172.658,0.0162
m,2.558556705,173.093,0.0163
m,2.537161437,169.148,0.0167
m,2.533538269,172.617,0.0165
m,2.528843794,172.645,0.017
m,2.525411913,170.693,0.0175
m,2.518502299,171.687,0.0176
m,2.494088972,171.242,0.0176
m,2.494087093,172.418,0.018
m,2.484998288,172.466,0.0182
m,2.481179309,173.953,0.0183
m,2.477409031,172.887,0.0187
m,2.687656384,172.438,0.0157
m,2.688038809,172.104,0.0157
m,2.688421263,170.291,0.0157
m,2.688420249,170.842,0.0159
m,2.68134875,169.553,0.0155
m,2.675884149,171.521,0.0152
m,2.672837566,169.853,0.0151
m,2.66959542,171.563,0.0151
m,2.666694384,170.575,0.0148
m,2.651703048,169.77,0.0139
m,2.646672593,171.477,0.0136
m,2.644062142,171.494,0.0131
m,2.641159886,172.11,0.0131
m,2.638452532,172.544,0.0131
m,2.619259294,172.312,0.0137
m,2.6164076,171.382,0.0137
m,2.610703045,170.917,0.0139
m,2.61070186,172.549,0.0141
m,2.591410857,170.249,0.0155
m,2.584305885,171.499,0.0157
m,2.584304827,170.625,0.0159
m,2.580391206,171.188,0.016
m,2.572181356,169.999,0.0161
m,2.555659199,171.806,0
m,2.552669924,172.207,0.0166
m,2.549384924,171.342,0.0166
m,2.546050143,171.834,0.0165
m,2.540253228,171.755,0.0164
m,2.511882594,172.61,0.0175
m,2.511882594,172.11,0.0175
m,2.508207807,172.25,0.0176
m,2.49940802,170.839,0.0177
m,2.473640533,172.617,0.0187
m,2.466053142,171.804,0.0188
m,2.462912309,171.757,0.0189
m,2.459288368,171.849,0.0189
m,2.454891818,171.385,0.0189
m,2.450301251,170.595,0.0188
m,2.445759746,173.641,0.0189
m,2.436293906,172.516,0.0189
m,2.431463322,170.639,0.019
m,2.40187752,173.233,0.0195
m,2.397771579,172.503,0.0192
m,2.393520222,171.747,0.0191
m,2.389896936,173.463,0.019
m,2.385839883,172.11,0.0189
m,2.362937121,170.227,0.0188
m,2.354057869,169.295,0
m,2.350127272,172.4,0.0191
m,2.346842032,163.085,0.0192
m,2.343701871,167.028,0.0192
m,2.31408398,169.346,0.0196
m,2.309252583,167.017,0.0199
m,2.304710537,166.85,0.0202
m,2.296785431,165.418,0.0204
m,2.27143873,169.729,0.0215
m,2.264190501,171.642,0.0218
m,2.264190501,171.347,0.0218
m,2.257475915,172.605,0.0219
m,2.254385252,170.367,0.0219
m,2.23341732,169.21,0.0217
m,2.230422552,171.848,0.0215
m,2.227138141,169.66,0.0214
m,2.223853365,171.846,0.0214
m,2.220230623,172.301,0.0212
m,2.194575885,172.599,0.0207
m,2.191534836,172.499,0.0206
m,2.18810543,168.537,0.0206
m,2.184821117,170.906,0.0205
m,2.161150006,171.95,0.02
m,2.157477989,170.953,0.0199
m,2.153661318,169.996,0.0198
m,2.145543932,168.756,0.0198
m,2.140323838,169.004,0.0198
m,2.431463322,172.171,0.019
m,2.422425505,171.325,0.0191
m,2.416767438,171.433,0.0192
m,2.412515536,171.245,0.0192
m,2.408213418,172.816,0.0193
m,2.378109467,172.855,0.0188
m,2.374197034,172.109,0.0187
m,2.370379573,172.505,0.0186
m,2.36675499,168.632,0.0188
m,2.338916993,168.095,0.0193
m,2.334616445,167.786,0.0192
m,2.326790406,170.647,0.0193
m,2.326790406,170.796,0.0193
m,2.318964377,170.434,0.0194
m,2.29267747,165.409,0.0207
m,2.287699416,167.845,0.0207
m,2.283895702,168.785,0.0207
m,2.279650986,168.735,0.0209
m,2.275303505,172.465,0.0211
m,2.251100444,170.038,0.0219
m,2.247766482,172.833,0.0218
m,2.241002771,171.161,0.0218
m,2.237040488,172.055,0.0218
m,2.211724606,173.081,0.0211
m,2.211725385,170.856,0.0209
m,2.204719022,170.433,0.0208
m,2.200757008,170.539,0.0208
m,2.198005292,170.737,0.0207
m,2.178202812,167.424,0.0204
m,2.178203238,170.587,0.0203
m,2.171489122,172.097,0.0203
m,2.168300712,172.208,0.0201
m,2.164628162,172.037,0.0201
m,2.140323838,171.175,0.0198
m,2.131240486,172.761,0.0198
m,2.127134679,171.06,0.0197
m,2.123367823,172.238,0.0195
m,2.118488863,170.363,0.0195
m,2.113849626,170.193,0.0197
m,2.105832382,171.186,0.0194
m,2.101048518,171.691,0.0196
m,2.097909243,173.052,0.0195
m,2.078399801,171.069,0.0184
m,2.075260646,169.235,0.0183
m,2.071784863,168.896,0.0179
m,2.067824321,171.996,0.0178
m,2.034018502,172.288,0.0167
m,2.030059644,170.376,0.0164
m,2.02595337,171.545,0.0165
m,2.017501175,171.935,0.0164
m,2.0135896,167.374,0.0163
m,1.992821016,172.26,0.0163
m,1.987361541,171.129,0.0166
m,1.983593673,172.912,0.0167
m,1.975190869,169.848,0.0166
m,1.971859191,169.46,0.0165
m,1.951763618,168.104,0.0173
m,1.945050317,164.928,0.0173
m,1.941621825,167.556,0.0172
m,1.938289708,167.602,0.0172
m,1.915020092,171.487,0.0165
m,1.907827544,170.429,0.0163
m,1.904736942,169.473,0.0162
m,1.901551754,171.448,0.016
m,1.898268489,170.753,0.0159
m,1.879971386,171.354,0.0154
m,1.871958862,170.381,0.0153
m,1.86800136,172.069,0.0151
m,1.864380715,171.709,0.015
m,1.860759296,172.06,0.015
m,1.836385248,172.401,0.0142
m,1.82880718,172.702,0.014
m,1.820213642,171.3,0.0142
m,1.816929983,172.049,0.0142
m,2.094915261,171.625,0.0193
m,2.091970091,170.161,0.0191
m,2.086270811,171.342,0.0189
m,2.083614758,172.304,0.0188
m,2.083615281,173.183,0.0187
m,2.059324668,170.81,0.0175
m,2.054398048,171.054,0.0174
m,2.049906617,172.752,0.0172
m,2.041889773,170.314,0.017
m,2.037930177,170.746,0.0168
m,2.008952089,171.586,0.0164
m,2.005330316,170.686,0.0163
m,2.005328991,169.515,0.0165
m,1.996587608,172.502,0.0164
m,1.967221777,172.309,0.0167
m,1.964227474,168.811,0.0167
m,1.961232525,168.564,0.0168
m,1.959831224,171.698,0.0169
m,1.954709876,168.556,0.0173
m,1.934715615,172.226,0.0172
m,1.931046968,173.272,0.017
m,1.927232098,171.434,0.017
m,1.923371443,171.691,0.0167
m,1.919026795,169.072,0.0166
m,1.894840936,166.473,0.0157
m,1.887405703,167.401,0.0156
m,1.883447919,167.486,0.0154
m,1.879972921,170.963,0.0152
m,1.854145879,171.694,0.0148
m,1.850862066,172.024,0.0148
m,1.847531749,170.125,0.0147
m,1.844009098,172.971,0.0146
m,1.839860482,172.322,0.0143
m,1.810652931,170.423,0.0147
m,1.804714482,172.597,0.0151
m,1.800463529,172.624,0.0154
m,1.789460697,172.3,0.0154
m,1.785067109,170.964,0.0154
m,1.780772062,171.742,0.0154
m,1.776187436,171.742,0.0153
m,1.770444612,169.172,0.0154
m,1.769473693,166.788,0.0155
m,1.76565884,165.086,0.0158
m,1.735730152,169.807,0.0175
m,1.730185444,171.864,0.0178
m,1.725124294,172.427,0.018
m,1.720207133,171.462,0.0185
m,1.710631524,171.87,0.019
m,1.683380511,171.765,0.0202
m,1.678989856,173.424,0.0199
m,1.674791017,168.158,0.0195
m,1.670353662,171.804,0.0194
m,1.643707115,172.064,0.0184
m,1.63994523,169.152,0.018
m,1.632998565,171.342,0.0179
m,1.629043746,168.31,0.0178
m,1.625569445,171.713,0.0179
m,1.604445692,169.257,0.0182
m,1.600682139,173.327,0.0181
m,1.592433256,171.243,0.0185
m,1.589006005,169.203,0.0184
m,1.584521699,171.859,0.0188
m,1.558519025,163.814,0.0191
m,1.55504719,169.221,0.019
m,1.550755711,165.172,0.0192
m,1.547473621,171.757,0.0192
m,1.523925464,172.312,0.018
m,1.521273904,172.474,0.0176
m,1.518475139,171.041,0.0174
m,1.51847596,170.479,0.0173
m,1.5168864,172.624,0.0172
m,1.502385529,169.532,0.017
m,1.49500486,172.958,0.017
m,1.491534061,171.355,0.0169
m,1.48791671,170.937,0.0169
m,1.48430028,172.009,0.0168
m,1.761068909,166.222,0.0164
m,1.757828365,169.53,0.0169
m,1.746635614,167.26,0.0169
m,1.741229122,165.816,0.0172
m,1.706845874,168.386,0.0197
m,1.70684413,170.211,0.02
m,1.697567253,171.414,0.0203
m,1.69235437,170.49,0.0206
m,1.68791726,173.051,0.0204
m,1.662534365,165.781,0.0192
m,1.662535005,165.145,0.0191
m,1.654715822,173.128,0.0189
m,1.650180159,172.711,0.0186
m,1.647280823,171.805,0.0184
m,1.625570921,173.075,0.0177
m,1.616648133,172.356,0.0181
m,1.611637322,170.536,0.0183
m,1.608064452,170.429,0.0182
m,1.579892766,166.931,0.0191
m,1.576756777,169.367,0.019
m,1.573138415,168.485,0.019
m,1.566048131,170.226,0.0189
m,1.566048131,168.104,0.0189
m,1.540530329,171.693,0.019
m,1.537059489,167.361,0.0188
m,1.533778947,173.053,0.0186
m,1.529870452,171.414,0.0185
m,1.526825463,167.854,0.0182
m,1.515587414,169.12,0.0172
m,1.513370672,168.882,0.0171
m,1.510146519,166.676,0.017
m,1.50634142,167.21,0.0167
m,1.480828785,172.453,0.0168
m,1.477065812,167.097,0.0168
m,1.473784251,165.586,0.0168
m,1.465729612,169.171,0.0172
m,1.462594791,172.966,0.0171
m,1.459314213,164.932,0.017
m,1.45569726,165.389,0.017
m,1.45270926,168.003,0.0168
m,1.449092397,166.627,0.0168
m,1.420557145,171.653,0.0164
m,1.416271242,170.298,0.0163
m,1.41039343,171.103,0.0165
m,1.402200091,172.233,0.0164
m,1.397579767,170.985,0.0163
m,1.376011762,170.287,0.0157
m,1.371625637,172.485,0.0155
m,1.361985842,168.917,0.016
m,1.357993345,170.86,0.016
m,1.35433682,172.063,0.0159
m,1.32897206,166.425,0.0154
m,1.32569162,169.801,0.0154
m,1.322039481,167.569,0.0152
m,1.319265461,170.925,0.0152
m,1.292937062,172.324,0.0161
m,1.289838788,172.131,0.0158
m,1.284948176,172.578,0.0158
m,1.281620409,173.686,0.0152
m,1.278148082,172.067,0.0153
m,1.246396507,172.833,0.0147
m,1.239920291,172.032,0.0147
m,1.233814521,172.279,0.0147
m,1.227838538,172.362,0.0146
m,1.222615293,172.782,0.0146
m,1.195192528,171.26,0.0167
m,1.190616073,171.81,0.0171
m,1.182544065,171.662,0.0175
m,1.182538932,172.685,0.018
m,1.160402523,172.432,0.0212
m,1.158395297,171.358,0.022
m,1.15636686,171.363,0.0228
m,1.154024463,173.249,0.023
m,1.444996138,168.779,0.0166
m,1.437427303,171.262,0.0166
m,1.437428228,173.152,0.0165
m,1.429233571,171.62,0.0164
m,1.424653769,166.017,0.0165
m,1.393630809,171.244,0.0161
m,1.393631799,172.317,0.016
m,1.385061341,169.323,0.0159
m,1.380776902,171.67,0.0158
m,1.350430891,171.26,0.0158
m,1.34690121,172.357,0.0158
m,1.34343353,171.623,0.0157
m,1.335993241,168.831,0.0156
m,1.332837668,172.074,0.0155
m,1.316177826,171.57,0.0158
m,1.305830438,172.131,0.0163
m,1.303494509,171.506,0.0162
m,1.2998387,168.414,0.0162
m,1.295568428,173.773,0.0164
m,1.268199803,172.906,0.0149
m,1.262265569,172.856,0.015
m,1.257334041,172.654,0.0147
m,1.252562027,172.806,0.0143
m,1.211852157,171.853,0.0146
m,1.206716952,170.56,0.0146
m,1.20672022,171.877,0.015
m,1.203174067,171.775,0.0153
m,1.199443049,172.966,0.0156
m,1.176262302,170.652,0.0185
m,1.173546726,171.461,0.019
m,1.170523597,173.12,0.0195
m,1.167780278,171.714,0.0203
m,1.162649797,171.775,0.0207
m,1.151879141,171.345,0.0229
m,1.150328515,168.165,0.0239
m,1.148205227,171.504,0.0244
m,1.146464415,172.481,0.0251
m,1.142925324,172.122,0.0256
m,1.141379162,171.391,0.0259
m,1.1397014,172.12,0.0263
m,1.137852106,173.042,0.0264
m,1.134408563,171.774,0.0278
m,1.132444535,171.23,0.0284
m,1.120302313,173.185,0.031
m,1.118372071,172.003,0.0315
m,1.114468206,170.209,0.0321
m,1.112403296,171.829,0.0324
m,1.110400272,171.159,0.0327
m,1.098940248,170.725,0.0342
m,1.097377872,170.478,0.0353
m,1.095770313,169.483,0.0357
m,1.092792482,167.997,0.0358
m,1.083866332,164.487,0.0371
m,1.080929148,165.89,0.0374
m,1.07933529,169.708,0.0374
m,1.077408756,168.597,0.0376
m,1.075007602,166.453,0.0379
m,1.058933399,163.882,0.0393
m,1.052325759,169.827,0.0393
m,1.049135362,163.169,0.0395
m,1.045942371,168.874,0.0394
m,1.042610112,165.722,0.0394
m,1.01864856,172.103,0.0392
m,1.014828513,165.423,0.039
m,1.010871762,170.885,0.0392
m,1.006914207,168.624,0.0393
m,0.981127007,171.466,0.0398
m,0.977449998,172.48,0.0397
m,0.974054535,170.692,0.0396
m,0.970661348,164.673,0.0397
m,0.967472509,168.181,0.0397
m,0.947032903,167.309,0.0416
m,0.943356272,166.797,0.0414
m,0.939747318,170.58,0.0415
m,0.936073449,163.641,0.0415
m,0.932543223,163.188,0.0417
m,1.128530443,171.061,0.0289
m,1.128530159,173.084,0.0293
m,1.124406069,170.469,0.0299
m,1.12229694,172.386,0.0303
m,1.108270042,172.335,0.0326
m,1.108270812,171.181,0.0329
m,1.104245813,172.744,0.0331
m,1.10249205,171.922,0.0336
m,1.100609151,166.646,0.0339
m,1.091309388,166.743,0.0362
m,1.091309388,168.93,0.0362
m,1.088233397,170.041,0.0363
m,1.086725715,168.746,0.0366
m,1.085288314,168.626,0.0366
m,1.072282105,168.734,0.0382
m,1.069089625,168.382,0.0387
m,1.065778427,169.823,0.0389
m,1.062488179,170.797,0.0392
m,1.039071939,162.558,0.0394
m,1.035599564,166.285,0.0394
m,1.032201169,161.779,0.0393
m,1.028731767,163.286,0.0396
m,1.025528205,168.241,0.0393
m,1.003031105,168.491,0.0393
m,0.999151139,166.942,0.0396
m,0.992296359,167.482,0.0408
m,0.988402789,171.328,0.0397
m,0.988405802,172.137,0.04
m,0.964283852,170.469,0.0397
m,0.95797218,171.623,0.0398
m,0.954504417,167.359,0.04
m,0.954504417,163.989,0.04
m,0.924283399,172.797,0.0414
m,0.919982848,167.721,0.0414
m,0.915683749,170.45,0.0415
m,0.915685017,170.58,0.0416
m,0.907365744,170.679,0.0415
m,0.903551129,167.631,0.0414
m,0.89988035,171.284,0.0415
m,0.896063565,164.404,0.0412
m,0.887666869,164.554,0.041
m,0.864931719,170.567,0.0392
m,0.861051113,166.253,0.0385
m,0.857238167,172.255,0.0383
m,0.849959679,162.907,0.0381
m,0.846489373,165.141,0.0376
m,0.826534932,172.246,0.036
m,0.82300845,170.361,0.0359
m,0.823006335,164.183,0.0356
m,0.81512461,166.287,0.0355
m,0.810968816,170.427,0.035
m,0.784898615,164.872,0.0331
m,0.781091309,164.931,0.0327
m,0.777224984,164.609,0.0324
m,0.773275848,167.1,0.0317
m,0.745698771,161.208,0.0303
m,0.74135179,163.391,0.0299
m,0.733061809,161.077,0.0293
m,0.729260755,159.774,0.0291
m,0.721803183,162.99,0.0283
m,0.701101947,167.664,0.0259
m,0.697593281,164.664,0.0253
m,0.693942907,165.688,0.0247
m,0.690435573,173.287,0.0242
m,0.686643432,169.553,0.0237
m,0.650523077,157.871,0.02
m,0.650535826,155.297,0.0192
m,0.642621718,160.011,0.0187
m,0.638842867,169.508,0.0181
m,0.612625658,162.508,0.016
m,0.60870849,161.985,0.0155
m,0.60473679,160.521,0.0151
m,0.600827056,159.871,0.0144
m,0.592929383,156.236,0.0141
m,0.883713175,167.529,0.041
m,0.879899591,166.133,0.0409
m,0.876083746,171.07,0.0406
m,0.87248825,166.711,0.0403
m,0.86895686,162.749,0.0401
m,0.843161819,169.444,0.0372
m,0.840186251,169.492,0.0376
m,0.836855649,172.043,0.0368
m,0.833387384,165.492,0.0364
m,0.806956002,172.657,0.0346
m,0.803145671,165.373,0.0341
m,0.795671586,163.326,0.0338
m,0.792148583,169.924,0.0338
m,0.788625023,168.79,0.0336
m,0.765262722,167.969,0.0315
m,0.765262527,164.069,0.0314
m,0.757855108,170.025,0.0309
m,0.753992374,172.649,0.0309
m,0.750046617,163.531,0.0307
m,0.718204773,162.916,0.0278
m,0.714751118,165.336,0.0269
m,0.708125203,162.194,0.0265
m,0.708126732,162.236,0.0262
m,0.68279764,171.667,0.023
m,0.675210258,168.277,0.0227
m,0.666946618,169.595,0.0219
m,0.66282546,157.801,0.0208
m,0.65450851,166.659,0.0203
m,0.63505944,168.945,0.0178
m,0.631532814,155.906,0.0173
m,0.628093983,158.945,0.0169
m,0.620671256,171.874,0.0165
m,0.61669191,169.484,0.0163
m,0.592926714,164.657,0.0142
m,0.584493514,156.206,0.014
m,0.579918288,150.548,0.013
m,0.575468949,157.6,0.0127
m,0.571213557,161.217,0.0125
m,0.56697823,157.434,0.0117
m,0.562872824,158.352,0.0114
m,0.554662601,160.406,0.0109
m,0.550716236,159.319,0.0103
m,0.523651948,148.894,0.008
m,0.519340228,156.167,0.0074
m,0.515017598,160.554,0.0072
m,0.510859922,160.814,0.0067
m,0.481473679,152.82,0.0051
m,0.477132656,154.09,0.005
m,0.472834755,153.604,0.0043
m,0.468587882,144.614,0.0043
m,0.460784455,142.816,0.0042
m,0.442853526,144.738,0.0029
m,0.436269061,150.831,0.0028
m,0.43292467,141.673,0.0026
m,0.432931007,147.219,0.0025
m,0.42624872,144.627,0.0024
m,0.40107015,163.547,0.0009
m,0.397779349,156.626,0.0008
m,0.391330251,155.036,0.0002
m,0.388100403,150.776,0.0001
m,0.368408423,154.696,0.0016
m,0.365121566,149.759,0.0015
m,0.358288988,150.75,0.0017
m,0.354890009,157.636,0.0019
m,0.351516413,149.753,0.002
m,0.33053906,151.322,0.0039
m,0.330546969,162.671,0.0038
m,0.323677197,151.456,0.0041
m,0.320208716,147.331,0.0042
m,0.313317896,148.426,0.0047
m,0.291705723,148.315,0.0071
m,0.289148915,148.411,0.0065
m,0.286348535,152.332,0.0063
m,0.283314538,151.873,0.0064
m,0.550738,151.206,0.0097
m,0.542879746,159.773,0.0091
m,0.53922487,155.718,0.0086
m,0.535765984,151.351,0.0081
m,0.531937801,150.15,0.0084
m,0.506840805,149.956,0.0065
m,0.50265267,160.817,0.006
m,0.49849811,158.297,0.0059
m,0.490129667,160.658,0.0056
m,0.490139657,144.944,0.0054
m,0.456864406,151.547,0.0041
m,0.453159298,154.936,0.0036
m,0.449586867,152.161,0.0035
m,0.446062922,140.499,0.0033
m,0.42305227,152.184,0.0026
m,0.419917316,146.722,0.002
m,0.415951765,153.142,0.0021
m,0.408215636,157.094,0.0018
m,0.404644125,156.656,0.0014
m,0.384876608,148.869,0.0001
m,0.38162797,152.403,0.0006
m,0.378267585,149.008,0.0008
m,0.375084401,149.299,0.001
m,0.371721376,152.619,0.0016
m,0.347798418,149.371,0.0029
m,0.344301427,147.381,0.0031
m,0.340826831,158.43,0.0033
m,0.333957677,160.186,0.0035
m,0.307241462,146.55,0.0053
m,0.304579991,147.92,0.0059
m,0.302068842,146.877,0.0063
m,0.299534964,155.895,0.0067
m,0.297130303,143.923,0.0067
m,0.280032898,146.918,0.0064
m,0.276494032,149.793,0.0067
m,0.273305879,152.923,0.0068
m,0.270030049,145.913,0.0067
m,0.264635632,154.784,0.0065
m,0.262798325,150.557,0.0066
m,0.261296972,146.952,0.0065
m,0.259968546,152.783,0.0063
m,0.257903528,150.274,0.0062
m,0.257169226,149.354,0.0062
m,0.246740166,146.35,0.0065
m,0.24425119,151.616,0.0064
m,0.244260871,146.462,0.0063
m,0.239387367,146.916,0.0063
m,0.237035042,142.98,0.0063
m,0.220108883,146.027,0.0061
m,0.217590104,149.126,0.0062
m,0.215440934,148.692,0.0059
m,0.213471182,158.671,0.0057
m,0.203133938,142.327,0.0032
m,0.20128324,148.594,0.0028
m,0.200415408,147.315,0.0024
m,0.199627118,134.91,0.0021
m,0.198873572,131.418,0.002
m,0.197955421,131.915,0.0025
m,0.197792961,137.586,0.004
m,0.197711986,127.859,0.0051
m,0.197847537,130.793,0.0064
m,0.198263021,131.635,0.0082
m,0.208790456,132.685,0.0142
m,0.210597791,138.35,0.0147
m,0.212534275,136.721,0.0153
m,0.214631404,129.809,0.0157
m,0.230414955,130.917,0.0183
m,0.23506841,138.819,0.0188
m,0.235049699,129.114,0.0192
m,0.239032372,124.972,0.019
m,0.240489171,124.329,0.0193
m,0.242743666,123.768,0.0203
m,0.242978194,123.81,0.0202
m,0.242875486,123.75,0.0201
m,0.243040075,123.895,0.0202
m,0.243102014,123.677,0.0202
m,0.256584246,148.61,0.0062
m,0.255697448,151.444,0.0063
m,0.254375918,152.925,0.0064
m,0.252202895,150.188,0.0063
m,0.234607354,147.844,0.0063
m,0.232156644,144.548,0.0059
m,0.229691701,140.99,0.006
m,0.224824268,145.508,0.006
m,0.222454946,140.894,0.006
m,0.209944565,151.983,0.0054
m,0.210015705,140.32,0.0048
m,0.206800488,139.167,0.0046
m,0.205246845,154.675,0.0044
m,0.204075653,155.69,0.0041
m,0.198267958,124.728,0.0016
m,0.198191532,128.054,0.0007
m,0.198169559,123.081,0.0002
m,0.198053868,125.137,0.0018
m,0.200341055,134.367,0.009
m,0.201513028,127.036,0.0104
m,0.202771325,140.206,0.0114
m,0.204093746,142.974,0.0131
m,0.206969915,135.86,0.0136
m,0.216863668,129.528,0.0165
m,0.221142702,131.91,0.0169
m,0.223444682,132.646,0.0171
m,0.223421953,131.886,0.0175
m,0.228110348,137.532,0.0179
m,0.241632792,123.716,0.0197
m,0.242163431,123.454,0.0202
m,0.242393832,123.549,0.0202
m,0.24268591,123.73,0.0202
m,0.243328595,123.656,0.0203
m,0.243328595,123.667,0.0203
m,0.243621273,123.774,0.0203
m,0.243621273,123.5,0.0203
m,0.243851904,123.725,0.0203
m,0.243910162,123.359,0.0204
m,0.244203176,123.906,0.0204
m,0.243906249,123.837,0.0205
m,0.244136942,123.611,0.0205
m,0.244199268,123.876,0.0205
m,0.244203176,123.636,0.0204
m,0.244101178,123.774,0.0203
m,0.244038754,123.475,0.0203
m,0.244042748,125.277,0.0202
m,0.248682381,137.19,0.0201
m,0.25527782,131.748,0.0202
m,0.259392848,138.254,0.0201
m,0.263820938,133.199,0.0201
m,0.267541093,135.941,0.0203
m,0.294534777,133.63,0.0208
m,0.298014308,129.753,0.0209
m,0.3018759,133.059,0.0209
m,0.310061533,132.653,0.021
m,0.341670697,135.751,0.0206
m,0.346245776,134.265,0.0207
m,0.346243107,133.421,0.0208
m,0.355205038,142.286,0.0206
m,0.359886464,131.95,0.0206
m,0.38614534,129.708,0.0204
m,0.390686669,133.703,0.0205
m,0.395246228,133.909,0.0204
m,0.404469949,134.818,0.0204
m,0.40913481,130.198,0.0202
m,0.434679655,141.808,0.0198
m,0.443320274,154.662,0.0197
m,0.447484103,141.558,0.0196
m,0.451415142,143.38,0.0198
m,0.481244055,137.391,0.0195
m,0.486531053,137.029,0.0198
m,0.497120807,144.595,0.0198
m,0.501629102,141.695,0.0202
m,0.501635041,137.555,0.0199
m,0.244136942,123.761,0.0205
m,0.2441954,123.861,0.0206
m,0.2441954,123.813,0.0206
m,0.244199268,123.683,0.0205
m,0.244199268,123.885,0.0205
m,0.244109204,126.296,0.0201
m,0.244215148,126.716,0.0201
m,0.245185856,126.931,0.02
m,0.246348472,125.685,0.02
m,0.271583454,139.24,0.0203
m,0.279582697,131.437,0.0204
m,0.283309602,138.63,0.0206
m,0.283306304,131.729,0.0207
m,0.290901596,135.08,0.0207
m,0.314163858,131.861,0.0212
m,0.318523209,131.135,0.0207
m,0.323070337,131.268,0.0206
m,0.327527461,139.29,0.0208
m,0.336866706,134.928,0.0207
m,0.36419097,137.574,0.0206
m,0.368512084,135.956,0.0205
m,0.377031517,141.361,0.0204
m,0.381385875,150.185,0.0205
m,0.413621844,136.67,0.02
m,0.417877525,140.543,0.02
m,0.422160211,143.556,0.0199
m,0.426465322,146.546,0.0198
m,0.434679655,139.164,0.0198
m,0.455391376,139.601,0.0198
m,0.463737947,142.615,0.0198
m,0.467725927,146.195,0.0199
m,0.471925651,142.073,0.0198
m,0.476306698,139.961,0.0196
m,0.511897247,152.201,0.0202
m,0.516872346,142.58,0.0198
m,0.526628284,155.782,0.0197
m,0.526628284,150.593,0.0197
m,0.536007156,140.17,0.0198
m,0.540603277,149.044,0.0199
m,0.545002005,147.717,0.0205
m,0.550366474,138.307,0.0204
m,0.555735476,144.394,0.0202
m,0.596365093,139.139,0.0199
m,0.601388645,140.278,0.0198
m,0.601386962,140.719,0.0199
m,0.611075871,139.021,0.02
m,0.647309226,149.184,0.02
m,0.652368224,146.085,0.0201
m,0.657606506,145.886,0.02
m,0.667530679,149.003,0.02
m,0.672211269,161.055,0.02
m,0.694697814,139.722,0.0198
m,0.698636943,140.359,0.0199
m,0.704476466,142.286,0.02
m,0.705989855,140.319,0.02
m,0.706551849,141.401,0.0201
m,0.706177755,140.286,0.0204
m,0.705984325,140.176,0.0204
m,0.705984325,140.308,0.0204
m,0.705984325,140.611,0.0204
m,0.705771533,140.923,0.0206
m,0.705771533,141.176,0.0206
m,0.705594879,141.299,0.0206
m,0.70558654,140.865,0.0206
m,0.705587874,141.19,0.0205
m,0.705391896,137.639,0.0207
m,0.705390591,141.121,0.0208
m,0.705391896,142.335,0.0207
m,0.705390591,140.611,0.0208
m,0.705388022,141.971,0.021
m,0.70537477,140.849,0.0214
m,0.705188569,140.703,0.0215
m,0.705188569,140.949,0.0215
m,0.705188569,141.068,0.0215
m,0.566103931,149.057,0.0202
m,0.571108165,147.442,0.0202
m,0.576301776,146.021,0.0201
m,0.581313545,141.077,0.02
m,0.586326311,140.474,0.0201
m,0.616110035,145.217,0.02
m,0.621143527,139.223,0.02
m,0.626560636,138.282,0.0201
m,0.637022688,138.738,0.02
m,0.642252071,139.361,0.02
m,0.677078416,143.263,0.02
m,0.677078416,139.383,0.02
m,0.686063387,140.064,0.0199
m,0.690571802,137.877,0.0199
m,0.706551849,141.19,0.0201
m,0.706549086,140.148,0.0203
m,0.706549086,140.039,0.0203
m,0.706355668,140.451,0.0203
m,0.706177755,140.132,0.0204
m,0.70597458,140.489,0.0205
m,0.705790937,140.123,0.0204
m,0.705781209,140.284,0.0205
m,0.705949539,140.445,0.0205
m,0.705788256,140.798,0.0206
m,0.705409885,141.499,0.0206
m,0.705408565,140.938,0.0207
m,0.705578215,140.633,0.0206
m,0.705576895,140.401,0.0207
m,0.70539508,141.054,0.0211
m,0.70539508,140.962,0.0211
m,0.705208842,140.894,0.0212
m,0.705207606,140.801,0.0213
m,0.705199276,140.878,0.0213
m,0.705188569,140.92,0.0215
m,0.705180302,141,0.0215
m,0.705364113,140.743,0.0216
m,0.705357079,140.842,0.0215
m,0.705355887,141.079,0.0216
m,0.705532709,140.575,0.0216
m,0.705515249,141.074,0.0217
m,0.705684115,141.379,0.0217
m,0.705697953,138.669,0.0219
m,0.705696818,141.426,0.022
m,0.70549793,141.399,0.0218
m,0.705489897,138.537,0.0218
m,0.705336044,140.938,0.0219
m,0.705358364,140.146,0.0221
m,0.705736635,138.099,0.0221
m,0.730160302,139.903,0.0213
m,0.73466398,143.344,0.0213
m,0.739150526,143.384,0.0212
m,0.743652037,141.189,0.0215
m,0.777099826,135.45,0.021
m,0.782104538,137.002,0.0207
m,0.792240237,135.164,0.0208
m,0.792240237,139.907,0.0208
m,0.832158268,139.581,0.0199
m,0.836897794,137.943,0.0206
m,0.841891045,137.381,0.0205
m,0.846699539,139.328,0.0204
m,0.855854529,139.186,0.0206
m,0.882565916,140.289,0.0207
m,0.887761439,136.128,0.0208
m,0.893317064,134.543,0.0209
m,0.904272672,138.169,0.0211
m,0.90936624,137.684,0.0218
m,0.944422171,136.993,0.0214
m,0.949055191,137.426,0.0213
m,0.953706046,137.795,0.0214
m,0.958347987,138.399,0.0214
m,0.991119791,139.8,0.0219
m,1.001317896,141.344,0.022
m,1.006329707,145.723,0.022
m,1.011341509,140.794,0.022
m,1.016176459,140.646,0.0222
m,0.7055118,140.971,0.022
m,0.705504839,140.834,0.0219
m,0.705512935,140.609,0.0219
m,0.705504839,140.697,0.0219
m,0.706304486,145.018,0.0217
m,0.708004012,145.624,0.0216
m,0.713841121,143.274,0.0216
m,0.717242163,140.249,0.0215
m,0.725498836,138.088,0.0214
m,0.752653273,143.118,0.0216
m,0.757315097,150.464,0.0216
m,0.761997259,144.366,0.0216
m,0.766844268,151.153,0.0216
m,0.772082722,142.072,0.0215
m,0.801998017,137.513,0.0209
m,0.80647462,136.785,0.0209
m,0.811438419,139.693,0.0208
m,0.816443767,137.402,0.0205
m,0.826986719,137.115,0.0202
m,0.860883688,139.019,0.0208
m,0.866256305,136.363,0.0207
m,0.866257377,136.53,0.0206
m,0.87716713,137.312,0.0205
m,0.914572775,138.587,0.0218
m,0.919761208,135.457,0.0216
m,0.924947892,135.009,0.0216
m,0.929969492,137.051,0.0216
m,0.939614141,137.615,0.0215
m,0.967602501,138.695,0.0214
m,0.967601625,137.745,0.0215
m,0.976679461,138.986,0.0217
m,0.981310897,138.621,0.0218
m,0.986303345,141.583,0.0218
m,1.020815505,142.871,0.0226
m,1.029690055,142.276,0.0228
m,1.034303612,141.881,0.0228
m,1.043391925,145.503,0.023
m,1.047848363,153.587,0.0231
m,1.051916119,155.995,0.0232
m,1.056160168,143.539,0.0232
m,1.059700711,147.642,0.0234
m,1.062862093,148.493,0.0236
s,1.066576087,148.834,0.0242
s,1.066575035,149.067,0.0244
s,1.066603325,149.338,0.0244
s,1.066603325,148.923,0.0244
s,1.066936037,149.76,0.0243
s,1.066751107,148.673,0.0243
s,1.066751107,148.335,0.0243
s,1.066935516,147.603,0.0244
s,1.066935516,148.564,0.0244
s,1.06673037,147.358,0.0247
s,1.066915303,147.504,0.0247
s,1.06690598,147.665,0.0247
s,1.066905496,149.948,0.0248
s,1.066739716,148.382,0.0247
s,1.066395688,145.551,0.0252
s,1.066561379,147.088,0.0253
s,1.066552019,151.836,0.0253
s,1.066552019,154.291,0.0253
s,1.066347981,148.649,0.0254
s,1.066347563,148.68,0.0255
s,1.066337851,148.881,0.0256
s,1.066337851,149.413,0.0256
s,1.066328565,148.976,0.0256
s,1.066634891,149.321,0.0254
s,1.0664946,148.75,0.0257
s,1.066512711,148.774,0.0258
s,1.066512711,148.891,0.0258
s,1.066697657,149.018,0.0258
s,1.066872955,147.799,0.0259
s,1.066872955,148.873,0.0259
s,1.067057531,149.969,0.026
s,1.067048297,148.656,0.026
m,1.065097191,148.488,0.0241
m,1.066586038,149.522,0.0241
s,1.066586038,148.746,0.0241
s,1.066585497,148.962,0.0242
s,1.066751638,149.11,0.0242
s,1.066751638,149.754,0.0242
s,1.066742275,149.413,0.0242
s,1.066760491,149.039,0.0243
s,1.066751107,148.323,0.0243
s,1.066936037,148.126,0.0243
s,1.066926676,150.764,0.0243
s,1.067250049,148.488,0.0243
s,1.067240818,147.784,0.0243
s,1.066915303,147.947,0.0247
s,1.06690598,147.404,0.0247
s,1.066905496,147.533,0.0248
s,1.066544946,146.232,0.0248
s,1.066728947,146.015,0.025
s,1.066580612,146.009,0.0252
s,1.066552019,148.513,0.0253
s,1.066357737,148.833,0.0253
s,1.066357309,151.138,0.0254
s,1.066357309,149.816,0.0254
s,1.066347981,147.229,0.0254
s,1.0664946,148.419,0.0257
s,1.066485383,149.048,0.0257
s,1.0664946,148.472,0.0257
s,1.066494999,149.027,0.0256
s,1.066688395,149.034,0.0258
s,1.066688014,148.967,0.0259
s,1.066872955,149.871,0.0259
s,1.066882596,148.506,0.0258
s,1.066872955,149.948,0.0259
s,1.067223658,149.217,0.0261
s,1.067399415,148.218,0.0261
s,1.067214112,148.498,0.0262
s,1.067214112,148.95,0.0262
s,1.067214464,148.806,0.0261
s,1.066568101,147.922,0.0297
s,1.066568101,148.312,0.0297
s,1.066568101,149.144,0.0297
s,1.066064003,150.382,0.0328
s,1.066064003,151.146,0.0328
s,1.065883426,148.032,0.0355
s,1.065852225,149.906,0.0376
s,1.065667428,147.049,0.0376
s,1.065667428,147.336,0.0376
s,1.065481908,148.858,0.0375
s,1.065782228,148.385,0.0395
s,1.06587736,147.99,0.0412
s,1.065811984,147.627,0.0427
s,1.065920862,147.859,0.044
s,1.066352135,147.832,0.0451
s,1.066350715,147.699,0.045
s,1.066017991,147.466,0.0451
s,1.066017991,147.966,0.0451
s,1.066020859,148.146,0.0453
s,1.065684067,148.089,0.0451
s,1.065684067,148.57,0.0451
s,1.065497943,148.602,0.045
s,1.064949585,148.521,0.0454
s,1.064949585,148.313,0.0454
s,1.064200399,148.568,0.0455
s,1.064198939,148.626,0.0454
s,1.064198939,148.332,0.0454
s,1.064198939,148.32,0.0454
s,1.063993506,148.406,0.0456
s,1.063822108,148.252,0.0457
s,1.063822108,148.219,0.0457
s,1.063820629,148.41,0.0456
s,1.064003858,148.548,0.0455
s,1.063831003,148.646,0.0455
s,1.063659638,148.72,0.0456
s,1.063659638,148.988,0.0456
s,1.063854764,148.523,0.0455
s,1.063854764,148.658,0.0455
s,1.066228282,148.581,0.0328
s,1.066228557,147.704,0.0329
s,1.066068249,147.508,0.0355
s,1.066068249,147.965,0.0355
s,1.065655771,148.397,0.0375
s,1.065655771,149.171,0.0375
s,1.065609501,147.594,0.0396
s,1.065609501,149.319,0.0396
s,1.065783132,148.762,0.0396
s,1.065919545,151.651,0.0439
s,1.065918237,146.649,0.0438
s,1.06616742,152.297,0.0451
s,1.06616742,146.601,0.0451
s,1.066352135,148.579,0.0451
s,1.065698807,148.743,0.0453
s,1.065685497,148.713,0.0452
s,1.065685497,149.097,0.0452
s,1.065685497,148.834,0.0452
s,1.064948135,147.818,0.0453
s,1.064763443,149.313,0.0453
s,1.064763443,147.576,0.0453
s,1.064762003,148.223,0.0452
s,1.064396959,148.548,0.0455
s,1.064286604,148.175,0.0452
s,1.064298295,148.282,0.0452
s,1.064299737,148.243,0.0453
s,1.06448445,148.648,0.0453
s,1.064164937,148.651,0.0455
s,1.063832473,148.282,0.0456
s,1.063831003,148.729,0.0455
s,1.06364777,148.623,0.0456
s,1.063832473,148.755,0.0456
s,1.064049906,148.497,0.0454
s,1.063853303,148.628,0.0454
s,1.064037996,148.29,0.0454
s,1.064037996,148.86,0.0454
s,1.063862322,148.61,0.0452
s,1.063862322,148.546,0.0452
s,1.064045581,148.871,0.0451
s,1.064045581,148.559,0.0451
s,1.064242204,148.574,0.0451
s,1.064042745,149.008,0.0449
s,1.064042745,148.781,0.0449
s,1.064042745,148.858,0.0449
s,1.064041341,148.932,0.0448
s,1.064226035,148.679,0.0448
s,1.064209973,149.492,0.0445
s,1.064026652,148.767,0.0446
s,1.063853869,148.133,0.0446
m,1.063853869,149.573,0.0446
m,1.063853869,149.783,0.0446
m,1.070875146,149.717,0.0448
m,1.073644309,150.044,0.0447
m,1.07656028,150.537,0.0444
m,1.079292076,149.337,0.0441
m,1.100924792,143.175,0.0437
m,1.104299238,141.488,0.0439
m,1.108005218,143.106,0.0439
m,1.115405479,149.026,0.0439
m,1.118928071,148.182,0.044
m,1.142354504,154.618,0.0449
m,1.146394995,153.48,0.0449
m,1.150287146,149.094,0.045
m,1.154362735,146.807,0.045
m,1.161949563,146.082,0.0451
m,1.182713022,147.033,0.0454
m,1.190657063,147.429,0.0454
m,1.19491767,157.137,0.0454
m,1.198848126,157.273,0.0458
m,1.231340359,151.762,0.0468
m,1.235785735,162.655,0.0468
m,1.240057672,149.264,0.0468
m,1.244491819,147.981,0.0468
m,1.248937284,152.303,0.0468
s,1.064033671,148.959,0.0451
s,1.064044159,148.668,0.045
s,1.064228852,148.82,0.045
s,1.064044159,148.7,0.045
s,1.064044159,148.93,0.045
s,1.06423657,148.363,0.0447
s,1.064025276,148.834,0.0445
s,1.064209973,149.006,0.0445
s,1.064209973,149.3,0.0445
m,1.063853869,146.655,0.0446
m,1.064035819,147.547,0.0444
m,1.064187596,151.122,0.0446
m,1.065099267,153.129,0.0446
m,1.068438535,151.826,0.0448
m,1.081417543,150.186,0.0441
m,1.087212978,147.674,0.044
m,1.090731648,151.263,0.0438
m,1.090730379,143.759,0.0437
m,1.097735178,149.118,0.0435
m,1.122353492,150.495,0.0445
m,1.126248056,156.968,0.0448
m,1.134215389,154.928,0.0449
m,1.138463763,171.229,0.0449
m,1.16547103,144.921,0.0451
m,1.16547103,149.778,0.0451
m,1.172340785,148.25,0.0451
m,1.175496728,147.213,0.0454
m,1.179192816,146.943,0.0455
m,1.206844487,148.43,0.0463
m,1.210748282,149.59,0.0464
m,1.214825454,148.452,0.0465
m,1.218912642,149.959,0.0465
m,1.222989836,145.188,0.0466
m,1.257819823,154.08,0.047
m,1.262058349,152.484,0.047
m,1.267058296,147.961,0.047
m,1.272058296,148.966,0.047
m,1.277254165,144.231,0.047
m,1.287450104,149.352,0.047
m,1.292405046,152.457,0.0469
m,1.292405046,150.873,0.0469
m,1.302417798,148.189,0.047
m,1.339085268,153.099,0.0471
m,1.344281354,148.938,0.0471
m,1.349477447,148.077,0.0471
m,1.354487465,145.163,0.047
m,1.389504287,161.818,0.0471
m,1.394506354,152.919,0.0472
m,1.399507203,149.924,0.0472
m,1.40947767,152.95,0.0472
m,1.414664746,151.325,0.0473
m,1.440409606,145.828,0.0473
m,1.445225945,155.674,0.0473
m,1.449857458,144.832,0.0473
m,1.460043625,150.805,0.0472
m,1.465229784,152.536,0.0472
m,1.496200581,147.804,0.047
m,1.506768162,147.863,0.047
m,1.51195449,144.086,0.047
m,1.517140845,145.695,0.047
m,1.553811511,145.09,0.0466
m,1.559182982,145.314,0.0466
m,1.5699359,145.755,0.0466
m,1.575307441,148.274,0.0466
m,1.575306378,149.888,0.0465
m,1.61421866,148.458,0.0462
m,1.619949465,146.459,0.0461
m,1.625690063,147.214,0.046
m,1.631430705,149.77,0.0459
m,1.642544265,147.794,0.0459
m,1.67572276,147.839,0.0452
m,1.686661314,146.616,0.0452
m,1.686661314,146.507,0.0452
m,1.69850456,148.731,0.0451
m,1.307787692,144.182,0.047
m,1.312972836,144.347,0.047
m,1.318342818,145.011,0.047
m,1.328528517,143.062,0.047
m,1.333899924,145.902,0.0471
m,1.364684208,147.05,0.047
m,1.369686134,147.584,0.0471
m,1.369687397,158.123,0.0472
m,1.379329781,149.255,0.0472
m,1.384330507,153.477,0.0472
m,1.41985062,150.383,0.0473
m,1.42504689,149.281,0.0473
m,1.43023281,146.805,0.0473
m,1.435233921,148.047,0.0473
m,1.470424972,150.461,0.0471
m,1.475796031,149.42,0.0471
m,1.481167122,145.584,0.0471
m,1.486539419,151.046,0.0472
m,1.496201733,149.46,0.0471
m,1.522141239,143.702,0.0469
m,1.532512982,147.911,0.0468
m,1.537709456,146.836,0.0468
m,1.54307972,144.646,0.0467
m,1.548647054,145.236,0.0468
m,1.586048505,148.53,0.0464
m,1.591419094,150.484,0.0463
m,1.596985448,145.278,0.0463
m,1.602550776,148.293,0.0462
m,1.648100112,146.95,0.0458
m,1.653480704,146.468,0.0457
m,1.659046218,146.426,0.0456
m,1.664426836,144.44,0.0455
m,1.670166762,147.137,0.0453
m,1.704255128,150.371,0.045
m,1.710005711,145.952,0.0449
m,1.715570518,149.545,0.0447
m,1.726354528,148.239,0.0449
m,1.731255401,150.135,0.0457
m,1.736504843,148.192,0.0462
m,1.742060725,150.178,0.0461
m,1.74779102,149.757,0.0459
m,1.753520526,145.047,0.0456
m,1.764614524,148.609,0.0455
m,1.790654431,154.624,0.0454
m,1.795886935,151.785,0.0451
m,1.807174432,149.013,0.0449
m,1.81290512,148.878,0.0447
m,1.818635914,147.614,0.0445
m,1.852261601,150.96,0.0429
m,1.863383576,151.835,0.0426
m,1.868939625,148.082,0.0424
m,1.874652255,149.62,0.0421
m,1.914177331,158.493,0.0406
m,1.919688277,160.457,0.0402
m,1.9252258,157.556,0.0397
m,1.93669258,162.478,0.0394
m,1.93669159,154.368,0.0392
m,1.970750757,154.473,0.0385
m,1.982227632,159.181,0.0383
m,1.988137746,157.845,0.0381
m,1.998628462,153.109,0.0384
m,2.004370751,152.694,0.0382
m,2.042010581,154.583,0.0372
m,2.04602078,152.021,0.0369
m,2.048972231,153.905,0.0368
m,2.051015328,153.614,0.0367
s,2.05189784,153.234,0.0364
s,2.051712826,153.783,0.0364
s,2.051527811,152.429,0.0364
s,2.051527811,152.615,0.0364
s,2.051351417,152.952,0.0365
s,2.05149478,152.333,0.0364
s,2.05149478,152.521,0.0364
s,2.051310095,152.484,0.0365
s,2.051310095,152.675,0.0365
s,2.051310095,152.981,0.0365
m,1.769936689,149.697,0.0452
m,1.769934955,150.64,0.045
m,1.78051336,152.672,0.045
m,1.785574179,151.678,0.0452
m,1.824532795,149.686,0.0443
m,1.830069515,152.691,0.0441
m,1.835791331,148.865,0.0439
m,1.841344831,152.914,0.0434
m,1.852263034,152.111,0.0431
m,1.880197969,152.563,0.0417
m,1.89167195,155.8,0.0414
m,1.897200971,151.36,0.0412
m,1.902748369,157,0.041
m,1.908462725,152.229,0.0408
m,1.947649678,153.091,0.0393
m,1.953383413,152.341,0.0392
m,1.959293431,157.775,0.0391
m,1.965017666,163.713,0.0388
m,2.00991897,156.242,0.0379
m,2.01567046,153.597,0.0378
m,2.021201855,154.745,0.0376
m,2.032477159,153.134,0.0375
m,2.037436944,155.683,0.0373
m,2.051940038,154.115,0.0366
s,2.051939703,153.961,0.0365
s,2.051939703,154.059,0.0365
s,2.051922727,153.752,0.0364
s,2.051914421,153.404,0.0364
s,2.051351087,152.464,0.0364
s,2.051342799,152.305,0.0364
s,2.051334524,152.586,0.0364
s,2.051503021,152.939,0.0364
s,2.051124748,151.923,0.0364
s,2.050947974,153.09,0.0364
s,2.051124748,151.58,0.0364
s,2.051116514,152.871,0.0364
s,2.051116844,152.933,0.0365
s,2.051108623,152.73,0.0365
s,2.051108623,152.047,0.0365
s,2.051285768,153.021,0.0366
s,2.051125079,153.567,0.0365
s,2.050476995,152.313,0.0367
s,2.050662004,152.53,0.0367
s,2.050645308,152.743,0.0367
s,2.050645308,152.964,0.0367
s,2.050644632,152.291,0.0365
s,2.051327611,152.256,0.0368
s,2.050999024,152.774,0.0368
s,2.051184032,152.685,0.0368
s,2.050999024,152.791,0.0368
s,2.050999024,152.66,0.0368
s,2.051503021,152.912,0.0364
s,2.051511939,152.385,0.0366
s,2.051688039,152.586,0.0364
s,2.051671241,152.597,0.0363
s,2.051695644,152.868,0.0362
s,2.051721779,152.45,0.0366
s,2.051730414,152.702,0.0367
s,2.051747383,152.48,0.0368
s,2.051873386,152.831,0.0365
s,2.052083184,152.426,0.0365
s,2.051906792,152.076,0.0366
s,2.051915087,152.632,0.0366
s,2.051898846,152.452,0.0367
s,2.051907132,152.286,0.0367
s,2.051907132,152.381,0.0367
s,2.051907132,152.597,0.0367
s,2.051722464,152.184,0.0368
s,2.051722464,152.392,0.0368
s,2.050939086,152.428,0.0362
s,2.050939086,152.62,0.0362
s,2.050745517,152.498,0.0361
s,2.050560187,152.535,0.036
s,2.050366947,152.147,0.036
s,2.051125079,153.378,0.0365
s,2.050947648,152.592,0.0363
s,2.050981393,152.577,0.0365
s,2.050981393,152.21,0.0365
s,2.050485366,152.331,0.0367
s,2.050830317,152.401,0.0367
s,2.050998338,152.787,0.0366
s,2.051167426,152.368,0.0368
s,2.05134415,152.433,0.0368
s,2.050999024,152.487,0.0368
s,2.051006999,152.322,0.0367
s,2.051006999,152.482,0.0367
s,2.051006323,152.549,0.0365
s,2.051503021,152.47,0.0364
s,2.05184804,152.487,0.0363
s,2.05184772,152.807,0.0362
s,2.051847404,152.61,0.0361
s,2.051847093,152.964,0.036
s,2.051846787,152.63,0.0359
s,2.0520584,152.517,0.0365
s,2.0520584,152.127,0.0365
s,2.052058736,152.849,0.0366
s,2.052074912,152.534,0.0365
s,2.051907477,152.711,0.0368
s,2.051907477,152.672,0.0368
s,2.051907477,152.118,0.0368
s,2.051907477,152.782,0.0368
s,2.051907477,152.437,0.0368
s,2.051722464,152.302,0.0368
s,2.051705219,152.175,0.0366
s,2.051511604,152.417,0.0365
s,2.051318007,152.182,0.0364
s,2.051124422,152.685,0.0363
s,2.050366947,152.136,0.036
s,2.050180733,152.588,0.0356
s,2.049962923,152.558,0.0356
s,2.049786084,152.267,0.0356
s,2.049786084,152.547,0.0356
s,2.049592594,151.779,0.0355
s,2.04940729,152.048,0.0354
s,2.049398567,152.844,0.0352
s,2.049205117,152.272,0.0351
s,2.04863273,152.061,0.0347
s,2.048439329,152.499,0.0346
s,2.048254066,152.513,0.0345
s,2.048245712,152.95,0.0344
s,2.047673323,152.541,0.0339
s,2.047480002,152.298,0.0338
s,2.047294974,152.204,0.0338
s,2.047093591,152.358,0.0337
s,2.047085532,152.601,0.0337
s,2.046875633,152.563,0.0333
s,2.046875458,152.289,0.0332
s,2.046867105,152.692,0.033
s,2.04685094,152.638,0.0329
s,2.04701986,152.975,0.0328
s,2.046842506,153.146,0.0326
s,2.046657328,152.831,0.0325
s,2.046641254,151.795,0.0324
s,2.04663317,152.397,0.0323
s,2.046415744,152.218,0.0317
s,2.046407749,152.297,0.0316
s,2.046214729,152.678,0.0315
s,2.046206765,152.837,0.0314
s,2.046198899,151.933,0.0314
s,2.046175064,153.34,0.031
s,2.046167242,152.017,0.031
s,2.046167242,152.508,0.031
s,2.04615151,152.201,0.0308
s,2.046151409,152.523,0.0306
s,2.045943024,152.696,0.0306
s,2.045935222,152.549,0.0305
s,2.045935184,152.556,0.0304
m,2.045935122,151.812,0.0302
s,2.049204597,151.875,0.0349
s,2.049019571,151.643,0.0349
s,2.04883455,152.063,0.0349
s,2.048818004,152.196,0.0348
s,2.04863273,152.864,0.0347
s,2.048060459,152.297,0.0343
s,2.047875434,152.556,0.0343
s,2.047867093,152.548,0.0342
s,2.047681637,152.502,0.034
s,2.047673532,152.238,0.034
s,2.047085337,152.751,0.0336
s,2.046892066,152.365,0.0335
s,2.046892066,152.245,0.0335
s,2.046875813,152.52,0.0334
s,2.047020015,152.621,0.0329
s,2.04685094,152.097,0.0329
s,2.046858936,152.464,0.0329
s,2.046850785,153.137,0.0328
s,2.046842651,153.176,0.0327
s,2.046625102,152.094,0.0322
s,2.046624753,152.824,0.0319
s,2.046608794,153.546,0.0318
s,2.046608794,152.686,0.0318
s,2.046415846,152.767,0.0318
s,2.046183117,152.082,0.0313
s,2.046183117,152.554,0.0313
s,2.046190961,152.625,0.0313
s,2.046175132,152.8,0.0311
s,2.046120314,152.597,0.0306
s,2.046128121,152.715,0.0307
s,2.045943072,152.639,0.0307
s,2.045935265,152.428,0.0306
s,2.045943024,152.612,0.0306
m,2.045919638,152.375,0.0302
m,2.045919615,150.36,0.0301
m,2.046096926,155.285,0.03
m,2.046274251,151.199,0.0299
m,2.046644356,163.559,0.0299
m,2.052411822,154.644,0.0299
m,2.056513885,159.896,0.0298
m,2.060993912,158.722,0.0298
m,2.065466241,161.162,0.0298
m,2.069946484,162.359,0.0297
m,2.097064927,157.777,0.0297
m,2.101513817,158.99,0.0293
m,2.10597059,154.647,0.0292
m,2.110789652,163.709,0.0288
m,2.115415731,155.427,0.0287
m,2.150266594,161.763,0.0288
m,2.155278488,153.494,0.0287
m,2.165101559,159.6,0.0286
m,2.169920606,160.082,0.0285
m,2.203654541,150.903,0.0274
m,2.203654752,156.479,0.0272
m,2.21367089,151.947,0.027
m,2.218852524,155.879,0.0268
m,2.224057407,154.23,0.0266
m,2.26296393,158.15,0.0271
m,2.268700627,153.572,0.0271
m,2.274259945,150.294,0.0271
m,2.279626691,152.593,0.027
m,2.285171049,155.082,0.0268
m,2.323021731,160.235,0.0269
m,2.328025807,159.809,0.027
m,2.333029892,157.671,0.0271
m,2.338404106,155.276,0.0272
m,2.384034833,151.906,0.0274
m,2.38940926,151.732,0.0273
m,2.38940926,154.611,0.0273
m,2.40033547,151.393,0.0273
m,2.406079959,154.529,0.0273
m,2.439992717,151.778,0.0265
m,2.445181933,149.103,0.0266
m,2.450186091,158.602,0.0267
m,2.460202001,151.526,0.0268
m,2.465206176,149.636,0.0269
m,2.074604016,160.584,0.0298
m,2.08351752,156.833,0.0298
m,2.083517515,165.589,0.0297
m,2.092423133,156.623,0.0297
m,2.125415936,160.989,0.0286
m,2.130242753,163.754,0.0286
m,2.130242753,157.112,0.0286
m,2.140250793,150.673,0.0286
m,2.145262605,158.586,0.0287
m,2.174747523,160.486,0.0283
m,2.179381608,160.955,0.0281
m,2.184200926,156.067,0.0277
m,2.189020022,159.413,0.0276
m,2.198819721,155.51,0.0277
m,2.229431329,159.372,0.0268
m,2.240364774,156.036,0.0268
m,2.245916201,155.11,0.0269
m,2.251660411,154.834,0.027
m,2.290900435,156.828,0.0267
m,2.296629538,156.416,0.0269
m,2.307246128,157.084,0.0269
m,2.312635637,164.514,0.0269
m,2.312635637,153.899,0.0269
m,2.343600754,156.614,0.0274
m,2.359013744,154.854,0.0275
m,2.364202993,153.77,0.0275
m,2.369207278,155.96,0.0274
m,2.374026419,151.969,0.0274
m,2.411824647,153.734,0.0271
m,2.417561966,148.618,0.0268
m,2.428866062,149.867,0.0267
m,2.434610712,156.094,0.0266
m,2.470203017,151.997,0.0269
m,2.470202913,153.699,0.027
m,2.480389154,151.961,0.027
m,2.485578639,156.805,0.0269
m,2.495942848,151.067,0.0267
m,2.495943081,149.483,0.0265
m,2.506307294,154.448,0.0264
m,2.511482172,156.44,0.0263
m,2.516842195,152.108,0.0262
m,2.549475195,153.068,0.0255
m,2.559307015,150.267,0.025
m,2.56412725,152.628,0.0245
m,2.5693024,150.765,0.0244
m,2.57412213,150.986,0.0242
m,2.60468189,151.806,0.0244
m,2.60984991,153.845,0.0244
m,2.615025178,150.947,0.0244
m,2.625902691,152.892,0.0245
m,2.625902691,152.106,0.0245
m,2.659824062,152.523,0.0244
m,2.669620264,153.638,0.0243
m,2.674425995,154.084,0.0242
m,2.674426394,155.865,0.024
m,2.711941255,163.333,0.0235
m,2.716569147,159.404,0.0234
m,2.720998213,154.549,0.0234
m,2.720998436,154.506,0.0233
m,2.729869379,155.05,0.0237
m,2.757351657,164.282,0.0241
m,2.762138654,167.903,0.0242
m,2.76673434,164.583,0.0243
m,2.766733979,169.062,0.0245
m,2.77593285,163.679,0.0246
m,2.807972335,160.18,0.0253
m,2.812403054,162.372,0.0253
m,2.821456081,158.787,0.0253
m,2.825701886,157.495,0.0253
m,2.857349393,159.408,0.0249
m,2.857349393,161.233,0.0249
m,2.866970812,165.148,0.0249
m,2.871969728,168.92,0.0249
m,2.876962623,166.288,0.0249
m,2.52220957,153.286,0.0261
m,2.527576979,154.639,0.026
m,2.533114996,154.89,0.0259
m,2.53853314,151.986,0.0259
m,2.54947489,152.432,0.0257
m,2.579126539,152.899,0.0242
m,2.58933493,153.722,0.0242
m,2.5943319,150.714,0.0243
m,2.599506962,152.81,0.0243
m,2.63608296,153.764,0.0244
m,2.641073479,152.746,0.0244
m,2.645871976,151.878,0.0244
m,2.65067077,153.565,0.0243
m,2.655497204,152.465,0.0243
m,2.684044746,152.961,0.0239
m,2.688665524,158.538,0.0238
m,2.693471458,161.28,0.0237
m,2.698085477,161.688,0.0236
m,2.702706431,168.998,0.0235
m,2.734476894,158.937,0.0238
m,2.739091212,160.992,0.0239
m,2.743513898,166.498,0.024
m,2.752545047,168.46,0.0241
m,2.780541879,162.792,0.0248
m,2.789964752,164.699,0.0249
m,2.789964593,166,0.025
m,2.799363127,161.187,0.025
m,2.804158309,159.833,0.025
m,2.830139069,158.081,0.0253
m,2.834582585,159.645,0.0252
m,2.839019826,160.127,0.0252
m,2.84346323,160.623,0.0252
m,2.848098206,161.677,0.025
m,2.881776435,165.25,0.0249
m,2.886584245,159.161,0.0249
m,2.891392251,158.216,0.0248
m,2.900285228,156.88,0.0249
m,2.904555627,159.609,0.0249
m,2.904555627,165.513,0.0249
m,2.913424916,159.08,0.0249
m,2.918035916,160.12,0.0249
m,2.922294129,168.104,0.0251
m,2.953155283,168.552,0.0264
m,2.957222764,163.509,0.0267
m,2.964785594,165.697,0.0269
m,2.968662421,163.612,0.0272
m,2.997834382,167.556,0.0287
m,3.002076838,172.121,0.0289
m,3.006504607,168.811,0.029
m,3.010927088,161.824,0.0292
m,3.015207844,161.289,0.0297
m,3.040354869,163.888,0.0312
m,3.042947589,167.345,0.0315
m,3.044439935,164.577,0.0318
m,3.045000992,168.674,0.032
m,3.044995645,168.714,0.032
s,3.044979934,166.673,0.0323
s,3.044980035,166.829,0.0324
s,3.044980035,164.161,0.0324
s,3.04497472,165.513,0.0324
s,3.045519757,164.886,0.0325
s,3.045525057,165.67,0.0325
s,3.045525057,165.672,0.0325
s,3.045704936,165.424,0.0325
s,3.045704936,167.37,0.0325
s,3.046059446,163.714,0.0325
s,3.046054177,165.091,0.0325
s,3.046048913,168.038,0.0325
s,3.046054177,164.773,0.0325
s,3.046054284,166.109,0.0326
s,3.046234314,164.684,0.0327
s,3.046229174,165.809,0.0328
s,3.046414354,167.674,0.0328
s,3.046414354,165.34,0.0328
m,2.926904497,162.575,0.0257
m,2.931348088,165.346,0.0258
m,2.940212104,166.57,0.0259
m,2.944464697,163.181,0.0261
m,2.948902601,171.408,0.0262
m,2.972724574,166.311,0.0274
m,2.976786811,165.25,0.0276
m,2.981213725,167.223,0.0281
m,2.98546692,172.19,0.0283
m,2.989714599,171.366,0.0285
m,3.019641363,170.65,0.0303
m,3.024265454,168.626,0.0305
m,3.032963501,164.05,0.0307
m,3.032963549,166.417,0.0308
s,3.045001083,166.308,0.0321
s,3.044995737,167.276,0.0321
s,3.044990397,168.276,0.0321
s,3.044985161,165.573,0.0322
s,3.044979837,166.298,0.0322
s,3.045160005,166.355,0.0325
s,3.045154696,166.624,0.0325
s,3.045154696,165.448,0.0325
s,3.045339876,166.452,0.0325
s,3.045339876,166.016,0.0325
s,3.045699644,164.944,0.0325
s,3.045884825,165.94,0.0325
s,3.045879539,166.447,0.0325
s,3.045879539,166.44,0.0325
s,3.046049021,168.046,0.0326
s,3.046234203,165.907,0.0326
s,3.046228949,165.897,0.0326
s,3.046234203,166.711,0.0326
s,3.046234314,166.206,0.0327
s,3.046229174,167.183,0.0328
s,3.046229174,166.852,0.0328
s,3.046224043,168.198,0.0329
s,3.046224043,166.951,0.0329
s,3.04603362,168.253,0.0329
s,3.04603886,167.493,0.0329
s,3.04603362,166.35,0.0329
s,3.045848553,168.546,0.033
s,3.045658136,165.081,0.033
s,3.045653033,166.652,0.0331
s,3.045457545,165.96,0.0332
s,3.045447144,165.595,0.0332
s,3.045447275,165.044,0.0333
s,3.045447144,166.594,0.0332
s,3.045447144,165.791,0.0332
s,3.045605629,164.822,0.0325
s,3.045610791,163.612,0.0325
s,3.045610791,165.783,0.0325
s,3.045610687,163.153,0.0324
s,3.045631017,167.491,0.032
s,3.045784845,165.518,0.0316
s,3.045769355,166.994,0.0315
s,3.045949427,166.677,0.0315
s,3.045754011,168.02,0.0315
s,3.045779701,165.81,0.0316
s,3.045789998,165.466,0.0316
s,3.045789998,167.146,0.0316
s,3.045805577,164.562,0.0317
s,3.045815948,168.162,0.0317
s,3.045461447,166.089,0.032
s,3.045461447,166.899,0.032
s,3.045466757,167.364,0.0321
s,3.045466757,165.54,0.0321
s,3.045461632,166.686,0.0322
s,3.045466851,167.908,0.0322
s,3.045466851,167.246,0.0322
s,3.04562574,167.509,0.0319
s,3.045810926,165.935,0.0319
s,3.046011536,167.34,0.0317
s,3.04601667,165.536,0.0316
s,3.046032274,166.165,0.0315
s,3.045852328,167.208,0.0315
s,3.045857504,166.062,0.0314
s,3.045647815,165.644,0.0331
s,3.045647815,166.14,0.0331
s,3.045647815,165.459,0.0331
s,3.045457545,166.383,0.0332
s,3.04541551,166.72,0.0327
s,3.045600697,167.127,0.0327
s,3.045600697,165.391,0.0327
s,3.045605737,165.509,0.0326
s,3.045605737,165.641,0.0326
s,3.045615855,164.777,0.0324
s,3.045615656,164.47,0.0322
s,3.04562083,166.346,0.0322
s,3.045625919,168.947,0.0321
s,3.045625828,165.604,0.032
s,3.045753939,166.373,0.0314
s,3.045753939,164.978,0.0314
s,3.04575912,163.906,0.0315
s,3.045764234,165.531,0.0315
s,3.045821227,168.121,0.0318
s,3.045641246,167.765,0.0318
s,3.04564133,165.229,0.0319
s,3.045646543,165.416,0.0319
s,3.045646631,168.385,0.032
s,3.045286894,166.123,0.0322
s,3.045286894,166.897,0.0322
s,3.045466851,166.33,0.0322
s,3.045466851,166.322,0.0322
s,3.045466851,165.93,0.0322
s,3.045810926,166.229,0.0319
s,3.045810841,165.733,0.0318
s,3.04581603,166.337,0.0318
s,3.045821146,166.985,0.0317
s,3.045857504,165.678,0.0314
s,3.045868023,166.417,0.0314
s,3.045688113,166.165,0.0314
s,3.045704193,167.056,0.0317
s,3.045545673,168.179,0.0318
s,3.045436072,169.079,0.032
s,3.04528366,169.752,0.032
s,3.045125991,168.938,0.032
s,3.045218313,170.088,0.0319
s,3.060896939,165.991,0.0222
s,3.063359296,167.258,0.0207
s,3.066609164,167.407,0.0195
s,3.069116711,169.293,0.018
s,3.071845768,167.274,0.0165
s,3.064400429,167.739,0.006
s,3.068783059,170.546,0.0037
s,3.06933284,169.473,0.0027
s,3.069342556,165.644,0.0016
s,3.070446734,165.775,0.0006
s,3.072254016,167.616,0.0059
s,3.059518406,164.665,0.008
s,3.059509647,166.326,0.0093
s,3.060402957,167.481,0.01
s,3.062565003,164.997,0.0135
s,3.056687445,166.551,0.0144
s,3.057045318,164.663,0.015
s,3.057042577,167.02,0.0156
s,3.057401781,167.674,0.0158
s,3.059210033,167.26,0.019
s,3.059758632,167.433,0.0202
s,3.060310549,165.932,0.0208
s,3.06104977,168.103,0.0212
m,3.056617514,166.331,0.0216
m,3.052589542,158.021,0.0223
m,3.056695322,155.368,0.0223
m,3.060957933,170.384,0.0219
m,3.065221778,161.946,0.0215
m,3.089110479,158.31,0.0211
m,3.096696929,161.253,0.0211
m,3.10076936,161.647,0.0211
m,3.10484192,160.987,0.0211
m,3.108914608,165.122,0.0211
s,3.046689613,169.379,0.0305
s,3.048138565,167.968,0.0277
s,3.051362953,167.878,0.0264
s,3.055522132,169.634,0.025
s,3.055524043,165.624,0.0238
s,3.074623404,166.558,0.0121
s,3.044470142,168.005,0.0103
s,3.052452911,165.679,0.0087
s,3.0605904,168.485,0.0073
s,3.071182946,167.154,0.0005
s,3.071717963,165.925,0.0025
s,3.071709729,167.681,0.0034
s,3.072074972,168.235,0.0043
s,3.072070433,165.129,0.0052
s,3.060573912,165.644,0.0106
s,3.061115234,166.788,0.0113
s,3.061112913,167.69,0.0117
s,3.06202317,166.222,0.0123
s,3.062385948,165.737,0.0129
s,3.057761205,163.946,0.0164
s,3.05775834,167.844,0.0171
s,3.058483215,166.138,0.0177
s,3.058845443,166.684,0.0184
m,3.05350368,164.995,0.0216
m,3.053502941,167.17,0.0219
m,3.053856502,162.053,0.0223
m,3.054220146,165.021,0.0226
m,3.054398915,163.725,0.023
m,3.06985244,156.766,0.0212
m,3.074109479,160.27,0.0212
m,3.078180841,157.143,0.0214
m,3.081887436,161.89,0.0211
m,3.089110479,159.482,0.0211
m,3.113174017,156.696,0.0203
m,3.119509513,161.238,0.0202
m,3.123952596,159.105,0.02
m,3.128397974,154.083,0.0198
m,3.128400163,153.582,0.0191
m,3.137665014,155.147,0.019
m,3.140854958,156.219,0.0185
m,3.145674338,153.694,0.0176
m,3.150494636,153.747,0.0172
m,3.184390487,164.988,0.0158
m,3.189754432,166.742,0.0161
m,3.200305697,157.871,0.0159
m,3.200306534,155.488,0.0157
m,3.237264175,154.588,0.0131
m,3.241899266,155.194,0.0128
m,3.245676393,154.993,0.0111
m,3.245676951,158.18,0.011
m,3.256415241,159.116,0.0109
m,3.287728035,154.069,0.0097
m,3.292908791,154.735,0.0098
m,3.297906581,152.992,0.0098
m,3.307904533,158.048,0.0097
m,3.312728363,156.143,0.0094
m,3.345048148,158.328,0.0024
m,3.345048148,158.179,0.0024
m,3.354860449,157.588,0.0024
m,3.359859619,157.271,0.0025
m,3.395048742,159.703,0.0026
m,3.400404805,162.416,0.0025
m,3.405438077,169.584,0.0011
m,3.410308628,164.943,0.0013
m,3.415673447,160.677,0.0014
m,3.450689661,164.525,0.0019
m,3.456452673,164.153,0.0018
m,3.462215192,170.923,0.0015
m,3.473726155,164.249,0.0012
m,3.479480051,167.225,0.0008
m,3.518698921,170.818,0.0027
m,3.524246211,162.105,0.0026
m,3.52960213,164.253,0.0026
m,3.534791402,161.404,0.0027
m,3.160132463,156.733,0.0168
m,3.164949829,157.11,0.0165
m,3.169765072,160.47,0.0161
m,3.174576272,154.205,0.0158
m,3.179567931,162.817,0.0156
m,3.210681069,157.178,0.0156
m,3.214773172,152.14,0.0158
m,3.220145522,152.737,0.0155
m,3.223013862,153.948,0.0134
m,3.22782609,154.489,0.0132
m,3.261790094,154.652,0.0106
m,3.267174186,155.02,0.0096
m,3.27236548,154.605,0.0096
m,3.28273102,153.93,0.0096
m,3.316190853,163.508,0.0062
m,3.320346718,156.095,0.0044
m,3.325527748,155.522,0.0044
m,3.330894134,158.33,0.0044
m,3.335892934,160.687,0.0043
m,3.364860393,159.845,0.0024
m,3.369858134,161.906,0.0024
m,3.375043425,164.849,0.0024
m,3.38486416,160.497,0.0025
m,3.389866436,166.606,0.0025
m,3.421230652,160.892,0.0015
m,3.43307915,160.647,0.0017
m,3.438826311,167.634,0.0018
m,3.444754086,169.253,0.0019
m,3.479483322,160.804,0.0004
m,3.490650139,166.698,0.0001
m,3.496403731,159.075,0.0001
m,3.502145023,166.713,0
m,3.507423138,163.771,0.0028
m,3.53962178,160.385,0.0031
m,3.54424205,164.037,0.0035
m,3.548303349,161.853,0.0036
m,3.555138403,162.877,0.0037
m,3.555123423,158.879,0.0059
m,3.561013808,160.139,0.0065
m,3.562558131,162.155,0.0091
m,3.563849985,159.997,0.0095
m,3.564768618,164.58,0.0099
m,3.565119341,162.178,0.0122
m,3.56922275,162.795,0.0155
m,3.571819495,165.806,0.0162
m,3.580329329,161.912,0.0182
m,3.580327857,160.75,0.0187
m,3.590294727,163.989,0.0192
m,3.626432293,167.724,0.0265
m,3.631601624,171.094,0.0269
m,3.63677145,171.276,0.0273
m,3.641939576,172.341,0.0279
m,3.675368525,169.389,0.033
m,3.679983635,169.173,0.0333
m,3.684417498,169.347,0.0348
m,3.689218759,166.408,0.0357
m,3.698268322,167.442,0.0361
m,3.719334222,173.714,0.038
m,3.723585654,172.104,0.0384
m,3.732649906,171.452,0.0394
m,3.732652852,171.547,0.0404
m,3.742083728,171.648,0.0408
m,3.770586043,168.739,0.0439
m,3.77503554,170.082,0.0451
m,3.784294099,171.594,0.0459
m,3.788744236,168.746,0.0469
m,3.817116622,172.374,0.0506
m,3.827873225,171.392,0.0513
m,3.832881767,171.944,0.0518
m,3.83789646,170.049,0.0524
m,3.86538833,170.788,0.056
m,3.874111218,170.49,0.0562
m,3.879346104,170.363,0.0564
m,3.883810858,172.012,0.057
m,3.565683176,164.119,0.0141
m,3.566630183,159.593,0.0145
m,3.566996686,161.806,0.0148
m,3.56773898,162.053,0.0152
m,3.595273747,167.796,0.0198
m,3.600441458,170.431,0.0203
m,3.605803293,167.378,0.0217
m,3.616277689,163.114,0.0239
m,3.621259606,166.155,0.0252
m,3.647112559,168.101,0.0282
m,3.656905845,172.026,0.0296
m,3.656905968,171.739,0.0301
m,3.665944383,168.212,0.0305
m,3.670747905,168.074,0.0319
m,3.702701646,172.374,0.0364
m,3.702702264,170.592,0.0367
m,3.711015681,172.429,0.037
m,3.71508156,172.004,0.0373
m,3.747078583,169.045,0.0418
m,3.747079982,168.896,0.0422
m,3.756514686,171.015,0.0426
m,3.761326948,167.677,0.0429
m,3.765954796,166.844,0.0431
m,3.793192903,171.388,0.0475
m,3.797455673,168.431,0.0479
m,3.802092089,171.43,0.0487
m,3.806912248,172.648,0.049
m,3.811736916,171.965,0.05
m,3.842540377,173.729,0.0534
m,3.847373663,169.611,0.0547
m,3.852017367,172.843,0.0551
m,3.860932857,170.164,0.056
m,3.86538833,173.781,0.056
m,3.888084343,169.177,0.0574
m,3.891993109,169.513,0.058
m,3.895899572,172.262,0.0584
m,3.902594632,171.084,0.0588
m,3.905752004,170.371,0.059
m,3.905753555,168.489,0.0592
m,3.910010532,169.123,0.0592
m,3.909611924,173.355,0.0593
m,3.907914065,169.825,0.0593
m,3.905298061,165.93,0.0591
m,3.881535034,170.246,0.0603
m,3.876887886,172.476,0.0602
m,3.872244194,173.141,0.0599
m,3.863150052,171.765,0.0598
m,3.863151661,172.646,0.06
m,3.826814741,170.53,0.0603
m,3.82385041,173.095,0.0604
m,3.82070542,168.895,0.0608
m,3.82070794,170.538,0.0611
m,3.785943399,170.859,0.0616
m,3.781140737,172.568,0.0619
m,3.776339513,167.825,0.062
m,3.771359097,168.189,0.0625
m,3.766374953,171.507,0.0624
m,3.732073316,171.224,0.0632
m,3.72709985,166.77,0.0628
m,3.717910616,166.006,0.062
m,3.712941342,168.324,0.0619
m,3.708166026,171.503,0.0618
m,3.668318035,163.536,0.0612
m,3.663196922,170.743,0.0612
m,3.652569768,172.306,0.0611
m,3.65257331,170.487,0.0615
m,3.60983985,163.827,0.0621
m,3.605041025,163.501,0.0622
m,3.600427574,164.857,0.0623
m,3.5954216,161.674,0.0622
m,3.590229482,171.6,0.062
m,3.560019999,166.821,0.0585
m,3.554672787,164.174,0.0574
m,3.548946753,165.448,0.0562
m,3.543017188,166.061,0.0553
m,3.536925376,169.752,0.0546
m,3.898995659,169.564,0.0592
m,3.894907898,172.279,0.0597
m,3.890450915,171.327,0.0601
m,3.885990599,170.703,0.0603
m,3.853877109,171.684,0.0598
m,3.848869972,171.489,0.06
m,3.844235479,171.45,0.0604
m,3.839416293,171.453,0.0605
m,3.834783134,170.043,0.0605
m,3.814045254,172.211,0.0612
m,3.809792092,168.569,0.0615
m,3.80516803,169.081,0.0617
m,3.800358726,170.415,0.0617
m,3.79074654,167.864,0.0617
m,3.756415897,173.299,0.0627
m,3.746454368,172.421,0.0631
m,3.741827475,170.757,0.0633
m,3.737041441,173.358,0.0632
m,3.703204256,170.525,0.0619
m,3.698244108,165.728,0.0617
m,3.69328489,171.027,0.0617
m,3.67840829,173.203,0.0617
m,3.673453759,171.752,0.0615
m,3.642425872,165.613,0.062
m,3.637099192,164.388,0.0621
m,3.631590299,167.465,0.062
m,3.626263946,165.522,0.0619
m,3.61537973,167.036,0.062
m,3.584867525,159.974,0.0617
m,3.579507997,164.602,0.0612
m,3.57452774,162.722,0.0612
m,3.564789594,162.482,0.0593
m,3.531387079,171.716,0.0529
m,3.526195051,169.328,0.052
m,3.52101755,168.613,0.0513
m,3.509930411,169.872,0.0505
m,3.50438428,169.965,0.05
m,3.499203982,168.114,0.0502
m,3.493668811,171.286,0.05
m,3.487960105,171.391,0.0478
m,3.477438181,172.817,0.0483
m,3.44466817,164.959,0.046
m,3.440413194,171.444,0.046
m,3.436343444,168.632,0.046
m,3.427827393,165.12,0.0457
m,3.423020209,169.392,0.0454
m,3.397336993,163.072,0.0467
m,3.391981403,163.703,0.0477
m,3.386421737,165.506,0.0479
m,3.374624251,159.255,0.048
m,3.362797661,160.616,0.0481
m,3.323591913,150.425,0.0477
m,3.31768104,150.336,0.0476
m,3.311967074,153.039,0.0477
m,3.306270416,148.056,0.048
m,3.265493146,149.564,0.0488
m,3.25925965,152.835,0.0498
m,3.253027908,153.869,0.05
m,3.240861366,151.933,0.0503
m,3.234756437,155.332,0.0502
m,3.200220375,155.07,0.0476
m,3.194807042,154.962,0.047
m,3.194807601,155.294,0.0471
m,3.183559341,155.025,0.0471
m,3.178175429,155.166,0.0466
m,3.138814626,155.094,0.0442
m,3.133249157,154.886,0.0431
m,3.127361584,160.853,0.0433
m,3.115509738,158.035,0.0427
m,3.081571583,166.001,0.0404
m,3.071017667,166.466,0.04
m,3.065660541,168.165,0.0397
m,3.060451506,160.11,0.0397
m,3.055101807,159.424,0.0397
m,3.472257599,169.947,0.0484
m,3.462473323,171.896,0.0482
m,3.457788538,166.992,0.0467
m,3.453343591,166.629,0.0467
m,3.449072044,167.452,0.0462
m,3.423019734,170.384,0.0453
m,3.413055383,168.133,0.0459
m,3.407880985,169.244,0.0462
m,3.40269645,165.508,0.0464
m,3.356881135,159.425,0.048
m,3.351149876,155.648,0.0479
m,3.34561299,153.754,0.0476
m,3.340031295,153.923,0.0475
m,3.329113833,152.076,0.0472
m,3.300751329,150.967,0.0478
m,3.289698436,147.869,0.0484
m,3.283970234,147.363,0.0486
m,3.283970234,149.588,0.0486
m,3.271765517,149.586,0.0486
m,3.228836063,156.071,0.05
m,3.222928113,154.401,0.0499
m,3.217204186,153.445,0.0496
m,3.205747398,153.429,0.0494
m,3.172794843,158.375,0.0467
m,3.167136757,153.843,0.0466
m,3.156025079,152.05,0.0461
m,3.150472904,152.784,0.0454
m,3.144551615,153.342,0.0449
m,3.109410521,158.124,0.0423
m,3.109409276,162.076,0.042
m,3.097819059,166.016,0.0419
m,3.092135799,166.125,0.0418
m,3.086771677,163.047,0.0414
m,3.049765431,157.1,0.0398
m,3.044396432,158.651,0.0397
m,3.033459478,160.807,0.0392
m,3.027706116,163.508,0.0387
m,3.027705806,171.607,0.0386
m,3.016042023,161.471,0.0383
m,3.009837456,161.288,0.0377
m,3.003733551,159.075,0.0371
m,2.99802733,161.67,0.0368
m,2.958199472,165.324,0.0365
m,2.952846986,160,0.0371
m,2.942514677,160.953,0.0369
m,2.942514422,161.743,0.0368
m,2.908535583,161.176,0.0356
m,2.898375913,155.193,0.0354
m,2.893207591,156.907,0.0355
m,2.893205999,155.15,0.0347
m,2.882485047,156.397,0.0348
m,2.853559959,153.978,0.0364
m,2.848941882,154.597,0.0368
m,2.84453136,151.861,0.0371
m,2.839704471,150.557,0.0375
m,2.830459559,148.712,0.0374
m,2.802191719,151.794,0.0334
m,2.797364269,148.146,0.0329
m,2.787270876,145.81,0.0324
m,2.782142742,146.427,0.032
m,2.748511665,153.168,0.0325
m,2.743692654,154.26,0.0322
m,2.73905909,150.576,0.0323
m,2.734763333,151.209,0.033
m,2.730681989,148.447,0.0324
m,2.704608875,153.33,0.0318
m,2.700380014,151.861,0.0308
m,2.691359422,150.055,0.0298
m,2.686715632,150.432,0.0302
m,2.68229915,148.679,0.0302
m,2.649126948,146.755,0.0302
m,2.64408993,147.523,0.0308
m,2.639288395,149.011,0.0307
m,2.63467197,146.938,0.0307
m,2.992307609,165.135,0.0363
m,2.980699277,167.207,0.0362
m,2.975001572,166.461,0.0361
m,2.969320282,170.333,0.0369
m,2.963738923,162.852,0.0366
m,2.932319736,163.877,0.0367
m,2.927327268,160.618,0.0361
m,2.922548841,159.326,0.0361
m,2.917927516,156.822,0.0358
m,2.9132645,159.131,0.0353
m,2.877167949,157.759,0.0351
m,2.871873405,155.639,0.0355
m,2.867077216,154.406,0.0361
m,2.858311755,153.627,0.0363
m,2.825855719,149.94,0.037
m,2.821236659,150.249,0.0367
m,2.816853161,151.149,0.0355
m,2.811955572,150.902,0.0347
m,2.807166094,151.128,0.0341
m,2.777169588,147.58,0.032
m,2.772413309,149.695,0.0324
m,2.767488115,151.495,0.0325
m,2.758195202,160.93,0.0323
m,2.753137225,156.145,0.0326
m,2.726016079,146.775,0.0324
m,2.717263132,145.348,0.032
m,2.712990948,148.774,0.0315
m,2.708727022,149.877,0.0313
m,2.677665305,146.67,0.0299
m,2.672854633,149.063,0.03
m,2.668076579,149.611,0.0302
m,2.658665031,147.412,0.0301
m,2.658665008,146.578,0.03
m,2.630240562,149.377,0.0306
m,2.621421107,150.147,0.0305
m,2.617105919,150.536,0.0304
m,2.612683398,151.851,0.0305
m,2.608420039,152.473,0.0306
m,2.603988954,150.034,0.0306
m,2.599364363,153.4,0.0308
m,2.59008916,152.303,0.0311
m,2.590089224,149.625,0.0312
m,2.580152461,150.872,0.0312
m,2.550705626,151.649,0.031
m,2.54588743,149.699,0.031
m,2.540902045,148.712,0.0311
m,2.535510788,151.475,0.0301
m,2.525169887,149.322,0.029
m,2.494913359,147.359,0.0279
m,2.490121444,150.369,0.0277
m,2.485285992,152.047,0.0273
m,2.475051309,150.018,0.0268
m,2.445438385,156.488,0.0257
m,2.440814464,163.965,0.0254
m,2.431944888,158.907,0.0252
m,2.427673336,156.066,0.0249
m,2.423401827,159.798,0.0246
m,2.396519625,156.702,0.0242
m,2.396519851,153.001,0.0241
m,2.387077957,154.159,0.0239
m,2.38243567,154.576,0.024
m,2.377626267,148.785,0.0241
m,2.340967046,153.012,0.0243
m,2.335770322,148.94,0.0242
m,2.325543794,153.97,0.024
m,2.320513544,152.06,0.0241
m,2.288360942,168.201,0.0246
m,2.283727625,154.22,0.0247
m,2.279288265,154.39,0.0248
m,2.274672983,169.099,0.0249
m,2.270188889,159.207,0.0249
m,2.240107729,160.559,0.025
m,2.23491256,154.601,0.0242
m,2.230633829,154.802,0.0233
m,2.227845495,158.711,0.022
m,2.226339642,153.821,0.0218
m,2.575378123,153.708,0.0311
m,2.570393237,153.69,0.0319
m,2.565601083,153.055,0.0312
m,2.555708806,147.986,0.031
m,2.525169934,148.017,0.0288
m,2.515163498,151.232,0.0285
m,2.515163689,150.593,0.0281
m,2.504691521,153.243,0.0279
m,2.499705487,150.836,0.028
m,2.469871899,152.21,0.0267
m,2.464886273,153.349,0.0266
m,2.460094895,155.281,0.0262
m,2.45508332,158.754,0.0259
m,2.450247807,156.204,0.0257
m,2.419129724,161.824,0.0246
m,2.415051664,164.969,0.0245
m,2.410612975,165.284,0.0242
m,2.401170576,159.377,0.0242
m,2.372631938,152.188,0.0242
m,2.362477586,156.289,0.0239
m,2.357280394,150.709,0.024
m,2.35174014,152.493,0.0242
m,2.346173041,152.557,0.0243
m,2.315492794,150.776,0.024
m,2.310851474,153.631,0.0237
m,2.306217416,156.263,0.0241
m,2.297460774,154.729,0.0243
m,2.297460546,155.876,0.0244
m,2.261486014,156.724,0.0252
m,2.256501081,156.024,0.0252
m,2.251153226,157.813,0.0265
m,2.251154646,156.633,0.0256
m,2.226347879,154.142,0.022
m,2.226347204,152.962,0.0222
m,2.226356146,158.258,0.0222
m,2.226347204,160.147,0.0222
m,2.226347204,156.759,0.0222
m,2.226347204,154.766,0.0222
m,2.226365431,154.883,0.0221
m,2.226365431,154.277,0.0221
m,2.226567992,153.591,0.0222
m,2.226797952,154.501,0.0222
m,2.226797952,154.446,0.0222
m,2.226797952,155.149,0.0222
m,2.226788934,154.332,0.0222
m,2.226788934,154.137,0.0222
m,2.226613326,153.377,0.0221
m,2.226622358,153.725,0.0221
m,2.226631398,153.854,0.0221
m,2.226631398,153.946,0.0221
m,2.2264374,153.996,0.0221
m,2.226603972,154.101,0.0222
m,2.226788934,154.163,0.0222
m,2.226585961,153.923,0.0222
m,2.226576971,153.398,0.0222
m,2.22694592,154.206,0.0225
m,2.227121905,154.131,0.0225
m,2.227112619,153.907,0.0226
m,2.226918385,153.374,0.0227
m,2.227103349,153.765,0.0227
m,2.227120967,153.688,0.0228
m,2.227305631,152.56,0.0229
m,2.227314608,153.585,0.0229
m,2.227296364,153.697,0.023
m,2.227296663,152.914,0.0229
m,2.223863834,159.608,0.0228
m,2.220340578,157.575,0.0228
m,2.216086277,156.386,0.0229
m,2.21608568,160.34,0.0231
m,2.175128084,157.627,0.0234
m,2.170125274,164.856,0.0234
m,2.165316331,160.039,0.0235
m,2.159951514,160.655,0.024
m,2.154772044,159.061,0.0244
m,2.226576971,153.4,0.0222
m,2.226594962,153.2,0.0222
m,2.226797622,154.832,0.0223
m,2.226797622,154.584,0.0223
m,2.226797622,154.541,0.0223
m,2.226797952,153.82,0.0222
m,2.226806983,153.459,0.0222
m,2.226806983,154.295,0.0222
m,2.226613326,153.363,0.0221
m,2.226428368,154.265,0.0221
m,2.226419348,154.59,0.0221
m,2.226613326,154.295,0.0221
m,2.226604307,154.624,0.0221
m,2.226603972,155.274,0.0222
m,2.226576971,153.859,0.0222
m,2.226761937,153.87,0.0222
m,2.226788277,154.511,0.0224
m,2.22677927,154.259,0.0224
m,2.22694592,153.299,0.0225
m,2.227112306,153.195,0.0227
m,2.227112306,153.9,0.0227
m,2.227111998,153.34,0.0228
m,2.227111998,153.212,0.0228
m,2.227323596,153.592,0.0229
m,2.227359645,153.843,0.0229
m,2.227359948,154.742,0.0228
m,2.227359948,155.925,0.0228
m,2.226990029,158.832,0.0228
m,2.206282813,156.613,0.0232
m,2.200900928,161.983,0.0232
m,2.195519042,159.861,0.0232
m,2.190340107,153.799,0.0233
m,2.180140065,155.07,0.0234
m,2.143878787,154.814,0.0245
m,2.13318128,157.24,0.0242
m,2.133181537,162.986,0.0241
m,2.122667562,157.443,0.0246
m,2.117148542,159.987,0.0245
m,2.111814506,161.883,0.0245
m,2.111814028,157.723,0.0247
m,2.101197841,155.657,0.0244
m,2.095834665,162.465,0.0246
m,2.055200671,156.56,0.0259
m,2.049448865,155.274,0.026
m,2.044067076,156.245,0.026
m,2.039064739,156.657,0.026
m,2.002539245,153.679,0.0267
m,1.991794975,156.265,0.0268
m,1.986422797,156.364,0.0269
m,1.981235415,156.994,0.0271
m,1.975853538,151.829,0.0272
m,1.947104522,155.873,0.0282
m,1.935835404,151.318,0.0283
m,1.930453553,155.502,0.0285
m,1.925071629,159.892,0.0289
m,1.919514855,154.627,0.029
m,1.879838813,160.664,0.0299
m,1.874836868,150.345,0.0298
m,1.865058039,153.905,0.0296
m,1.865058039,147.837,0.0296
m,1.824093588,147.32,0.0303
m,1.818896815,151.389,0.0304
m,1.814059879,153.789,0.0304
m,1.814059879,148.966,0.0304
m,1.804210997,149.522,0.0303
m,1.776592785,149.241,0.0303
m,1.771990796,148.189,0.0307
m,1.766988932,147.7,0.0307
m,1.761627506,147.307,0.0309
m,1.756245932,149.373,0.031
m,1.721028878,143.929,0.0314
m,1.715667633,144.328,0.0314
m,1.705120091,143.092,0.0315
m,1.699944011,142.529,0.0316
m,2.090462206,159.558,0.0247
m,2.084904176,155.317,0.0251
m,2.07320558,158.63,0.0255
m,2.067268643,158.333,0.0257
m,2.061136858,159.171,0.0261
m,2.029410307,157.145,0.0262
m,2.029410138,157.744,0.0263
m,2.018675346,157.348,0.0264
m,2.013312774,158.483,0.0265
m,2.007940553,154.211,0.0266
m,1.970481302,154.692,0.0274
m,1.964933991,155.965,0.0276
m,1.953226126,158.4,0.0279
m,1.947104602,155.637,0.0281
m,1.908206658,151.168,0.029
m,1.902455052,155.814,0.0295
m,1.896713479,153.07,0.0298
m,1.890981911,154.759,0.0299
m,1.885425313,152.031,0.0299
m,1.854264696,153.728,0.0292
m,1.848658142,150.157,0.0292
m,1.843431454,149.63,0.0292
m,1.838564668,147.753,0.0299
m,1.833952347,153.079,0.0302
m,1.799578774,146.521,0.0303
m,1.790109598,148.75,0.0302
m,1.790109598,146.216,0.0302
m,1.781040066,146.705,0.0303
m,1.751039261,147.7,0.0312
m,1.74084078,144.2,0.0313
m,1.740840871,145.439,0.0314
m,1.731217189,143.595,0.0314
m,1.726215461,145.056,0.0314
m,1.69494247,141.907,0.0316
m,1.689940843,142.114,0.0315
m,1.684949671,141.34,0.0315
m,1.679939697,141.935,0.0328
m,1.675152983,142.174,0.032
m,1.664358588,142.402,0.0318
m,1.664358152,142.101,0.0314
m,1.652680936,140.399,0.031
m,1.646919276,140.412,0.0309
m,1.641157561,140.843,0.0307
m,1.609095393,140.6,0.0308
m,1.603734962,141.721,0.0308
m,1.598374619,141.681,0.0308
m,1.593003782,141.645,0.0308
m,1.582838036,141.369,0.0309
m,1.554887381,141.588,0.0316
m,1.550256276,142.038,0.0317
m,1.541222148,141.318,0.0317
m,1.536602106,141.988,0.0318
m,1.500847279,145.05,0.0312
m,1.490454476,142.207,0.031
m,1.480084006,138.641,0.0309
m,1.474887588,140.675,0.0307
m,1.469680176,140.2,0.0307
m,1.437841936,139.984,0.0303
m,1.43228753,141.479,0.0303
m,1.420994077,141.809,0.0302
m,1.415428424,141.103,0.0302
m,1.409874262,138.779,0.0304
m,1.36630796,140.6,0.0302
m,1.360754046,143.599,0.0301
m,1.355188578,141.211,0.0301
m,1.349819489,143.143,0.03
m,1.309616252,143.272,0.0289
m,1.304247737,143.673,0.0287
m,1.293892111,147.698,0.0285
m,1.293892338,146.954,0.0283
m,1.283709685,147.487,0.0282
m,1.260550913,140.111,0.0277
m,1.251464701,143.385,0.0277
m,1.24684756,139.621,0.0277
m,1.24204602,140.266,0.0276
m,1.237047474,139.076,0.0276
m,1.63539597,139.641,0.0307
m,1.624632935,140.863,0.0306
m,1.619457189,140.863,0.0307
m,1.614281526,138.968,0.0308
m,1.582838036,141.594,0.0309
m,1.573020873,142.669,0.031
m,1.56837884,140.264,0.031
m,1.563747666,141.251,0.0312
m,1.559301266,139.364,0.0313
m,1.53660186,141.968,0.0316
m,1.526796476,141.446,0.0317
m,1.516521991,142.904,0
m,1.511033266,140.39,0.0314
m,1.505847957,141.141,0.0314
m,1.464310147,140.755,0.0305
m,1.459125053,140.044,0.0305
m,1.448754973,141.541,0.0305
m,1.443385173,139.687,0.0304
m,1.398916397,143.188,0.0305
m,1.393535499,141.994,0.0304
m,1.388166119,139.542,0.0304
m,1.377231197,139.286,0.0303
m,1.377231197,140.56,0.0303
m,1.344265734,142.516,0.0298
m,1.338342598,142.282,0.0296
m,1.326484751,142.415,0.0295
m,1.320561819,140.872,0.0294
m,1.314996669,141.368,0.0291
m,1.278722901,143.005,0.0281
m,1.273896788,143.974,0.028
m,1.269452165,142.878,0.0279
m,1.265192271,142.514,0.0278
m,1.232061113,137.667,0.0277
m,1.226878613,138.256,0.0274
m,1.221867686,137.818,0.0275
m,1.211846476,136.893,0.0274
m,1.206663975,137.455,0.0272
m,1.2013094,140.538,0.027
m,1.195928791,139.621,0.0273
m,1.190363814,138.908,0.0275
m,1.184811838,142.059,0.0275
m,1.141067366,142.682,0.0253
m,1.130135605,141.59,0.0255
m,1.124780336,137.542,0.0259
m,1.119280757,142.794,0.026
m,1.113426658,138.337,0.0259
m,1.083291251,144.685,0.0254
m,1.078650621,142.872,0.0254
m,1.074008402,145.523,0.0258
m,1.069223862,147.798,0.0258
m,1.064227843,143.876,0.0258
m,1.023582803,138.952,0.0254
m,1.018363468,139.243,0.0249
m,1.013182107,137.962,0.0253
m,1.008002749,138.601,0.0253
m,0.973163972,136.304,0.0263
m,0.968538223,138.792,0.0264
m,0.963927446,140.48,0.0264
m,0.955059636,141.201,0.0267
m,0.95063346,136.631,0.0268
m,0.927078432,137.419,0.0266
m,0.917124428,136.105,0.0265
m,0.917124428,136.905,0.0265
m,0.907510122,134.867,0.0262
m,0.902886085,134.219,0.0264
m,0.871279342,136.342,0.0265
m,0.866657958,134.932,0.0263
m,0.85758304,135.601,0.0261
m,0.853144972,135.712,0.0262
m,0.823959972,139.19,0.0262
m,0.813765693,148.669,0.026
m,0.808961604,146.057,0.0259
m,0.804173477,140.138,0.026
m,0.799353517,138.664,0.0258
m,1.173463866,143.601,0.0262
m,1.162730416,141.03,0.0259
m,1.157364025,139.866,0.0257
m,1.151997376,142.152,0.0256
m,1.14661848,142.316,0.0254
m,1.107678697,139.416,0.0258
m,1.097330199,140.011,0.0256
m,1.092518206,142.369,0.0256
m,1.087904644,142.076,0.0255
m,1.054420222,146.908,0.0259
m,1.049410743,144.228,0.0259
m,1.044230912,139.448,0.0258
m,1.039249516,139.152,0.0257
m,1.03407039,140.05,0.0255
m,1.002992022,137.585,0.0257
m,0.992803117,136.844,0.0259
m,0.987808555,140.494,0.0259
m,0.987808555,140.345,0.0259
m,0.977988618,138.362,0.0262
m,0.946022785,135.388,0.027
m,0.941383337,137.33,0.027
m,0.936788475,136.629,0.027
m,0.932025277,136.765,0.0268
m,0.898478748,136.055,0.0263
m,0.894055373,134.046,0.0264
m,0.884993553,136.708,0.0266
m,0.880172192,135.088,0.0263
m,0.875734057,134.576,0.0263
m,0.848539866,137.114,0.0261
m,0.843918347,138.511,0.0261
m,0.839128199,137.877,0.0263
m,0.834138682,140.147,0.0263
m,0.823960433,137.251,0.0261
m,0.790281597,142.331,0.0257
m,0.786013195,147.218,0.0257
m,0.78176241,141.007,0.0256
m,0.77766119,144.348,0.0256
m,0.773744629,140.076,0.0255
m,0.769794086,143.732,0.0254
m,0.762162165,140.05,0.0252
m,0.754341969,142.505,0.0257
m,0.750423729,139.817,0.0259
m,0.717939284,137.24,0.0251
m,0.713165732,136.679,0.0262
m,0.703819818,142.801,0.0263
m,0.699256362,144.114,0.0264
m,0.66664969,139.296,0.0271
m,0.662082174,134.805,0.027
m,0.657331472,139.133,0.027
m,0.6478222,136.606,0.027
m,0.643077132,140.239,0.027
m,0.620349108,135.532,0.0274
m,0.611078817,138.45,0.0274
m,0.60632659,133.893,0.0275
m,0.60160979,134.659,0.0275
m,0.596905069,132.156,0.0275
m,0.565102614,132.963,0.0275
m,0.560409776,137.198,0.0275
m,0.555524543,135.011,0.0277
m,0.55082735,138.604,0.0277
m,0.516894763,140.338,0.0281
m,0.507727712,157.442,0.0282
m,0.503240865,146.715,0.0283
m,0.503240541,148.466,0.0284
m,0.494646646,140.676,0.0285
m,0.469135207,138.539,0.0289
m,0.464862544,138.664,0.029
m,0.460407548,140.013,0.0291
m,0.456326343,134.983,0.0291
m,0.452062628,135.523,0.0293
m,0.425086963,139.881,0.0291
m,0.421777487,133.923,0.0289
m,0.416635164,137.101,0.0287
m,0.414989167,144.815,0.0286
m,0.74610552,140.043,0.0257
m,0.741602773,143.452,0.0256
m,0.736900371,137.285,0.0253
m,0.727459218,141.114,0.0253
m,0.722674042,137.716,0.0252
m,0.6947246,142.545,0.0265
m,0.690147033,142.351,0.0268
m,0.685402061,138.741,0.027
m,0.676116287,140.156,0.027
m,0.671375092,140.904,0.0271
m,0.643076679,134.716,0.0271
m,0.633986293,137.814,0.0271
m,0.629442471,141.676,0.0273
m,0.620349108,141.784,0.0274
m,0.592171886,137.886,0.0274
m,0.583130704,134.657,0.0274
m,0.578617715,133.601,0.0273
m,0.574087317,135.516,0.0274
m,0.574086877,132.943,0.0275
m,0.541069126,138.723,0.0278
m,0.536378371,147.317,0.0279
m,0.53132674,139.807,0.0279
m,0.526449951,140.876,0.0278
m,0.521575176,140.99,0.028
m,0.490357295,142.273,0.0287
m,0.486073755,159.736,0.0288
m,0.481979783,147.863,0.0291
m,0.473408203,136.858,0.0291
m,0.444101347,134.148,0.0293
m,0.440216012,138.362,0.0293
m,0.440216012,137.357,0.0293
m,0.432460635,144.114,0.0294
m,0.428773448,139.079,0.0292
m,0.413891357,145.235,0.0285
m,0.413159919,139.895,0.0284
m,0.412604692,138.864,0.0283
m,0.412419474,143.076,0.0283
m,0.411308235,146.161,0.0283
m,0.409470277,159.292,0.0283
m,0.406166611,139.794,0.0283
m,0.402315998,148.822,0.0282
m,0.39279331,139.83,0.0282
m,0.387871728,144.787,0.0287
m,0.362498881,133.336,0.0282
m,0.353226804,132.242,0.0281
m,0.34849558,139.992,0.0279
m,0.343978505,139.151,0.0278
m,0.339625443,130.384,0.0279
m,0.311495915,131.397,0.0282
m,0.30542089,127.969,0.0282
m,0.301840196,130.286,0.0279
m,0.300409246,129.55,0.0278
m,0.297737909,134.467,0.0271
m,0.297758778,134.474,0.027
m,0.297944502,134.07,0.0268
m,0.297965503,134.387,0.0267
m,0.29815028,134.402,0.0266
m,0.298300303,135.453,0.0261
m,0.298301624,131.983,0.026
m,0.296873667,130.419,0.0259
m,0.294894445,130.669,0.0259
m,0.291837397,143.995,0.0258
m,0.261408956,137.671,0.0262
m,0.256196639,127.877,0.0262
m,0.25105155,137.683,0.0259
m,0.240525466,134.886,0.0255
m,0.203576671,133.672,0.024
m,0.198361206,123.279,0.024
m,0.193018605,122.921,0.0231
m,0.187681942,123.302,0.0228
m,0.177256105,123.495,0.0225
m,0.14847658,123.279,0.0215
m,0.144152813,117.592,0.0213
m,0.139941152,136.99,0.0211
m,0.139967156,119.919,0.0207
m,0.132126612,123.873,0.0206
m,0.387870848,137.381,0.029
m,0.377646682,133.357,0.0287
m,0.372530359,134.374,0.0286
m,0.362498881,131.649,0.0282
m,0.331162788,131.786,0.028
m,0.327393915,130.011,0.0283
m,0.323416547,127.719,0.0284
m,0.319243956,128.965,0.0283
m,0.315257993,128.455,0.0284
m,0.299529483,127.802,0.0278
m,0.298631347,133.369,0.0277
m,0.298101654,134.323,0.0275
m,0.297735145,134.132,0.0274
m,0.297736954,134.404,0.0272
m,0.298151435,133.792,0.0265
m,0.298112882,135.121,0.0264
m,0.298094353,133.566,0.0263
m,0.298279275,133.035,0.0262
m,0.288416229,141.686,0.0257
m,0.284665351,132.844,0.0263
m,0.280745664,130.792,0.0263
m,0.271208148,129.573,0.0263
m,0.266394479,136.875,0.0263
m,0.240529287,131.83,0.0253
m,0.2299489,126.31,0.0251
m,0.224657577,126.637,0.0245
m,0.214163788,128.238,0.0244
m,0.214166424,125.294,0.0243
m,0.171968413,120.037,0.022
m,0.166963103,125.267,0.022
m,0.162329934,123.254,0.0223
m,0.157602543,125.513,0.0218